,del_date_scheduled,del_date_client,del_date_recorded,pq_date,po_date,po_date_new,pq_date_new,anticipated_lead_time,actual_lead_time,delivery_delay_time
0,2006-06-02 00:00:00.000000000,2006-06-02 00:00:00.000000000,2006-06-02 00:00:00.000000000,1980-01-01 00:00:00.000000000,1900-01-01 00:00:00.000000000,2006-03-25 00:00:00.000000000,2005-10-03 18:09:22.377600000,69 days 00:00:00.000000000,69 days 00:00:00.000000000,0 days 00:00:00.000000000
1,2006-11-14 00:00:00.000000000,2006-11-14 00:00:00.000000000,2006-11-14 00:00:00.000000000,1980-01-01 00:00:00.000000000,1900-01-01 00:00:00.000000000,2006-10-03 12:00:00.000000000,2006-04-14 06:09:22.377600000,41 days 12:00:00.000000000,41 days 12:00:00.000000000,0 days 00:00:00.000000000
2,2006-08-27 00:00:00.000000000,2006-08-27 00:00:00.000000000,2006-08-27 00:00:00.000000000,1980-01-01 00:00:00.000000000,1900-01-01 00:00:00.000000000,2006-06-19 00:00:00.000000000,2005-12-28 18:09:22.377600000,69 days 00:00:00.000000000,69 days 00:00:00.000000000,0 days 00:00:00.000000000
3,2006-09-01 00:00:00.000000000,2006-09-01 00:00:00.000000000,2006-09-01 00:00:00.000000000,1980-01-01 00:00:00.000000000,1900-01-01 00:00:00.000000000,2006-07-21 12:00:00.000000000,2006-01-30 06:09:22.377600000,41 days 12:00:00.000000000,41 days 12:00:00.000000000,0 days 00:00:00.000000000
4,2006-08-11 00:00:00.000000000,2006-08-11 00:00:00.000000000,2006-08-11 00:00:00.000000000,1980-01-01 00:00:00.000000000,1900-01-01 00:00:00.000000000,2006-06-30 12:00:00.000000000,2006-01-09 06:09:22.377600000,41 days 12:00:00.000000000,41 days 12:00:00.000000000,0 days 00:00:00.000000000
5,2006-09-28 00:00:00.000000000,2006-09-28 00:00:00.000000000,2006-09-28 00:00:00.000000000,1980-01-01 00:00:00.000000000,1900-01-01 00:00:00.000000000,2006-08-17 12:00:00.000000000,2006-02-26 06:09:22.377600000,41 days 12:00:00.000000000,41 days 12:00:00.000000000,0 days 00:00:00.000000000
6,2007-01-08 00:00:00.000000000,2007-01-08 00:00:00.000000000,2007-01-08 00:00:00.000000000,1980-01-01 00:00:00.000000000,1900-01-01 00:00:00.000000000,2006-10-15 12:00:00.000000000,2006-04-26 06:09:22.377600000,84 days 12:00:00.000000000,84 days 12:00:00.000000000,0 days 00:00:00.000000000
7,2006-11-24 00:00:00.000000000,2006-11-24 00:00:00.000000000,2006-11-24 00:00:00.000000000,1980-01-01 00:00:00.000000000,1900-01-01 00:00:00.000000000,2006-10-13 12:00:00.000000000,2006-04-24 06:09:22.377600000,41 days 12:00:00.000000000,41 days 12:00:00.000000000,0 days 00:00:00.000000000
8,2006-12-07 00:00:00.000000000,2006-12-07 00:00:00.000000000,2006-12-07 00:00:00.000000000,1980-01-01 00:00:00.000000000,1900-01-01 00:00:00.000000000,2006-10-26 12:00:00.000000000,2006-05-07 06:09:22.377600000,41 days 12:00:00.000000000,41 days 12:00:00.000000000,0 days 00:00:00.000000000
9,2007-01-30 00:00:00.000000000,2007-01-30 00:00:00.000000000,2007-01-30 00:00:00.000000000,1980-01-01 00:00:00.000000000,2006-11-13 00:00:00.000000000,2006-11-13 00:00:00.000000000,2006-05-24 18:09:22.377600000,78 days 00:00:00.000000000,78 days 00:00:00.000000000,0 days 00:00:00.000000000
10,2007-02-16 00:00:00.000000000,2007-02-16 00:00:00.000000000,2007-02-16 00:00:00.000000000,1980-01-01 00:00:00.000000000,2006-12-01 00:00:00.000000000,2006-12-01 00:00:00.000000000,2006-06-11 18:09:22.377600000,77 days 00:00:00.000000000,77 days 00:00:00.000000000,0 days 00:00:00.000000000
11,2007-01-08 00:00:00.000000000,2007-01-08 00:00:00.000000000,2007-01-08 00:00:00.000000000,1980-01-01 00:00:00.000000000,1900-01-01 00:00:00.000000000,2006-10-15 12:00:00.000000000,2006-04-26 06:09:22.377600000,84 days 12:00:00.000000000,84 days 12:00:00.000000000,0 days 00:00:00.000000000
12,2007-01-10 00:00:00.000000000,2007-01-10 00:00:00.000000000,2007-01-10 00:00:00.000000000,1980-01-01 00:00:00.000000000,1900-01-01 00:00:00.000000000,2006-12-02 14:24:00.000000000,2006-06-13 08:33:22.377600000,38 days 09:36:00.000000000,38 days 09:36:00.000000000,0 days 00:00:00.000000000
13,2007-02-27 00:00:00.000000000,2007-02-27 00:00:00.000000000,2007-02-27 00:00:00.000000000,1980-01-01 00:00:00.000000000,2006-12-22 00:00:00.000000000,2006-12-22 00:00:00.000000000,2006-07-02 18:09:22.377600000,67 days 00:00:00.000000000,67 days 00:00:00.000000000,0 days 00:00:00.000000000
14,2007-01-18 00:00:00.000000000,2007-01-18 00:00:00.000000000,2007-01-18 00:00:00.000000000,1980-01-01 00:00:00.000000000,1900-01-01 00:00:00.000000000,2006-12-24 12:00:00.000000000,2006-07-05 06:09:22.377600000,24 days 12:00:00.000000000,24 days 12:00:00.000000000,0 days 00:00:00.000000000
15,2007-03-19 00:00:00.000000000,2007-03-19 00:00:00.000000000,2007-03-19 00:00:00.000000000,1980-01-01 00:00:00.000000000,2007-01-10 00:00:00.000000000,2007-01-10 00:00:00.000000000,2006-07-21 18:09:22.377600000,68 days 00:00:00.000000000,68 days 00:00:00.000000000,0 days 00:00:00.000000000
16,2007-05-07 00:00:00.000000000,2007-05-07 00:00:00.000000000,2007-05-07 00:00:00.000000000,1980-01-01 00:00:00.000000000,1900-01-01 00:00:00.000000000,2007-03-29 14:24:00.000000000,2006-10-08 08:33:22.377600000,38 days 09:36:00.000000000,38 days 09:36:00.000000000,0 days 00:00:00.000000000
17,2007-03-29 00:00:00.000000000,2007-03-29 00:00:00.000000000,2007-03-29 00:00:00.000000000,1980-01-01 00:00:00.000000000,1900-01-01 00:00:00.000000000,2007-02-13 02:39:59.990400000,2006-08-24 20:49:22.368000000,43 days 21:20:00.009600000,43 days 21:20:00.009600000,0 days 00:00:00.000000000
18,2007-06-06 00:00:00.000000000,2007-06-06 00:00:00.000000000,2007-06-06 00:00:00.000000000,1980-01-01 00:00:00.000000000,2007-04-12 00:00:00.000000000,2007-04-12 00:00:00.000000000,2006-10-21 18:09:22.377600000,55 days 00:00:00.000000000,55 days 00:00:00.000000000,0 days 00:00:00.000000000
19,2007-06-19 00:00:00.000000000,2007-06-19 00:00:00.000000000,2007-06-19 00:00:00.000000000,1980-01-01 00:00:00.000000000,2007-05-13 00:00:00.000000000,2007-05-13 00:00:00.000000000,2006-11-21 18:09:22.377600000,37 days 00:00:00.000000000,37 days 00:00:00.000000000,0 days 00:00:00.000000000
20,2007-06-19 00:00:00.000000000,2007-06-19 00:00:00.000000000,2007-06-19 00:00:00.000000000,1980-01-01 00:00:00.000000000,2007-05-17 00:00:00.000000000,2007-05-17 00:00:00.000000000,2006-11-25 18:09:22.377600000,33 days 00:00:00.000000000,33 days 00:00:00.000000000,0 days 00:00:00.000000000
21,2007-10-02 00:00:00.000000000,2007-10-02 00:00:00.000000000,2007-10-02 00:00:00.000000000,1980-01-01 00:00:00.000000000,2007-07-13 00:00:00.000000000,2007-07-13 00:00:00.000000000,2007-01-21 18:09:22.377600000,81 days 00:00:00.000000000,81 days 00:00:00.000000000,0 days 00:00:00.000000000
22,2007-10-15 00:00:00.000000000,2007-10-15 00:00:00.000000000,2007-10-15 00:00:00.000000000,1980-01-01 00:00:00.000000000,2007-07-04 00:00:00.000000000,2007-07-04 00:00:00.000000000,2007-01-12 18:09:22.377600000,103 days 00:00:00.000000000,103 days 00:00:00.000000000,0 days 00:00:00.000000000
23,2007-08-27 00:00:00.000000000,2007-08-27 00:00:00.000000000,2007-08-27 00:00:00.000000000,1980-01-01 00:00:00.000000000,2007-07-04 00:00:00.000000000,2007-07-04 00:00:00.000000000,2007-01-12 18:09:22.377600000,54 days 00:00:00.000000000,54 days 00:00:00.000000000,0 days 00:00:00.000000000
24,2007-08-13 00:00:00.000000000,2007-08-21 00:00:00.000000000,2007-08-21 00:00:00.000000000,1980-01-01 00:00:00.000000000,2007-07-26 00:00:00.000000000,2007-07-26 00:00:00.000000000,2007-02-03 18:09:22.377600000,18 days 00:00:00.000000000,26 days 00:00:00.000000000,8 days 00:00:00.000000000
25,2007-08-25 00:00:00.000000000,2007-08-25 00:00:00.000000000,2007-08-25 00:00:00.000000000,1980-01-01 00:00:00.000000000,2007-07-26 00:00:00.000000000,2007-07-26 00:00:00.000000000,2007-02-03 18:09:22.377600000,30 days 00:00:00.000000000,30 days 00:00:00.000000000,0 days 00:00:00.000000000
26,2007-10-16 00:00:00.000000000,2007-10-16 00:00:00.000000000,2007-10-16 00:00:00.000000000,1980-01-01 00:00:00.000000000,1900-01-01 00:00:00.000000000,2007-08-21 00:00:00.000000000,2007-03-01 18:09:22.377600000,56 days 00:00:00.000000000,56 days 00:00:00.000000000,0 days 00:00:00.000000000
27,2007-11-22 00:00:00.000000000,2007-11-22 00:00:00.000000000,2007-11-22 00:00:00.000000000,1980-01-01 00:00:00.000000000,1900-01-01 00:00:00.000000000,2007-09-27 00:00:00.000000000,2007-04-07 18:09:22.377600000,56 days 00:00:00.000000000,56 days 00:00:00.000000000,0 days 00:00:00.000000000
28,2007-11-22 00:00:00.000000000,2007-11-22 00:00:00.000000000,2007-11-22 00:00:00.000000000,1980-01-01 00:00:00.000000000,1900-01-01 00:00:00.000000000,2007-09-27 00:00:00.000000000,2007-04-07 18:09:22.377600000,56 days 00:00:00.000000000,56 days 00:00:00.000000000,0 days 00:00:00.000000000
29,2007-11-20 00:00:00.000000000,2007-11-20 00:00:00.000000000,2007-11-20 00:00:00.000000000,1980-01-01 00:00:00.000000000,2007-10-03 00:00:00.000000000,2007-10-03 00:00:00.000000000,2007-04-13 18:09:22.377600000,48 days 00:00:00.000000000,48 days 00:00:00.000000000,0 days 00:00:00.000000000
30,2007-10-03 00:00:00.000000000,2007-10-03 00:00:00.000000000,2007-10-03 00:00:00.000000000,1980-01-01 00:00:00.000000000,2007-08-28 00:00:00.000000000,2007-08-28 00:00:00.000000000,2007-03-08 18:09:22.377600000,36 days 00:00:00.000000000,36 days 00:00:00.000000000,0 days 00:00:00.000000000
31,2008-01-29 00:00:00.000000000,2008-01-29 00:00:00.000000000,2008-01-29 00:00:00.000000000,1980-01-01 00:00:00.000000000,2007-11-12 00:00:00.000000000,2007-11-12 00:00:00.000000000,2007-05-23 18:09:22.377600000,78 days 00:00:00.000000000,78 days 00:00:00.000000000,0 days 00:00:00.000000000
32,2008-01-21 00:00:00.000000000,2008-01-21 00:00:00.000000000,2008-01-21 00:00:00.000000000,1980-01-01 00:00:00.000000000,2007-11-19 00:00:00.000000000,2007-11-19 00:00:00.000000000,2007-05-30 18:09:22.377600000,63 days 00:00:00.000000000,63 days 00:00:00.000000000,0 days 00:00:00.000000000
33,2008-01-21 00:00:00.000000000,2008-01-21 00:00:00.000000000,2008-01-21 00:00:00.000000000,1980-01-01 00:00:00.000000000,2007-11-21 00:00:00.000000000,2007-11-21 00:00:00.000000000,2007-06-01 18:09:22.377600000,61 days 00:00:00.000000000,61 days 00:00:00.000000000,0 days 00:00:00.000000000
34,2008-01-31 00:00:00.000000000,2008-01-31 00:00:00.000000000,2008-01-31 00:00:00.000000000,1980-01-01 00:00:00.000000000,2007-12-10 00:00:00.000000000,2007-12-10 00:00:00.000000000,2007-06-20 18:09:22.377600000,52 days 00:00:00.000000000,52 days 00:00:00.000000000,0 days 00:00:00.000000000
35,2008-02-05 00:00:00.000000000,2008-02-05 00:00:00.000000000,2008-02-05 00:00:00.000000000,1980-01-01 00:00:00.000000000,1900-01-01 00:00:00.000000000,2007-11-13 19:02:04.099200000,2007-05-25 13:11:26.476800000,83 days 04:57:55.900800000,83 days 04:57:55.900800000,0 days 00:00:00.000000000
36,2008-01-21 00:00:00.000000000,2008-01-04 00:00:00.000000000,2008-01-04 00:00:00.000000000,1980-01-01 00:00:00.000000000,2008-01-04 00:00:00.000000000,2008-01-04 00:00:00.000000000,2007-07-15 18:09:22.377600000,17 days 00:00:00.000000000,0 days 00:00:00.000000000,-17 days +00:00:00.000000000
37,2008-02-18 00:00:00.000000000,2008-02-18 00:00:00.000000000,2008-02-18 00:00:00.000000000,1980-01-01 00:00:00.000000000,1900-01-01 00:00:00.000000000,2007-11-19 17:41:03.148800000,2007-05-31 11:50:25.526400000,90 days 06:18:56.851200000,90 days 06:18:56.851200000,0 days 00:00:00.000000000
38,2008-06-17 00:00:00.000000000,2008-06-17 00:00:00.000000000,2008-06-17 00:00:00.000000000,1980-01-01 00:00:00.000000000,2008-02-27 00:00:00.000000000,2008-02-27 00:00:00.000000000,2007-09-07 18:09:22.377600000,111 days 00:00:00.000000000,111 days 00:00:00.000000000,0 days 00:00:00.000000000
39,2009-03-19 00:00:00.000000000,2009-03-19 00:00:00.000000000,2009-03-19 00:00:00.000000000,1980-01-01 00:00:00.000000000,2008-03-03 00:00:00.000000000,2008-03-03 00:00:00.000000000,2007-09-12 18:09:22.377600000,381 days 00:00:00.000000000,381 days 00:00:00.000000000,0 days 00:00:00.000000000
40,2008-04-09 00:00:00.000000000,2008-04-01 00:00:00.000000000,2008-04-01 00:00:00.000000000,1980-01-01 00:00:00.000000000,2008-02-28 00:00:00.000000000,2008-02-28 00:00:00.000000000,2007-09-08 18:09:22.377600000,41 days 00:00:00.000000000,33 days 00:00:00.000000000,-8 days +00:00:00.000000000
41,2008-07-28 00:00:00.000000000,2008-07-28 00:00:00.000000000,2008-07-28 00:00:00.000000000,1980-01-01 00:00:00.000000000,2008-02-28 00:00:00.000000000,2008-02-28 00:00:00.000000000,2007-09-08 18:09:22.377600000,151 days 00:00:00.000000000,151 days 00:00:00.000000000,0 days 00:00:00.000000000
42,2008-03-11 00:00:00.000000000,2008-03-11 00:00:00.000000000,2008-03-11 00:00:00.000000000,1980-01-01 00:00:00.000000000,2008-02-29 00:00:00.000000000,2008-02-29 00:00:00.000000000,2007-09-09 18:09:22.377600000,11 days 00:00:00.000000000,11 days 00:00:00.000000000,0 days 00:00:00.000000000
43,2008-11-17 00:00:00.000000000,2008-11-17 00:00:00.000000000,2008-11-17 00:00:00.000000000,1980-01-01 00:00:00.000000000,2008-03-17 00:00:00.000000000,2008-03-17 00:00:00.000000000,2007-09-26 18:09:22.377600000,245 days 00:00:00.000000000,245 days 00:00:00.000000000,0 days 00:00:00.000000000
44,2008-04-17 00:00:00.000000000,2008-04-17 00:00:00.000000000,2008-04-17 00:00:00.000000000,1980-01-01 00:00:00.000000000,2008-03-13 00:00:00.000000000,2008-03-13 00:00:00.000000000,2007-09-22 18:09:22.377600000,35 days 00:00:00.000000000,35 days 00:00:00.000000000,0 days 00:00:00.000000000
45,2008-06-04 00:00:00.000000000,2008-06-04 00:00:00.000000000,2008-06-04 00:00:00.000000000,1980-01-01 00:00:00.000000000,2008-03-18 00:00:00.000000000,2008-03-18 00:00:00.000000000,2007-09-27 18:09:22.377600000,78 days 00:00:00.000000000,78 days 00:00:00.000000000,0 days 00:00:00.000000000
46,2008-06-03 00:00:00.000000000,2008-06-03 00:00:00.000000000,2008-06-03 00:00:00.000000000,1980-01-01 00:00:00.000000000,2008-03-31 00:00:00.000000000,2008-03-31 00:00:00.000000000,2007-10-10 18:09:22.377600000,64 days 00:00:00.000000000,64 days 00:00:00.000000000,0 days 00:00:00.000000000
47,2008-04-24 00:00:00.000000000,2008-04-24 00:00:00.000000000,2008-04-24 00:00:00.000000000,1980-01-01 00:00:00.000000000,2008-02-20 00:00:00.000000000,2008-02-20 00:00:00.000000000,2007-08-31 18:09:22.377600000,64 days 00:00:00.000000000,64 days 00:00:00.000000000,0 days 00:00:00.000000000
48,2008-04-24 00:00:00.000000000,2008-04-24 00:00:00.000000000,2008-04-24 00:00:00.000000000,1980-01-01 00:00:00.000000000,2008-02-20 00:00:00.000000000,2008-02-20 00:00:00.000000000,2007-08-31 18:09:22.377600000,64 days 00:00:00.000000000,64 days 00:00:00.000000000,0 days 00:00:00.000000000
49,2008-07-12 00:00:00.000000000,2008-07-12 00:00:00.000000000,2008-07-12 00:00:00.000000000,1980-01-01 00:00:00.000000000,2008-03-31 00:00:00.000000000,2008-03-31 00:00:00.000000000,2007-10-10 18:09:22.377600000,103 days 00:00:00.000000000,103 days 00:00:00.000000000,0 days 00:00:00.000000000
50,2008-04-25 00:00:00.000000000,2008-04-07 00:00:00.000000000,2008-04-07 00:00:00.000000000,1980-01-01 00:00:00.000000000,2008-04-04 00:00:00.000000000,2008-04-04 00:00:00.000000000,2007-10-14 18:09:22.377600000,21 days 00:00:00.000000000,3 days 00:00:00.000000000,-18 days +00:00:00.000000000
51,2008-07-09 00:00:00.000000000,2008-07-09 00:00:00.000000000,2008-07-09 00:00:00.000000000,1980-01-01 00:00:00.000000000,1900-01-01 00:00:00.000000000,2008-04-16 19:02:04.099200000,2007-10-27 13:11:26.476800000,83 days 04:57:55.900800000,83 days 04:57:55.900800000,0 days 00:00:00.000000000
52,2008-07-09 00:00:00.000000000,2008-07-04 00:00:00.000000000,2008-07-04 00:00:00.000000000,1980-01-01 00:00:00.000000000,1900-01-01 00:00:00.000000000,2008-04-16 19:02:04.099200000,2007-10-27 13:11:26.476800000,83 days 04:57:55.900800000,78 days 04:57:55.900800000,-5 days +00:00:00.000000000
53,2008-05-09 00:00:00.000000000,2008-05-09 00:00:00.000000000,2008-05-09 00:00:00.000000000,1980-01-01 00:00:00.000000000,1900-01-01 00:00:00.000000000,2008-03-14 16:21:49.075200000,2007-09-24 10:31:11.452800000,55 days 07:38:10.924800000,55 days 07:38:10.924800000,0 days 00:00:00.000000000
54,2008-09-19 00:00:00.000000000,2008-09-19 00:00:00.000000000,2008-09-19 00:00:00.000000000,1980-01-01 00:00:00.000000000,2008-05-14 00:00:00.000000000,2008-05-14 00:00:00.000000000,2007-11-23 18:09:22.377600000,128 days 00:00:00.000000000,128 days 00:00:00.000000000,0 days 00:00:00.000000000
55,2008-08-20 00:00:00.000000000,2008-08-20 00:00:00.000000000,2008-08-20 00:00:00.000000000,1980-01-01 00:00:00.000000000,1900-01-01 00:00:00.000000000,2008-07-04 16:00:00.028800000,2008-01-14 10:09:22.406400000,46 days 07:59:59.971200000,46 days 07:59:59.971200000,0 days 00:00:00.000000000
56,2008-08-20 00:00:00.000000000,2008-05-08 00:00:00.000000000,2008-05-08 00:00:00.000000000,1980-01-01 00:00:00.000000000,1900-01-01 00:00:00.000000000,2008-07-04 16:00:00.028800000,2008-01-14 10:09:22.406400000,46 days 07:59:59.971200000,-58 days +07:59:59.971200000,-104 days +00:00:00.000000000
57,2008-08-20 00:00:00.000000000,2008-05-08 00:00:00.000000000,2008-05-08 00:00:00.000000000,1980-01-01 00:00:00.000000000,1900-01-01 00:00:00.000000000,2008-07-04 16:00:00.028800000,2008-01-14 10:09:22.406400000,46 days 07:59:59.971200000,-58 days +07:59:59.971200000,-104 days +00:00:00.000000000
58,2008-09-02 00:00:00.000000000,2008-09-02 00:00:00.000000000,2008-09-02 00:00:00.000000000,1980-01-01 00:00:00.000000000,2008-05-15 00:00:00.000000000,2008-05-15 00:00:00.000000000,2007-11-24 18:09:22.377600000,110 days 00:00:00.000000000,110 days 00:00:00.000000000,0 days 00:00:00.000000000
59,2008-09-30 00:00:00.000000000,2008-09-30 00:00:00.000000000,2008-09-30 00:00:00.000000000,1980-01-01 00:00:00.000000000,2008-05-20 00:00:00.000000000,2008-05-20 00:00:00.000000000,2007-11-29 18:09:22.377600000,133 days 00:00:00.000000000,133 days 00:00:00.000000000,0 days 00:00:00.000000000
60,2008-11-24 00:00:00.000000000,2008-11-24 00:00:00.000000000,2008-11-24 00:00:00.000000000,1980-01-01 00:00:00.000000000,2008-05-23 00:00:00.000000000,2008-05-23 00:00:00.000000000,2007-12-02 18:09:22.377600000,185 days 00:00:00.000000000,185 days 00:00:00.000000000,0 days 00:00:00.000000000
61,2008-06-12 00:00:00.000000000,2008-06-09 00:00:00.000000000,2008-06-09 00:00:00.000000000,1980-01-01 00:00:00.000000000,1900-01-01 00:00:00.000000000,2008-04-26 16:00:00.028800000,2007-11-06 10:09:22.406400000,46 days 07:59:59.971200000,43 days 07:59:59.971200000,-3 days +00:00:00.000000000
62,2008-09-19 00:00:00.000000000,2008-09-19 00:00:00.000000000,2008-09-19 00:00:00.000000000,1980-01-01 00:00:00.000000000,2008-07-01 00:00:00.000000000,2008-07-01 00:00:00.000000000,2008-01-10 18:09:22.377600000,80 days 00:00:00.000000000,80 days 00:00:00.000000000,0 days 00:00:00.000000000
63,2009-02-25 00:00:00.000000000,2008-09-09 00:00:00.000000000,2008-09-09 00:00:00.000000000,1980-01-01 00:00:00.000000000,2008-07-02 00:00:00.000000000,2008-07-02 00:00:00.000000000,2008-01-11 18:09:22.377600000,238 days 00:00:00.000000000,69 days 00:00:00.000000000,-169 days +00:00:00.000000000
64,2008-10-08 00:00:00.000000000,2008-10-08 00:00:00.000000000,2008-10-08 00:00:00.000000000,1980-01-01 00:00:00.000000000,2008-07-03 00:00:00.000000000,2008-07-03 00:00:00.000000000,2008-01-12 18:09:22.377600000,97 days 00:00:00.000000000,97 days 00:00:00.000000000,0 days 00:00:00.000000000
65,2008-07-10 00:00:00.000000000,2008-07-08 00:00:00.000000000,2008-07-08 00:00:00.000000000,1980-01-01 00:00:00.000000000,1900-01-01 00:00:00.000000000,2008-05-24 16:00:00.028800000,2007-12-04 10:09:22.406400000,46 days 07:59:59.971200000,44 days 07:59:59.971200000,-2 days +00:00:00.000000000
66,2008-11-27 00:00:00.000000000,2008-11-27 00:00:00.000000000,2008-11-27 00:00:00.000000000,1980-01-01 00:00:00.000000000,2008-07-24 00:00:00.000000000,2008-07-24 00:00:00.000000000,2008-02-02 18:09:22.377600000,126 days 00:00:00.000000000,126 days 00:00:00.000000000,0 days 00:00:00.000000000
67,2008-08-15 00:00:00.000000000,2008-08-15 00:00:00.000000000,2008-08-15 00:00:00.000000000,1980-01-01 00:00:00.000000000,2008-07-25 00:00:00.000000000,2008-07-25 00:00:00.000000000,2008-02-03 18:09:22.377600000,21 days 00:00:00.000000000,21 days 00:00:00.000000000,0 days 00:00:00.000000000
68,2008-10-20 00:00:00.000000000,2008-10-20 00:00:00.000000000,2008-10-20 00:00:00.000000000,1980-01-01 00:00:00.000000000,2008-07-31 00:00:00.000000000,2008-07-31 00:00:00.000000000,2008-02-09 18:09:22.377600000,81 days 00:00:00.000000000,81 days 00:00:00.000000000,0 days 00:00:00.000000000
69,2008-09-18 00:00:00.000000000,2008-09-18 00:00:00.000000000,2008-09-18 00:00:00.000000000,1980-01-01 00:00:00.000000000,2008-08-26 00:00:00.000000000,2008-08-26 00:00:00.000000000,2008-03-06 18:09:22.377600000,23 days 00:00:00.000000000,23 days 00:00:00.000000000,0 days 00:00:00.000000000
70,2008-10-02 00:00:00.000000000,2008-10-02 00:00:00.000000000,2008-10-02 00:00:00.000000000,1980-01-01 00:00:00.000000000,2008-08-27 00:00:00.000000000,2008-08-27 00:00:00.000000000,2008-03-07 18:09:22.377600000,36 days 00:00:00.000000000,36 days 00:00:00.000000000,0 days 00:00:00.000000000
71,2009-01-23 00:00:00.000000000,2009-01-23 00:00:00.000000000,2009-01-23 00:00:00.000000000,1980-01-01 00:00:00.000000000,2008-09-03 00:00:00.000000000,2008-09-03 00:00:00.000000000,2008-03-14 18:09:22.377600000,142 days 00:00:00.000000000,142 days 00:00:00.000000000,0 days 00:00:00.000000000
72,2009-03-10 00:00:00.000000000,2009-04-08 00:00:00.000000000,2009-04-08 00:00:00.000000000,1980-01-01 00:00:00.000000000,2009-03-06 00:00:00.000000000,2009-03-06 00:00:00.000000000,2008-09-14 18:09:22.377600000,4 days 00:00:00.000000000,33 days 00:00:00.000000000,29 days 00:00:00.000000000
73,2008-10-29 00:00:00.000000000,2008-10-29 00:00:00.000000000,2008-10-29 00:00:00.000000000,1980-01-01 00:00:00.000000000,2008-09-24 00:00:00.000000000,2008-09-24 00:00:00.000000000,2008-04-04 18:09:22.377600000,35 days 00:00:00.000000000,35 days 00:00:00.000000000,0 days 00:00:00.000000000
74,2008-11-28 00:00:00.000000000,2008-11-28 00:00:00.000000000,2008-11-28 00:00:00.000000000,1980-01-01 00:00:00.000000000,2008-10-02 00:00:00.000000000,2008-10-02 00:00:00.000000000,2008-04-12 18:09:22.377600000,57 days 00:00:00.000000000,57 days 00:00:00.000000000,0 days 00:00:00.000000000
75,2009-01-23 00:00:00.000000000,2009-01-23 00:00:00.000000000,2009-01-23 00:00:00.000000000,1980-01-01 00:00:00.000000000,2008-10-02 00:00:00.000000000,2008-10-02 00:00:00.000000000,2008-04-12 18:09:22.377600000,113 days 00:00:00.000000000,113 days 00:00:00.000000000,0 days 00:00:00.000000000
76,2009-05-17 00:00:00.000000000,2008-10-09 00:00:00.000000000,2008-10-09 00:00:00.000000000,1980-01-01 00:00:00.000000000,1900-01-01 00:00:00.000000000,2009-03-21 22:33:54.748800000,2008-09-30 16:43:17.126400000,56 days 01:26:05.251200000,-164 days +01:26:05.251200000,-220 days +00:00:00.000000000
77,2009-05-17 00:00:00.000000000,2009-05-17 00:00:00.000000000,2009-05-17 00:00:00.000000000,1980-01-01 00:00:00.000000000,1900-01-01 00:00:00.000000000,2009-03-21 22:33:54.748800000,2008-09-30 16:43:17.126400000,56 days 01:26:05.251200000,56 days 01:26:05.251200000,0 days 00:00:00.000000000
78,2009-05-17 00:00:00.000000000,2008-10-09 00:00:00.000000000,2008-10-09 00:00:00.000000000,1980-01-01 00:00:00.000000000,1900-01-01 00:00:00.000000000,2009-03-21 22:33:54.748800000,2008-09-30 16:43:17.126400000,56 days 01:26:05.251200000,-164 days +01:26:05.251200000,-220 days +00:00:00.000000000
79,2009-05-17 00:00:00.000000000,2008-10-09 00:00:00.000000000,2008-10-09 00:00:00.000000000,1980-01-01 00:00:00.000000000,1900-01-01 00:00:00.000000000,2009-03-21 22:33:54.748800000,2008-09-30 16:43:17.126400000,56 days 01:26:05.251200000,-164 days +01:26:05.251200000,-220 days +00:00:00.000000000
80,2009-05-17 00:00:00.000000000,2008-10-09 00:00:00.000000000,2008-10-09 00:00:00.000000000,1980-01-01 00:00:00.000000000,1900-01-01 00:00:00.000000000,2009-03-21 22:33:54.748800000,2008-09-30 16:43:17.126400000,56 days 01:26:05.251200000,-164 days +01:26:05.251200000,-220 days +00:00:00.000000000
81,2009-02-06 00:00:00.000000000,2009-02-06 00:00:00.000000000,2009-02-06 00:00:00.000000000,1980-01-01 00:00:00.000000000,2008-11-19 00:00:00.000000000,2008-11-19 00:00:00.000000000,2008-05-30 18:09:22.377600000,79 days 00:00:00.000000000,79 days 00:00:00.000000000,0 days 00:00:00.000000000
82,2009-04-21 00:00:00.000000000,2009-04-21 00:00:00.000000000,2009-04-21 00:00:00.000000000,1980-01-01 00:00:00.000000000,2008-12-19 00:00:00.000000000,2008-12-19 00:00:00.000000000,2008-06-29 18:09:22.377600000,123 days 00:00:00.000000000,123 days 00:00:00.000000000,0 days 00:00:00.000000000
83,2009-03-02 00:00:00.000000000,2009-03-02 00:00:00.000000000,2009-03-02 00:00:00.000000000,1980-01-01 00:00:00.000000000,2008-12-19 00:00:00.000000000,2008-12-19 00:00:00.000000000,2008-06-29 18:09:22.377600000,73 days 00:00:00.000000000,73 days 00:00:00.000000000,0 days 00:00:00.000000000
84,2009-03-23 00:00:00.000000000,2009-03-23 00:00:00.000000000,2009-03-23 00:00:00.000000000,1980-01-01 00:00:00.000000000,2009-01-05 00:00:00.000000000,2009-01-05 00:00:00.000000000,2008-07-16 18:09:22.377600000,77 days 00:00:00.000000000,77 days 00:00:00.000000000,0 days 00:00:00.000000000
85,2009-04-10 00:00:00.000000000,2009-04-10 00:00:00.000000000,2009-04-10 00:00:00.000000000,1980-01-01 00:00:00.000000000,2009-01-16 00:00:00.000000000,2009-01-16 00:00:00.000000000,2008-07-27 18:09:22.377600000,84 days 00:00:00.000000000,84 days 00:00:00.000000000,0 days 00:00:00.000000000
86,2009-04-10 00:00:00.000000000,2009-04-10 00:00:00.000000000,2009-04-10 00:00:00.000000000,1980-01-01 00:00:00.000000000,2009-01-16 00:00:00.000000000,2009-01-16 00:00:00.000000000,2008-07-27 18:09:22.377600000,84 days 00:00:00.000000000,84 days 00:00:00.000000000,0 days 00:00:00.000000000
87,2009-03-23 00:00:00.000000000,2009-03-23 00:00:00.000000000,2009-03-23 00:00:00.000000000,1980-01-01 00:00:00.000000000,2009-01-16 00:00:00.000000000,2009-01-16 00:00:00.000000000,2008-07-27 18:09:22.377600000,66 days 00:00:00.000000000,66 days 00:00:00.000000000,0 days 00:00:00.000000000
88,2009-03-16 00:00:00.000000000,2009-03-16 00:00:00.000000000,2009-03-16 00:00:00.000000000,1980-01-01 00:00:00.000000000,2008-10-21 00:00:00.000000000,2008-10-21 00:00:00.000000000,2008-05-01 18:09:22.377600000,146 days 00:00:00.000000000,146 days 00:00:00.000000000,0 days 00:00:00.000000000
89,2009-05-28 00:00:00.000000000,2009-05-28 00:00:00.000000000,2009-05-28 00:00:00.000000000,1980-01-01 00:00:00.000000000,2009-02-05 00:00:00.000000000,2009-02-05 00:00:00.000000000,2008-08-16 18:09:22.377600000,112 days 00:00:00.000000000,112 days 00:00:00.000000000,0 days 00:00:00.000000000
90,2009-05-04 00:00:00.000000000,2009-05-04 00:00:00.000000000,2009-05-04 00:00:00.000000000,1980-01-01 00:00:00.000000000,2009-02-05 00:00:00.000000000,2009-02-05 00:00:00.000000000,2008-08-16 18:09:22.377600000,88 days 00:00:00.000000000,88 days 00:00:00.000000000,0 days 00:00:00.000000000
91,2009-04-28 00:00:00.000000000,2009-04-28 00:00:00.000000000,2009-04-28 00:00:00.000000000,1980-01-01 00:00:00.000000000,2009-02-18 00:00:00.000000000,2009-02-18 00:00:00.000000000,2008-08-29 18:09:22.377600000,69 days 00:00:00.000000000,69 days 00:00:00.000000000,0 days 00:00:00.000000000
92,2009-09-30 00:00:00.000000000,2009-09-30 00:00:00.000000000,2009-09-30 00:00:00.000000000,1980-01-01 00:00:00.000000000,2009-03-04 00:00:00.000000000,2009-03-04 00:00:00.000000000,2008-09-12 18:09:22.377600000,210 days 00:00:00.000000000,210 days 00:00:00.000000000,0 days 00:00:00.000000000
93,2009-03-31 00:00:00.000000000,2009-03-31 00:00:00.000000000,2009-03-31 00:00:00.000000000,1980-01-01 00:00:00.000000000,2009-03-06 00:00:00.000000000,2009-03-06 00:00:00.000000000,2008-09-14 18:09:22.377600000,25 days 00:00:00.000000000,25 days 00:00:00.000000000,0 days 00:00:00.000000000
94,2009-03-31 00:00:00.000000000,2009-03-31 00:00:00.000000000,2009-03-31 00:00:00.000000000,1980-01-01 00:00:00.000000000,2009-03-06 00:00:00.000000000,2009-03-06 00:00:00.000000000,2008-09-14 18:09:22.377600000,25 days 00:00:00.000000000,25 days 00:00:00.000000000,0 days 00:00:00.000000000
95,2009-04-15 00:00:00.000000000,2009-04-15 00:00:00.000000000,2009-04-15 00:00:00.000000000,1980-01-01 00:00:00.000000000,2009-03-06 00:00:00.000000000,2009-03-06 00:00:00.000000000,2008-09-14 18:09:22.377600000,40 days 00:00:00.000000000,40 days 00:00:00.000000000,0 days 00:00:00.000000000
96,2009-03-31 00:00:00.000000000,2008-12-02 00:00:00.000000000,2008-12-02 00:00:00.000000000,1980-01-01 00:00:00.000000000,1900-01-01 00:00:00.000000000,2009-02-02 22:33:54.748800000,2008-08-14 16:43:17.126400000,56 days 01:26:05.251200000,-63 days +01:26:05.251200000,-119 days +00:00:00.000000000
97,2009-04-07 00:00:00.000000000,2008-12-03 00:00:00.000000000,2008-12-03 00:00:00.000000000,1980-01-01 00:00:00.000000000,1900-01-01 00:00:00.000000000,2009-02-09 22:33:54.748800000,2008-08-21 16:43:17.126400000,56 days 01:26:05.251200000,-69 days +01:26:05.251200000,-125 days +00:00:00.000000000
98,2009-04-07 00:00:00.000000000,2008-12-03 00:00:00.000000000,2008-12-03 00:00:00.000000000,1980-01-01 00:00:00.000000000,1900-01-01 00:00:00.000000000,2009-02-09 22:33:54.748800000,2008-08-21 16:43:17.126400000,56 days 01:26:05.251200000,-69 days +01:26:05.251200000,-125 days +00:00:00.000000000
99,2009-05-05 00:00:00.000000000,2008-12-23 00:00:00.000000000,2008-12-23 00:00:00.000000000,1980-01-01 00:00:00.000000000,1900-01-01 00:00:00.000000000,2009-03-09 22:33:54.748800000,2008-09-18 16:43:17.126400000,56 days 01:26:05.251200000,-77 days +01:26:05.251200000,-133 days +00:00:00.000000000
100,2009-05-12 00:00:00.000000000,2008-12-30 00:00:00.000000000,2008-12-30 00:00:00.000000000,1980-01-01 00:00:00.000000000,1900-01-01 00:00:00.000000000,2009-03-16 22:33:54.748800000,2008-09-25 16:43:17.126400000,56 days 01:26:05.251200000,-77 days +01:26:05.251200000,-133 days +00:00:00.000000000
101,2009-03-31 00:00:00.000000000,2008-11-21 00:00:00.000000000,2008-11-21 00:00:00.000000000,1980-01-01 00:00:00.000000000,1900-01-01 00:00:00.000000000,2009-02-02 22:33:54.748800000,2008-08-14 16:43:17.126400000,56 days 01:26:05.251200000,-74 days +01:26:05.251200000,-130 days +00:00:00.000000000
102,2009-06-25 00:00:00.000000000,2009-04-21 00:00:00.000000000,2009-04-21 00:00:00.000000000,1980-01-01 00:00:00.000000000,2009-03-18 00:00:00.000000000,2009-03-18 00:00:00.000000000,2008-09-26 18:09:22.377600000,99 days 00:00:00.000000000,34 days 00:00:00.000000000,-65 days +00:00:00.000000000
103,2009-06-25 00:00:00.000000000,2009-06-05 00:00:00.000000000,2009-06-05 00:00:00.000000000,1980-01-01 00:00:00.000000000,2009-03-18 00:00:00.000000000,2009-03-18 00:00:00.000000000,2008-09-26 18:09:22.377600000,99 days 00:00:00.000000000,79 days 00:00:00.000000000,-20 days +00:00:00.000000000
104,2009-06-25 00:00:00.000000000,2009-06-17 00:00:00.000000000,2009-06-17 00:00:00.000000000,1980-01-01 00:00:00.000000000,2009-03-18 00:00:00.000000000,2009-03-18 00:00:00.000000000,2008-09-26 18:09:22.377600000,99 days 00:00:00.000000000,91 days 00:00:00.000000000,-8 days +00:00:00.000000000
105,2009-08-19 00:00:00.000000000,2009-08-19 00:00:00.000000000,2009-08-19 00:00:00.000000000,1980-01-01 00:00:00.000000000,2009-06-15 00:00:00.000000000,2009-06-15 00:00:00.000000000,2008-12-24 18:09:22.377600000,65 days 00:00:00.000000000,65 days 00:00:00.000000000,0 days 00:00:00.000000000
106,2009-06-25 00:00:00.000000000,2009-04-14 00:00:00.000000000,2009-04-14 00:00:00.000000000,1980-01-01 00:00:00.000000000,2009-03-27 00:00:00.000000000,2009-03-27 00:00:00.000000000,2008-10-05 18:09:22.377600000,90 days 00:00:00.000000000,18 days 00:00:00.000000000,-72 days +00:00:00.000000000
107,2009-06-25 00:00:00.000000000,2009-04-29 00:00:00.000000000,2009-04-29 00:00:00.000000000,1980-01-01 00:00:00.000000000,2009-03-27 00:00:00.000000000,2009-03-27 00:00:00.000000000,2008-10-05 18:09:22.377600000,90 days 00:00:00.000000000,33 days 00:00:00.000000000,-57 days +00:00:00.000000000
108,2009-06-25 00:00:00.000000000,2009-04-20 00:00:00.000000000,2009-04-20 00:00:00.000000000,1980-01-01 00:00:00.000000000,2009-03-27 00:00:00.000000000,2009-03-27 00:00:00.000000000,2008-10-05 18:09:22.377600000,90 days 00:00:00.000000000,24 days 00:00:00.000000000,-66 days +00:00:00.000000000
109,2009-11-13 00:00:00.000000000,2009-11-13 00:00:00.000000000,2009-11-13 00:00:00.000000000,1980-01-01 00:00:00.000000000,2009-03-25 00:00:00.000000000,2009-03-25 00:00:00.000000000,2008-10-03 18:09:22.377600000,233 days 00:00:00.000000000,233 days 00:00:00.000000000,0 days 00:00:00.000000000
110,2009-06-30 00:00:00.000000000,2009-06-30 00:00:00.000000000,2009-06-30 00:00:00.000000000,1980-01-01 00:00:00.000000000,2009-03-30 00:00:00.000000000,2009-03-30 00:00:00.000000000,2008-10-08 18:09:22.377600000,92 days 00:00:00.000000000,92 days 00:00:00.000000000,0 days 00:00:00.000000000
111,2009-07-22 00:00:00.000000000,2009-07-22 00:00:00.000000000,2009-07-22 00:00:00.000000000,1980-01-01 00:00:00.000000000,2009-03-30 00:00:00.000000000,2009-03-30 00:00:00.000000000,2008-10-08 18:09:22.377600000,114 days 00:00:00.000000000,114 days 00:00:00.000000000,0 days 00:00:00.000000000
112,2009-07-31 00:00:00.000000000,2009-04-21 00:00:00.000000000,2009-04-21 00:00:00.000000000,1980-01-01 00:00:00.000000000,2009-04-02 00:00:00.000000000,2009-04-02 00:00:00.000000000,2008-10-11 18:09:22.377600000,120 days 00:00:00.000000000,19 days 00:00:00.000000000,-101 days +00:00:00.000000000
113,2009-05-15 00:00:00.000000000,2009-04-17 00:00:00.000000000,2009-04-17 00:00:00.000000000,1980-01-01 00:00:00.000000000,2009-04-02 00:00:00.000000000,2009-04-02 00:00:00.000000000,2008-10-11 18:09:22.377600000,43 days 00:00:00.000000000,15 days 00:00:00.000000000,-28 days +00:00:00.000000000
114,2009-05-15 00:00:00.000000000,2009-04-23 00:00:00.000000000,2009-04-23 00:00:00.000000000,1980-01-01 00:00:00.000000000,2009-04-02 00:00:00.000000000,2009-04-02 00:00:00.000000000,2008-10-11 18:09:22.377600000,43 days 00:00:00.000000000,21 days 00:00:00.000000000,-22 days +00:00:00.000000000
115,2009-09-16 00:00:00.000000000,2009-09-16 00:00:00.000000000,2009-09-16 00:00:00.000000000,1980-01-01 00:00:00.000000000,2009-04-02 00:00:00.000000000,2009-04-02 00:00:00.000000000,2008-10-11 18:09:22.377600000,167 days 00:00:00.000000000,167 days 00:00:00.000000000,0 days 00:00:00.000000000
116,2009-07-10 00:00:00.000000000,2009-07-10 00:00:00.000000000,2009-07-10 00:00:00.000000000,1980-01-01 00:00:00.000000000,2009-04-04 00:00:00.000000000,2009-04-04 00:00:00.000000000,2008-10-13 18:09:22.377600000,97 days 00:00:00.000000000,97 days 00:00:00.000000000,0 days 00:00:00.000000000
117,2009-08-18 00:00:00.000000000,2009-08-18 00:00:00.000000000,2009-08-18 00:00:00.000000000,1980-01-01 00:00:00.000000000,2009-04-09 00:00:00.000000000,2009-04-09 00:00:00.000000000,2008-10-18 18:09:22.377600000,131 days 00:00:00.000000000,131 days 00:00:00.000000000,0 days 00:00:00.000000000
118,2009-07-25 00:00:00.000000000,2009-07-25 00:00:00.000000000,2009-07-25 00:00:00.000000000,1980-01-01 00:00:00.000000000,2009-04-15 00:00:00.000000000,2009-04-15 00:00:00.000000000,2008-10-24 18:09:22.377600000,101 days 00:00:00.000000000,101 days 00:00:00.000000000,0 days 00:00:00.000000000
119,2009-09-15 00:00:00.000000000,2009-09-15 00:00:00.000000000,2009-09-15 00:00:00.000000000,1980-01-01 00:00:00.000000000,2009-04-15 00:00:00.000000000,2009-04-15 00:00:00.000000000,2008-10-24 18:09:22.377600000,153 days 00:00:00.000000000,153 days 00:00:00.000000000,0 days 00:00:00.000000000
120,2009-07-17 00:00:00.000000000,2009-07-17 00:00:00.000000000,2009-07-17 00:00:00.000000000,1980-01-01 00:00:00.000000000,2009-04-29 00:00:00.000000000,2009-04-29 00:00:00.000000000,2008-11-07 18:09:22.377600000,79 days 00:00:00.000000000,79 days 00:00:00.000000000,0 days 00:00:00.000000000
121,2009-07-10 00:00:00.000000000,2009-07-10 00:00:00.000000000,2009-07-10 00:00:00.000000000,1980-01-01 00:00:00.000000000,2009-04-29 00:00:00.000000000,2009-04-29 00:00:00.000000000,2008-11-07 18:09:22.377600000,72 days 00:00:00.000000000,72 days 00:00:00.000000000,0 days 00:00:00.000000000
122,2009-06-12 00:00:00.000000000,2009-07-10 00:00:00.000000000,2009-07-10 00:00:00.000000000,1980-01-01 00:00:00.000000000,2009-05-27 00:00:00.000000000,2009-05-27 00:00:00.000000000,2008-12-05 18:09:22.377600000,16 days 00:00:00.000000000,44 days 00:00:00.000000000,28 days 00:00:00.000000000
123,2009-09-01 00:00:00.000000000,2009-09-01 00:00:00.000000000,2009-09-01 00:00:00.000000000,1980-01-01 00:00:00.000000000,2009-05-18 00:00:00.000000000,2009-05-18 00:00:00.000000000,2008-11-26 18:09:22.377600000,106 days 00:00:00.000000000,106 days 00:00:00.000000000,0 days 00:00:00.000000000
124,2009-07-28 00:00:00.000000000,2009-07-28 00:00:00.000000000,2009-07-28 00:00:00.000000000,1980-01-01 00:00:00.000000000,2009-05-27 00:00:00.000000000,2009-05-27 00:00:00.000000000,2008-12-05 18:09:22.377600000,62 days 00:00:00.000000000,62 days 00:00:00.000000000,0 days 00:00:00.000000000
125,2009-06-29 00:00:00.000000000,2009-06-29 00:00:00.000000000,2009-06-29 00:00:00.000000000,1980-01-01 00:00:00.000000000,2009-06-02 00:00:00.000000000,2009-06-02 00:00:00.000000000,2008-12-11 18:09:22.377600000,27 days 00:00:00.000000000,27 days 00:00:00.000000000,0 days 00:00:00.000000000
126,2009-07-28 00:00:00.000000000,2009-07-28 00:00:00.000000000,2009-07-28 00:00:00.000000000,1980-01-01 00:00:00.000000000,2009-06-05 00:00:00.000000000,2009-06-05 00:00:00.000000000,2008-12-14 18:09:22.377600000,53 days 00:00:00.000000000,53 days 00:00:00.000000000,0 days 00:00:00.000000000
127,2009-10-12 00:00:00.000000000,2009-08-05 00:00:00.000000000,2009-08-05 00:00:00.000000000,1980-01-01 00:00:00.000000000,2009-06-05 00:00:00.000000000,2009-06-05 00:00:00.000000000,2008-12-14 18:09:22.377600000,129 days 00:00:00.000000000,61 days 00:00:00.000000000,-68 days +00:00:00.000000000
128,2009-10-12 00:00:00.000000000,2009-07-28 00:00:00.000000000,2009-07-28 00:00:00.000000000,1980-01-01 00:00:00.000000000,2009-06-05 00:00:00.000000000,2009-06-05 00:00:00.000000000,2008-12-14 18:09:22.377600000,129 days 00:00:00.000000000,53 days 00:00:00.000000000,-76 days +00:00:00.000000000
129,2006-06-27 00:00:00.000000000,2006-06-27 00:00:00.000000000,2006-06-27 00:00:00.000000000,1980-01-01 00:00:00.000000000,2006-04-19 00:00:00.000000000,2006-04-19 00:00:00.000000000,2005-10-28 18:09:22.377600000,69 days 00:00:00.000000000,69 days 00:00:00.000000000,0 days 00:00:00.000000000
130,2006-07-14 00:00:00.000000000,2006-07-14 00:00:00.000000000,2006-07-14 00:00:00.000000000,1980-01-01 00:00:00.000000000,1900-01-01 00:00:00.000000000,2006-05-06 00:00:00.000000000,2005-11-14 18:09:22.377600000,69 days 00:00:00.000000000,69 days 00:00:00.000000000,0 days 00:00:00.000000000
131,2006-11-16 00:00:00.000000000,2006-11-16 00:00:00.000000000,2006-11-16 00:00:00.000000000,1980-01-01 00:00:00.000000000,1900-01-01 00:00:00.000000000,2006-10-05 12:00:00.000000000,2006-04-16 06:09:22.377600000,41 days 12:00:00.000000000,41 days 12:00:00.000000000,0 days 00:00:00.000000000
132,2006-11-09 00:00:00.000000000,2006-11-09 00:00:00.000000000,2006-11-09 00:00:00.000000000,1980-01-01 00:00:00.000000000,1900-01-01 00:00:00.000000000,2006-09-28 12:00:00.000000000,2006-04-09 06:09:22.377600000,41 days 12:00:00.000000000,41 days 12:00:00.000000000,0 days 00:00:00.000000000
133,2006-11-07 00:00:00.000000000,2006-11-07 00:00:00.000000000,2006-11-07 00:00:00.000000000,1980-01-01 00:00:00.000000000,1900-01-01 00:00:00.000000000,2006-09-26 12:00:00.000000000,2006-04-07 06:09:22.377600000,41 days 12:00:00.000000000,41 days 12:00:00.000000000,0 days 00:00:00.000000000
134,2006-12-07 00:00:00.000000000,2006-12-07 00:00:00.000000000,2006-12-07 00:00:00.000000000,1980-01-01 00:00:00.000000000,1900-01-01 00:00:00.000000000,2006-10-26 12:00:00.000000000,2006-05-07 06:09:22.377600000,41 days 12:00:00.000000000,41 days 12:00:00.000000000,0 days 00:00:00.000000000
135,2007-03-14 00:00:00.000000000,2007-03-14 00:00:00.000000000,2007-03-14 00:00:00.000000000,1980-01-01 00:00:00.000000000,2006-11-15 00:00:00.000000000,2006-11-15 00:00:00.000000000,2006-05-26 18:09:22.377600000,119 days 00:00:00.000000000,119 days 00:00:00.000000000,0 days 00:00:00.000000000
136,2007-03-14 00:00:00.000000000,2007-03-14 00:00:00.000000000,2007-03-14 00:00:00.000000000,1980-01-01 00:00:00.000000000,2006-11-15 00:00:00.000000000,2006-11-15 00:00:00.000000000,2006-05-26 18:09:22.377600000,119 days 00:00:00.000000000,119 days 00:00:00.000000000,0 days 00:00:00.000000000
137,2006-12-29 00:00:00.000000000,2006-12-29 00:00:00.000000000,2006-12-29 00:00:00.000000000,1980-01-01 00:00:00.000000000,1900-01-01 00:00:00.000000000,2006-11-17 12:00:00.000000000,2006-05-29 06:09:22.377600000,41 days 12:00:00.000000000,41 days 12:00:00.000000000,0 days 00:00:00.000000000
138,2007-02-15 00:00:00.000000000,2007-02-15 00:00:00.000000000,2007-02-15 00:00:00.000000000,1980-01-01 00:00:00.000000000,2006-11-17 00:00:00.000000000,2006-11-17 00:00:00.000000000,2006-05-28 18:09:22.377600000,90 days 00:00:00.000000000,90 days 00:00:00.000000000,0 days 00:00:00.000000000
139,2007-05-12 00:00:00.000000000,2007-05-12 00:00:00.000000000,2007-05-12 00:00:00.000000000,1980-01-01 00:00:00.000000000,2007-01-09 00:00:00.000000000,2007-01-09 00:00:00.000000000,2006-07-20 18:09:22.377600000,123 days 00:00:00.000000000,123 days 00:00:00.000000000,0 days 00:00:00.000000000
140,2007-02-27 00:00:00.000000000,2007-02-27 00:00:00.000000000,2007-02-27 00:00:00.000000000,1980-01-01 00:00:00.000000000,2006-12-22 00:00:00.000000000,2006-12-22 00:00:00.000000000,2006-07-02 18:09:22.377600000,67 days 00:00:00.000000000,67 days 00:00:00.000000000,0 days 00:00:00.000000000
141,2007-02-27 00:00:00.000000000,2007-02-27 00:00:00.000000000,2007-02-27 00:00:00.000000000,1980-01-01 00:00:00.000000000,2006-12-22 00:00:00.000000000,2006-12-22 00:00:00.000000000,2006-07-02 18:09:22.377600000,67 days 00:00:00.000000000,67 days 00:00:00.000000000,0 days 00:00:00.000000000
142,2006-12-28 00:00:00.000000000,2006-12-28 00:00:00.000000000,2006-12-28 00:00:00.000000000,1980-01-01 00:00:00.000000000,2006-12-14 00:00:00.000000000,2006-12-14 00:00:00.000000000,2006-06-24 18:09:22.377600000,14 days 00:00:00.000000000,14 days 00:00:00.000000000,0 days 00:00:00.000000000
143,2007-08-24 00:00:00.000000000,2007-08-24 00:00:00.000000000,2007-08-24 00:00:00.000000000,1980-01-01 00:00:00.000000000,2007-02-07 00:00:00.000000000,2007-02-07 00:00:00.000000000,2006-08-18 18:09:22.377600000,198 days 00:00:00.000000000,198 days 00:00:00.000000000,0 days 00:00:00.000000000
144,2007-03-15 00:00:00.000000000,2007-03-30 00:00:00.000000000,2007-03-30 00:00:00.000000000,1980-01-01 00:00:00.000000000,1900-01-01 00:00:00.000000000,2007-02-04 14:24:00.000000000,2006-08-16 08:33:22.377600000,38 days 09:36:00.000000000,53 days 09:36:00.000000000,15 days 00:00:00.000000000
145,2007-01-15 00:00:00.000000000,2007-01-15 00:00:00.000000000,2007-01-15 00:00:00.000000000,1980-01-01 00:00:00.000000000,2006-12-14 00:00:00.000000000,2006-12-14 00:00:00.000000000,2006-06-24 18:09:22.377600000,32 days 00:00:00.000000000,32 days 00:00:00.000000000,0 days 00:00:00.000000000
146,2007-10-23 00:00:00.000000000,2007-10-23 00:00:00.000000000,2007-10-23 00:00:00.000000000,1980-01-01 00:00:00.000000000,2007-05-09 00:00:00.000000000,2007-05-09 00:00:00.000000000,2006-11-17 18:09:22.377600000,167 days 00:00:00.000000000,167 days 00:00:00.000000000,0 days 00:00:00.000000000
147,2007-09-07 00:00:00.000000000,2007-09-07 00:00:00.000000000,2007-09-07 00:00:00.000000000,1980-01-01 00:00:00.000000000,1900-01-01 00:00:00.000000000,2007-07-30 14:24:00.000000000,2007-02-08 08:33:22.377600000,38 days 09:36:00.000000000,38 days 09:36:00.000000000,0 days 00:00:00.000000000
148,2007-10-02 00:00:00.000000000,2007-10-02 00:00:00.000000000,2007-10-02 00:00:00.000000000,1980-01-01 00:00:00.000000000,2007-07-13 00:00:00.000000000,2007-07-13 00:00:00.000000000,2007-01-21 18:09:22.377600000,81 days 00:00:00.000000000,81 days 00:00:00.000000000,0 days 00:00:00.000000000
149,2007-10-02 00:00:00.000000000,2007-10-02 00:00:00.000000000,2007-10-02 00:00:00.000000000,1980-01-01 00:00:00.000000000,2007-07-03 00:00:00.000000000,2007-07-03 00:00:00.000000000,2007-01-11 18:09:22.377600000,91 days 00:00:00.000000000,91 days 00:00:00.000000000,0 days 00:00:00.000000000
150,2007-10-02 00:00:00.000000000,2007-10-02 00:00:00.000000000,2007-10-02 00:00:00.000000000,1980-01-01 00:00:00.000000000,2007-07-03 00:00:00.000000000,2007-07-03 00:00:00.000000000,2007-01-11 18:09:22.377600000,91 days 00:00:00.000000000,91 days 00:00:00.000000000,0 days 00:00:00.000000000
151,2007-10-15 00:00:00.000000000,2007-10-15 00:00:00.000000000,2007-10-15 00:00:00.000000000,1980-01-01 00:00:00.000000000,2007-07-04 00:00:00.000000000,2007-07-04 00:00:00.000000000,2007-01-12 18:09:22.377600000,103 days 00:00:00.000000000,103 days 00:00:00.000000000,0 days 00:00:00.000000000
152,2007-10-15 00:00:00.000000000,2007-10-15 00:00:00.000000000,2007-10-15 00:00:00.000000000,1980-01-01 00:00:00.000000000,2007-07-04 00:00:00.000000000,2007-07-04 00:00:00.000000000,2007-01-12 18:09:22.377600000,103 days 00:00:00.000000000,103 days 00:00:00.000000000,0 days 00:00:00.000000000
153,2007-11-23 00:00:00.000000000,2007-11-23 00:00:00.000000000,2007-11-23 00:00:00.000000000,1980-01-01 00:00:00.000000000,2007-07-04 00:00:00.000000000,2007-07-04 00:00:00.000000000,2007-01-12 18:09:22.377600000,142 days 00:00:00.000000000,142 days 00:00:00.000000000,0 days 00:00:00.000000000
154,2007-08-27 00:00:00.000000000,2007-08-27 00:00:00.000000000,2007-08-27 00:00:00.000000000,1980-01-01 00:00:00.000000000,2007-07-03 00:00:00.000000000,2007-07-03 00:00:00.000000000,2007-01-11 18:09:22.377600000,55 days 00:00:00.000000000,55 days 00:00:00.000000000,0 days 00:00:00.000000000
155,2007-09-19 00:00:00.000000000,2007-09-19 00:00:00.000000000,2007-09-19 00:00:00.000000000,1980-01-01 00:00:00.000000000,1900-01-01 00:00:00.000000000,2007-07-25 00:00:00.000000000,2007-02-02 18:09:22.377600000,56 days 00:00:00.000000000,56 days 00:00:00.000000000,0 days 00:00:00.000000000
156,2008-01-28 00:00:00.000000000,2008-01-28 00:00:00.000000000,2008-01-28 00:00:00.000000000,1980-01-01 00:00:00.000000000,2007-11-12 00:00:00.000000000,2007-11-12 00:00:00.000000000,2007-05-23 18:09:22.377600000,77 days 00:00:00.000000000,77 days 00:00:00.000000000,0 days 00:00:00.000000000
157,2008-01-29 00:00:00.000000000,2008-01-29 00:00:00.000000000,2008-01-29 00:00:00.000000000,1980-01-01 00:00:00.000000000,2007-11-12 00:00:00.000000000,2007-11-12 00:00:00.000000000,2007-05-23 18:09:22.377600000,78 days 00:00:00.000000000,78 days 00:00:00.000000000,0 days 00:00:00.000000000
158,2008-01-29 00:00:00.000000000,2008-01-29 00:00:00.000000000,2008-01-29 00:00:00.000000000,1980-01-01 00:00:00.000000000,2007-11-12 00:00:00.000000000,2007-11-12 00:00:00.000000000,2007-05-23 18:09:22.377600000,78 days 00:00:00.000000000,78 days 00:00:00.000000000,0 days 00:00:00.000000000
159,2008-03-28 00:00:00.000000000,2008-03-28 00:00:00.000000000,2008-03-28 00:00:00.000000000,1980-01-01 00:00:00.000000000,2007-11-21 00:00:00.000000000,2007-11-21 00:00:00.000000000,2007-06-01 18:09:22.377600000,128 days 00:00:00.000000000,128 days 00:00:00.000000000,0 days 00:00:00.000000000
160,2008-01-21 00:00:00.000000000,2008-01-21 00:00:00.000000000,2008-01-21 00:00:00.000000000,1980-01-01 00:00:00.000000000,2007-11-30 00:00:00.000000000,2007-11-30 00:00:00.000000000,2007-06-10 18:09:22.377600000,52 days 00:00:00.000000000,52 days 00:00:00.000000000,0 days 00:00:00.000000000
161,2008-01-28 00:00:00.000000000,2008-01-28 00:00:00.000000000,2008-01-28 00:00:00.000000000,1980-01-01 00:00:00.000000000,2007-12-03 00:00:00.000000000,2007-12-03 00:00:00.000000000,2007-06-13 18:09:22.377600000,56 days 00:00:00.000000000,56 days 00:00:00.000000000,0 days 00:00:00.000000000
162,2008-02-01 00:00:00.000000000,2008-02-01 00:00:00.000000000,2008-02-01 00:00:00.000000000,1980-01-01 00:00:00.000000000,2007-12-05 00:00:00.000000000,2007-12-05 00:00:00.000000000,2007-06-15 18:09:22.377600000,58 days 00:00:00.000000000,58 days 00:00:00.000000000,0 days 00:00:00.000000000
163,2007-12-27 00:00:00.000000000,2007-12-27 00:00:00.000000000,2007-12-27 00:00:00.000000000,1980-01-01 00:00:00.000000000,2007-11-30 00:00:00.000000000,2007-11-30 00:00:00.000000000,2007-06-10 18:09:22.377600000,27 days 00:00:00.000000000,27 days 00:00:00.000000000,0 days 00:00:00.000000000
164,2008-02-05 00:00:00.000000000,2008-02-05 00:00:00.000000000,2008-02-05 00:00:00.000000000,1980-01-01 00:00:00.000000000,1900-01-01 00:00:00.000000000,2007-11-13 19:02:04.099200000,2007-05-25 13:11:26.476800000,83 days 04:57:55.900800000,83 days 04:57:55.900800000,0 days 00:00:00.000000000
165,2008-01-21 00:00:00.000000000,2008-01-04 00:00:00.000000000,2008-01-04 00:00:00.000000000,1980-01-01 00:00:00.000000000,2008-01-04 00:00:00.000000000,2008-01-04 00:00:00.000000000,2007-07-15 18:09:22.377600000,17 days 00:00:00.000000000,0 days 00:00:00.000000000,-17 days +00:00:00.000000000
166,2008-07-03 00:00:00.000000000,2008-07-03 00:00:00.000000000,2008-07-03 00:00:00.000000000,1980-01-01 00:00:00.000000000,2008-02-04 00:00:00.000000000,2008-02-04 00:00:00.000000000,2007-08-15 18:09:22.377600000,150 days 00:00:00.000000000,150 days 00:00:00.000000000,0 days 00:00:00.000000000
167,2008-09-19 00:00:00.000000000,2008-07-16 00:00:00.000000000,2008-07-16 00:00:00.000000000,1980-01-01 00:00:00.000000000,2008-01-29 00:00:00.000000000,2008-01-29 00:00:00.000000000,2007-08-09 18:09:22.377600000,234 days 00:00:00.000000000,169 days 00:00:00.000000000,-65 days +00:00:00.000000000
168,2008-03-27 00:00:00.000000000,2008-03-27 00:00:00.000000000,2008-03-27 00:00:00.000000000,1980-01-01 00:00:00.000000000,2008-02-19 00:00:00.000000000,2008-02-19 00:00:00.000000000,2007-08-30 18:09:22.377600000,37 days 00:00:00.000000000,37 days 00:00:00.000000000,0 days 00:00:00.000000000
169,2008-05-14 00:00:00.000000000,2008-05-14 00:00:00.000000000,2008-05-14 00:00:00.000000000,1980-01-01 00:00:00.000000000,2008-02-25 00:00:00.000000000,2008-02-25 00:00:00.000000000,2007-09-05 18:09:22.377600000,79 days 00:00:00.000000000,79 days 00:00:00.000000000,0 days 00:00:00.000000000
170,2008-06-06 00:00:00.000000000,2008-05-30 00:00:00.000000000,2008-05-30 00:00:00.000000000,1980-01-01 00:00:00.000000000,2008-02-29 00:00:00.000000000,2008-02-29 00:00:00.000000000,2007-09-09 18:09:22.377600000,98 days 00:00:00.000000000,91 days 00:00:00.000000000,-7 days +00:00:00.000000000
171,2009-03-04 00:00:00.000000000,2009-03-04 00:00:00.000000000,2009-03-04 00:00:00.000000000,1980-01-01 00:00:00.000000000,2008-02-27 00:00:00.000000000,2008-02-27 00:00:00.000000000,2007-09-07 18:09:22.377600000,371 days 00:00:00.000000000,371 days 00:00:00.000000000,0 days 00:00:00.000000000
172,2008-07-09 00:00:00.000000000,2008-07-04 00:00:00.000000000,2008-07-04 00:00:00.000000000,1980-01-01 00:00:00.000000000,2008-02-27 00:00:00.000000000,2008-02-27 00:00:00.000000000,2007-09-07 18:09:22.377600000,133 days 00:00:00.000000000,128 days 00:00:00.000000000,-5 days +00:00:00.000000000
173,2008-04-08 00:00:00.000000000,2008-04-04 00:00:00.000000000,2008-04-04 00:00:00.000000000,1980-01-01 00:00:00.000000000,2008-02-28 00:00:00.000000000,2008-02-28 00:00:00.000000000,2007-09-08 18:09:22.377600000,40 days 00:00:00.000000000,36 days 00:00:00.000000000,-4 days +00:00:00.000000000
174,2008-07-22 00:00:00.000000000,2008-07-22 00:00:00.000000000,2008-07-22 00:00:00.000000000,1980-01-01 00:00:00.000000000,2008-02-28 00:00:00.000000000,2008-02-28 00:00:00.000000000,2007-09-08 18:09:22.377600000,145 days 00:00:00.000000000,145 days 00:00:00.000000000,0 days 00:00:00.000000000
175,2008-12-19 00:00:00.000000000,2008-12-19 00:00:00.000000000,2008-12-19 00:00:00.000000000,1980-01-01 00:00:00.000000000,2008-02-29 00:00:00.000000000,2008-02-29 00:00:00.000000000,2007-09-09 18:09:22.377600000,294 days 00:00:00.000000000,294 days 00:00:00.000000000,0 days 00:00:00.000000000
176,2008-05-06 00:00:00.000000000,2008-05-06 00:00:00.000000000,2008-05-06 00:00:00.000000000,1980-01-01 00:00:00.000000000,2008-02-28 00:00:00.000000000,2008-02-28 00:00:00.000000000,2007-09-08 18:09:22.377600000,68 days 00:00:00.000000000,68 days 00:00:00.000000000,0 days 00:00:00.000000000
177,2008-07-28 00:00:00.000000000,2008-07-28 00:00:00.000000000,2008-07-28 00:00:00.000000000,1980-01-01 00:00:00.000000000,2008-02-28 00:00:00.000000000,2008-02-28 00:00:00.000000000,2007-09-08 18:09:22.377600000,151 days 00:00:00.000000000,151 days 00:00:00.000000000,0 days 00:00:00.000000000
178,2008-04-11 00:00:00.000000000,2008-04-11 00:00:00.000000000,2008-04-11 00:00:00.000000000,1980-01-01 00:00:00.000000000,1900-01-01 00:00:00.000000000,2008-01-11 19:30:00.000000000,2007-07-23 13:39:22.377600000,90 days 04:30:00.000000000,90 days 04:30:00.000000000,0 days 00:00:00.000000000
179,2008-11-17 00:00:00.000000000,2008-10-21 00:00:00.000000000,2008-10-21 00:00:00.000000000,1980-01-01 00:00:00.000000000,2008-03-17 00:00:00.000000000,2008-03-17 00:00:00.000000000,2007-09-26 18:09:22.377600000,245 days 00:00:00.000000000,218 days 00:00:00.000000000,-27 days +00:00:00.000000000
180,2008-04-24 00:00:00.000000000,2008-04-24 00:00:00.000000000,2008-04-24 00:00:00.000000000,1980-01-01 00:00:00.000000000,2008-02-20 00:00:00.000000000,2008-02-20 00:00:00.000000000,2007-08-31 18:09:22.377600000,64 days 00:00:00.000000000,64 days 00:00:00.000000000,0 days 00:00:00.000000000
181,2008-04-24 00:00:00.000000000,2008-04-24 00:00:00.000000000,2008-04-24 00:00:00.000000000,1980-01-01 00:00:00.000000000,2008-02-20 00:00:00.000000000,2008-02-20 00:00:00.000000000,2007-08-31 18:09:22.377600000,64 days 00:00:00.000000000,64 days 00:00:00.000000000,0 days 00:00:00.000000000
182,2008-04-24 00:00:00.000000000,2008-04-24 00:00:00.000000000,2008-04-24 00:00:00.000000000,1980-01-01 00:00:00.000000000,2008-02-20 00:00:00.000000000,2008-02-20 00:00:00.000000000,2007-08-31 18:09:22.377600000,64 days 00:00:00.000000000,64 days 00:00:00.000000000,0 days 00:00:00.000000000
183,2008-07-07 00:00:00.000000000,2008-06-20 00:00:00.000000000,2008-06-20 00:00:00.000000000,1980-01-01 00:00:00.000000000,2008-03-31 00:00:00.000000000,2008-03-31 00:00:00.000000000,2007-10-10 18:09:22.377600000,98 days 00:00:00.000000000,81 days 00:00:00.000000000,-17 days +00:00:00.000000000
184,2008-06-01 00:00:00.000000000,2008-06-01 00:00:00.000000000,2008-06-01 00:00:00.000000000,1980-01-01 00:00:00.000000000,2008-03-31 00:00:00.000000000,2008-03-31 00:00:00.000000000,2007-10-10 18:09:22.377600000,62 days 00:00:00.000000000,62 days 00:00:00.000000000,0 days 00:00:00.000000000
185,2008-05-09 00:00:00.000000000,2008-05-09 00:00:00.000000000,2008-05-09 00:00:00.000000000,1980-01-01 00:00:00.000000000,2008-04-07 00:00:00.000000000,2008-04-07 00:00:00.000000000,2007-10-17 18:09:22.377600000,32 days 00:00:00.000000000,32 days 00:00:00.000000000,0 days 00:00:00.000000000
186,2008-04-25 00:00:00.000000000,2008-04-07 00:00:00.000000000,2008-04-07 00:00:00.000000000,1980-01-01 00:00:00.000000000,2008-04-04 00:00:00.000000000,2008-04-04 00:00:00.000000000,2007-10-14 18:09:22.377600000,21 days 00:00:00.000000000,3 days 00:00:00.000000000,-18 days +00:00:00.000000000
187,2008-04-25 00:00:00.000000000,2008-04-25 00:00:00.000000000,2008-04-25 00:00:00.000000000,1980-01-01 00:00:00.000000000,2008-04-04 00:00:00.000000000,2008-04-04 00:00:00.000000000,2007-10-14 18:09:22.377600000,21 days 00:00:00.000000000,21 days 00:00:00.000000000,0 days 00:00:00.000000000
188,2008-04-25 00:00:00.000000000,2008-04-07 00:00:00.000000000,2008-04-07 00:00:00.000000000,1980-01-01 00:00:00.000000000,2008-04-04 00:00:00.000000000,2008-04-04 00:00:00.000000000,2007-10-14 18:09:22.377600000,21 days 00:00:00.000000000,3 days 00:00:00.000000000,-18 days +00:00:00.000000000
189,2008-05-28 00:00:00.000000000,2008-05-28 00:00:00.000000000,2008-05-28 00:00:00.000000000,1980-01-01 00:00:00.000000000,1900-01-01 00:00:00.000000000,2008-03-05 19:02:04.099200000,2007-09-15 13:11:26.476800000,83 days 04:57:55.900800000,83 days 04:57:55.900800000,0 days 00:00:00.000000000
190,2008-10-03 00:00:00.000000000,2008-10-03 00:00:00.000000000,2008-10-03 00:00:00.000000000,1980-01-01 00:00:00.000000000,2008-05-13 00:00:00.000000000,2008-05-13 00:00:00.000000000,2007-11-22 18:09:22.377600000,143 days 00:00:00.000000000,143 days 00:00:00.000000000,0 days 00:00:00.000000000
191,2008-08-19 00:00:00.000000000,2008-08-19 00:00:00.000000000,2008-08-19 00:00:00.000000000,1980-01-01 00:00:00.000000000,2008-05-13 00:00:00.000000000,2008-05-13 00:00:00.000000000,2007-11-22 18:09:22.377600000,98 days 00:00:00.000000000,98 days 00:00:00.000000000,0 days 00:00:00.000000000
192,2008-08-20 00:00:00.000000000,2008-05-08 00:00:00.000000000,2008-05-08 00:00:00.000000000,1980-01-01 00:00:00.000000000,1900-01-01 00:00:00.000000000,2008-07-04 16:00:00.028800000,2008-01-14 10:09:22.406400000,46 days 07:59:59.971200000,-58 days +07:59:59.971200000,-104 days +00:00:00.000000000
193,2008-08-20 00:00:00.000000000,2008-05-21 00:00:00.000000000,2008-05-21 00:00:00.000000000,1980-01-01 00:00:00.000000000,1900-01-01 00:00:00.000000000,2008-07-04 16:00:00.028800000,2008-01-14 10:09:22.406400000,46 days 07:59:59.971200000,-45 days +07:59:59.971200000,-91 days +00:00:00.000000000
194,2008-08-20 00:00:00.000000000,2008-05-14 00:00:00.000000000,2008-05-14 00:00:00.000000000,1980-01-01 00:00:00.000000000,1900-01-01 00:00:00.000000000,2008-07-04 16:00:00.028800000,2008-01-14 10:09:22.406400000,46 days 07:59:59.971200000,-52 days +07:59:59.971200000,-98 days +00:00:00.000000000
195,2008-08-20 00:00:00.000000000,2008-05-08 00:00:00.000000000,2008-05-08 00:00:00.000000000,1980-01-01 00:00:00.000000000,1900-01-01 00:00:00.000000000,2008-07-04 16:00:00.028800000,2008-01-14 10:09:22.406400000,46 days 07:59:59.971200000,-58 days +07:59:59.971200000,-104 days +00:00:00.000000000
196,2008-10-27 00:00:00.000000000,2008-10-27 00:00:00.000000000,2008-10-27 00:00:00.000000000,1980-01-01 00:00:00.000000000,2008-05-23 00:00:00.000000000,2008-05-23 00:00:00.000000000,2007-12-02 18:09:22.377600000,157 days 00:00:00.000000000,157 days 00:00:00.000000000,0 days 00:00:00.000000000
197,2008-08-16 00:00:00.000000000,2008-08-16 00:00:00.000000000,2008-08-16 00:00:00.000000000,1980-01-01 00:00:00.000000000,2008-06-12 00:00:00.000000000,2008-06-12 00:00:00.000000000,2007-12-22 18:09:22.377600000,65 days 00:00:00.000000000,65 days 00:00:00.000000000,0 days 00:00:00.000000000
198,2008-07-23 00:00:00.000000000,2008-07-22 00:00:00.000000000,2008-07-22 00:00:00.000000000,1980-01-01 00:00:00.000000000,2008-06-13 00:00:00.000000000,2008-06-13 00:00:00.000000000,2007-12-23 18:09:22.377600000,40 days 00:00:00.000000000,39 days 00:00:00.000000000,-1 days +00:00:00.000000000
199,2008-07-23 00:00:00.000000000,2008-07-23 00:00:00.000000000,2008-07-23 00:00:00.000000000,1980-01-01 00:00:00.000000000,2008-06-13 00:00:00.000000000,2008-06-13 00:00:00.000000000,2007-12-23 18:09:22.377600000,40 days 00:00:00.000000000,40 days 00:00:00.000000000,0 days 00:00:00.000000000
200,2008-09-19 00:00:00.000000000,2008-09-19 00:00:00.000000000,2008-09-19 00:00:00.000000000,1980-01-01 00:00:00.000000000,2008-07-01 00:00:00.000000000,2008-07-01 00:00:00.000000000,2008-01-10 18:09:22.377600000,80 days 00:00:00.000000000,80 days 00:00:00.000000000,0 days 00:00:00.000000000
201,2008-10-03 00:00:00.000000000,2008-10-03 00:00:00.000000000,2008-10-03 00:00:00.000000000,1980-01-01 00:00:00.000000000,2008-07-03 00:00:00.000000000,2008-07-03 00:00:00.000000000,2008-01-12 18:09:22.377600000,92 days 00:00:00.000000000,92 days 00:00:00.000000000,0 days 00:00:00.000000000
202,2008-07-10 00:00:00.000000000,2008-07-14 00:00:00.000000000,2008-07-14 00:00:00.000000000,1980-01-01 00:00:00.000000000,1900-01-01 00:00:00.000000000,2008-05-24 16:00:00.028800000,2007-12-04 10:09:22.406400000,46 days 07:59:59.971200000,50 days 07:59:59.971200000,4 days 00:00:00.000000000
203,2008-07-10 00:00:00.000000000,2008-07-08 00:00:00.000000000,2008-07-08 00:00:00.000000000,1980-01-01 00:00:00.000000000,1900-01-01 00:00:00.000000000,2008-05-24 16:00:00.028800000,2007-12-04 10:09:22.406400000,46 days 07:59:59.971200000,44 days 07:59:59.971200000,-2 days +00:00:00.000000000
204,2008-07-10 00:00:00.000000000,2008-07-08 00:00:00.000000000,2008-07-08 00:00:00.000000000,1980-01-01 00:00:00.000000000,1900-01-01 00:00:00.000000000,2008-05-24 16:00:00.028800000,2007-12-04 10:09:22.406400000,46 days 07:59:59.971200000,44 days 07:59:59.971200000,-2 days +00:00:00.000000000
205,2008-07-10 00:00:00.000000000,2008-07-08 00:00:00.000000000,2008-07-08 00:00:00.000000000,1980-01-01 00:00:00.000000000,1900-01-01 00:00:00.000000000,2008-05-24 16:00:00.028800000,2007-12-04 10:09:22.406400000,46 days 07:59:59.971200000,44 days 07:59:59.971200000,-2 days +00:00:00.000000000
206,2008-09-22 00:00:00.000000000,2008-09-22 00:00:00.000000000,2008-09-22 00:00:00.000000000,1980-01-01 00:00:00.000000000,2008-08-21 00:00:00.000000000,2008-08-21 00:00:00.000000000,2008-03-01 18:09:22.377600000,32 days 00:00:00.000000000,32 days 00:00:00.000000000,0 days 00:00:00.000000000
207,2008-10-29 00:00:00.000000000,2008-10-29 00:00:00.000000000,2008-10-29 00:00:00.000000000,1980-01-01 00:00:00.000000000,2008-08-21 00:00:00.000000000,2008-08-21 00:00:00.000000000,2008-03-01 18:09:22.377600000,69 days 00:00:00.000000000,69 days 00:00:00.000000000,0 days 00:00:00.000000000
208,2008-10-15 00:00:00.000000000,2008-10-15 00:00:00.000000000,2008-10-15 00:00:00.000000000,1980-01-01 00:00:00.000000000,2008-07-18 00:00:00.000000000,2008-07-18 00:00:00.000000000,2008-01-27 18:09:22.377600000,89 days 00:00:00.000000000,89 days 00:00:00.000000000,0 days 00:00:00.000000000
209,2008-09-12 00:00:00.000000000,2008-09-12 00:00:00.000000000,2008-09-12 00:00:00.000000000,1980-01-01 00:00:00.000000000,2008-08-21 00:00:00.000000000,2008-08-21 00:00:00.000000000,2008-03-01 18:09:22.377600000,22 days 00:00:00.000000000,22 days 00:00:00.000000000,0 days 00:00:00.000000000
210,2008-12-02 00:00:00.000000000,2008-12-02 00:00:00.000000000,2008-12-02 00:00:00.000000000,1980-01-01 00:00:00.000000000,2008-07-24 00:00:00.000000000,2008-07-24 00:00:00.000000000,2008-02-02 18:09:22.377600000,131 days 00:00:00.000000000,131 days 00:00:00.000000000,0 days 00:00:00.000000000
211,2008-11-24 00:00:00.000000000,2008-11-24 00:00:00.000000000,2008-11-24 00:00:00.000000000,1980-01-01 00:00:00.000000000,2008-07-24 00:00:00.000000000,2008-07-24 00:00:00.000000000,2008-02-02 18:09:22.377600000,123 days 00:00:00.000000000,123 days 00:00:00.000000000,0 days 00:00:00.000000000
212,2008-11-25 00:00:00.000000000,2008-11-25 00:00:00.000000000,2008-11-25 00:00:00.000000000,1980-01-01 00:00:00.000000000,2008-07-24 00:00:00.000000000,2008-07-24 00:00:00.000000000,2008-02-02 18:09:22.377600000,124 days 00:00:00.000000000,124 days 00:00:00.000000000,0 days 00:00:00.000000000
213,2008-12-03 00:00:00.000000000,2008-12-03 00:00:00.000000000,2008-12-03 00:00:00.000000000,1980-01-01 00:00:00.000000000,2008-07-24 00:00:00.000000000,2008-07-24 00:00:00.000000000,2008-02-02 18:09:22.377600000,132 days 00:00:00.000000000,132 days 00:00:00.000000000,0 days 00:00:00.000000000
214,2008-12-15 00:00:00.000000000,2008-12-15 00:00:00.000000000,2008-12-15 00:00:00.000000000,1980-01-01 00:00:00.000000000,2008-07-28 00:00:00.000000000,2008-07-28 00:00:00.000000000,2008-02-06 18:09:22.377600000,140 days 00:00:00.000000000,140 days 00:00:00.000000000,0 days 00:00:00.000000000
215,2008-11-03 00:00:00.000000000,2008-10-13 00:00:00.000000000,2008-10-13 00:00:00.000000000,1980-01-01 00:00:00.000000000,2008-07-30 00:00:00.000000000,2008-07-30 00:00:00.000000000,2008-02-08 18:09:22.377600000,96 days 00:00:00.000000000,75 days 00:00:00.000000000,-21 days +00:00:00.000000000
216,2008-11-03 00:00:00.000000000,2008-11-03 00:00:00.000000000,2008-11-03 00:00:00.000000000,1980-01-01 00:00:00.000000000,2008-07-30 00:00:00.000000000,2008-07-30 00:00:00.000000000,2008-02-08 18:09:22.377600000,96 days 00:00:00.000000000,96 days 00:00:00.000000000,0 days 00:00:00.000000000
217,2008-10-07 00:00:00.000000000,2008-10-07 00:00:00.000000000,2008-10-07 00:00:00.000000000,1980-01-01 00:00:00.000000000,2008-08-22 00:00:00.000000000,2008-08-22 00:00:00.000000000,2008-03-02 18:09:22.377600000,46 days 00:00:00.000000000,46 days 00:00:00.000000000,0 days 00:00:00.000000000
218,2008-08-25 00:00:00.000000000,2008-08-14 00:00:00.000000000,2008-08-14 00:00:00.000000000,1980-01-01 00:00:00.000000000,1900-01-01 00:00:00.000000000,2008-07-09 16:00:00.028800000,2008-01-19 10:09:22.406400000,46 days 07:59:59.971200000,35 days 07:59:59.971200000,-11 days +00:00:00.000000000
219,2008-08-25 00:00:00.000000000,2008-08-14 00:00:00.000000000,2008-08-14 00:00:00.000000000,1980-01-01 00:00:00.000000000,1900-01-01 00:00:00.000000000,2008-07-09 16:00:00.028800000,2008-01-19 10:09:22.406400000,46 days 07:59:59.971200000,35 days 07:59:59.971200000,-11 days +00:00:00.000000000
220,2009-01-26 00:00:00.000000000,2009-01-20 00:00:00.000000000,2009-01-20 00:00:00.000000000,1980-01-01 00:00:00.000000000,2008-10-27 00:00:00.000000000,2008-10-27 00:00:00.000000000,2008-05-07 18:09:22.377600000,91 days 00:00:00.000000000,85 days 00:00:00.000000000,-6 days +00:00:00.000000000
221,2008-12-03 00:00:00.000000000,2008-12-03 00:00:00.000000000,2008-12-03 00:00:00.000000000,1980-01-01 00:00:00.000000000,2008-10-27 00:00:00.000000000,2008-10-27 00:00:00.000000000,2008-05-07 18:09:22.377600000,37 days 00:00:00.000000000,37 days 00:00:00.000000000,0 days 00:00:00.000000000
222,2009-02-03 00:00:00.000000000,2009-02-03 00:00:00.000000000,2009-02-03 00:00:00.000000000,1980-01-01 00:00:00.000000000,2008-10-28 00:00:00.000000000,2008-10-28 00:00:00.000000000,2008-05-08 18:09:22.377600000,98 days 00:00:00.000000000,98 days 00:00:00.000000000,0 days 00:00:00.000000000
223,2008-11-27 00:00:00.000000000,2008-11-27 00:00:00.000000000,2008-11-27 00:00:00.000000000,1980-01-01 00:00:00.000000000,2008-11-03 00:00:00.000000000,2008-11-03 00:00:00.000000000,2008-05-14 18:09:22.377600000,24 days 00:00:00.000000000,24 days 00:00:00.000000000,0 days 00:00:00.000000000
224,2009-05-17 00:00:00.000000000,2008-10-09 00:00:00.000000000,2008-10-09 00:00:00.000000000,1980-01-01 00:00:00.000000000,1900-01-01 00:00:00.000000000,2009-03-21 22:33:54.748800000,2008-09-30 16:43:17.126400000,56 days 01:26:05.251200000,-164 days +01:26:05.251200000,-220 days +00:00:00.000000000
225,2009-05-17 00:00:00.000000000,2008-10-09 00:00:00.000000000,2008-10-09 00:00:00.000000000,1980-01-01 00:00:00.000000000,1900-01-01 00:00:00.000000000,2009-03-21 22:33:54.748800000,2008-09-30 16:43:17.126400000,56 days 01:26:05.251200000,-164 days +01:26:05.251200000,-220 days +00:00:00.000000000
226,2009-05-17 00:00:00.000000000,2008-10-09 00:00:00.000000000,2008-10-09 00:00:00.000000000,1980-01-01 00:00:00.000000000,1900-01-01 00:00:00.000000000,2009-03-21 22:33:54.748800000,2008-09-30 16:43:17.126400000,56 days 01:26:05.251200000,-164 days +01:26:05.251200000,-220 days +00:00:00.000000000
227,2009-05-17 00:00:00.000000000,2008-10-09 00:00:00.000000000,2008-10-09 00:00:00.000000000,1980-01-01 00:00:00.000000000,1900-01-01 00:00:00.000000000,2009-03-21 22:33:54.748800000,2008-09-30 16:43:17.126400000,56 days 01:26:05.251200000,-164 days +01:26:05.251200000,-220 days +00:00:00.000000000
228,2009-04-08 00:00:00.000000000,2009-04-08 00:00:00.000000000,2009-04-08 00:00:00.000000000,1980-01-01 00:00:00.000000000,2008-11-20 00:00:00.000000000,2008-11-20 00:00:00.000000000,2008-05-31 18:09:22.377600000,139 days 00:00:00.000000000,139 days 00:00:00.000000000,0 days 00:00:00.000000000
229,2009-01-27 00:00:00.000000000,2009-01-27 00:00:00.000000000,2009-01-27 00:00:00.000000000,1980-01-01 00:00:00.000000000,2008-11-20 00:00:00.000000000,2008-11-20 00:00:00.000000000,2008-05-31 18:09:22.377600000,68 days 00:00:00.000000000,68 days 00:00:00.000000000,0 days 00:00:00.000000000
230,2009-02-25 00:00:00.000000000,2009-01-27 00:00:00.000000000,2009-01-27 00:00:00.000000000,1980-01-01 00:00:00.000000000,2008-12-23 00:00:00.000000000,2008-12-23 00:00:00.000000000,2008-07-03 18:09:22.377600000,64 days 00:00:00.000000000,35 days 00:00:00.000000000,-29 days +00:00:00.000000000
231,2009-03-02 00:00:00.000000000,2009-03-02 00:00:00.000000000,2009-03-02 00:00:00.000000000,1980-01-01 00:00:00.000000000,2009-01-13 00:00:00.000000000,2009-01-13 00:00:00.000000000,2008-07-24 18:09:22.377600000,48 days 00:00:00.000000000,48 days 00:00:00.000000000,0 days 00:00:00.000000000
232,2009-04-07 00:00:00.000000000,2009-04-07 00:00:00.000000000,2009-04-07 00:00:00.000000000,1980-01-01 00:00:00.000000000,2009-01-16 00:00:00.000000000,2009-01-16 00:00:00.000000000,2008-07-27 18:09:22.377600000,81 days 00:00:00.000000000,81 days 00:00:00.000000000,0 days 00:00:00.000000000
233,2009-04-10 00:00:00.000000000,2009-04-10 00:00:00.000000000,2009-04-10 00:00:00.000000000,1980-01-01 00:00:00.000000000,2009-01-16 00:00:00.000000000,2009-01-16 00:00:00.000000000,2008-07-27 18:09:22.377600000,84 days 00:00:00.000000000,84 days 00:00:00.000000000,0 days 00:00:00.000000000
234,2009-04-08 00:00:00.000000000,2009-04-08 00:00:00.000000000,2009-04-08 00:00:00.000000000,1980-01-01 00:00:00.000000000,2009-02-03 00:00:00.000000000,2009-02-03 00:00:00.000000000,2008-08-14 18:09:22.377600000,64 days 00:00:00.000000000,64 days 00:00:00.000000000,0 days 00:00:00.000000000
235,2009-03-16 00:00:00.000000000,2009-03-16 00:00:00.000000000,2009-03-16 00:00:00.000000000,1980-01-01 00:00:00.000000000,2009-02-03 00:00:00.000000000,2009-02-03 00:00:00.000000000,2008-08-14 18:09:22.377600000,41 days 00:00:00.000000000,41 days 00:00:00.000000000,0 days 00:00:00.000000000
236,2009-04-02 00:00:00.000000000,2009-04-02 00:00:00.000000000,2009-04-02 00:00:00.000000000,1980-01-01 00:00:00.000000000,2009-03-06 00:00:00.000000000,2009-03-06 00:00:00.000000000,2008-09-14 18:09:22.377600000,27 days 00:00:00.000000000,27 days 00:00:00.000000000,0 days 00:00:00.000000000
237,2009-05-26 00:00:00.000000000,2009-05-26 00:00:00.000000000,2009-05-26 00:00:00.000000000,1980-01-01 00:00:00.000000000,2009-03-11 00:00:00.000000000,2009-03-11 00:00:00.000000000,2008-09-19 18:09:22.377600000,76 days 00:00:00.000000000,76 days 00:00:00.000000000,0 days 00:00:00.000000000
238,2009-03-17 00:00:00.000000000,2008-11-28 00:00:00.000000000,2008-11-28 00:00:00.000000000,1980-01-01 00:00:00.000000000,1900-01-01 00:00:00.000000000,2009-01-19 22:33:54.748800000,2008-07-31 16:43:17.126400000,56 days 01:26:05.251200000,-53 days +01:26:05.251200000,-109 days +00:00:00.000000000
239,2009-03-24 00:00:00.000000000,2008-12-01 00:00:00.000000000,2008-12-01 00:00:00.000000000,1980-01-01 00:00:00.000000000,1900-01-01 00:00:00.000000000,2009-01-26 22:33:54.748800000,2008-08-07 16:43:17.126400000,56 days 01:26:05.251200000,-57 days +01:26:05.251200000,-113 days +00:00:00.000000000
240,2009-03-31 00:00:00.000000000,2008-12-02 00:00:00.000000000,2008-12-02 00:00:00.000000000,1980-01-01 00:00:00.000000000,1900-01-01 00:00:00.000000000,2009-02-02 22:33:54.748800000,2008-08-14 16:43:17.126400000,56 days 01:26:05.251200000,-63 days +01:26:05.251200000,-119 days +00:00:00.000000000
241,2009-06-23 00:00:00.000000000,2009-01-29 00:00:00.000000000,2009-01-29 00:00:00.000000000,1980-01-01 00:00:00.000000000,1900-01-01 00:00:00.000000000,2009-04-27 22:33:54.748800000,2008-11-06 16:43:17.126400000,56 days 01:26:05.251200000,-89 days +01:26:05.251200000,-145 days +00:00:00.000000000
242,2009-05-12 00:00:00.000000000,2008-12-30 00:00:00.000000000,2008-12-30 00:00:00.000000000,1980-01-01 00:00:00.000000000,1900-01-01 00:00:00.000000000,2009-03-16 22:33:54.748800000,2008-09-25 16:43:17.126400000,56 days 01:26:05.251200000,-77 days +01:26:05.251200000,-133 days +00:00:00.000000000
243,2009-05-26 00:00:00.000000000,2009-01-22 00:00:00.000000000,2009-01-22 00:00:00.000000000,1980-01-01 00:00:00.000000000,1900-01-01 00:00:00.000000000,2009-03-30 22:33:54.748800000,2008-10-09 16:43:17.126400000,56 days 01:26:05.251200000,-68 days +01:26:05.251200000,-124 days +00:00:00.000000000
244,2009-03-31 00:00:00.000000000,2008-11-21 00:00:00.000000000,2008-11-21 00:00:00.000000000,1980-01-01 00:00:00.000000000,1900-01-01 00:00:00.000000000,2009-02-02 22:33:54.748800000,2008-08-14 16:43:17.126400000,56 days 01:26:05.251200000,-74 days +01:26:05.251200000,-130 days +00:00:00.000000000
245,2009-03-30 00:00:00.000000000,2009-01-21 00:00:00.000000000,2009-01-21 00:00:00.000000000,1980-01-01 00:00:00.000000000,1900-01-01 00:00:00.000000000,2009-02-01 22:33:54.748800000,2008-08-13 16:43:17.126400000,56 days 01:26:05.251200000,-12 days +01:26:05.251200000,-68 days +00:00:00.000000000
246,2009-03-30 00:00:00.000000000,2009-01-21 00:00:00.000000000,2009-01-21 00:00:00.000000000,1980-01-01 00:00:00.000000000,1900-01-01 00:00:00.000000000,2009-02-01 22:33:54.748800000,2008-08-13 16:43:17.126400000,56 days 01:26:05.251200000,-12 days +01:26:05.251200000,-68 days +00:00:00.000000000
247,2009-05-04 00:00:00.000000000,2009-05-04 00:00:00.000000000,2009-05-04 00:00:00.000000000,1980-01-01 00:00:00.000000000,2009-03-19 00:00:00.000000000,2009-03-19 00:00:00.000000000,2008-09-27 18:09:22.377600000,46 days 00:00:00.000000000,46 days 00:00:00.000000000,0 days 00:00:00.000000000
248,2009-04-17 00:00:00.000000000,2009-04-17 00:00:00.000000000,2009-04-17 00:00:00.000000000,1980-01-01 00:00:00.000000000,2009-03-18 00:00:00.000000000,2009-03-18 00:00:00.000000000,2008-09-26 18:09:22.377600000,30 days 00:00:00.000000000,30 days 00:00:00.000000000,0 days 00:00:00.000000000
249,2009-06-25 00:00:00.000000000,2009-04-20 00:00:00.000000000,2009-04-20 00:00:00.000000000,1980-01-01 00:00:00.000000000,2009-03-27 00:00:00.000000000,2009-03-27 00:00:00.000000000,2008-10-05 18:09:22.377600000,90 days 00:00:00.000000000,24 days 00:00:00.000000000,-66 days +00:00:00.000000000
250,2009-06-25 00:00:00.000000000,2009-04-20 00:00:00.000000000,2009-04-20 00:00:00.000000000,1980-01-01 00:00:00.000000000,2009-03-27 00:00:00.000000000,2009-03-27 00:00:00.000000000,2008-10-05 18:09:22.377600000,90 days 00:00:00.000000000,24 days 00:00:00.000000000,-66 days +00:00:00.000000000
251,2009-04-20 00:00:00.000000000,2009-04-20 00:00:00.000000000,2009-04-20 00:00:00.000000000,1980-01-01 00:00:00.000000000,2008-10-21 00:00:00.000000000,2008-10-21 00:00:00.000000000,2008-05-01 18:09:22.377600000,181 days 00:00:00.000000000,181 days 00:00:00.000000000,0 days 00:00:00.000000000
252,2009-07-31 00:00:00.000000000,2009-04-20 00:00:00.000000000,2009-04-20 00:00:00.000000000,1980-01-01 00:00:00.000000000,2009-04-02 00:00:00.000000000,2009-04-02 00:00:00.000000000,2008-10-11 18:09:22.377600000,120 days 00:00:00.000000000,18 days 00:00:00.000000000,-102 days +00:00:00.000000000
253,2009-07-31 00:00:00.000000000,2009-05-04 00:00:00.000000000,2009-05-04 00:00:00.000000000,1980-01-01 00:00:00.000000000,2009-04-02 00:00:00.000000000,2009-04-02 00:00:00.000000000,2008-10-11 18:09:22.377600000,120 days 00:00:00.000000000,32 days 00:00:00.000000000,-88 days +00:00:00.000000000
254,2009-07-31 00:00:00.000000000,2009-06-08 00:00:00.000000000,2009-06-08 00:00:00.000000000,1980-01-01 00:00:00.000000000,2009-04-02 00:00:00.000000000,2009-04-02 00:00:00.000000000,2008-10-11 18:09:22.377600000,120 days 00:00:00.000000000,67 days 00:00:00.000000000,-53 days +00:00:00.000000000
255,2009-06-05 00:00:00.000000000,2009-06-05 00:00:00.000000000,2009-06-05 00:00:00.000000000,1980-01-01 00:00:00.000000000,2009-03-31 00:00:00.000000000,2009-03-31 00:00:00.000000000,2008-10-09 18:09:22.377600000,66 days 00:00:00.000000000,66 days 00:00:00.000000000,0 days 00:00:00.000000000
256,2009-07-01 00:00:00.000000000,2009-07-01 00:00:00.000000000,2009-07-01 00:00:00.000000000,1980-01-01 00:00:00.000000000,2009-03-30 00:00:00.000000000,2009-03-30 00:00:00.000000000,2008-10-08 18:09:22.377600000,93 days 00:00:00.000000000,93 days 00:00:00.000000000,0 days 00:00:00.000000000
257,2009-05-15 00:00:00.000000000,2009-04-23 00:00:00.000000000,2009-04-23 00:00:00.000000000,1980-01-01 00:00:00.000000000,2009-04-02 00:00:00.000000000,2009-04-02 00:00:00.000000000,2008-10-11 18:09:22.377600000,43 days 00:00:00.000000000,21 days 00:00:00.000000000,-22 days +00:00:00.000000000
258,2009-05-20 00:00:00.000000000,2009-05-20 00:00:00.000000000,2009-05-20 00:00:00.000000000,1980-01-01 00:00:00.000000000,2009-04-01 00:00:00.000000000,2009-04-01 00:00:00.000000000,2008-10-10 18:09:22.377600000,49 days 00:00:00.000000000,49 days 00:00:00.000000000,0 days 00:00:00.000000000
259,2009-06-18 00:00:00.000000000,2009-06-18 00:00:00.000000000,2009-06-18 00:00:00.000000000,1980-01-01 00:00:00.000000000,2009-04-04 00:00:00.000000000,2009-04-04 00:00:00.000000000,2008-10-13 18:09:22.377600000,75 days 00:00:00.000000000,75 days 00:00:00.000000000,0 days 00:00:00.000000000
260,2009-06-18 00:00:00.000000000,2009-06-18 00:00:00.000000000,2009-06-18 00:00:00.000000000,1980-01-01 00:00:00.000000000,2009-04-04 00:00:00.000000000,2009-04-04 00:00:00.000000000,2008-10-13 18:09:22.377600000,75 days 00:00:00.000000000,75 days 00:00:00.000000000,0 days 00:00:00.000000000
261,2009-07-14 00:00:00.000000000,2009-07-14 00:00:00.000000000,2009-07-14 00:00:00.000000000,1980-01-01 00:00:00.000000000,2009-04-07 00:00:00.000000000,2009-04-07 00:00:00.000000000,2008-10-16 18:09:22.377600000,98 days 00:00:00.000000000,98 days 00:00:00.000000000,0 days 00:00:00.000000000
262,2009-07-20 00:00:00.000000000,2009-07-20 00:00:00.000000000,2009-07-20 00:00:00.000000000,1980-01-01 00:00:00.000000000,2009-04-15 00:00:00.000000000,2009-04-15 00:00:00.000000000,2008-10-24 18:09:22.377600000,96 days 00:00:00.000000000,96 days 00:00:00.000000000,0 days 00:00:00.000000000
263,2009-06-10 00:00:00.000000000,2009-07-15 00:00:00.000000000,2009-07-15 00:00:00.000000000,1980-01-01 00:00:00.000000000,2009-04-15 00:00:00.000000000,2009-04-15 00:00:00.000000000,2008-10-24 18:09:22.377600000,56 days 00:00:00.000000000,91 days 00:00:00.000000000,35 days 00:00:00.000000000
264,2009-06-15 00:00:00.000000000,2009-06-15 00:00:00.000000000,2009-06-15 00:00:00.000000000,1980-01-01 00:00:00.000000000,2009-04-27 00:00:00.000000000,2009-04-27 00:00:00.000000000,2008-11-05 18:09:22.377600000,49 days 00:00:00.000000000,49 days 00:00:00.000000000,0 days 00:00:00.000000000
265,2009-06-08 00:00:00.000000000,2009-06-08 00:00:00.000000000,2009-06-08 00:00:00.000000000,1980-01-01 00:00:00.000000000,2009-04-29 00:00:00.000000000,2009-04-29 00:00:00.000000000,2008-11-07 18:09:22.377600000,40 days 00:00:00.000000000,40 days 00:00:00.000000000,0 days 00:00:00.000000000
266,2009-06-09 00:00:00.000000000,2009-06-09 00:00:00.000000000,2009-06-09 00:00:00.000000000,1980-01-01 00:00:00.000000000,2009-04-29 00:00:00.000000000,2009-04-29 00:00:00.000000000,2008-11-07 18:09:22.377600000,41 days 00:00:00.000000000,41 days 00:00:00.000000000,0 days 00:00:00.000000000
267,2009-08-18 00:00:00.000000000,2009-08-18 00:00:00.000000000,2009-08-18 00:00:00.000000000,1980-01-01 00:00:00.000000000,2009-05-08 00:00:00.000000000,2009-05-08 00:00:00.000000000,2008-11-16 18:09:22.377600000,102 days 00:00:00.000000000,102 days 00:00:00.000000000,0 days 00:00:00.000000000
268,2009-08-19 00:00:00.000000000,2009-08-19 00:00:00.000000000,2009-08-19 00:00:00.000000000,1980-01-01 00:00:00.000000000,2009-05-27 00:00:00.000000000,2009-05-27 00:00:00.000000000,2008-12-05 18:09:22.377600000,84 days 00:00:00.000000000,84 days 00:00:00.000000000,0 days 00:00:00.000000000
269,2009-10-12 00:00:00.000000000,2009-08-03 00:00:00.000000000,2009-08-03 00:00:00.000000000,1980-01-01 00:00:00.000000000,2009-06-05 00:00:00.000000000,2009-06-05 00:00:00.000000000,2008-12-14 18:09:22.377600000,129 days 00:00:00.000000000,59 days 00:00:00.000000000,-70 days +00:00:00.000000000
270,2009-07-21 00:00:00.000000000,2009-07-21 00:00:00.000000000,2009-07-21 00:00:00.000000000,1980-01-01 00:00:00.000000000,2009-06-05 00:00:00.000000000,2009-06-05 00:00:00.000000000,2008-12-14 18:09:22.377600000,46 days 00:00:00.000000000,46 days 00:00:00.000000000,0 days 00:00:00.000000000
271,2009-11-11 00:00:00.000000000,2009-10-29 00:00:00.000000000,2009-10-29 00:00:00.000000000,1980-01-01 00:00:00.000000000,2009-06-06 00:00:00.000000000,2009-06-06 00:00:00.000000000,2008-12-15 18:09:22.377600000,158 days 00:00:00.000000000,145 days 00:00:00.000000000,-13 days +00:00:00.000000000
272,2009-08-07 00:00:00.000000000,2009-08-07 00:00:00.000000000,2009-08-07 00:00:00.000000000,1980-01-01 00:00:00.000000000,2009-07-15 00:00:00.000000000,2009-07-15 00:00:00.000000000,2009-01-23 18:09:22.377600000,23 days 00:00:00.000000000,23 days 00:00:00.000000000,0 days 00:00:00.000000000
273,2006-09-06 00:00:00.000000000,2006-09-06 00:00:00.000000000,2006-09-06 00:00:00.000000000,1980-01-01 00:00:00.000000000,1900-01-01 00:00:00.000000000,2006-06-29 00:00:00.000000000,2006-01-07 18:09:22.377600000,69 days 00:00:00.000000000,69 days 00:00:00.000000000,0 days 00:00:00.000000000
274,2006-10-09 00:00:00.000000000,2006-10-09 00:00:00.000000000,2006-10-09 00:00:00.000000000,1980-01-01 00:00:00.000000000,1900-01-01 00:00:00.000000000,2006-08-28 12:00:00.000000000,2006-03-09 06:09:22.377600000,41 days 12:00:00.000000000,41 days 12:00:00.000000000,0 days 00:00:00.000000000
275,2006-09-01 00:00:00.000000000,2006-09-01 00:00:00.000000000,2006-09-01 00:00:00.000000000,1980-01-01 00:00:00.000000000,1900-01-01 00:00:00.000000000,2006-07-21 12:00:00.000000000,2006-01-30 06:09:22.377600000,41 days 12:00:00.000000000,41 days 12:00:00.000000000,0 days 00:00:00.000000000
276,2006-08-11 00:00:00.000000000,2006-08-11 00:00:00.000000000,2006-08-11 00:00:00.000000000,1980-01-01 00:00:00.000000000,1900-01-01 00:00:00.000000000,2006-06-30 12:00:00.000000000,2006-01-09 06:09:22.377600000,41 days 12:00:00.000000000,41 days 12:00:00.000000000,0 days 00:00:00.000000000
277,2006-08-11 00:00:00.000000000,2006-08-11 00:00:00.000000000,2006-08-11 00:00:00.000000000,1980-01-01 00:00:00.000000000,1900-01-01 00:00:00.000000000,2006-06-30 12:00:00.000000000,2006-01-09 06:09:22.377600000,41 days 12:00:00.000000000,41 days 12:00:00.000000000,0 days 00:00:00.000000000
278,2006-09-28 00:00:00.000000000,2006-09-28 00:00:00.000000000,2006-09-28 00:00:00.000000000,1980-01-01 00:00:00.000000000,1900-01-01 00:00:00.000000000,2006-08-17 12:00:00.000000000,2006-02-26 06:09:22.377600000,41 days 12:00:00.000000000,41 days 12:00:00.000000000,0 days 00:00:00.000000000
279,2006-09-28 00:00:00.000000000,2006-09-28 00:00:00.000000000,2006-09-28 00:00:00.000000000,1980-01-01 00:00:00.000000000,1900-01-01 00:00:00.000000000,2006-08-17 12:00:00.000000000,2006-02-26 06:09:22.377600000,41 days 12:00:00.000000000,41 days 12:00:00.000000000,0 days 00:00:00.000000000
280,2007-01-29 00:00:00.000000000,2007-01-29 00:00:00.000000000,2007-01-29 00:00:00.000000000,1980-01-01 00:00:00.000000000,1900-01-01 00:00:00.000000000,2006-11-05 12:00:00.000000000,2006-05-17 06:09:22.377600000,84 days 12:00:00.000000000,84 days 12:00:00.000000000,0 days 00:00:00.000000000
281,2006-11-13 00:00:00.000000000,2006-11-13 00:00:00.000000000,2006-11-13 00:00:00.000000000,1980-01-01 00:00:00.000000000,1900-01-01 00:00:00.000000000,2006-10-02 12:00:00.000000000,2006-04-13 06:09:22.377600000,41 days 12:00:00.000000000,41 days 12:00:00.000000000,0 days 00:00:00.000000000
282,2006-12-07 00:00:00.000000000,2006-12-07 00:00:00.000000000,2006-12-07 00:00:00.000000000,1980-01-01 00:00:00.000000000,1900-01-01 00:00:00.000000000,2006-10-26 12:00:00.000000000,2006-05-07 06:09:22.377600000,41 days 12:00:00.000000000,41 days 12:00:00.000000000,0 days 00:00:00.000000000
283,2006-12-07 00:00:00.000000000,2006-12-07 00:00:00.000000000,2006-12-07 00:00:00.000000000,1980-01-01 00:00:00.000000000,1900-01-01 00:00:00.000000000,2006-10-26 12:00:00.000000000,2006-05-07 06:09:22.377600000,41 days 12:00:00.000000000,41 days 12:00:00.000000000,0 days 00:00:00.000000000
284,2006-12-20 00:00:00.000000000,2006-12-20 00:00:00.000000000,2006-12-20 00:00:00.000000000,1980-01-01 00:00:00.000000000,1900-01-01 00:00:00.000000000,2006-11-08 12:00:00.000000000,2006-05-20 06:09:22.377600000,41 days 12:00:00.000000000,41 days 12:00:00.000000000,0 days 00:00:00.000000000
285,2007-03-14 00:00:00.000000000,2007-03-14 00:00:00.000000000,2007-03-14 00:00:00.000000000,1980-01-01 00:00:00.000000000,2006-11-14 00:00:00.000000000,2006-11-14 00:00:00.000000000,2006-05-25 18:09:22.377600000,120 days 00:00:00.000000000,120 days 00:00:00.000000000,0 days 00:00:00.000000000
286,2007-03-14 00:00:00.000000000,2007-03-14 00:00:00.000000000,2007-03-14 00:00:00.000000000,1980-01-01 00:00:00.000000000,2006-11-15 00:00:00.000000000,2006-11-15 00:00:00.000000000,2006-05-26 18:09:22.377600000,119 days 00:00:00.000000000,119 days 00:00:00.000000000,0 days 00:00:00.000000000
287,2007-02-07 00:00:00.000000000,2007-02-07 00:00:00.000000000,2007-02-07 00:00:00.000000000,1980-01-01 00:00:00.000000000,1900-01-01 00:00:00.000000000,2007-01-13 12:00:00.000000000,2006-07-25 06:09:22.377600000,24 days 12:00:00.000000000,24 days 12:00:00.000000000,0 days 00:00:00.000000000
288,2007-07-09 00:00:00.000000000,2007-07-09 00:00:00.000000000,2007-07-09 00:00:00.000000000,1980-01-01 00:00:00.000000000,2007-02-07 00:00:00.000000000,2007-02-07 00:00:00.000000000,2006-08-18 18:09:22.377600000,152 days 00:00:00.000000000,152 days 00:00:00.000000000,0 days 00:00:00.000000000
289,2007-06-06 00:00:00.000000000,2007-06-06 00:00:00.000000000,2007-06-06 00:00:00.000000000,1980-01-01 00:00:00.000000000,2007-03-08 00:00:00.000000000,2007-03-08 00:00:00.000000000,2006-09-16 18:09:22.377600000,90 days 00:00:00.000000000,90 days 00:00:00.000000000,0 days 00:00:00.000000000
290,2007-06-28 00:00:00.000000000,2007-06-28 00:00:00.000000000,2007-06-28 00:00:00.000000000,1980-01-01 00:00:00.000000000,2007-05-01 00:00:00.000000000,2007-05-01 00:00:00.000000000,2006-11-09 18:09:22.377600000,58 days 00:00:00.000000000,58 days 00:00:00.000000000,0 days 00:00:00.000000000
291,2007-07-10 00:00:00.000000000,2007-07-10 00:00:00.000000000,2007-07-10 00:00:00.000000000,1980-01-01 00:00:00.000000000,2007-06-08 00:00:00.000000000,2007-06-08 00:00:00.000000000,2006-12-17 18:09:22.377600000,32 days 00:00:00.000000000,32 days 00:00:00.000000000,0 days 00:00:00.000000000
292,2007-07-10 00:00:00.000000000,2007-08-03 00:00:00.000000000,2007-08-03 00:00:00.000000000,1980-01-01 00:00:00.000000000,2007-06-08 00:00:00.000000000,2007-06-08 00:00:00.000000000,2006-12-17 18:09:22.377600000,32 days 00:00:00.000000000,56 days 00:00:00.000000000,24 days 00:00:00.000000000
293,2007-07-04 00:00:00.000000000,2007-07-04 00:00:00.000000000,2007-07-04 00:00:00.000000000,1980-01-01 00:00:00.000000000,2007-06-21 00:00:00.000000000,2007-06-21 00:00:00.000000000,2006-12-30 18:09:22.377600000,13 days 00:00:00.000000000,13 days 00:00:00.000000000,0 days 00:00:00.000000000
294,2007-10-02 00:00:00.000000000,2007-10-02 00:00:00.000000000,2007-10-02 00:00:00.000000000,1980-01-01 00:00:00.000000000,2007-07-03 00:00:00.000000000,2007-07-03 00:00:00.000000000,2007-01-11 18:09:22.377600000,91 days 00:00:00.000000000,91 days 00:00:00.000000000,0 days 00:00:00.000000000
295,2007-10-02 00:00:00.000000000,2007-10-02 00:00:00.000000000,2007-10-02 00:00:00.000000000,1980-01-01 00:00:00.000000000,2007-07-03 00:00:00.000000000,2007-07-03 00:00:00.000000000,2007-01-11 18:09:22.377600000,91 days 00:00:00.000000000,91 days 00:00:00.000000000,0 days 00:00:00.000000000
296,2007-11-08 00:00:00.000000000,2007-11-08 00:00:00.000000000,2007-11-08 00:00:00.000000000,1980-01-01 00:00:00.000000000,2007-07-03 00:00:00.000000000,2007-07-03 00:00:00.000000000,2007-01-11 18:09:22.377600000,128 days 00:00:00.000000000,128 days 00:00:00.000000000,0 days 00:00:00.000000000
297,2007-09-10 00:00:00.000000000,2007-09-10 00:00:00.000000000,2007-09-10 00:00:00.000000000,1980-01-01 00:00:00.000000000,2007-07-20 00:00:00.000000000,2007-07-20 00:00:00.000000000,2007-01-28 18:09:22.377600000,52 days 00:00:00.000000000,52 days 00:00:00.000000000,0 days 00:00:00.000000000
298,2007-12-19 00:00:00.000000000,2007-12-19 00:00:00.000000000,2007-12-19 00:00:00.000000000,1980-01-01 00:00:00.000000000,1900-01-01 00:00:00.000000000,2007-10-24 00:00:00.000000000,2007-05-04 18:09:22.377600000,56 days 00:00:00.000000000,56 days 00:00:00.000000000,0 days 00:00:00.000000000
299,2008-01-22 00:00:00.000000000,2008-01-22 00:00:00.000000000,2008-01-22 00:00:00.000000000,1980-01-01 00:00:00.000000000,2007-08-15 00:00:00.000000000,2007-08-15 00:00:00.000000000,2007-02-23 18:09:22.377600000,160 days 00:00:00.000000000,160 days 00:00:00.000000000,0 days 00:00:00.000000000
300,2007-08-29 00:00:00.000000000,2007-08-29 00:00:00.000000000,2007-08-29 00:00:00.000000000,1980-01-01 00:00:00.000000000,2007-07-31 00:00:00.000000000,2007-07-31 00:00:00.000000000,2007-02-08 18:09:22.377600000,29 days 00:00:00.000000000,29 days 00:00:00.000000000,0 days 00:00:00.000000000
301,2007-11-20 00:00:00.000000000,2007-12-24 00:00:00.000000000,2007-12-24 00:00:00.000000000,1980-01-01 00:00:00.000000000,2007-10-03 00:00:00.000000000,2007-10-03 00:00:00.000000000,2007-04-13 18:09:22.377600000,48 days 00:00:00.000000000,82 days 00:00:00.000000000,34 days 00:00:00.000000000
302,2007-12-03 00:00:00.000000000,2007-12-03 00:00:00.000000000,2007-12-03 00:00:00.000000000,1980-01-01 00:00:00.000000000,2007-08-28 00:00:00.000000000,2007-08-28 00:00:00.000000000,2007-03-08 18:09:22.377600000,97 days 00:00:00.000000000,97 days 00:00:00.000000000,0 days 00:00:00.000000000
303,2008-03-31 00:00:00.000000000,2008-03-31 00:00:00.000000000,2008-03-31 00:00:00.000000000,1980-01-01 00:00:00.000000000,2007-10-03 00:00:00.000000000,2007-10-03 00:00:00.000000000,2007-04-13 18:09:22.377600000,180 days 00:00:00.000000000,180 days 00:00:00.000000000,0 days 00:00:00.000000000
304,2008-01-29 00:00:00.000000000,2008-01-29 00:00:00.000000000,2008-01-29 00:00:00.000000000,1980-01-01 00:00:00.000000000,2007-11-12 00:00:00.000000000,2007-11-12 00:00:00.000000000,2007-05-23 18:09:22.377600000,78 days 00:00:00.000000000,78 days 00:00:00.000000000,0 days 00:00:00.000000000
305,2008-01-29 00:00:00.000000000,2008-01-29 00:00:00.000000000,2008-01-29 00:00:00.000000000,1980-01-01 00:00:00.000000000,2007-11-12 00:00:00.000000000,2007-11-12 00:00:00.000000000,2007-05-23 18:09:22.377600000,78 days 00:00:00.000000000,78 days 00:00:00.000000000,0 days 00:00:00.000000000
306,2008-01-29 00:00:00.000000000,2008-01-29 00:00:00.000000000,2008-01-29 00:00:00.000000000,1980-01-01 00:00:00.000000000,2007-11-12 00:00:00.000000000,2007-11-12 00:00:00.000000000,2007-05-23 18:09:22.377600000,78 days 00:00:00.000000000,78 days 00:00:00.000000000,0 days 00:00:00.000000000
307,2008-01-10 00:00:00.000000000,2008-01-10 00:00:00.000000000,2008-01-10 00:00:00.000000000,1980-01-01 00:00:00.000000000,2007-11-16 00:00:00.000000000,2007-11-16 00:00:00.000000000,2007-05-27 18:09:22.377600000,55 days 00:00:00.000000000,55 days 00:00:00.000000000,0 days 00:00:00.000000000
308,2008-01-22 00:00:00.000000000,2008-01-22 00:00:00.000000000,2008-01-22 00:00:00.000000000,1980-01-01 00:00:00.000000000,2007-12-05 00:00:00.000000000,2007-12-05 00:00:00.000000000,2007-06-15 18:09:22.377600000,48 days 00:00:00.000000000,48 days 00:00:00.000000000,0 days 00:00:00.000000000
309,2008-08-22 00:00:00.000000000,2008-08-22 00:00:00.000000000,2008-08-22 00:00:00.000000000,1980-01-01 00:00:00.000000000,1900-01-01 00:00:00.000000000,2008-05-23 17:41:03.148800000,2007-12-03 11:50:25.526400000,90 days 06:18:56.851200000,90 days 06:18:56.851200000,0 days 00:00:00.000000000
310,2008-02-27 00:00:00.000000000,2008-02-18 00:00:00.000000000,2008-02-18 00:00:00.000000000,1980-01-01 00:00:00.000000000,2008-01-03 00:00:00.000000000,2008-01-03 00:00:00.000000000,2007-07-14 18:09:22.377600000,55 days 00:00:00.000000000,46 days 00:00:00.000000000,-9 days +00:00:00.000000000
311,2008-01-21 00:00:00.000000000,2008-01-04 00:00:00.000000000,2008-01-04 00:00:00.000000000,1980-01-01 00:00:00.000000000,2008-01-04 00:00:00.000000000,2008-01-04 00:00:00.000000000,2007-07-15 18:09:22.377600000,17 days 00:00:00.000000000,0 days 00:00:00.000000000,-17 days +00:00:00.000000000
312,2008-01-21 00:00:00.000000000,2008-01-04 00:00:00.000000000,2008-01-04 00:00:00.000000000,1980-01-01 00:00:00.000000000,2008-01-04 00:00:00.000000000,2008-01-04 00:00:00.000000000,2007-07-15 18:09:22.377600000,17 days 00:00:00.000000000,0 days 00:00:00.000000000,-17 days +00:00:00.000000000
313,2008-01-21 00:00:00.000000000,2008-01-04 00:00:00.000000000,2008-01-04 00:00:00.000000000,1980-01-01 00:00:00.000000000,2008-01-04 00:00:00.000000000,2008-01-04 00:00:00.000000000,2007-07-15 18:09:22.377600000,17 days 00:00:00.000000000,0 days 00:00:00.000000000,-17 days +00:00:00.000000000
314,2008-01-21 00:00:00.000000000,2008-01-04 00:00:00.000000000,2008-01-04 00:00:00.000000000,1980-01-01 00:00:00.000000000,2008-01-04 00:00:00.000000000,2008-01-04 00:00:00.000000000,2007-07-15 18:09:22.377600000,17 days 00:00:00.000000000,0 days 00:00:00.000000000,-17 days +00:00:00.000000000
315,2008-04-08 00:00:00.000000000,2008-04-08 00:00:00.000000000,2008-04-08 00:00:00.000000000,1980-01-01 00:00:00.000000000,2008-01-24 00:00:00.000000000,2008-01-24 00:00:00.000000000,2007-08-04 18:09:22.377600000,75 days 00:00:00.000000000,75 days 00:00:00.000000000,0 days 00:00:00.000000000
316,2008-09-19 00:00:00.000000000,2008-09-19 00:00:00.000000000,2008-09-19 00:00:00.000000000,1980-01-01 00:00:00.000000000,2008-01-29 00:00:00.000000000,2008-01-29 00:00:00.000000000,2007-08-09 18:09:22.377600000,234 days 00:00:00.000000000,234 days 00:00:00.000000000,0 days 00:00:00.000000000
317,2008-03-12 00:00:00.000000000,2008-03-10 00:00:00.000000000,2008-03-10 00:00:00.000000000,1980-01-01 00:00:00.000000000,2008-01-29 00:00:00.000000000,2008-01-29 00:00:00.000000000,2007-08-09 18:09:22.377600000,43 days 00:00:00.000000000,41 days 00:00:00.000000000,-2 days +00:00:00.000000000
318,2008-03-12 00:00:00.000000000,2008-03-12 00:00:00.000000000,2008-03-12 00:00:00.000000000,1980-01-01 00:00:00.000000000,2008-01-29 00:00:00.000000000,2008-01-29 00:00:00.000000000,2007-08-09 18:09:22.377600000,43 days 00:00:00.000000000,43 days 00:00:00.000000000,0 days 00:00:00.000000000
319,2008-02-05 00:00:00.000000000,2008-01-21 00:00:00.000000000,2008-01-21 00:00:00.000000000,1980-01-01 00:00:00.000000000,2008-01-21 00:00:00.000000000,2008-01-21 00:00:00.000000000,2007-08-01 18:09:22.377600000,15 days 00:00:00.000000000,0 days 00:00:00.000000000,-15 days +00:00:00.000000000
320,2008-02-27 00:00:00.000000000,2008-02-27 00:00:00.000000000,2008-02-27 00:00:00.000000000,1980-01-01 00:00:00.000000000,2008-02-20 00:00:00.000000000,2008-02-20 00:00:00.000000000,2007-08-31 18:09:22.377600000,7 days 00:00:00.000000000,7 days 00:00:00.000000000,0 days 00:00:00.000000000
321,2008-06-13 00:00:00.000000000,2008-06-13 00:00:00.000000000,2008-06-13 00:00:00.000000000,1980-01-01 00:00:00.000000000,2008-02-25 00:00:00.000000000,2008-02-25 00:00:00.000000000,2007-09-05 18:09:22.377600000,109 days 00:00:00.000000000,109 days 00:00:00.000000000,0 days 00:00:00.000000000
322,2008-04-22 00:00:00.000000000,2008-05-05 00:00:00.000000000,2008-05-05 00:00:00.000000000,1980-01-01 00:00:00.000000000,2008-02-25 00:00:00.000000000,2008-02-25 00:00:00.000000000,2007-09-05 18:09:22.377600000,57 days 00:00:00.000000000,70 days 00:00:00.000000000,13 days 00:00:00.000000000
323,2008-04-08 00:00:00.000000000,2008-04-08 00:00:00.000000000,2008-04-08 00:00:00.000000000,1980-01-01 00:00:00.000000000,2008-02-28 00:00:00.000000000,2008-02-28 00:00:00.000000000,2007-09-08 18:09:22.377600000,40 days 00:00:00.000000000,40 days 00:00:00.000000000,0 days 00:00:00.000000000
324,2008-04-25 00:00:00.000000000,2008-04-25 00:00:00.000000000,2008-04-25 00:00:00.000000000,1980-01-01 00:00:00.000000000,2008-02-28 00:00:00.000000000,2008-02-28 00:00:00.000000000,2007-09-08 18:09:22.377600000,57 days 00:00:00.000000000,57 days 00:00:00.000000000,0 days 00:00:00.000000000
325,2008-05-22 00:00:00.000000000,2008-05-22 00:00:00.000000000,2008-05-22 00:00:00.000000000,1980-01-01 00:00:00.000000000,2008-03-11 00:00:00.000000000,2008-03-11 00:00:00.000000000,2007-09-20 18:09:22.377600000,72 days 00:00:00.000000000,72 days 00:00:00.000000000,0 days 00:00:00.000000000
326,2008-04-24 00:00:00.000000000,2008-02-29 00:00:00.000000000,2008-02-29 00:00:00.000000000,1980-01-01 00:00:00.000000000,2008-02-20 00:00:00.000000000,2008-02-20 00:00:00.000000000,2007-08-31 18:09:22.377600000,64 days 00:00:00.000000000,9 days 00:00:00.000000000,-55 days +00:00:00.000000000
327,2008-04-24 00:00:00.000000000,2008-04-24 00:00:00.000000000,2008-04-24 00:00:00.000000000,1980-01-01 00:00:00.000000000,2008-02-20 00:00:00.000000000,2008-02-20 00:00:00.000000000,2007-08-31 18:09:22.377600000,64 days 00:00:00.000000000,64 days 00:00:00.000000000,0 days 00:00:00.000000000
328,2008-07-07 00:00:00.000000000,2008-07-07 00:00:00.000000000,2008-07-07 00:00:00.000000000,1980-01-01 00:00:00.000000000,2008-03-31 00:00:00.000000000,2008-03-31 00:00:00.000000000,2007-10-10 18:09:22.377600000,98 days 00:00:00.000000000,98 days 00:00:00.000000000,0 days 00:00:00.000000000
329,2008-06-17 00:00:00.000000000,2008-06-17 00:00:00.000000000,2008-06-17 00:00:00.000000000,1980-01-01 00:00:00.000000000,2008-03-31 00:00:00.000000000,2008-03-31 00:00:00.000000000,2007-10-10 18:09:22.377600000,78 days 00:00:00.000000000,78 days 00:00:00.000000000,0 days 00:00:00.000000000
330,2008-06-20 00:00:00.000000000,2008-06-20 00:00:00.000000000,2008-06-20 00:00:00.000000000,1980-01-01 00:00:00.000000000,2008-03-31 00:00:00.000000000,2008-03-31 00:00:00.000000000,2007-10-10 18:09:22.377600000,81 days 00:00:00.000000000,81 days 00:00:00.000000000,0 days 00:00:00.000000000
331,2008-07-31 00:00:00.000000000,2008-07-31 00:00:00.000000000,2008-07-31 00:00:00.000000000,1980-01-01 00:00:00.000000000,2008-04-28 00:00:00.000000000,2008-04-28 00:00:00.000000000,2007-11-07 18:09:22.377600000,94 days 00:00:00.000000000,94 days 00:00:00.000000000,0 days 00:00:00.000000000
332,2008-07-31 00:00:00.000000000,2008-07-07 00:00:00.000000000,2008-07-07 00:00:00.000000000,1980-01-01 00:00:00.000000000,2008-04-28 00:00:00.000000000,2008-04-28 00:00:00.000000000,2007-11-07 18:09:22.377600000,94 days 00:00:00.000000000,70 days 00:00:00.000000000,-24 days +00:00:00.000000000
333,2009-01-20 00:00:00.000000000,2008-09-03 00:00:00.000000000,2008-09-03 00:00:00.000000000,1980-01-01 00:00:00.000000000,2008-04-28 00:00:00.000000000,2008-04-28 00:00:00.000000000,2007-11-07 18:09:22.377600000,267 days 00:00:00.000000000,128 days 00:00:00.000000000,-139 days +00:00:00.000000000
334,2008-07-01 00:00:00.000000000,2008-07-01 00:00:00.000000000,2008-07-01 00:00:00.000000000,1980-01-01 00:00:00.000000000,2008-04-28 00:00:00.000000000,2008-04-28 00:00:00.000000000,2007-11-07 18:09:22.377600000,64 days 00:00:00.000000000,64 days 00:00:00.000000000,0 days 00:00:00.000000000
335,2008-08-20 00:00:00.000000000,2008-05-14 00:00:00.000000000,2008-05-14 00:00:00.000000000,1980-01-01 00:00:00.000000000,1900-01-01 00:00:00.000000000,2008-07-04 16:00:00.028800000,2008-01-14 10:09:22.406400000,46 days 07:59:59.971200000,-52 days +07:59:59.971200000,-98 days +00:00:00.000000000
336,2008-08-20 00:00:00.000000000,2008-05-08 00:00:00.000000000,2008-05-08 00:00:00.000000000,1980-01-01 00:00:00.000000000,1900-01-01 00:00:00.000000000,2008-07-04 16:00:00.028800000,2008-01-14 10:09:22.406400000,46 days 07:59:59.971200000,-58 days +07:59:59.971200000,-104 days +00:00:00.000000000
337,2008-08-20 00:00:00.000000000,2008-05-08 00:00:00.000000000,2008-05-08 00:00:00.000000000,1980-01-01 00:00:00.000000000,1900-01-01 00:00:00.000000000,2008-07-04 16:00:00.028800000,2008-01-14 10:09:22.406400000,46 days 07:59:59.971200000,-58 days +07:59:59.971200000,-104 days +00:00:00.000000000
338,2008-11-17 00:00:00.000000000,2008-11-17 00:00:00.000000000,2008-11-17 00:00:00.000000000,1980-01-01 00:00:00.000000000,2008-05-23 00:00:00.000000000,2008-05-23 00:00:00.000000000,2007-12-02 18:09:22.377600000,178 days 00:00:00.000000000,178 days 00:00:00.000000000,0 days 00:00:00.000000000
339,2008-09-26 00:00:00.000000000,2008-09-26 00:00:00.000000000,2008-09-26 00:00:00.000000000,1980-01-01 00:00:00.000000000,2008-06-20 00:00:00.000000000,2008-06-20 00:00:00.000000000,2007-12-30 18:09:22.377600000,98 days 00:00:00.000000000,98 days 00:00:00.000000000,0 days 00:00:00.000000000
340,2008-09-20 00:00:00.000000000,2008-09-20 00:00:00.000000000,2008-09-20 00:00:00.000000000,1980-01-01 00:00:00.000000000,2008-07-01 00:00:00.000000000,2008-07-01 00:00:00.000000000,2008-01-10 18:09:22.377600000,81 days 00:00:00.000000000,81 days 00:00:00.000000000,0 days 00:00:00.000000000
341,2008-07-10 00:00:00.000000000,2008-07-08 00:00:00.000000000,2008-07-08 00:00:00.000000000,1980-01-01 00:00:00.000000000,1900-01-01 00:00:00.000000000,2008-05-24 16:00:00.028800000,2007-12-04 10:09:22.406400000,46 days 07:59:59.971200000,44 days 07:59:59.971200000,-2 days +00:00:00.000000000
342,2008-11-07 00:00:00.000000000,2008-10-21 00:00:00.000000000,2008-10-21 00:00:00.000000000,1980-01-01 00:00:00.000000000,2008-07-18 00:00:00.000000000,2008-07-18 00:00:00.000000000,2008-01-27 18:09:22.377600000,112 days 00:00:00.000000000,95 days 00:00:00.000000000,-17 days +00:00:00.000000000
343,2008-09-09 00:00:00.000000000,2008-09-09 00:00:00.000000000,2008-09-09 00:00:00.000000000,1980-01-01 00:00:00.000000000,2008-07-18 00:00:00.000000000,2008-07-18 00:00:00.000000000,2008-01-27 18:09:22.377600000,53 days 00:00:00.000000000,53 days 00:00:00.000000000,0 days 00:00:00.000000000
344,2008-11-29 00:00:00.000000000,2008-11-29 00:00:00.000000000,2008-11-29 00:00:00.000000000,1980-01-01 00:00:00.000000000,2008-07-24 00:00:00.000000000,2008-07-24 00:00:00.000000000,2008-02-02 18:09:22.377600000,128 days 00:00:00.000000000,128 days 00:00:00.000000000,0 days 00:00:00.000000000
345,2008-10-20 00:00:00.000000000,2008-10-20 00:00:00.000000000,2008-10-20 00:00:00.000000000,1980-01-01 00:00:00.000000000,2008-07-31 00:00:00.000000000,2008-07-31 00:00:00.000000000,2008-02-09 18:09:22.377600000,81 days 00:00:00.000000000,81 days 00:00:00.000000000,0 days 00:00:00.000000000
346,2008-11-17 00:00:00.000000000,2008-11-17 00:00:00.000000000,2008-11-17 00:00:00.000000000,1980-01-01 00:00:00.000000000,2008-08-22 00:00:00.000000000,2008-08-22 00:00:00.000000000,2008-03-02 18:09:22.377600000,87 days 00:00:00.000000000,87 days 00:00:00.000000000,0 days 00:00:00.000000000
347,2008-08-25 00:00:00.000000000,2008-08-18 00:00:00.000000000,2008-08-18 00:00:00.000000000,1980-01-01 00:00:00.000000000,1900-01-01 00:00:00.000000000,2008-07-09 16:00:00.028800000,2008-01-19 10:09:22.406400000,46 days 07:59:59.971200000,39 days 07:59:59.971200000,-7 days +00:00:00.000000000
348,2008-08-25 00:00:00.000000000,2008-08-14 00:00:00.000000000,2008-08-14 00:00:00.000000000,1980-01-01 00:00:00.000000000,1900-01-01 00:00:00.000000000,2008-07-09 16:00:00.028800000,2008-01-19 10:09:22.406400000,46 days 07:59:59.971200000,35 days 07:59:59.971200000,-11 days +00:00:00.000000000
349,2008-08-25 00:00:00.000000000,2008-08-18 00:00:00.000000000,2008-08-18 00:00:00.000000000,1980-01-01 00:00:00.000000000,1900-01-01 00:00:00.000000000,2008-07-09 16:00:00.028800000,2008-01-19 10:09:22.406400000,46 days 07:59:59.971200000,39 days 07:59:59.971200000,-7 days +00:00:00.000000000
350,2008-09-25 00:00:00.000000000,2008-09-25 00:00:00.000000000,2008-09-25 00:00:00.000000000,1980-01-01 00:00:00.000000000,2008-08-26 00:00:00.000000000,2008-08-26 00:00:00.000000000,2008-03-06 18:09:22.377600000,30 days 00:00:00.000000000,30 days 00:00:00.000000000,0 days 00:00:00.000000000
351,2009-01-23 00:00:00.000000000,2009-01-23 00:00:00.000000000,2009-01-23 00:00:00.000000000,1980-01-01 00:00:00.000000000,2008-09-03 00:00:00.000000000,2008-09-03 00:00:00.000000000,2008-03-14 18:09:22.377600000,142 days 00:00:00.000000000,142 days 00:00:00.000000000,0 days 00:00:00.000000000
352,2009-02-17 00:00:00.000000000,2009-02-17 00:00:00.000000000,2009-02-17 00:00:00.000000000,1980-01-01 00:00:00.000000000,2008-08-29 00:00:00.000000000,2008-08-29 00:00:00.000000000,2008-03-09 18:09:22.377600000,172 days 00:00:00.000000000,172 days 00:00:00.000000000,0 days 00:00:00.000000000
353,2008-10-03 00:00:00.000000000,2008-10-03 00:00:00.000000000,2008-10-03 00:00:00.000000000,1980-01-01 00:00:00.000000000,2008-08-29 00:00:00.000000000,2008-08-29 00:00:00.000000000,2008-03-09 18:09:22.377600000,35 days 00:00:00.000000000,35 days 00:00:00.000000000,0 days 00:00:00.000000000
354,2008-12-12 00:00:00.000000000,2008-12-12 00:00:00.000000000,2008-12-12 00:00:00.000000000,1980-01-01 00:00:00.000000000,2008-09-18 00:00:00.000000000,2008-09-18 00:00:00.000000000,2008-03-29 18:09:22.377600000,85 days 00:00:00.000000000,85 days 00:00:00.000000000,0 days 00:00:00.000000000
355,2008-10-10 00:00:00.000000000,2008-10-10 00:00:00.000000000,2008-10-10 00:00:00.000000000,1980-01-01 00:00:00.000000000,2008-09-17 00:00:00.000000000,2008-09-17 00:00:00.000000000,2008-03-28 18:09:22.377600000,23 days 00:00:00.000000000,23 days 00:00:00.000000000,0 days 00:00:00.000000000
356,2009-03-18 00:00:00.000000000,2009-03-18 00:00:00.000000000,2009-03-18 00:00:00.000000000,1980-01-01 00:00:00.000000000,2008-10-02 00:00:00.000000000,2008-10-02 00:00:00.000000000,2008-04-12 18:09:22.377600000,167 days 00:00:00.000000000,167 days 00:00:00.000000000,0 days 00:00:00.000000000
357,2009-02-23 00:00:00.000000000,2009-02-23 00:00:00.000000000,2009-02-23 00:00:00.000000000,1980-01-01 00:00:00.000000000,2008-10-21 00:00:00.000000000,2008-10-21 00:00:00.000000000,2008-05-01 18:09:22.377600000,125 days 00:00:00.000000000,125 days 00:00:00.000000000,0 days 00:00:00.000000000
358,2009-01-22 00:00:00.000000000,2009-01-22 00:00:00.000000000,2009-01-22 00:00:00.000000000,1980-01-01 00:00:00.000000000,2008-10-14 00:00:00.000000000,2008-10-14 00:00:00.000000000,2008-04-24 18:09:22.377600000,100 days 00:00:00.000000000,100 days 00:00:00.000000000,0 days 00:00:00.000000000
359,2008-12-09 00:00:00.000000000,2008-12-09 00:00:00.000000000,2008-12-09 00:00:00.000000000,1980-01-01 00:00:00.000000000,2008-10-17 00:00:00.000000000,2008-10-17 00:00:00.000000000,2008-04-27 18:09:22.377600000,53 days 00:00:00.000000000,53 days 00:00:00.000000000,0 days 00:00:00.000000000
360,2009-01-26 00:00:00.000000000,2009-01-20 00:00:00.000000000,2009-01-20 00:00:00.000000000,1980-01-01 00:00:00.000000000,2008-10-27 00:00:00.000000000,2008-10-27 00:00:00.000000000,2008-05-07 18:09:22.377600000,91 days 00:00:00.000000000,85 days 00:00:00.000000000,-6 days +00:00:00.000000000
361,2009-05-17 00:00:00.000000000,2008-10-09 00:00:00.000000000,2008-10-09 00:00:00.000000000,1980-01-01 00:00:00.000000000,1900-01-01 00:00:00.000000000,2009-03-21 22:33:54.748800000,2008-09-30 16:43:17.126400000,56 days 01:26:05.251200000,-164 days +01:26:05.251200000,-220 days +00:00:00.000000000
362,2009-01-19 00:00:00.000000000,2009-01-19 00:00:00.000000000,2009-01-19 00:00:00.000000000,1980-01-01 00:00:00.000000000,2008-11-14 00:00:00.000000000,2008-11-14 00:00:00.000000000,2008-05-25 18:09:22.377600000,66 days 00:00:00.000000000,66 days 00:00:00.000000000,0 days 00:00:00.000000000
363,2009-02-05 00:00:00.000000000,2009-02-05 00:00:00.000000000,2009-02-05 00:00:00.000000000,1980-01-01 00:00:00.000000000,2008-11-20 00:00:00.000000000,2008-11-20 00:00:00.000000000,2008-05-31 18:09:22.377600000,77 days 00:00:00.000000000,77 days 00:00:00.000000000,0 days 00:00:00.000000000
364,2009-01-27 00:00:00.000000000,2009-01-27 00:00:00.000000000,2009-01-27 00:00:00.000000000,1980-01-01 00:00:00.000000000,2008-11-20 00:00:00.000000000,2008-11-20 00:00:00.000000000,2008-05-31 18:09:22.377600000,68 days 00:00:00.000000000,68 days 00:00:00.000000000,0 days 00:00:00.000000000
365,2009-03-17 00:00:00.000000000,2009-03-13 00:00:00.000000000,2009-03-13 00:00:00.000000000,1980-01-01 00:00:00.000000000,2008-12-10 00:00:00.000000000,2008-12-10 00:00:00.000000000,2008-06-20 18:09:22.377600000,97 days 00:00:00.000000000,93 days 00:00:00.000000000,-4 days +00:00:00.000000000
366,2009-03-17 00:00:00.000000000,2009-03-17 00:00:00.000000000,2009-03-17 00:00:00.000000000,1980-01-01 00:00:00.000000000,2008-12-11 00:00:00.000000000,2008-12-11 00:00:00.000000000,2008-06-21 18:09:22.377600000,96 days 00:00:00.000000000,96 days 00:00:00.000000000,0 days 00:00:00.000000000
367,2009-04-11 00:00:00.000000000,2009-04-11 00:00:00.000000000,2009-04-11 00:00:00.000000000,1980-01-01 00:00:00.000000000,2009-01-16 00:00:00.000000000,2009-01-16 00:00:00.000000000,2008-07-27 18:09:22.377600000,85 days 00:00:00.000000000,85 days 00:00:00.000000000,0 days 00:00:00.000000000
368,2009-04-07 00:00:00.000000000,2009-04-07 00:00:00.000000000,2009-04-07 00:00:00.000000000,1980-01-01 00:00:00.000000000,2009-01-16 00:00:00.000000000,2009-01-16 00:00:00.000000000,2008-07-27 18:09:22.377600000,81 days 00:00:00.000000000,81 days 00:00:00.000000000,0 days 00:00:00.000000000
369,2009-04-01 00:00:00.000000000,2009-04-01 00:00:00.000000000,2009-04-01 00:00:00.000000000,1980-01-01 00:00:00.000000000,2009-02-18 00:00:00.000000000,2009-02-18 00:00:00.000000000,2008-08-29 18:09:22.377600000,42 days 00:00:00.000000000,42 days 00:00:00.000000000,0 days 00:00:00.000000000
370,2009-03-31 00:00:00.000000000,2009-03-31 00:00:00.000000000,2009-03-31 00:00:00.000000000,1980-01-01 00:00:00.000000000,2009-03-06 00:00:00.000000000,2009-03-06 00:00:00.000000000,2008-09-14 18:09:22.377600000,25 days 00:00:00.000000000,25 days 00:00:00.000000000,0 days 00:00:00.000000000
371,2009-04-15 00:00:00.000000000,2009-04-15 00:00:00.000000000,2009-04-15 00:00:00.000000000,1980-01-01 00:00:00.000000000,2009-03-06 00:00:00.000000000,2009-03-06 00:00:00.000000000,2008-09-14 18:09:22.377600000,40 days 00:00:00.000000000,40 days 00:00:00.000000000,0 days 00:00:00.000000000
372,2009-03-17 00:00:00.000000000,2008-11-28 00:00:00.000000000,2008-11-28 00:00:00.000000000,1980-01-01 00:00:00.000000000,1900-01-01 00:00:00.000000000,2009-01-19 22:33:54.748800000,2008-07-31 16:43:17.126400000,56 days 01:26:05.251200000,-53 days +01:26:05.251200000,-109 days +00:00:00.000000000
373,2009-03-17 00:00:00.000000000,2008-11-28 00:00:00.000000000,2008-11-28 00:00:00.000000000,1980-01-01 00:00:00.000000000,1900-01-01 00:00:00.000000000,2009-01-19 22:33:54.748800000,2008-07-31 16:43:17.126400000,56 days 01:26:05.251200000,-53 days +01:26:05.251200000,-109 days +00:00:00.000000000
374,2009-03-24 00:00:00.000000000,2008-12-01 00:00:00.000000000,2008-12-01 00:00:00.000000000,1980-01-01 00:00:00.000000000,1900-01-01 00:00:00.000000000,2009-01-26 22:33:54.748800000,2008-08-07 16:43:17.126400000,56 days 01:26:05.251200000,-57 days +01:26:05.251200000,-113 days +00:00:00.000000000
375,2009-04-14 00:00:00.000000000,2008-12-04 00:00:00.000000000,2008-12-04 00:00:00.000000000,1980-01-01 00:00:00.000000000,1900-01-01 00:00:00.000000000,2009-02-16 22:33:54.748800000,2008-08-28 16:43:17.126400000,56 days 01:26:05.251200000,-75 days +01:26:05.251200000,-131 days +00:00:00.000000000
376,2009-05-19 00:00:00.000000000,2009-01-02 00:00:00.000000000,2009-01-02 00:00:00.000000000,1980-01-01 00:00:00.000000000,1900-01-01 00:00:00.000000000,2009-03-23 22:33:54.748800000,2008-10-02 16:43:17.126400000,56 days 01:26:05.251200000,-81 days +01:26:05.251200000,-137 days +00:00:00.000000000
377,2009-04-07 00:00:00.000000000,2008-12-03 00:00:00.000000000,2008-12-03 00:00:00.000000000,1980-01-01 00:00:00.000000000,1900-01-01 00:00:00.000000000,2009-02-09 22:33:54.748800000,2008-08-21 16:43:17.126400000,56 days 01:26:05.251200000,-69 days +01:26:05.251200000,-125 days +00:00:00.000000000
378,2009-04-21 00:00:00.000000000,2008-12-05 00:00:00.000000000,2008-12-05 00:00:00.000000000,1980-01-01 00:00:00.000000000,1900-01-01 00:00:00.000000000,2009-02-23 22:33:54.748800000,2008-09-04 16:43:17.126400000,56 days 01:26:05.251200000,-81 days +01:26:05.251200000,-137 days +00:00:00.000000000
379,2009-05-26 00:00:00.000000000,2009-01-22 00:00:00.000000000,2009-01-22 00:00:00.000000000,1980-01-01 00:00:00.000000000,1900-01-01 00:00:00.000000000,2009-03-30 22:33:54.748800000,2008-10-09 16:43:17.126400000,56 days 01:26:05.251200000,-68 days +01:26:05.251200000,-124 days +00:00:00.000000000
380,2009-06-17 00:00:00.000000000,2009-04-03 00:00:00.000000000,2009-04-03 00:00:00.000000000,1980-01-01 00:00:00.000000000,2009-03-13 00:00:00.000000000,2009-03-13 00:00:00.000000000,2008-09-21 18:09:22.377600000,96 days 00:00:00.000000000,21 days 00:00:00.000000000,-75 days +00:00:00.000000000
381,2009-06-17 00:00:00.000000000,2009-04-17 00:00:00.000000000,2009-04-17 00:00:00.000000000,1980-01-01 00:00:00.000000000,2009-03-13 00:00:00.000000000,2009-03-13 00:00:00.000000000,2008-09-21 18:09:22.377600000,96 days 00:00:00.000000000,35 days 00:00:00.000000000,-61 days +00:00:00.000000000
382,2009-03-31 00:00:00.000000000,2008-11-21 00:00:00.000000000,2008-11-21 00:00:00.000000000,1980-01-01 00:00:00.000000000,1900-01-01 00:00:00.000000000,2009-02-02 22:33:54.748800000,2008-08-14 16:43:17.126400000,56 days 01:26:05.251200000,-74 days +01:26:05.251200000,-130 days +00:00:00.000000000
383,2009-03-30 00:00:00.000000000,2009-01-21 00:00:00.000000000,2009-01-21 00:00:00.000000000,1980-01-01 00:00:00.000000000,1900-01-01 00:00:00.000000000,2009-02-01 22:33:54.748800000,2008-08-13 16:43:17.126400000,56 days 01:26:05.251200000,-12 days +01:26:05.251200000,-68 days +00:00:00.000000000
384,2009-03-30 00:00:00.000000000,2009-01-21 00:00:00.000000000,2009-01-21 00:00:00.000000000,1980-01-01 00:00:00.000000000,1900-01-01 00:00:00.000000000,2009-02-01 22:33:54.748800000,2008-08-13 16:43:17.126400000,56 days 01:26:05.251200000,-12 days +01:26:05.251200000,-68 days +00:00:00.000000000
385,2009-03-30 00:00:00.000000000,2009-01-23 00:00:00.000000000,2009-01-23 00:00:00.000000000,1980-01-01 00:00:00.000000000,1900-01-01 00:00:00.000000000,2009-02-01 22:33:54.748800000,2008-08-13 16:43:17.126400000,56 days 01:26:05.251200000,-10 days +01:26:05.251200000,-66 days +00:00:00.000000000
386,2009-03-30 00:00:00.000000000,2009-01-23 00:00:00.000000000,2009-01-23 00:00:00.000000000,1980-01-01 00:00:00.000000000,1900-01-01 00:00:00.000000000,2009-02-01 22:33:54.748800000,2008-08-13 16:43:17.126400000,56 days 01:26:05.251200000,-10 days +01:26:05.251200000,-66 days +00:00:00.000000000
387,2009-06-25 00:00:00.000000000,2009-04-20 00:00:00.000000000,2009-04-20 00:00:00.000000000,1980-01-01 00:00:00.000000000,2009-03-18 00:00:00.000000000,2009-03-18 00:00:00.000000000,2008-09-26 18:09:22.377600000,99 days 00:00:00.000000000,33 days 00:00:00.000000000,-66 days +00:00:00.000000000
388,2009-06-25 00:00:00.000000000,2009-04-08 00:00:00.000000000,2009-04-08 00:00:00.000000000,1980-01-01 00:00:00.000000000,2009-03-27 00:00:00.000000000,2009-03-27 00:00:00.000000000,2008-10-05 18:09:22.377600000,90 days 00:00:00.000000000,12 days 00:00:00.000000000,-78 days +00:00:00.000000000
389,2009-06-25 00:00:00.000000000,2009-04-08 00:00:00.000000000,2009-04-08 00:00:00.000000000,1980-01-01 00:00:00.000000000,2009-03-27 00:00:00.000000000,2009-03-27 00:00:00.000000000,2008-10-05 18:09:22.377600000,90 days 00:00:00.000000000,12 days 00:00:00.000000000,-78 days +00:00:00.000000000
390,2009-06-25 00:00:00.000000000,2009-04-09 00:00:00.000000000,2009-04-09 00:00:00.000000000,1980-01-01 00:00:00.000000000,2009-03-27 00:00:00.000000000,2009-03-27 00:00:00.000000000,2008-10-05 18:09:22.377600000,90 days 00:00:00.000000000,13 days 00:00:00.000000000,-77 days +00:00:00.000000000
391,2009-06-25 00:00:00.000000000,2009-04-09 00:00:00.000000000,2009-04-09 00:00:00.000000000,1980-01-01 00:00:00.000000000,2009-03-27 00:00:00.000000000,2009-03-27 00:00:00.000000000,2008-10-05 18:09:22.377600000,90 days 00:00:00.000000000,13 days 00:00:00.000000000,-77 days +00:00:00.000000000
392,2009-06-25 00:00:00.000000000,2009-04-21 00:00:00.000000000,2009-04-21 00:00:00.000000000,1980-01-01 00:00:00.000000000,2009-03-27 00:00:00.000000000,2009-03-27 00:00:00.000000000,2008-10-05 18:09:22.377600000,90 days 00:00:00.000000000,25 days 00:00:00.000000000,-65 days +00:00:00.000000000
393,2009-06-25 00:00:00.000000000,2009-06-05 00:00:00.000000000,2009-06-05 00:00:00.000000000,1980-01-01 00:00:00.000000000,2009-03-27 00:00:00.000000000,2009-03-27 00:00:00.000000000,2008-10-05 18:09:22.377600000,90 days 00:00:00.000000000,70 days 00:00:00.000000000,-20 days +00:00:00.000000000
394,2009-07-10 00:00:00.000000000,2009-07-10 00:00:00.000000000,2009-07-10 00:00:00.000000000,1980-01-01 00:00:00.000000000,2009-03-25 00:00:00.000000000,2009-03-25 00:00:00.000000000,2008-10-03 18:09:22.377600000,107 days 00:00:00.000000000,107 days 00:00:00.000000000,0 days 00:00:00.000000000
395,2009-05-15 00:00:00.000000000,2009-05-04 00:00:00.000000000,2009-05-04 00:00:00.000000000,1980-01-01 00:00:00.000000000,2009-04-02 00:00:00.000000000,2009-04-02 00:00:00.000000000,2008-10-11 18:09:22.377600000,43 days 00:00:00.000000000,32 days 00:00:00.000000000,-11 days +00:00:00.000000000
396,2009-08-07 00:00:00.000000000,2009-08-28 00:00:00.000000000,2009-08-28 00:00:00.000000000,1980-01-01 00:00:00.000000000,2009-05-14 00:00:00.000000000,2009-05-14 00:00:00.000000000,2008-11-22 18:09:22.377600000,85 days 00:00:00.000000000,106 days 00:00:00.000000000,21 days 00:00:00.000000000
397,2009-09-21 00:00:00.000000000,2009-09-21 00:00:00.000000000,2009-09-21 00:00:00.000000000,1980-01-01 00:00:00.000000000,2009-04-15 00:00:00.000000000,2009-04-15 00:00:00.000000000,2008-10-24 18:09:22.377600000,159 days 00:00:00.000000000,159 days 00:00:00.000000000,0 days 00:00:00.000000000
398,2009-05-20 00:00:00.000000000,2009-05-20 00:00:00.000000000,2009-05-20 00:00:00.000000000,1980-01-01 00:00:00.000000000,2009-04-20 00:00:00.000000000,2009-04-20 00:00:00.000000000,2008-10-29 18:09:22.377600000,30 days 00:00:00.000000000,30 days 00:00:00.000000000,0 days 00:00:00.000000000
399,2009-08-11 00:00:00.000000000,2009-08-11 00:00:00.000000000,2009-08-11 00:00:00.000000000,1980-01-01 00:00:00.000000000,2009-04-24 00:00:00.000000000,2009-04-24 00:00:00.000000000,2008-11-02 18:09:22.377600000,109 days 00:00:00.000000000,109 days 00:00:00.000000000,0 days 00:00:00.000000000
400,2009-07-21 00:00:00.000000000,2009-07-21 00:00:00.000000000,2009-07-21 00:00:00.000000000,1980-01-01 00:00:00.000000000,2009-04-29 00:00:00.000000000,2009-04-29 00:00:00.000000000,2008-11-07 18:09:22.377600000,83 days 00:00:00.000000000,83 days 00:00:00.000000000,0 days 00:00:00.000000000
401,2009-08-03 00:00:00.000000000,2009-08-03 00:00:00.000000000,2009-08-03 00:00:00.000000000,1980-01-01 00:00:00.000000000,2009-04-29 00:00:00.000000000,2009-04-29 00:00:00.000000000,2008-11-07 18:09:22.377600000,96 days 00:00:00.000000000,96 days 00:00:00.000000000,0 days 00:00:00.000000000
402,2009-07-10 00:00:00.000000000,2009-07-10 00:00:00.000000000,2009-07-10 00:00:00.000000000,1980-01-01 00:00:00.000000000,2009-04-29 00:00:00.000000000,2009-04-29 00:00:00.000000000,2008-11-07 18:09:22.377600000,72 days 00:00:00.000000000,72 days 00:00:00.000000000,0 days 00:00:00.000000000
403,2009-07-10 00:00:00.000000000,2009-07-10 00:00:00.000000000,2009-07-10 00:00:00.000000000,1980-01-01 00:00:00.000000000,2009-04-29 00:00:00.000000000,2009-04-29 00:00:00.000000000,2008-11-07 18:09:22.377600000,72 days 00:00:00.000000000,72 days 00:00:00.000000000,0 days 00:00:00.000000000
404,2009-06-12 00:00:00.000000000,2009-06-12 00:00:00.000000000,2009-06-12 00:00:00.000000000,1980-01-01 00:00:00.000000000,2009-05-27 00:00:00.000000000,2009-05-27 00:00:00.000000000,2008-12-05 18:09:22.377600000,16 days 00:00:00.000000000,16 days 00:00:00.000000000,0 days 00:00:00.000000000
405,2009-07-23 00:00:00.000000000,2009-07-23 00:00:00.000000000,2009-07-23 00:00:00.000000000,1980-01-01 00:00:00.000000000,2009-05-27 00:00:00.000000000,2009-05-27 00:00:00.000000000,2008-12-05 18:09:22.377600000,57 days 00:00:00.000000000,57 days 00:00:00.000000000,0 days 00:00:00.000000000
406,2009-10-12 00:00:00.000000000,2009-07-21 00:00:00.000000000,2009-07-21 00:00:00.000000000,1980-01-01 00:00:00.000000000,2009-06-05 00:00:00.000000000,2009-06-05 00:00:00.000000000,2008-12-14 18:09:22.377600000,129 days 00:00:00.000000000,46 days 00:00:00.000000000,-83 days +00:00:00.000000000
407,2009-10-12 00:00:00.000000000,2009-07-21 00:00:00.000000000,2009-07-21 00:00:00.000000000,1980-01-01 00:00:00.000000000,2009-06-05 00:00:00.000000000,2009-06-05 00:00:00.000000000,2008-12-14 18:09:22.377600000,129 days 00:00:00.000000000,46 days 00:00:00.000000000,-83 days +00:00:00.000000000
408,2009-10-12 00:00:00.000000000,2009-07-28 00:00:00.000000000,2009-07-28 00:00:00.000000000,1980-01-01 00:00:00.000000000,2009-06-05 00:00:00.000000000,2009-06-05 00:00:00.000000000,2008-12-14 18:09:22.377600000,129 days 00:00:00.000000000,53 days 00:00:00.000000000,-76 days +00:00:00.000000000
409,2009-10-12 00:00:00.000000000,2009-07-28 00:00:00.000000000,2009-07-28 00:00:00.000000000,1980-01-01 00:00:00.000000000,2009-06-05 00:00:00.000000000,2009-06-05 00:00:00.000000000,2008-12-14 18:09:22.377600000,129 days 00:00:00.000000000,53 days 00:00:00.000000000,-76 days +00:00:00.000000000
410,2009-10-12 00:00:00.000000000,2009-07-28 00:00:00.000000000,2009-07-28 00:00:00.000000000,1980-01-01 00:00:00.000000000,2009-06-05 00:00:00.000000000,2009-06-05 00:00:00.000000000,2008-12-14 18:09:22.377600000,129 days 00:00:00.000000000,53 days 00:00:00.000000000,-76 days +00:00:00.000000000
411,2009-09-08 00:00:00.000000000,2009-08-31 00:00:00.000000000,2009-08-31 00:00:00.000000000,1980-01-01 00:00:00.000000000,2009-06-05 00:00:00.000000000,2009-06-05 00:00:00.000000000,2008-12-14 18:09:22.377600000,95 days 00:00:00.000000000,87 days 00:00:00.000000000,-8 days +00:00:00.000000000
412,2006-05-10 00:00:00.000000000,2006-05-10 00:00:00.000000000,2006-05-10 00:00:00.000000000,1980-01-01 00:00:00.000000000,1900-01-01 00:00:00.000000000,2006-03-02 00:00:00.000000000,2005-09-10 18:09:22.377600000,69 days 00:00:00.000000000,69 days 00:00:00.000000000,0 days 00:00:00.000000000
413,2006-12-21 00:00:00.000000000,2006-12-21 00:00:00.000000000,2006-12-21 00:00:00.000000000,1980-01-01 00:00:00.000000000,1900-01-01 00:00:00.000000000,2006-11-09 12:00:00.000000000,2006-05-21 06:09:22.377600000,41 days 12:00:00.000000000,41 days 12:00:00.000000000,0 days 00:00:00.000000000
414,2007-03-27 00:00:00.000000000,2007-03-27 00:00:00.000000000,2007-03-27 00:00:00.000000000,1980-01-01 00:00:00.000000000,2006-11-13 00:00:00.000000000,2006-11-13 00:00:00.000000000,2006-05-24 18:09:22.377600000,134 days 00:00:00.000000000,134 days 00:00:00.000000000,0 days 00:00:00.000000000
415,2007-01-17 00:00:00.000000000,2007-01-17 00:00:00.000000000,2007-01-17 00:00:00.000000000,1980-01-01 00:00:00.000000000,2006-12-28 00:00:00.000000000,2006-12-28 00:00:00.000000000,2006-07-08 18:09:22.377600000,20 days 00:00:00.000000000,20 days 00:00:00.000000000,0 days 00:00:00.000000000
416,2007-01-25 00:00:00.000000000,2007-03-09 00:00:00.000000000,2007-03-09 00:00:00.000000000,1980-01-01 00:00:00.000000000,2006-12-29 00:00:00.000000000,2006-12-29 00:00:00.000000000,2006-07-09 18:09:22.377600000,27 days 00:00:00.000000000,70 days 00:00:00.000000000,43 days 00:00:00.000000000
417,2006-11-20 00:00:00.000000000,2006-11-20 00:00:00.000000000,2006-11-20 00:00:00.000000000,1980-01-01 00:00:00.000000000,1900-01-01 00:00:00.000000000,2006-10-09 12:00:00.000000000,2006-04-20 06:09:22.377600000,41 days 12:00:00.000000000,41 days 12:00:00.000000000,0 days 00:00:00.000000000
418,2007-02-20 00:00:00.000000000,2007-02-20 00:00:00.000000000,2007-02-20 00:00:00.000000000,1980-01-01 00:00:00.000000000,1900-01-01 00:00:00.000000000,2006-11-27 12:00:00.000000000,2006-06-08 06:09:22.377600000,84 days 12:00:00.000000000,84 days 12:00:00.000000000,0 days 00:00:00.000000000
419,2007-05-08 00:00:00.000000000,2007-05-08 00:00:00.000000000,2007-05-08 00:00:00.000000000,1980-01-01 00:00:00.000000000,2007-04-04 00:00:00.000000000,2007-04-04 00:00:00.000000000,2006-10-13 18:09:22.377600000,34 days 00:00:00.000000000,34 days 00:00:00.000000000,0 days 00:00:00.000000000
420,2007-06-19 00:00:00.000000000,2007-08-06 00:00:00.000000000,2007-08-06 00:00:00.000000000,1980-01-01 00:00:00.000000000,2007-05-13 00:00:00.000000000,2007-05-13 00:00:00.000000000,2006-11-21 18:09:22.377600000,37 days 00:00:00.000000000,85 days 00:00:00.000000000,48 days 00:00:00.000000000
421,2007-10-02 00:00:00.000000000,2007-10-02 00:00:00.000000000,2007-10-02 00:00:00.000000000,1980-01-01 00:00:00.000000000,2007-07-03 00:00:00.000000000,2007-07-03 00:00:00.000000000,2007-01-11 18:09:22.377600000,91 days 00:00:00.000000000,91 days 00:00:00.000000000,0 days 00:00:00.000000000
422,2007-09-10 00:00:00.000000000,2007-09-10 00:00:00.000000000,2007-09-10 00:00:00.000000000,1980-01-01 00:00:00.000000000,2007-07-04 00:00:00.000000000,2007-07-04 00:00:00.000000000,2007-01-12 18:09:22.377600000,68 days 00:00:00.000000000,68 days 00:00:00.000000000,0 days 00:00:00.000000000
423,2007-08-09 00:00:00.000000000,2007-08-09 00:00:00.000000000,2007-08-09 00:00:00.000000000,1980-01-01 00:00:00.000000000,2007-07-25 00:00:00.000000000,2007-07-25 00:00:00.000000000,2007-02-02 18:09:22.377600000,15 days 00:00:00.000000000,15 days 00:00:00.000000000,0 days 00:00:00.000000000
424,2007-08-27 00:00:00.000000000,2007-08-27 00:00:00.000000000,2007-08-27 00:00:00.000000000,1980-01-01 00:00:00.000000000,2007-07-11 00:00:00.000000000,2007-07-11 00:00:00.000000000,2007-01-19 18:09:22.377600000,47 days 00:00:00.000000000,47 days 00:00:00.000000000,0 days 00:00:00.000000000
425,2007-10-16 00:00:00.000000000,2007-10-16 00:00:00.000000000,2007-10-16 00:00:00.000000000,1980-01-01 00:00:00.000000000,1900-01-01 00:00:00.000000000,2007-08-21 00:00:00.000000000,2007-03-01 18:09:22.377600000,56 days 00:00:00.000000000,56 days 00:00:00.000000000,0 days 00:00:00.000000000
426,2008-11-19 00:00:00.000000000,2008-11-19 00:00:00.000000000,2008-11-19 00:00:00.000000000,1980-01-01 00:00:00.000000000,2008-09-17 00:00:00.000000000,2008-09-17 00:00:00.000000000,2008-03-28 18:09:22.377600000,63 days 00:00:00.000000000,63 days 00:00:00.000000000,0 days 00:00:00.000000000
427,2007-09-21 00:00:00.000000000,2007-09-21 00:00:00.000000000,2007-09-21 00:00:00.000000000,1980-01-01 00:00:00.000000000,2007-08-28 00:00:00.000000000,2007-08-28 00:00:00.000000000,2007-03-08 18:09:22.377600000,24 days 00:00:00.000000000,24 days 00:00:00.000000000,0 days 00:00:00.000000000
428,2007-10-25 00:00:00.000000000,2007-10-25 00:00:00.000000000,2007-10-25 00:00:00.000000000,1980-01-01 00:00:00.000000000,2007-09-18 00:00:00.000000000,2007-09-18 00:00:00.000000000,2007-03-29 18:09:22.377600000,37 days 00:00:00.000000000,37 days 00:00:00.000000000,0 days 00:00:00.000000000
429,2008-01-29 00:00:00.000000000,2008-01-29 00:00:00.000000000,2008-01-29 00:00:00.000000000,1980-01-01 00:00:00.000000000,2007-11-12 00:00:00.000000000,2007-11-12 00:00:00.000000000,2007-05-23 18:09:22.377600000,78 days 00:00:00.000000000,78 days 00:00:00.000000000,0 days 00:00:00.000000000
430,2008-01-29 00:00:00.000000000,2007-01-24 00:00:00.000000000,2008-01-24 00:00:00.000000000,1980-01-01 00:00:00.000000000,2007-11-12 00:00:00.000000000,2007-11-12 00:00:00.000000000,2007-05-23 18:09:22.377600000,78 days 00:00:00.000000000,-292 days +00:00:00.000000000,-370 days +00:00:00.000000000
431,2008-01-10 00:00:00.000000000,2008-01-10 00:00:00.000000000,2008-01-10 00:00:00.000000000,1980-01-01 00:00:00.000000000,2007-11-16 00:00:00.000000000,2007-11-16 00:00:00.000000000,2007-05-27 18:09:22.377600000,55 days 00:00:00.000000000,55 days 00:00:00.000000000,0 days 00:00:00.000000000
432,2008-04-28 00:00:00.000000000,2008-04-22 00:00:00.000000000,2008-04-22 00:00:00.000000000,1980-01-01 00:00:00.000000000,2007-11-21 00:00:00.000000000,2007-11-21 00:00:00.000000000,2007-06-01 18:09:22.377600000,159 days 00:00:00.000000000,153 days 00:00:00.000000000,-6 days +00:00:00.000000000
433,2008-01-22 00:00:00.000000000,2008-03-07 00:00:00.000000000,2008-03-07 00:00:00.000000000,1980-01-01 00:00:00.000000000,2007-12-06 00:00:00.000000000,2007-12-06 00:00:00.000000000,2007-06-16 18:09:22.377600000,47 days 00:00:00.000000000,92 days 00:00:00.000000000,45 days 00:00:00.000000000
434,2008-01-22 00:00:00.000000000,2008-01-22 00:00:00.000000000,2008-01-22 00:00:00.000000000,1980-01-01 00:00:00.000000000,2007-12-05 00:00:00.000000000,2007-12-05 00:00:00.000000000,2007-06-15 18:09:22.377600000,48 days 00:00:00.000000000,48 days 00:00:00.000000000,0 days 00:00:00.000000000
435,2008-01-21 00:00:00.000000000,2008-01-04 00:00:00.000000000,2008-01-04 00:00:00.000000000,1980-01-01 00:00:00.000000000,2008-01-04 00:00:00.000000000,2008-01-04 00:00:00.000000000,2007-07-15 18:09:22.377600000,17 days 00:00:00.000000000,0 days 00:00:00.000000000,-17 days +00:00:00.000000000
436,2008-01-21 00:00:00.000000000,2008-01-04 00:00:00.000000000,2008-01-04 00:00:00.000000000,1980-01-01 00:00:00.000000000,2008-01-04 00:00:00.000000000,2008-01-04 00:00:00.000000000,2007-07-15 18:09:22.377600000,17 days 00:00:00.000000000,0 days 00:00:00.000000000,-17 days +00:00:00.000000000
437,2008-01-21 00:00:00.000000000,2008-01-04 00:00:00.000000000,2008-01-04 00:00:00.000000000,1980-01-01 00:00:00.000000000,2008-01-04 00:00:00.000000000,2008-01-04 00:00:00.000000000,2007-07-15 18:09:22.377600000,17 days 00:00:00.000000000,0 days 00:00:00.000000000,-17 days +00:00:00.000000000
438,2008-04-11 00:00:00.000000000,2008-04-11 00:00:00.000000000,2008-04-11 00:00:00.000000000,1980-01-01 00:00:00.000000000,2008-02-15 00:00:00.000000000,2008-02-15 00:00:00.000000000,2007-08-26 18:09:22.377600000,56 days 00:00:00.000000000,56 days 00:00:00.000000000,0 days 00:00:00.000000000
439,2008-02-05 00:00:00.000000000,2008-02-04 00:00:00.000000000,2008-02-04 00:00:00.000000000,1980-01-01 00:00:00.000000000,2008-01-21 00:00:00.000000000,2008-01-21 00:00:00.000000000,2007-08-01 18:09:22.377600000,15 days 00:00:00.000000000,14 days 00:00:00.000000000,-1 days +00:00:00.000000000
440,2008-06-06 00:00:00.000000000,2008-06-06 00:00:00.000000000,2008-06-06 00:00:00.000000000,1980-01-01 00:00:00.000000000,2008-02-29 00:00:00.000000000,2008-02-29 00:00:00.000000000,2007-09-09 18:09:22.377600000,98 days 00:00:00.000000000,98 days 00:00:00.000000000,0 days 00:00:00.000000000
441,2008-04-14 00:00:00.000000000,2008-04-17 00:00:00.000000000,2008-04-17 00:00:00.000000000,1980-01-01 00:00:00.000000000,2008-02-27 00:00:00.000000000,2008-02-27 00:00:00.000000000,2007-09-07 18:09:22.377600000,47 days 00:00:00.000000000,50 days 00:00:00.000000000,3 days 00:00:00.000000000
442,2008-07-11 00:00:00.000000000,2008-07-11 00:00:00.000000000,2008-07-11 00:00:00.000000000,1980-01-01 00:00:00.000000000,2008-02-26 00:00:00.000000000,2008-02-26 00:00:00.000000000,2007-09-06 18:09:22.377600000,136 days 00:00:00.000000000,136 days 00:00:00.000000000,0 days 00:00:00.000000000
443,2008-09-26 00:00:00.000000000,2008-09-26 00:00:00.000000000,2008-09-26 00:00:00.000000000,1980-01-01 00:00:00.000000000,2008-02-29 00:00:00.000000000,2008-02-29 00:00:00.000000000,2007-09-09 18:09:22.377600000,210 days 00:00:00.000000000,210 days 00:00:00.000000000,0 days 00:00:00.000000000
444,2008-07-21 00:00:00.000000000,2008-07-21 00:00:00.000000000,2008-07-21 00:00:00.000000000,1980-01-01 00:00:00.000000000,2008-02-28 00:00:00.000000000,2008-02-28 00:00:00.000000000,2007-09-08 18:09:22.377600000,144 days 00:00:00.000000000,144 days 00:00:00.000000000,0 days 00:00:00.000000000
445,2008-06-23 00:00:00.000000000,2008-06-23 00:00:00.000000000,2008-06-23 00:00:00.000000000,1980-01-01 00:00:00.000000000,2008-03-11 00:00:00.000000000,2008-03-11 00:00:00.000000000,2007-09-20 18:09:22.377600000,104 days 00:00:00.000000000,104 days 00:00:00.000000000,0 days 00:00:00.000000000
446,2008-06-14 00:00:00.000000000,2008-06-14 00:00:00.000000000,2008-06-14 00:00:00.000000000,1980-01-01 00:00:00.000000000,2008-03-18 00:00:00.000000000,2008-03-18 00:00:00.000000000,2007-09-27 18:09:22.377600000,88 days 00:00:00.000000000,88 days 00:00:00.000000000,0 days 00:00:00.000000000
447,2008-06-04 00:00:00.000000000,2008-06-04 00:00:00.000000000,2008-06-04 00:00:00.000000000,1980-01-01 00:00:00.000000000,2008-03-18 00:00:00.000000000,2008-03-18 00:00:00.000000000,2007-09-27 18:09:22.377600000,78 days 00:00:00.000000000,78 days 00:00:00.000000000,0 days 00:00:00.000000000
448,2008-04-24 00:00:00.000000000,2008-04-24 00:00:00.000000000,2008-04-24 00:00:00.000000000,1980-01-01 00:00:00.000000000,2008-02-20 00:00:00.000000000,2008-02-20 00:00:00.000000000,2007-08-31 18:09:22.377600000,64 days 00:00:00.000000000,64 days 00:00:00.000000000,0 days 00:00:00.000000000
449,2008-07-07 00:00:00.000000000,2008-07-07 00:00:00.000000000,2008-07-07 00:00:00.000000000,1980-01-01 00:00:00.000000000,2008-03-31 00:00:00.000000000,2008-03-31 00:00:00.000000000,2007-10-10 18:09:22.377600000,98 days 00:00:00.000000000,98 days 00:00:00.000000000,0 days 00:00:00.000000000
450,2008-08-12 00:00:00.000000000,2008-08-12 00:00:00.000000000,2008-08-12 00:00:00.000000000,1980-01-01 00:00:00.000000000,2008-03-31 00:00:00.000000000,2008-03-31 00:00:00.000000000,2007-10-10 18:09:22.377600000,134 days 00:00:00.000000000,134 days 00:00:00.000000000,0 days 00:00:00.000000000
451,2008-09-19 00:00:00.000000000,2008-09-19 00:00:00.000000000,2008-09-19 00:00:00.000000000,1980-01-01 00:00:00.000000000,2008-03-31 00:00:00.000000000,2008-03-31 00:00:00.000000000,2007-10-10 18:09:22.377600000,172 days 00:00:00.000000000,172 days 00:00:00.000000000,0 days 00:00:00.000000000
452,2008-07-16 00:00:00.000000000,2008-07-16 00:00:00.000000000,2008-07-16 00:00:00.000000000,1980-01-01 00:00:00.000000000,2008-03-31 00:00:00.000000000,2008-03-31 00:00:00.000000000,2007-10-10 18:09:22.377600000,107 days 00:00:00.000000000,107 days 00:00:00.000000000,0 days 00:00:00.000000000
453,2008-07-14 00:00:00.000000000,2008-07-14 00:00:00.000000000,2008-07-14 00:00:00.000000000,1980-01-01 00:00:00.000000000,2008-03-31 00:00:00.000000000,2008-03-31 00:00:00.000000000,2007-10-10 18:09:22.377600000,105 days 00:00:00.000000000,105 days 00:00:00.000000000,0 days 00:00:00.000000000
454,2008-04-18 00:00:00.000000000,2008-01-03 00:00:00.000000000,2008-01-03 00:00:00.000000000,1980-01-01 00:00:00.000000000,2008-04-28 00:00:00.000000000,2008-04-28 00:00:00.000000000,2007-11-07 18:09:22.377600000,-10 days +00:00:00.000000000,-116 days +00:00:00.000000000,-106 days +00:00:00.000000000
455,2008-10-11 00:00:00.000000000,2008-10-11 00:00:00.000000000,2008-10-11 00:00:00.000000000,1980-01-01 00:00:00.000000000,2008-05-14 00:00:00.000000000,2008-05-14 00:00:00.000000000,2007-11-23 18:09:22.377600000,150 days 00:00:00.000000000,150 days 00:00:00.000000000,0 days 00:00:00.000000000
456,2008-09-19 00:00:00.000000000,2008-09-19 00:00:00.000000000,2008-09-19 00:00:00.000000000,1980-01-01 00:00:00.000000000,2008-05-13 00:00:00.000000000,2008-05-13 00:00:00.000000000,2007-11-22 18:09:22.377600000,129 days 00:00:00.000000000,129 days 00:00:00.000000000,0 days 00:00:00.000000000
457,2008-09-19 00:00:00.000000000,2008-09-19 00:00:00.000000000,2008-09-19 00:00:00.000000000,1980-01-01 00:00:00.000000000,2008-05-13 00:00:00.000000000,2008-05-13 00:00:00.000000000,2007-11-22 18:09:22.377600000,129 days 00:00:00.000000000,129 days 00:00:00.000000000,0 days 00:00:00.000000000
458,2008-09-30 00:00:00.000000000,2008-09-30 00:00:00.000000000,2008-09-30 00:00:00.000000000,1980-01-01 00:00:00.000000000,2008-05-13 00:00:00.000000000,2008-05-13 00:00:00.000000000,2007-11-22 18:09:22.377600000,140 days 00:00:00.000000000,140 days 00:00:00.000000000,0 days 00:00:00.000000000
459,2008-09-19 00:00:00.000000000,2008-09-19 00:00:00.000000000,2008-09-19 00:00:00.000000000,1980-01-01 00:00:00.000000000,2008-05-14 00:00:00.000000000,2008-05-14 00:00:00.000000000,2007-11-23 18:09:22.377600000,128 days 00:00:00.000000000,128 days 00:00:00.000000000,0 days 00:00:00.000000000
460,2008-08-20 00:00:00.000000000,2008-05-08 00:00:00.000000000,2008-05-08 00:00:00.000000000,1980-01-01 00:00:00.000000000,1900-01-01 00:00:00.000000000,2008-07-04 16:00:00.028800000,2008-01-14 10:09:22.406400000,46 days 07:59:59.971200000,-58 days +07:59:59.971200000,-104 days +00:00:00.000000000
461,2008-08-06 00:00:00.000000000,2008-08-06 00:00:00.000000000,2008-08-06 00:00:00.000000000,1980-01-01 00:00:00.000000000,2008-05-20 00:00:00.000000000,2008-05-20 00:00:00.000000000,2007-11-29 18:09:22.377600000,78 days 00:00:00.000000000,78 days 00:00:00.000000000,0 days 00:00:00.000000000
462,2008-06-12 00:00:00.000000000,2008-06-09 00:00:00.000000000,2008-06-09 00:00:00.000000000,1980-01-01 00:00:00.000000000,1900-01-01 00:00:00.000000000,2008-04-26 16:00:00.028800000,2007-11-06 10:09:22.406400000,46 days 07:59:59.971200000,43 days 07:59:59.971200000,-3 days +00:00:00.000000000
463,2008-11-18 00:00:00.000000000,2008-11-18 00:00:00.000000000,2008-11-18 00:00:00.000000000,1980-01-01 00:00:00.000000000,2008-06-20 00:00:00.000000000,2008-06-20 00:00:00.000000000,2007-12-30 18:09:22.377600000,151 days 00:00:00.000000000,151 days 00:00:00.000000000,0 days 00:00:00.000000000
464,2008-11-03 00:00:00.000000000,2008-11-03 00:00:00.000000000,2008-11-03 00:00:00.000000000,1980-01-01 00:00:00.000000000,2008-05-15 00:00:00.000000000,2008-05-15 00:00:00.000000000,2007-11-24 18:09:22.377600000,172 days 00:00:00.000000000,172 days 00:00:00.000000000,0 days 00:00:00.000000000
465,2008-09-22 00:00:00.000000000,2008-09-22 00:00:00.000000000,2008-09-22 00:00:00.000000000,1980-01-01 00:00:00.000000000,2008-08-21 00:00:00.000000000,2008-08-21 00:00:00.000000000,2008-03-01 18:09:22.377600000,32 days 00:00:00.000000000,32 days 00:00:00.000000000,0 days 00:00:00.000000000
466,2008-10-01 00:00:00.000000000,2008-10-01 00:00:00.000000000,2008-10-01 00:00:00.000000000,1980-01-01 00:00:00.000000000,2008-07-18 00:00:00.000000000,2008-07-18 00:00:00.000000000,2008-01-27 18:09:22.377600000,75 days 00:00:00.000000000,75 days 00:00:00.000000000,0 days 00:00:00.000000000
467,2008-11-18 00:00:00.000000000,2008-11-18 00:00:00.000000000,2008-11-18 00:00:00.000000000,1980-01-01 00:00:00.000000000,2008-07-28 00:00:00.000000000,2008-07-28 00:00:00.000000000,2008-02-06 18:09:22.377600000,113 days 00:00:00.000000000,113 days 00:00:00.000000000,0 days 00:00:00.000000000
468,2008-10-09 00:00:00.000000000,2008-10-02 00:00:00.000000000,2008-10-02 00:00:00.000000000,1980-01-01 00:00:00.000000000,2008-07-28 00:00:00.000000000,2008-07-28 00:00:00.000000000,2008-02-06 18:09:22.377600000,73 days 00:00:00.000000000,66 days 00:00:00.000000000,-7 days +00:00:00.000000000
469,2008-09-25 00:00:00.000000000,2008-09-25 00:00:00.000000000,2008-09-25 00:00:00.000000000,1980-01-01 00:00:00.000000000,2008-07-01 00:00:00.000000000,2008-07-01 00:00:00.000000000,2008-01-10 18:09:22.377600000,86 days 00:00:00.000000000,86 days 00:00:00.000000000,0 days 00:00:00.000000000
470,2008-08-27 00:00:00.000000000,2008-08-27 00:00:00.000000000,2008-08-27 00:00:00.000000000,1980-01-01 00:00:00.000000000,2008-08-20 00:00:00.000000000,2008-08-20 00:00:00.000000000,2008-02-29 18:09:22.377600000,7 days 00:00:00.000000000,7 days 00:00:00.000000000,0 days 00:00:00.000000000
471,2008-11-17 00:00:00.000000000,2008-11-17 00:00:00.000000000,2008-11-17 00:00:00.000000000,1980-01-01 00:00:00.000000000,2008-08-22 00:00:00.000000000,2008-08-22 00:00:00.000000000,2008-03-02 18:09:22.377600000,87 days 00:00:00.000000000,87 days 00:00:00.000000000,0 days 00:00:00.000000000
472,2008-10-30 00:00:00.000000000,2008-10-28 00:00:00.000000000,2008-10-28 00:00:00.000000000,1980-01-01 00:00:00.000000000,2008-08-22 00:00:00.000000000,2008-08-22 00:00:00.000000000,2008-03-02 18:09:22.377600000,69 days 00:00:00.000000000,67 days 00:00:00.000000000,-2 days +00:00:00.000000000
473,2008-10-06 00:00:00.000000000,2008-10-06 00:00:00.000000000,2008-10-06 00:00:00.000000000,1980-01-01 00:00:00.000000000,2008-08-22 00:00:00.000000000,2008-08-22 00:00:00.000000000,2008-03-02 18:09:22.377600000,45 days 00:00:00.000000000,45 days 00:00:00.000000000,0 days 00:00:00.000000000
474,2008-11-01 00:00:00.000000000,2008-11-01 00:00:00.000000000,2008-11-01 00:00:00.000000000,1980-01-01 00:00:00.000000000,2008-08-26 00:00:00.000000000,2008-08-26 00:00:00.000000000,2008-03-06 18:09:22.377600000,67 days 00:00:00.000000000,67 days 00:00:00.000000000,0 days 00:00:00.000000000
475,2009-03-10 00:00:00.000000000,2009-03-10 00:00:00.000000000,2009-03-10 00:00:00.000000000,1980-01-01 00:00:00.000000000,2008-10-21 00:00:00.000000000,2008-10-21 00:00:00.000000000,2008-05-01 18:09:22.377600000,140 days 00:00:00.000000000,140 days 00:00:00.000000000,0 days 00:00:00.000000000
476,2008-10-08 00:00:00.000000000,2008-10-08 00:00:00.000000000,2008-10-08 00:00:00.000000000,1980-01-01 00:00:00.000000000,2008-09-19 00:00:00.000000000,2008-09-19 00:00:00.000000000,2008-03-30 18:09:22.377600000,19 days 00:00:00.000000000,19 days 00:00:00.000000000,0 days 00:00:00.000000000
477,2009-02-20 00:00:00.000000000,2009-02-20 00:00:00.000000000,2009-02-20 00:00:00.000000000,1980-01-01 00:00:00.000000000,2008-11-04 00:00:00.000000000,2008-11-04 00:00:00.000000000,2008-05-15 18:09:22.377600000,108 days 00:00:00.000000000,108 days 00:00:00.000000000,0 days 00:00:00.000000000
478,2009-05-17 00:00:00.000000000,2008-10-09 00:00:00.000000000,2008-10-09 00:00:00.000000000,1980-01-01 00:00:00.000000000,1900-01-01 00:00:00.000000000,2009-03-21 22:33:54.748800000,2008-09-30 16:43:17.126400000,56 days 01:26:05.251200000,-164 days +01:26:05.251200000,-220 days +00:00:00.000000000
479,2009-03-02 00:00:00.000000000,2009-03-02 00:00:00.000000000,2009-03-02 00:00:00.000000000,1980-01-01 00:00:00.000000000,2008-11-14 00:00:00.000000000,2008-11-14 00:00:00.000000000,2008-05-25 18:09:22.377600000,108 days 00:00:00.000000000,108 days 00:00:00.000000000,0 days 00:00:00.000000000
480,2009-01-27 00:00:00.000000000,2009-01-27 00:00:00.000000000,2009-01-27 00:00:00.000000000,1980-01-01 00:00:00.000000000,2008-11-24 00:00:00.000000000,2008-11-24 00:00:00.000000000,2008-06-04 18:09:22.377600000,64 days 00:00:00.000000000,64 days 00:00:00.000000000,0 days 00:00:00.000000000
481,2009-06-15 00:00:00.000000000,2009-06-15 00:00:00.000000000,2009-06-15 00:00:00.000000000,1980-01-01 00:00:00.000000000,2008-12-30 00:00:00.000000000,2008-12-30 00:00:00.000000000,2008-07-10 18:09:22.377600000,167 days 00:00:00.000000000,167 days 00:00:00.000000000,0 days 00:00:00.000000000
482,2009-01-30 00:00:00.000000000,2009-01-23 00:00:00.000000000,2009-01-23 00:00:00.000000000,1980-01-01 00:00:00.000000000,2008-12-12 00:00:00.000000000,2008-12-12 00:00:00.000000000,2008-06-22 18:09:22.377600000,49 days 00:00:00.000000000,42 days 00:00:00.000000000,-7 days +00:00:00.000000000
483,2009-04-10 00:00:00.000000000,2009-04-10 00:00:00.000000000,2009-04-10 00:00:00.000000000,1980-01-01 00:00:00.000000000,2009-01-16 00:00:00.000000000,2009-01-16 00:00:00.000000000,2008-07-27 18:09:22.377600000,84 days 00:00:00.000000000,84 days 00:00:00.000000000,0 days 00:00:00.000000000
484,2009-03-26 00:00:00.000000000,2009-03-26 00:00:00.000000000,2009-03-26 00:00:00.000000000,1980-01-01 00:00:00.000000000,2009-01-27 00:00:00.000000000,2009-01-27 00:00:00.000000000,2008-08-07 18:09:22.377600000,58 days 00:00:00.000000000,58 days 00:00:00.000000000,0 days 00:00:00.000000000
485,2009-03-25 00:00:00.000000000,2009-03-25 00:00:00.000000000,2009-03-25 00:00:00.000000000,1980-01-01 00:00:00.000000000,2009-02-06 00:00:00.000000000,2009-02-06 00:00:00.000000000,2008-08-17 18:09:22.377600000,47 days 00:00:00.000000000,47 days 00:00:00.000000000,0 days 00:00:00.000000000
486,2009-08-11 00:00:00.000000000,2009-08-11 00:00:00.000000000,2009-08-11 00:00:00.000000000,1980-01-01 00:00:00.000000000,2009-02-05 00:00:00.000000000,2009-02-05 00:00:00.000000000,2008-08-16 18:09:22.377600000,187 days 00:00:00.000000000,187 days 00:00:00.000000000,0 days 00:00:00.000000000
487,2009-03-17 00:00:00.000000000,2008-11-28 00:00:00.000000000,2008-11-28 00:00:00.000000000,1980-01-01 00:00:00.000000000,1900-01-01 00:00:00.000000000,2009-01-19 22:33:54.748800000,2008-07-31 16:43:17.126400000,56 days 01:26:05.251200000,-53 days +01:26:05.251200000,-109 days +00:00:00.000000000
488,2009-03-17 00:00:00.000000000,2008-11-28 00:00:00.000000000,2008-11-28 00:00:00.000000000,1980-01-01 00:00:00.000000000,1900-01-01 00:00:00.000000000,2009-01-19 22:33:54.748800000,2008-07-31 16:43:17.126400000,56 days 01:26:05.251200000,-53 days +01:26:05.251200000,-109 days +00:00:00.000000000
489,2009-03-24 00:00:00.000000000,2008-12-01 00:00:00.000000000,2008-12-01 00:00:00.000000000,1980-01-01 00:00:00.000000000,1900-01-01 00:00:00.000000000,2009-01-26 22:33:54.748800000,2008-08-07 16:43:17.126400000,56 days 01:26:05.251200000,-57 days +01:26:05.251200000,-113 days +00:00:00.000000000
490,2009-03-31 00:00:00.000000000,2008-12-02 00:00:00.000000000,2008-12-02 00:00:00.000000000,1980-01-01 00:00:00.000000000,1900-01-01 00:00:00.000000000,2009-02-02 22:33:54.748800000,2008-08-14 16:43:17.126400000,56 days 01:26:05.251200000,-63 days +01:26:05.251200000,-119 days +00:00:00.000000000
491,2009-06-16 00:00:00.000000000,2009-01-28 00:00:00.000000000,2009-01-28 00:00:00.000000000,1980-01-01 00:00:00.000000000,1900-01-01 00:00:00.000000000,2009-04-20 22:33:54.748800000,2008-10-30 16:43:17.126400000,56 days 01:26:05.251200000,-83 days +01:26:05.251200000,-139 days +00:00:00.000000000
492,2009-07-07 00:00:00.000000000,2009-02-02 00:00:00.000000000,2009-02-02 00:00:00.000000000,1980-01-01 00:00:00.000000000,1900-01-01 00:00:00.000000000,2009-05-11 22:33:54.748800000,2008-11-20 16:43:17.126400000,56 days 01:26:05.251200000,-99 days +01:26:05.251200000,-155 days +00:00:00.000000000
493,2009-04-07 00:00:00.000000000,2008-12-03 00:00:00.000000000,2008-12-03 00:00:00.000000000,1980-01-01 00:00:00.000000000,1900-01-01 00:00:00.000000000,2009-02-09 22:33:54.748800000,2008-08-21 16:43:17.126400000,56 days 01:26:05.251200000,-69 days +01:26:05.251200000,-125 days +00:00:00.000000000
494,2009-05-05 00:00:00.000000000,2008-12-23 00:00:00.000000000,2008-12-23 00:00:00.000000000,1980-01-01 00:00:00.000000000,1900-01-01 00:00:00.000000000,2009-03-09 22:33:54.748800000,2008-09-18 16:43:17.126400000,56 days 01:26:05.251200000,-77 days +01:26:05.251200000,-133 days +00:00:00.000000000
495,2009-05-05 00:00:00.000000000,2008-12-23 00:00:00.000000000,2008-12-23 00:00:00.000000000,1980-01-01 00:00:00.000000000,1900-01-01 00:00:00.000000000,2009-03-09 22:33:54.748800000,2008-09-18 16:43:17.126400000,56 days 01:26:05.251200000,-77 days +01:26:05.251200000,-133 days +00:00:00.000000000
496,2009-05-26 00:00:00.000000000,2009-01-22 00:00:00.000000000,2009-01-22 00:00:00.000000000,1980-01-01 00:00:00.000000000,1900-01-01 00:00:00.000000000,2009-03-30 22:33:54.748800000,2008-10-09 16:43:17.126400000,56 days 01:26:05.251200000,-68 days +01:26:05.251200000,-124 days +00:00:00.000000000
497,2009-03-31 00:00:00.000000000,2008-11-21 00:00:00.000000000,2008-11-21 00:00:00.000000000,1980-01-01 00:00:00.000000000,1900-01-01 00:00:00.000000000,2009-02-02 22:33:54.748800000,2008-08-14 16:43:17.126400000,56 days 01:26:05.251200000,-74 days +01:26:05.251200000,-130 days +00:00:00.000000000
498,2009-03-31 00:00:00.000000000,2008-11-21 00:00:00.000000000,2008-11-21 00:00:00.000000000,1980-01-01 00:00:00.000000000,1900-01-01 00:00:00.000000000,2009-02-02 22:33:54.748800000,2008-08-14 16:43:17.126400000,56 days 01:26:05.251200000,-74 days +01:26:05.251200000,-130 days +00:00:00.000000000
499,2009-03-31 00:00:00.000000000,2008-11-21 00:00:00.000000000,2008-11-21 00:00:00.000000000,1980-01-01 00:00:00.000000000,1900-01-01 00:00:00.000000000,2009-02-02 22:33:54.748800000,2008-08-14 16:43:17.126400000,56 days 01:26:05.251200000,-74 days +01:26:05.251200000,-130 days +00:00:00.000000000
500,2009-04-01 00:00:00.000000000,2008-11-21 00:00:00.000000000,2008-11-21 00:00:00.000000000,1980-01-01 00:00:00.000000000,1900-01-01 00:00:00.000000000,2009-02-03 22:33:54.748800000,2008-08-15 16:43:17.126400000,56 days 01:26:05.251200000,-75 days +01:26:05.251200000,-131 days +00:00:00.000000000
501,2009-04-01 00:00:00.000000000,2008-11-26 00:00:00.000000000,2008-11-26 00:00:00.000000000,1980-01-01 00:00:00.000000000,1900-01-01 00:00:00.000000000,2009-02-03 22:33:54.748800000,2008-08-15 16:43:17.126400000,56 days 01:26:05.251200000,-70 days +01:26:05.251200000,-126 days +00:00:00.000000000
502,2009-04-03 00:00:00.000000000,2009-02-11 00:00:00.000000000,2009-02-11 00:00:00.000000000,1980-01-01 00:00:00.000000000,1900-01-01 00:00:00.000000000,2009-02-05 22:33:54.748800000,2008-08-17 16:43:17.126400000,56 days 01:26:05.251200000,5 days 01:26:05.251200000,-51 days +00:00:00.000000000
503,2009-03-30 00:00:00.000000000,2009-01-21 00:00:00.000000000,2009-01-21 00:00:00.000000000,1980-01-01 00:00:00.000000000,1900-01-01 00:00:00.000000000,2009-02-01 22:33:54.748800000,2008-08-13 16:43:17.126400000,56 days 01:26:05.251200000,-12 days +01:26:05.251200000,-68 days +00:00:00.000000000
504,2009-03-30 00:00:00.000000000,2009-01-21 00:00:00.000000000,2009-01-21 00:00:00.000000000,1980-01-01 00:00:00.000000000,1900-01-01 00:00:00.000000000,2009-02-01 22:33:54.748800000,2008-08-13 16:43:17.126400000,56 days 01:26:05.251200000,-12 days +01:26:05.251200000,-68 days +00:00:00.000000000
505,2009-03-30 00:00:00.000000000,2009-01-21 00:00:00.000000000,2009-01-21 00:00:00.000000000,1980-01-01 00:00:00.000000000,1900-01-01 00:00:00.000000000,2009-02-01 22:33:54.748800000,2008-08-13 16:43:17.126400000,56 days 01:26:05.251200000,-12 days +01:26:05.251200000,-68 days +00:00:00.000000000
506,2009-06-25 00:00:00.000000000,2009-06-25 00:00:00.000000000,2009-06-25 00:00:00.000000000,1980-01-01 00:00:00.000000000,2009-03-18 00:00:00.000000000,2009-03-18 00:00:00.000000000,2008-09-26 18:09:22.377600000,99 days 00:00:00.000000000,99 days 00:00:00.000000000,0 days 00:00:00.000000000
507,2009-06-25 00:00:00.000000000,2009-04-15 00:00:00.000000000,2009-04-15 00:00:00.000000000,1980-01-01 00:00:00.000000000,2009-03-27 00:00:00.000000000,2009-03-27 00:00:00.000000000,2008-10-05 18:09:22.377600000,90 days 00:00:00.000000000,19 days 00:00:00.000000000,-71 days +00:00:00.000000000
508,2009-04-17 00:00:00.000000000,2009-04-17 00:00:00.000000000,2009-04-17 00:00:00.000000000,1980-01-01 00:00:00.000000000,2009-03-25 00:00:00.000000000,2009-03-25 00:00:00.000000000,2008-10-03 18:09:22.377600000,23 days 00:00:00.000000000,23 days 00:00:00.000000000,0 days 00:00:00.000000000
509,2009-04-21 00:00:00.000000000,2009-04-17 00:00:00.000000000,2009-04-17 00:00:00.000000000,1980-01-01 00:00:00.000000000,2009-04-02 00:00:00.000000000,2009-04-02 00:00:00.000000000,2008-10-11 18:09:22.377600000,19 days 00:00:00.000000000,15 days 00:00:00.000000000,-4 days +00:00:00.000000000
510,2009-05-15 00:00:00.000000000,2009-05-15 00:00:00.000000000,2009-05-15 00:00:00.000000000,1980-01-01 00:00:00.000000000,1900-01-01 00:00:00.000000000,2009-03-19 22:33:54.748800000,2008-09-28 16:43:17.126400000,56 days 01:26:05.251200000,56 days 01:26:05.251200000,0 days 00:00:00.000000000
511,2009-05-15 00:00:00.000000000,2009-04-21 00:00:00.000000000,2009-04-21 00:00:00.000000000,1980-01-01 00:00:00.000000000,2009-04-02 00:00:00.000000000,2009-04-02 00:00:00.000000000,2008-10-11 18:09:22.377600000,43 days 00:00:00.000000000,19 days 00:00:00.000000000,-24 days +00:00:00.000000000
512,2009-08-12 00:00:00.000000000,2009-08-12 00:00:00.000000000,2009-08-12 00:00:00.000000000,1980-01-01 00:00:00.000000000,2009-07-15 00:00:00.000000000,2009-07-15 00:00:00.000000000,2009-01-23 18:09:22.377600000,28 days 00:00:00.000000000,28 days 00:00:00.000000000,0 days 00:00:00.000000000
513,2009-09-03 00:00:00.000000000,2009-09-03 00:00:00.000000000,2009-09-03 00:00:00.000000000,1980-01-01 00:00:00.000000000,2009-04-10 00:00:00.000000000,2009-04-10 00:00:00.000000000,2008-10-19 18:09:22.377600000,146 days 00:00:00.000000000,146 days 00:00:00.000000000,0 days 00:00:00.000000000
514,2009-06-10 00:00:00.000000000,2009-06-09 00:00:00.000000000,2009-06-09 00:00:00.000000000,1980-01-01 00:00:00.000000000,2009-04-15 00:00:00.000000000,2009-04-15 00:00:00.000000000,2008-10-24 18:09:22.377600000,56 days 00:00:00.000000000,55 days 00:00:00.000000000,-1 days +00:00:00.000000000
515,2009-06-10 00:00:00.000000000,2009-06-17 00:00:00.000000000,2009-06-17 00:00:00.000000000,1980-01-01 00:00:00.000000000,2009-04-15 00:00:00.000000000,2009-04-15 00:00:00.000000000,2008-10-24 18:09:22.377600000,56 days 00:00:00.000000000,63 days 00:00:00.000000000,7 days 00:00:00.000000000
516,2009-05-27 00:00:00.000000000,2009-05-27 00:00:00.000000000,2009-05-27 00:00:00.000000000,1980-01-01 00:00:00.000000000,2009-04-29 00:00:00.000000000,2009-04-29 00:00:00.000000000,2008-11-07 18:09:22.377600000,28 days 00:00:00.000000000,28 days 00:00:00.000000000,0 days 00:00:00.000000000
517,2009-07-30 00:00:00.000000000,2009-07-30 00:00:00.000000000,2009-07-30 00:00:00.000000000,1980-01-01 00:00:00.000000000,2009-05-28 00:00:00.000000000,2009-05-28 00:00:00.000000000,2008-12-06 18:09:22.377600000,63 days 00:00:00.000000000,63 days 00:00:00.000000000,0 days 00:00:00.000000000
518,2009-10-12 00:00:00.000000000,2009-07-21 00:00:00.000000000,2009-07-21 00:00:00.000000000,1980-01-01 00:00:00.000000000,2009-06-05 00:00:00.000000000,2009-06-05 00:00:00.000000000,2008-12-14 18:09:22.377600000,129 days 00:00:00.000000000,46 days 00:00:00.000000000,-83 days +00:00:00.000000000
519,2009-10-12 00:00:00.000000000,2009-07-28 00:00:00.000000000,2009-07-28 00:00:00.000000000,1980-01-01 00:00:00.000000000,2009-06-05 00:00:00.000000000,2009-06-05 00:00:00.000000000,2008-12-14 18:09:22.377600000,129 days 00:00:00.000000000,53 days 00:00:00.000000000,-76 days +00:00:00.000000000
520,2009-09-01 00:00:00.000000000,2009-09-01 00:00:00.000000000,2009-09-01 00:00:00.000000000,1980-01-01 00:00:00.000000000,2009-06-04 00:00:00.000000000,2009-06-04 00:00:00.000000000,2008-12-13 18:09:22.377600000,89 days 00:00:00.000000000,89 days 00:00:00.000000000,0 days 00:00:00.000000000
521,2009-09-15 00:00:00.000000000,2009-09-15 00:00:00.000000000,2009-09-15 00:00:00.000000000,1980-01-01 00:00:00.000000000,2009-03-30 00:00:00.000000000,2009-03-30 00:00:00.000000000,2008-10-08 18:09:22.377600000,169 days 00:00:00.000000000,169 days 00:00:00.000000000,0 days 00:00:00.000000000
522,2006-05-02 00:00:00.000000000,2006-05-02 00:00:00.000000000,2006-05-02 00:00:00.000000000,1980-01-01 00:00:00.000000000,1900-01-01 00:00:00.000000000,2006-02-22 00:00:00.000000000,2005-09-02 18:09:22.377600000,69 days 00:00:00.000000000,69 days 00:00:00.000000000,0 days 00:00:00.000000000
523,2006-08-08 00:00:00.000000000,2006-08-08 00:00:00.000000000,2006-08-08 00:00:00.000000000,1980-01-01 00:00:00.000000000,1900-01-01 00:00:00.000000000,2006-05-31 00:00:00.000000000,2005-12-09 18:09:22.377600000,69 days 00:00:00.000000000,69 days 00:00:00.000000000,0 days 00:00:00.000000000
524,2006-09-15 00:00:00.000000000,2006-09-15 00:00:00.000000000,2006-09-15 00:00:00.000000000,1980-01-01 00:00:00.000000000,1900-01-01 00:00:00.000000000,2006-08-04 12:00:00.000000000,2006-02-13 06:09:22.377600000,41 days 12:00:00.000000000,41 days 12:00:00.000000000,0 days 00:00:00.000000000
525,2006-09-28 00:00:00.000000000,2006-09-28 00:00:00.000000000,2006-09-28 00:00:00.000000000,1980-01-01 00:00:00.000000000,1900-01-01 00:00:00.000000000,2006-08-17 12:00:00.000000000,2006-02-26 06:09:22.377600000,41 days 12:00:00.000000000,41 days 12:00:00.000000000,0 days 00:00:00.000000000
526,2006-09-06 00:00:00.000000000,2006-09-06 00:00:00.000000000,2006-09-06 00:00:00.000000000,1980-01-01 00:00:00.000000000,1900-01-01 00:00:00.000000000,2006-06-29 00:00:00.000000000,2006-01-07 18:09:22.377600000,69 days 00:00:00.000000000,69 days 00:00:00.000000000,0 days 00:00:00.000000000
527,2006-09-06 00:00:00.000000000,2006-09-06 00:00:00.000000000,2006-09-06 00:00:00.000000000,1980-01-01 00:00:00.000000000,1900-01-01 00:00:00.000000000,2006-06-29 00:00:00.000000000,2006-01-07 18:09:22.377600000,69 days 00:00:00.000000000,69 days 00:00:00.000000000,0 days 00:00:00.000000000
528,2006-12-25 00:00:00.000000000,2006-12-25 00:00:00.000000000,2006-12-25 00:00:00.000000000,1980-01-01 00:00:00.000000000,1900-01-01 00:00:00.000000000,2006-11-13 12:00:00.000000000,2006-05-25 06:09:22.377600000,41 days 12:00:00.000000000,41 days 12:00:00.000000000,0 days 00:00:00.000000000
529,2006-12-22 00:00:00.000000000,2006-12-22 00:00:00.000000000,2006-12-22 00:00:00.000000000,1980-01-01 00:00:00.000000000,1900-01-01 00:00:00.000000000,2006-11-10 12:00:00.000000000,2006-05-22 06:09:22.377600000,41 days 12:00:00.000000000,41 days 12:00:00.000000000,0 days 00:00:00.000000000
530,2006-12-20 00:00:00.000000000,2006-12-20 00:00:00.000000000,2006-12-20 00:00:00.000000000,1980-01-01 00:00:00.000000000,1900-01-01 00:00:00.000000000,2006-11-08 12:00:00.000000000,2006-05-20 06:09:22.377600000,41 days 12:00:00.000000000,41 days 12:00:00.000000000,0 days 00:00:00.000000000
531,2007-03-14 00:00:00.000000000,2007-03-14 00:00:00.000000000,2007-03-14 00:00:00.000000000,1980-01-01 00:00:00.000000000,2006-11-14 00:00:00.000000000,2006-11-14 00:00:00.000000000,2006-05-25 18:09:22.377600000,120 days 00:00:00.000000000,120 days 00:00:00.000000000,0 days 00:00:00.000000000
532,2007-03-14 00:00:00.000000000,2007-05-16 00:00:00.000000000,2007-05-16 00:00:00.000000000,1980-01-01 00:00:00.000000000,2006-11-14 00:00:00.000000000,2006-11-14 00:00:00.000000000,2006-05-25 18:09:22.377600000,120 days 00:00:00.000000000,183 days 00:00:00.000000000,63 days 00:00:00.000000000
533,2007-03-14 00:00:00.000000000,2007-03-14 00:00:00.000000000,2007-03-14 00:00:00.000000000,1980-01-01 00:00:00.000000000,2006-11-14 00:00:00.000000000,2006-11-14 00:00:00.000000000,2006-05-25 18:09:22.377600000,120 days 00:00:00.000000000,120 days 00:00:00.000000000,0 days 00:00:00.000000000
534,2007-03-14 00:00:00.000000000,2007-03-14 00:00:00.000000000,2007-03-14 00:00:00.000000000,1980-01-01 00:00:00.000000000,2006-11-14 00:00:00.000000000,2006-11-14 00:00:00.000000000,2006-05-25 18:09:22.377600000,120 days 00:00:00.000000000,120 days 00:00:00.000000000,0 days 00:00:00.000000000
535,2007-04-16 00:00:00.000000000,2007-04-16 00:00:00.000000000,2007-04-16 00:00:00.000000000,1980-01-01 00:00:00.000000000,2006-11-29 00:00:00.000000000,2006-11-29 00:00:00.000000000,2006-06-09 18:09:22.377600000,138 days 00:00:00.000000000,138 days 00:00:00.000000000,0 days 00:00:00.000000000
536,2006-11-15 00:00:00.000000000,2006-11-15 00:00:00.000000000,2006-11-15 00:00:00.000000000,1980-01-01 00:00:00.000000000,1900-01-01 00:00:00.000000000,2006-10-04 12:00:00.000000000,2006-04-15 06:09:22.377600000,41 days 12:00:00.000000000,41 days 12:00:00.000000000,0 days 00:00:00.000000000
537,2007-01-18 00:00:00.000000000,2007-01-18 00:00:00.000000000,2007-01-18 00:00:00.000000000,1980-01-01 00:00:00.000000000,1900-01-01 00:00:00.000000000,2006-12-10 14:24:00.000000000,2006-06-21 08:33:22.377600000,38 days 09:36:00.000000000,38 days 09:36:00.000000000,0 days 00:00:00.000000000
538,2006-12-17 00:00:00.000000000,2006-12-17 00:00:00.000000000,2006-12-17 00:00:00.000000000,1980-01-01 00:00:00.000000000,1900-01-01 00:00:00.000000000,2006-11-05 12:00:00.000000000,2006-05-17 06:09:22.377600000,41 days 12:00:00.000000000,41 days 12:00:00.000000000,0 days 00:00:00.000000000
539,2007-03-19 00:00:00.000000000,2007-03-19 00:00:00.000000000,2007-03-19 00:00:00.000000000,1980-01-01 00:00:00.000000000,2007-01-19 00:00:00.000000000,2007-01-19 00:00:00.000000000,2006-07-30 18:09:22.377600000,59 days 00:00:00.000000000,59 days 00:00:00.000000000,0 days 00:00:00.000000000
540,2007-03-23 00:00:00.000000000,2007-03-23 00:00:00.000000000,2007-03-23 00:00:00.000000000,1980-01-01 00:00:00.000000000,2007-01-25 00:00:00.000000000,2007-01-25 00:00:00.000000000,2006-08-05 18:09:22.377600000,57 days 00:00:00.000000000,57 days 00:00:00.000000000,0 days 00:00:00.000000000
541,2007-04-30 00:00:00.000000000,2007-04-30 00:00:00.000000000,2007-04-30 00:00:00.000000000,1980-01-01 00:00:00.000000000,2007-04-02 00:00:00.000000000,2007-04-02 00:00:00.000000000,2006-10-11 18:09:22.377600000,28 days 00:00:00.000000000,28 days 00:00:00.000000000,0 days 00:00:00.000000000
542,2007-08-07 00:00:00.000000000,2007-08-07 00:00:00.000000000,2007-08-07 00:00:00.000000000,1980-01-01 00:00:00.000000000,2007-07-06 00:00:00.000000000,2007-07-06 00:00:00.000000000,2007-01-14 18:09:22.377600000,32 days 00:00:00.000000000,32 days 00:00:00.000000000,0 days 00:00:00.000000000
543,2007-08-09 00:00:00.000000000,2007-08-21 00:00:00.000000000,2007-08-21 00:00:00.000000000,1980-01-01 00:00:00.000000000,2007-07-25 00:00:00.000000000,2007-07-25 00:00:00.000000000,2007-02-02 18:09:22.377600000,15 days 00:00:00.000000000,27 days 00:00:00.000000000,12 days 00:00:00.000000000
544,2007-08-24 00:00:00.000000000,2007-08-24 00:00:00.000000000,2007-08-24 00:00:00.000000000,1980-01-01 00:00:00.000000000,2007-05-09 00:00:00.000000000,2007-05-09 00:00:00.000000000,2006-11-17 18:09:22.377600000,107 days 00:00:00.000000000,107 days 00:00:00.000000000,0 days 00:00:00.000000000
545,2007-08-13 00:00:00.000000000,2007-08-13 00:00:00.000000000,2007-08-13 00:00:00.000000000,1980-01-01 00:00:00.000000000,2007-07-26 00:00:00.000000000,2007-07-26 00:00:00.000000000,2007-02-03 18:09:22.377600000,18 days 00:00:00.000000000,18 days 00:00:00.000000000,0 days 00:00:00.000000000
546,2007-08-13 00:00:00.000000000,2007-08-07 00:00:00.000000000,2007-08-07 00:00:00.000000000,1980-01-01 00:00:00.000000000,2007-07-26 00:00:00.000000000,2007-07-26 00:00:00.000000000,2007-02-03 18:09:22.377600000,18 days 00:00:00.000000000,12 days 00:00:00.000000000,-6 days +00:00:00.000000000
547,2007-10-23 00:00:00.000000000,2007-10-23 00:00:00.000000000,2007-10-23 00:00:00.000000000,1980-01-01 00:00:00.000000000,2007-09-18 00:00:00.000000000,2007-09-18 00:00:00.000000000,2007-03-29 18:09:22.377600000,35 days 00:00:00.000000000,35 days 00:00:00.000000000,0 days 00:00:00.000000000
548,2007-11-19 00:00:00.000000000,2007-11-19 00:00:00.000000000,2007-11-19 00:00:00.000000000,1980-01-01 00:00:00.000000000,2007-10-18 00:00:00.000000000,2007-10-18 00:00:00.000000000,2007-04-28 18:09:22.377600000,32 days 00:00:00.000000000,32 days 00:00:00.000000000,0 days 00:00:00.000000000
549,2008-01-29 00:00:00.000000000,2008-01-29 00:00:00.000000000,2008-01-29 00:00:00.000000000,1980-01-01 00:00:00.000000000,2007-11-12 00:00:00.000000000,2007-11-12 00:00:00.000000000,2007-05-23 18:09:22.377600000,78 days 00:00:00.000000000,78 days 00:00:00.000000000,0 days 00:00:00.000000000
550,2008-01-29 00:00:00.000000000,2008-01-29 00:00:00.000000000,2008-01-29 00:00:00.000000000,1980-01-01 00:00:00.000000000,2007-11-12 00:00:00.000000000,2007-11-12 00:00:00.000000000,2007-05-23 18:09:22.377600000,78 days 00:00:00.000000000,78 days 00:00:00.000000000,0 days 00:00:00.000000000
551,2008-01-29 00:00:00.000000000,2008-01-29 00:00:00.000000000,2008-01-29 00:00:00.000000000,1980-01-01 00:00:00.000000000,2007-11-12 00:00:00.000000000,2007-11-12 00:00:00.000000000,2007-05-23 18:09:22.377600000,78 days 00:00:00.000000000,78 days 00:00:00.000000000,0 days 00:00:00.000000000
552,2008-01-29 00:00:00.000000000,2008-01-29 00:00:00.000000000,2008-01-29 00:00:00.000000000,1980-01-01 00:00:00.000000000,2007-11-12 00:00:00.000000000,2007-11-12 00:00:00.000000000,2007-05-23 18:09:22.377600000,78 days 00:00:00.000000000,78 days 00:00:00.000000000,0 days 00:00:00.000000000
553,2008-03-06 00:00:00.000000000,2008-03-06 00:00:00.000000000,2008-03-06 00:00:00.000000000,1980-01-01 00:00:00.000000000,2007-11-22 00:00:00.000000000,2007-11-22 00:00:00.000000000,2007-06-02 18:09:22.377600000,105 days 00:00:00.000000000,105 days 00:00:00.000000000,0 days 00:00:00.000000000
554,2008-01-31 00:00:00.000000000,2008-01-28 00:00:00.000000000,2008-01-28 00:00:00.000000000,1980-01-01 00:00:00.000000000,2007-12-10 00:00:00.000000000,2007-12-10 00:00:00.000000000,2007-06-20 18:09:22.377600000,52 days 00:00:00.000000000,49 days 00:00:00.000000000,-3 days +00:00:00.000000000
555,2008-02-01 00:00:00.000000000,2008-02-01 00:00:00.000000000,2008-02-01 00:00:00.000000000,1980-01-01 00:00:00.000000000,2007-12-05 00:00:00.000000000,2007-12-05 00:00:00.000000000,2007-06-15 18:09:22.377600000,58 days 00:00:00.000000000,58 days 00:00:00.000000000,0 days 00:00:00.000000000
556,2008-03-10 00:00:00.000000000,2008-03-10 00:00:00.000000000,2008-03-10 00:00:00.000000000,1980-01-01 00:00:00.000000000,1900-01-01 00:00:00.000000000,2007-12-10 17:41:03.148800000,2007-06-21 11:50:25.526400000,90 days 06:18:56.851200000,90 days 06:18:56.851200000,0 days 00:00:00.000000000
557,2008-01-21 00:00:00.000000000,2008-01-04 00:00:00.000000000,2008-01-04 00:00:00.000000000,1980-01-01 00:00:00.000000000,2008-01-04 00:00:00.000000000,2008-01-04 00:00:00.000000000,2007-07-15 18:09:22.377600000,17 days 00:00:00.000000000,0 days 00:00:00.000000000,-17 days +00:00:00.000000000
558,2008-04-03 00:00:00.000000000,2008-04-03 00:00:00.000000000,2008-04-03 00:00:00.000000000,1980-01-01 00:00:00.000000000,2008-02-04 00:00:00.000000000,2008-02-04 00:00:00.000000000,2007-08-15 18:09:22.377600000,59 days 00:00:00.000000000,59 days 00:00:00.000000000,0 days 00:00:00.000000000
559,2008-09-19 00:00:00.000000000,2008-06-20 00:00:00.000000000,2008-06-20 00:00:00.000000000,1980-01-01 00:00:00.000000000,2008-01-29 00:00:00.000000000,2008-01-29 00:00:00.000000000,2007-08-09 18:09:22.377600000,234 days 00:00:00.000000000,143 days 00:00:00.000000000,-91 days +00:00:00.000000000
560,2008-03-10 00:00:00.000000000,2008-03-10 00:00:00.000000000,2008-03-10 00:00:00.000000000,1980-01-01 00:00:00.000000000,2008-02-06 00:00:00.000000000,2008-02-06 00:00:00.000000000,2007-08-17 18:09:22.377600000,33 days 00:00:00.000000000,33 days 00:00:00.000000000,0 days 00:00:00.000000000
561,2008-03-10 00:00:00.000000000,2008-03-04 00:00:00.000000000,2008-03-04 00:00:00.000000000,1980-01-01 00:00:00.000000000,2008-02-06 00:00:00.000000000,2008-02-06 00:00:00.000000000,2007-08-17 18:09:22.377600000,33 days 00:00:00.000000000,27 days 00:00:00.000000000,-6 days +00:00:00.000000000
562,2008-04-22 00:00:00.000000000,2008-04-22 00:00:00.000000000,2008-04-22 00:00:00.000000000,1980-01-01 00:00:00.000000000,2008-02-25 00:00:00.000000000,2008-02-25 00:00:00.000000000,2007-09-05 18:09:22.377600000,57 days 00:00:00.000000000,57 days 00:00:00.000000000,0 days 00:00:00.000000000
563,2009-03-19 00:00:00.000000000,2009-03-19 00:00:00.000000000,2009-03-19 00:00:00.000000000,1980-01-01 00:00:00.000000000,2008-03-03 00:00:00.000000000,2008-03-03 00:00:00.000000000,2007-09-12 18:09:22.377600000,381 days 00:00:00.000000000,381 days 00:00:00.000000000,0 days 00:00:00.000000000
564,2008-07-14 00:00:00.000000000,2008-07-14 00:00:00.000000000,2008-07-14 00:00:00.000000000,1980-01-01 00:00:00.000000000,2008-02-27 00:00:00.000000000,2008-02-27 00:00:00.000000000,2007-09-07 18:09:22.377600000,138 days 00:00:00.000000000,138 days 00:00:00.000000000,0 days 00:00:00.000000000
565,2008-06-23 00:00:00.000000000,2008-06-04 00:00:00.000000000,2008-06-04 00:00:00.000000000,1980-01-01 00:00:00.000000000,2008-03-11 00:00:00.000000000,2008-03-11 00:00:00.000000000,2007-09-20 18:09:22.377600000,104 days 00:00:00.000000000,85 days 00:00:00.000000000,-19 days +00:00:00.000000000
566,2008-05-08 00:00:00.000000000,2008-04-07 00:00:00.000000000,2008-04-07 00:00:00.000000000,1980-01-01 00:00:00.000000000,2008-03-11 00:00:00.000000000,2008-03-11 00:00:00.000000000,2007-09-20 18:09:22.377600000,58 days 00:00:00.000000000,27 days 00:00:00.000000000,-31 days +00:00:00.000000000
567,2008-05-22 00:00:00.000000000,2008-05-22 00:00:00.000000000,2008-05-22 00:00:00.000000000,1980-01-01 00:00:00.000000000,2008-03-11 00:00:00.000000000,2008-03-11 00:00:00.000000000,2007-09-20 18:09:22.377600000,72 days 00:00:00.000000000,72 days 00:00:00.000000000,0 days 00:00:00.000000000
568,2008-06-02 00:00:00.000000000,2008-06-02 00:00:00.000000000,2008-06-02 00:00:00.000000000,1980-01-01 00:00:00.000000000,2008-03-14 00:00:00.000000000,2008-03-14 00:00:00.000000000,2007-09-23 18:09:22.377600000,80 days 00:00:00.000000000,80 days 00:00:00.000000000,0 days 00:00:00.000000000
569,2008-06-02 00:00:00.000000000,2008-06-02 00:00:00.000000000,2008-06-02 00:00:00.000000000,1980-01-01 00:00:00.000000000,2008-03-13 00:00:00.000000000,2008-03-13 00:00:00.000000000,2007-09-22 18:09:22.377600000,81 days 00:00:00.000000000,81 days 00:00:00.000000000,0 days 00:00:00.000000000
570,2008-05-30 00:00:00.000000000,2008-05-30 00:00:00.000000000,2008-05-30 00:00:00.000000000,1980-01-01 00:00:00.000000000,2008-03-18 00:00:00.000000000,2008-03-18 00:00:00.000000000,2007-09-27 18:09:22.377600000,73 days 00:00:00.000000000,73 days 00:00:00.000000000,0 days 00:00:00.000000000
571,2008-04-24 00:00:00.000000000,2008-02-29 00:00:00.000000000,2008-02-29 00:00:00.000000000,1980-01-01 00:00:00.000000000,2008-02-20 00:00:00.000000000,2008-02-20 00:00:00.000000000,2007-08-31 18:09:22.377600000,64 days 00:00:00.000000000,9 days 00:00:00.000000000,-55 days +00:00:00.000000000
572,2008-04-24 00:00:00.000000000,2008-04-24 00:00:00.000000000,2008-04-24 00:00:00.000000000,1980-01-01 00:00:00.000000000,2008-02-20 00:00:00.000000000,2008-02-20 00:00:00.000000000,2007-08-31 18:09:22.377600000,64 days 00:00:00.000000000,64 days 00:00:00.000000000,0 days 00:00:00.000000000
573,2008-04-24 00:00:00.000000000,2008-04-24 00:00:00.000000000,2008-04-24 00:00:00.000000000,1980-01-01 00:00:00.000000000,2008-02-20 00:00:00.000000000,2008-02-20 00:00:00.000000000,2007-08-31 18:09:22.377600000,64 days 00:00:00.000000000,64 days 00:00:00.000000000,0 days 00:00:00.000000000
574,2008-04-24 00:00:00.000000000,2008-04-24 00:00:00.000000000,2008-04-24 00:00:00.000000000,1980-01-01 00:00:00.000000000,2008-02-20 00:00:00.000000000,2008-02-20 00:00:00.000000000,2007-08-31 18:09:22.377600000,64 days 00:00:00.000000000,64 days 00:00:00.000000000,0 days 00:00:00.000000000
575,2008-07-14 00:00:00.000000000,2008-07-14 00:00:00.000000000,2008-07-14 00:00:00.000000000,1980-01-01 00:00:00.000000000,2008-03-31 00:00:00.000000000,2008-03-31 00:00:00.000000000,2007-10-10 18:09:22.377600000,105 days 00:00:00.000000000,105 days 00:00:00.000000000,0 days 00:00:00.000000000
576,2008-06-01 00:00:00.000000000,2008-05-22 00:00:00.000000000,2008-05-22 00:00:00.000000000,1980-01-01 00:00:00.000000000,2008-04-10 00:00:00.000000000,2008-04-10 00:00:00.000000000,2007-10-20 18:09:22.377600000,52 days 00:00:00.000000000,42 days 00:00:00.000000000,-10 days +00:00:00.000000000
577,2008-05-09 00:00:00.000000000,2008-05-09 00:00:00.000000000,2008-05-09 00:00:00.000000000,1980-01-01 00:00:00.000000000,2008-04-07 00:00:00.000000000,2008-04-07 00:00:00.000000000,2007-10-17 18:09:22.377600000,32 days 00:00:00.000000000,32 days 00:00:00.000000000,0 days 00:00:00.000000000
578,2008-04-25 00:00:00.000000000,2008-04-07 00:00:00.000000000,2008-04-07 00:00:00.000000000,1980-01-01 00:00:00.000000000,2008-04-04 00:00:00.000000000,2008-04-04 00:00:00.000000000,2007-10-14 18:09:22.377600000,21 days 00:00:00.000000000,3 days 00:00:00.000000000,-18 days +00:00:00.000000000
579,2009-01-20 00:00:00.000000000,2009-01-20 00:00:00.000000000,2009-01-20 00:00:00.000000000,1980-01-01 00:00:00.000000000,2008-04-28 00:00:00.000000000,2008-04-28 00:00:00.000000000,2007-11-07 18:09:22.377600000,267 days 00:00:00.000000000,267 days 00:00:00.000000000,0 days 00:00:00.000000000
580,2008-09-19 00:00:00.000000000,2008-09-19 00:00:00.000000000,2008-09-19 00:00:00.000000000,1980-01-01 00:00:00.000000000,2008-05-13 00:00:00.000000000,2008-05-13 00:00:00.000000000,2007-11-22 18:09:22.377600000,129 days 00:00:00.000000000,129 days 00:00:00.000000000,0 days 00:00:00.000000000
581,2008-11-16 00:00:00.000000000,2008-11-16 00:00:00.000000000,2008-11-16 00:00:00.000000000,1980-01-01 00:00:00.000000000,2008-05-13 00:00:00.000000000,2008-05-13 00:00:00.000000000,2007-11-22 18:09:22.377600000,187 days 00:00:00.000000000,187 days 00:00:00.000000000,0 days 00:00:00.000000000
582,2008-09-20 00:00:00.000000000,2008-09-20 00:00:00.000000000,2008-09-20 00:00:00.000000000,1980-01-01 00:00:00.000000000,2008-05-13 00:00:00.000000000,2008-05-13 00:00:00.000000000,2007-11-22 18:09:22.377600000,130 days 00:00:00.000000000,130 days 00:00:00.000000000,0 days 00:00:00.000000000
583,2008-08-20 00:00:00.000000000,2008-05-14 00:00:00.000000000,2008-05-14 00:00:00.000000000,1980-01-01 00:00:00.000000000,1900-01-01 00:00:00.000000000,2008-07-04 16:00:00.028800000,2008-01-14 10:09:22.406400000,46 days 07:59:59.971200000,-52 days +07:59:59.971200000,-98 days +00:00:00.000000000
584,2008-08-20 00:00:00.000000000,2008-05-08 00:00:00.000000000,2008-05-08 00:00:00.000000000,1980-01-01 00:00:00.000000000,1900-01-01 00:00:00.000000000,2008-07-04 16:00:00.028800000,2008-01-14 10:09:22.406400000,46 days 07:59:59.971200000,-58 days +07:59:59.971200000,-104 days +00:00:00.000000000
585,2008-08-20 00:00:00.000000000,2008-05-08 00:00:00.000000000,2008-05-08 00:00:00.000000000,1980-01-01 00:00:00.000000000,1900-01-01 00:00:00.000000000,2008-07-04 16:00:00.028800000,2008-01-14 10:09:22.406400000,46 days 07:59:59.971200000,-58 days +07:59:59.971200000,-104 days +00:00:00.000000000
586,2008-08-20 00:00:00.000000000,2008-05-08 00:00:00.000000000,2008-05-08 00:00:00.000000000,1980-01-01 00:00:00.000000000,1900-01-01 00:00:00.000000000,2008-07-04 16:00:00.028800000,2008-01-14 10:09:22.406400000,46 days 07:59:59.971200000,-58 days +07:59:59.971200000,-104 days +00:00:00.000000000
587,2008-08-22 00:00:00.000000000,2008-08-22 00:00:00.000000000,2008-08-22 00:00:00.000000000,1980-01-01 00:00:00.000000000,2008-05-20 00:00:00.000000000,2008-05-20 00:00:00.000000000,2007-11-29 18:09:22.377600000,94 days 00:00:00.000000000,94 days 00:00:00.000000000,0 days 00:00:00.000000000
588,2008-10-10 00:00:00.000000000,2008-10-10 00:00:00.000000000,2008-10-10 00:00:00.000000000,1980-01-01 00:00:00.000000000,2008-05-20 00:00:00.000000000,2008-05-20 00:00:00.000000000,2007-11-29 18:09:22.377600000,143 days 00:00:00.000000000,143 days 00:00:00.000000000,0 days 00:00:00.000000000
589,2009-01-14 00:00:00.000000000,2009-01-14 00:00:00.000000000,2009-01-14 00:00:00.000000000,1980-01-01 00:00:00.000000000,2008-05-23 00:00:00.000000000,2008-05-23 00:00:00.000000000,2007-12-02 18:09:22.377600000,236 days 00:00:00.000000000,236 days 00:00:00.000000000,0 days 00:00:00.000000000
590,2008-07-22 00:00:00.000000000,2008-07-22 00:00:00.000000000,2008-07-22 00:00:00.000000000,1980-01-01 00:00:00.000000000,2008-06-12 00:00:00.000000000,2008-06-12 00:00:00.000000000,2007-12-22 18:09:22.377600000,40 days 00:00:00.000000000,40 days 00:00:00.000000000,0 days 00:00:00.000000000
591,2009-01-22 00:00:00.000000000,2009-01-22 00:00:00.000000000,2009-01-22 00:00:00.000000000,1980-01-01 00:00:00.000000000,2008-06-12 00:00:00.000000000,2008-06-12 00:00:00.000000000,2007-12-22 18:09:22.377600000,224 days 00:00:00.000000000,224 days 00:00:00.000000000,0 days 00:00:00.000000000
592,2008-09-03 00:00:00.000000000,2008-09-03 00:00:00.000000000,2008-09-03 00:00:00.000000000,1980-01-01 00:00:00.000000000,2008-07-01 00:00:00.000000000,2008-07-01 00:00:00.000000000,2008-01-10 18:09:22.377600000,64 days 00:00:00.000000000,64 days 00:00:00.000000000,0 days 00:00:00.000000000
593,2008-09-19 00:00:00.000000000,2008-09-19 00:00:00.000000000,2008-09-19 00:00:00.000000000,1980-01-01 00:00:00.000000000,2008-07-01 00:00:00.000000000,2008-07-01 00:00:00.000000000,2008-01-10 18:09:22.377600000,80 days 00:00:00.000000000,80 days 00:00:00.000000000,0 days 00:00:00.000000000
594,2008-09-08 00:00:00.000000000,2008-09-08 00:00:00.000000000,2008-09-08 00:00:00.000000000,1980-01-01 00:00:00.000000000,2008-07-04 00:00:00.000000000,2008-07-04 00:00:00.000000000,2008-01-13 18:09:22.377600000,66 days 00:00:00.000000000,66 days 00:00:00.000000000,0 days 00:00:00.000000000
595,2008-07-10 00:00:00.000000000,2008-07-08 00:00:00.000000000,2008-07-08 00:00:00.000000000,1980-01-01 00:00:00.000000000,1900-01-01 00:00:00.000000000,2008-05-24 16:00:00.028800000,2007-12-04 10:09:22.406400000,46 days 07:59:59.971200000,44 days 07:59:59.971200000,-2 days +00:00:00.000000000
596,2008-10-09 00:00:00.000000000,2008-10-09 00:00:00.000000000,2008-10-09 00:00:00.000000000,1980-01-01 00:00:00.000000000,2008-07-15 00:00:00.000000000,2008-07-15 00:00:00.000000000,2008-01-24 18:09:22.377600000,86 days 00:00:00.000000000,86 days 00:00:00.000000000,0 days 00:00:00.000000000
597,2008-11-07 00:00:00.000000000,2008-11-07 00:00:00.000000000,2008-11-07 00:00:00.000000000,1980-01-01 00:00:00.000000000,2008-07-18 00:00:00.000000000,2008-07-18 00:00:00.000000000,2008-01-27 18:09:22.377600000,112 days 00:00:00.000000000,112 days 00:00:00.000000000,0 days 00:00:00.000000000
598,2008-12-02 00:00:00.000000000,2008-12-02 00:00:00.000000000,2008-12-02 00:00:00.000000000,1980-01-01 00:00:00.000000000,2008-07-24 00:00:00.000000000,2008-07-24 00:00:00.000000000,2008-02-02 18:09:22.377600000,131 days 00:00:00.000000000,131 days 00:00:00.000000000,0 days 00:00:00.000000000
599,2008-11-21 00:00:00.000000000,2008-11-21 00:00:00.000000000,2008-11-21 00:00:00.000000000,1980-01-01 00:00:00.000000000,2008-07-24 00:00:00.000000000,2008-07-24 00:00:00.000000000,2008-02-02 18:09:22.377600000,120 days 00:00:00.000000000,120 days 00:00:00.000000000,0 days 00:00:00.000000000
600,2008-11-21 00:00:00.000000000,2008-11-21 00:00:00.000000000,2008-11-21 00:00:00.000000000,1980-01-01 00:00:00.000000000,2008-07-23 00:00:00.000000000,2008-07-23 00:00:00.000000000,2008-02-01 18:09:22.377600000,121 days 00:00:00.000000000,121 days 00:00:00.000000000,0 days 00:00:00.000000000
601,2008-10-06 00:00:00.000000000,2008-10-03 00:00:00.000000000,2008-10-03 00:00:00.000000000,1980-01-01 00:00:00.000000000,2008-08-22 00:00:00.000000000,2008-08-22 00:00:00.000000000,2008-03-02 18:09:22.377600000,45 days 00:00:00.000000000,42 days 00:00:00.000000000,-3 days +00:00:00.000000000
602,2008-08-25 00:00:00.000000000,2008-08-14 00:00:00.000000000,2008-08-14 00:00:00.000000000,1980-01-01 00:00:00.000000000,1900-01-01 00:00:00.000000000,2008-07-09 16:00:00.028800000,2008-01-19 10:09:22.406400000,46 days 07:59:59.971200000,35 days 07:59:59.971200000,-11 days +00:00:00.000000000
603,2008-08-25 00:00:00.000000000,2008-08-14 00:00:00.000000000,2008-08-14 00:00:00.000000000,1980-01-01 00:00:00.000000000,1900-01-01 00:00:00.000000000,2008-07-09 16:00:00.028800000,2008-01-19 10:09:22.406400000,46 days 07:59:59.971200000,35 days 07:59:59.971200000,-11 days +00:00:00.000000000
604,2008-10-13 00:00:00.000000000,2008-10-13 00:00:00.000000000,2008-10-13 00:00:00.000000000,1980-01-01 00:00:00.000000000,2008-08-28 00:00:00.000000000,2008-08-28 00:00:00.000000000,2008-03-08 18:09:22.377600000,46 days 00:00:00.000000000,46 days 00:00:00.000000000,0 days 00:00:00.000000000
605,2008-12-16 00:00:00.000000000,2008-10-16 00:00:00.000000000,2008-10-16 00:00:00.000000000,1980-01-01 00:00:00.000000000,1900-01-01 00:00:00.000000000,2008-09-16 17:41:03.148800000,2008-03-28 11:50:25.526400000,90 days 06:18:56.851200000,29 days 06:18:56.851200000,-61 days +00:00:00.000000000
606,2008-12-05 00:00:00.000000000,2008-12-05 00:00:00.000000000,2008-12-05 00:00:00.000000000,1980-01-01 00:00:00.000000000,2008-09-18 00:00:00.000000000,2008-09-18 00:00:00.000000000,2008-03-29 18:09:22.377600000,78 days 00:00:00.000000000,78 days 00:00:00.000000000,0 days 00:00:00.000000000
607,2008-10-29 00:00:00.000000000,2008-10-29 00:00:00.000000000,2008-10-29 00:00:00.000000000,1980-01-01 00:00:00.000000000,2008-09-24 00:00:00.000000000,2008-09-24 00:00:00.000000000,2008-04-04 18:09:22.377600000,35 days 00:00:00.000000000,35 days 00:00:00.000000000,0 days 00:00:00.000000000
608,2009-02-27 00:00:00.000000000,2009-02-27 00:00:00.000000000,2009-02-27 00:00:00.000000000,1980-01-01 00:00:00.000000000,2008-10-21 00:00:00.000000000,2008-10-21 00:00:00.000000000,2008-05-01 18:09:22.377600000,129 days 00:00:00.000000000,129 days 00:00:00.000000000,0 days 00:00:00.000000000
609,2009-02-23 00:00:00.000000000,2009-02-23 00:00:00.000000000,2009-02-23 00:00:00.000000000,1980-01-01 00:00:00.000000000,2008-10-21 00:00:00.000000000,2008-10-21 00:00:00.000000000,2008-05-01 18:09:22.377600000,125 days 00:00:00.000000000,125 days 00:00:00.000000000,0 days 00:00:00.000000000
610,2008-12-29 00:00:00.000000000,2008-12-29 00:00:00.000000000,2008-12-29 00:00:00.000000000,1980-01-01 00:00:00.000000000,2008-10-14 00:00:00.000000000,2008-10-14 00:00:00.000000000,2008-04-24 18:09:22.377600000,76 days 00:00:00.000000000,76 days 00:00:00.000000000,0 days 00:00:00.000000000
611,2009-02-18 00:00:00.000000000,2009-02-18 00:00:00.000000000,2009-02-18 00:00:00.000000000,1980-01-01 00:00:00.000000000,2008-10-22 00:00:00.000000000,2008-10-22 00:00:00.000000000,2008-05-02 18:09:22.377600000,119 days 00:00:00.000000000,119 days 00:00:00.000000000,0 days 00:00:00.000000000
612,2009-01-30 00:00:00.000000000,2008-11-24 00:00:00.000000000,2008-11-24 00:00:00.000000000,1980-01-01 00:00:00.000000000,2008-10-22 00:00:00.000000000,2008-10-22 00:00:00.000000000,2008-05-02 18:09:22.377600000,100 days 00:00:00.000000000,33 days 00:00:00.000000000,-67 days +00:00:00.000000000
613,2009-01-26 00:00:00.000000000,2009-01-26 00:00:00.000000000,2009-01-26 00:00:00.000000000,1980-01-01 00:00:00.000000000,2008-10-27 00:00:00.000000000,2008-10-27 00:00:00.000000000,2008-05-07 18:09:22.377600000,91 days 00:00:00.000000000,91 days 00:00:00.000000000,0 days 00:00:00.000000000
614,2009-05-17 00:00:00.000000000,2008-10-09 00:00:00.000000000,2008-10-09 00:00:00.000000000,1980-01-01 00:00:00.000000000,1900-01-01 00:00:00.000000000,2009-03-21 22:33:54.748800000,2008-09-30 16:43:17.126400000,56 days 01:26:05.251200000,-164 days +01:26:05.251200000,-220 days +00:00:00.000000000
615,2009-03-06 00:00:00.000000000,2009-03-06 00:00:00.000000000,2009-03-06 00:00:00.000000000,1980-01-01 00:00:00.000000000,2008-11-19 00:00:00.000000000,2008-11-19 00:00:00.000000000,2008-05-30 18:09:22.377600000,107 days 00:00:00.000000000,107 days 00:00:00.000000000,0 days 00:00:00.000000000
616,2009-01-20 00:00:00.000000000,2009-01-20 00:00:00.000000000,2009-01-20 00:00:00.000000000,1980-01-01 00:00:00.000000000,2008-12-19 00:00:00.000000000,2008-12-19 00:00:00.000000000,2008-06-29 18:09:22.377600000,32 days 00:00:00.000000000,32 days 00:00:00.000000000,0 days 00:00:00.000000000
617,2009-03-13 00:00:00.000000000,2009-03-13 00:00:00.000000000,2009-03-13 00:00:00.000000000,1980-01-01 00:00:00.000000000,2009-01-14 00:00:00.000000000,2009-01-14 00:00:00.000000000,2008-07-25 18:09:22.377600000,58 days 00:00:00.000000000,58 days 00:00:00.000000000,0 days 00:00:00.000000000
618,2009-04-07 00:00:00.000000000,2009-04-07 00:00:00.000000000,2009-04-07 00:00:00.000000000,1980-01-01 00:00:00.000000000,2009-01-16 00:00:00.000000000,2009-01-16 00:00:00.000000000,2008-07-27 18:09:22.377600000,81 days 00:00:00.000000000,81 days 00:00:00.000000000,0 days 00:00:00.000000000
619,2009-03-31 00:00:00.000000000,2009-03-31 00:00:00.000000000,2009-03-31 00:00:00.000000000,1980-01-01 00:00:00.000000000,2009-01-27 00:00:00.000000000,2009-01-27 00:00:00.000000000,2008-08-07 18:09:22.377600000,63 days 00:00:00.000000000,63 days 00:00:00.000000000,0 days 00:00:00.000000000
620,2009-04-28 00:00:00.000000000,2009-03-11 00:00:00.000000000,2009-03-11 00:00:00.000000000,1980-01-01 00:00:00.000000000,2009-02-18 00:00:00.000000000,2009-02-18 00:00:00.000000000,2008-08-29 18:09:22.377600000,69 days 00:00:00.000000000,21 days 00:00:00.000000000,-48 days +00:00:00.000000000
621,2009-04-15 00:00:00.000000000,2009-04-15 00:00:00.000000000,2009-04-15 00:00:00.000000000,1980-01-01 00:00:00.000000000,2009-03-06 00:00:00.000000000,2009-03-06 00:00:00.000000000,2008-09-14 18:09:22.377600000,40 days 00:00:00.000000000,40 days 00:00:00.000000000,0 days 00:00:00.000000000
622,2009-03-26 00:00:00.000000000,2009-03-26 00:00:00.000000000,2009-03-26 00:00:00.000000000,1980-01-01 00:00:00.000000000,2009-03-06 00:00:00.000000000,2009-03-06 00:00:00.000000000,2008-09-14 18:09:22.377600000,20 days 00:00:00.000000000,20 days 00:00:00.000000000,0 days 00:00:00.000000000
623,2009-03-17 00:00:00.000000000,2008-11-28 00:00:00.000000000,2008-11-28 00:00:00.000000000,1980-01-01 00:00:00.000000000,1900-01-01 00:00:00.000000000,2009-01-19 22:33:54.748800000,2008-07-31 16:43:17.126400000,56 days 01:26:05.251200000,-53 days +01:26:05.251200000,-109 days +00:00:00.000000000
624,2009-03-31 00:00:00.000000000,2008-12-02 00:00:00.000000000,2008-12-02 00:00:00.000000000,1980-01-01 00:00:00.000000000,1900-01-01 00:00:00.000000000,2009-02-02 22:33:54.748800000,2008-08-14 16:43:17.126400000,56 days 01:26:05.251200000,-63 days +01:26:05.251200000,-119 days +00:00:00.000000000
625,2009-03-31 00:00:00.000000000,2008-12-02 00:00:00.000000000,2008-12-02 00:00:00.000000000,1980-01-01 00:00:00.000000000,1900-01-01 00:00:00.000000000,2009-02-02 22:33:54.748800000,2008-08-14 16:43:17.126400000,56 days 01:26:05.251200000,-63 days +01:26:05.251200000,-119 days +00:00:00.000000000
626,2009-04-14 00:00:00.000000000,2008-12-04 00:00:00.000000000,2008-12-04 00:00:00.000000000,1980-01-01 00:00:00.000000000,1900-01-01 00:00:00.000000000,2009-02-16 22:33:54.748800000,2008-08-28 16:43:17.126400000,56 days 01:26:05.251200000,-75 days +01:26:05.251200000,-131 days +00:00:00.000000000
627,2009-06-16 00:00:00.000000000,2009-01-28 00:00:00.000000000,2009-01-28 00:00:00.000000000,1980-01-01 00:00:00.000000000,1900-01-01 00:00:00.000000000,2009-04-20 22:33:54.748800000,2008-10-30 16:43:17.126400000,56 days 01:26:05.251200000,-83 days +01:26:05.251200000,-139 days +00:00:00.000000000
628,2009-04-07 00:00:00.000000000,2008-12-03 00:00:00.000000000,2008-12-03 00:00:00.000000000,1980-01-01 00:00:00.000000000,1900-01-01 00:00:00.000000000,2009-02-09 22:33:54.748800000,2008-08-21 16:43:17.126400000,56 days 01:26:05.251200000,-69 days +01:26:05.251200000,-125 days +00:00:00.000000000
629,2009-04-21 00:00:00.000000000,2008-12-05 00:00:00.000000000,2008-12-05 00:00:00.000000000,1980-01-01 00:00:00.000000000,1900-01-01 00:00:00.000000000,2009-02-23 22:33:54.748800000,2008-09-04 16:43:17.126400000,56 days 01:26:05.251200000,-81 days +01:26:05.251200000,-137 days +00:00:00.000000000
630,2009-03-31 00:00:00.000000000,2008-11-21 00:00:00.000000000,2008-11-21 00:00:00.000000000,1980-01-01 00:00:00.000000000,1900-01-01 00:00:00.000000000,2009-02-02 22:33:54.748800000,2008-08-14 16:43:17.126400000,56 days 01:26:05.251200000,-74 days +01:26:05.251200000,-130 days +00:00:00.000000000
631,2009-04-01 00:00:00.000000000,2008-11-26 00:00:00.000000000,2008-11-26 00:00:00.000000000,1980-01-01 00:00:00.000000000,1900-01-01 00:00:00.000000000,2009-02-03 22:33:54.748800000,2008-08-15 16:43:17.126400000,56 days 01:26:05.251200000,-70 days +01:26:05.251200000,-126 days +00:00:00.000000000
632,2009-03-18 00:00:00.000000000,2009-03-18 00:00:00.000000000,2009-03-18 00:00:00.000000000,1980-01-01 00:00:00.000000000,1900-01-01 00:00:00.000000000,2009-01-20 22:33:54.748800000,2008-08-01 16:43:17.126400000,56 days 01:26:05.251200000,56 days 01:26:05.251200000,0 days 00:00:00.000000000
633,2009-03-30 00:00:00.000000000,2009-01-21 00:00:00.000000000,2009-01-21 00:00:00.000000000,1980-01-01 00:00:00.000000000,1900-01-01 00:00:00.000000000,2009-02-01 22:33:54.748800000,2008-08-13 16:43:17.126400000,56 days 01:26:05.251200000,-12 days +01:26:05.251200000,-68 days +00:00:00.000000000
634,2009-03-30 00:00:00.000000000,2009-01-21 00:00:00.000000000,2009-01-21 00:00:00.000000000,1980-01-01 00:00:00.000000000,1900-01-01 00:00:00.000000000,2009-02-01 22:33:54.748800000,2008-08-13 16:43:17.126400000,56 days 01:26:05.251200000,-12 days +01:26:05.251200000,-68 days +00:00:00.000000000
635,2009-06-25 00:00:00.000000000,2009-10-30 00:00:00.000000000,2009-10-30 00:00:00.000000000,1980-01-01 00:00:00.000000000,2009-03-18 00:00:00.000000000,2009-03-18 00:00:00.000000000,2008-09-26 18:09:22.377600000,99 days 00:00:00.000000000,226 days 00:00:00.000000000,127 days 00:00:00.000000000
636,2009-06-25 00:00:00.000000000,2009-04-08 00:00:00.000000000,2009-04-08 00:00:00.000000000,1980-01-01 00:00:00.000000000,2009-03-27 00:00:00.000000000,2009-03-27 00:00:00.000000000,2008-10-05 18:09:22.377600000,90 days 00:00:00.000000000,12 days 00:00:00.000000000,-78 days +00:00:00.000000000
637,2009-06-25 00:00:00.000000000,2009-04-21 00:00:00.000000000,2009-04-21 00:00:00.000000000,1980-01-01 00:00:00.000000000,2009-03-27 00:00:00.000000000,2009-03-27 00:00:00.000000000,2008-10-05 18:09:22.377600000,90 days 00:00:00.000000000,25 days 00:00:00.000000000,-65 days +00:00:00.000000000
638,2009-06-25 00:00:00.000000000,2009-04-15 00:00:00.000000000,2009-04-15 00:00:00.000000000,1980-01-01 00:00:00.000000000,2009-03-27 00:00:00.000000000,2009-03-27 00:00:00.000000000,2008-10-05 18:09:22.377600000,90 days 00:00:00.000000000,19 days 00:00:00.000000000,-71 days +00:00:00.000000000
639,2009-06-25 00:00:00.000000000,2009-04-16 00:00:00.000000000,2009-04-16 00:00:00.000000000,1980-01-01 00:00:00.000000000,2009-03-27 00:00:00.000000000,2009-03-27 00:00:00.000000000,2008-10-05 18:09:22.377600000,90 days 00:00:00.000000000,20 days 00:00:00.000000000,-70 days +00:00:00.000000000
640,2009-08-24 00:00:00.000000000,2009-08-24 00:00:00.000000000,2009-08-24 00:00:00.000000000,1980-01-01 00:00:00.000000000,2009-03-30 00:00:00.000000000,2009-03-30 00:00:00.000000000,2008-10-08 18:09:22.377600000,147 days 00:00:00.000000000,147 days 00:00:00.000000000,0 days 00:00:00.000000000
641,2009-04-21 00:00:00.000000000,2009-04-21 00:00:00.000000000,2009-04-21 00:00:00.000000000,1980-01-01 00:00:00.000000000,2009-04-02 00:00:00.000000000,2009-04-02 00:00:00.000000000,2008-10-11 18:09:22.377600000,19 days 00:00:00.000000000,19 days 00:00:00.000000000,0 days 00:00:00.000000000
642,2009-05-15 00:00:00.000000000,2009-04-20 00:00:00.000000000,2009-04-20 00:00:00.000000000,1980-01-01 00:00:00.000000000,2009-04-02 00:00:00.000000000,2009-04-02 00:00:00.000000000,2008-10-11 18:09:22.377600000,43 days 00:00:00.000000000,18 days 00:00:00.000000000,-25 days +00:00:00.000000000
643,2009-05-15 00:00:00.000000000,2009-04-23 00:00:00.000000000,2009-04-23 00:00:00.000000000,1980-01-01 00:00:00.000000000,2009-04-02 00:00:00.000000000,2009-04-02 00:00:00.000000000,2008-10-11 18:09:22.377600000,43 days 00:00:00.000000000,21 days 00:00:00.000000000,-22 days +00:00:00.000000000
644,2009-05-15 00:00:00.000000000,2009-04-23 00:00:00.000000000,2009-04-23 00:00:00.000000000,1980-01-01 00:00:00.000000000,2009-04-02 00:00:00.000000000,2009-04-02 00:00:00.000000000,2008-10-11 18:09:22.377600000,43 days 00:00:00.000000000,21 days 00:00:00.000000000,-22 days +00:00:00.000000000
645,2009-05-15 00:00:00.000000000,2009-04-23 00:00:00.000000000,2009-04-23 00:00:00.000000000,1980-01-01 00:00:00.000000000,2009-04-02 00:00:00.000000000,2009-04-02 00:00:00.000000000,2008-10-11 18:09:22.377600000,43 days 00:00:00.000000000,21 days 00:00:00.000000000,-22 days +00:00:00.000000000
646,2009-05-15 00:00:00.000000000,2009-07-17 00:00:00.000000000,2009-07-17 00:00:00.000000000,1980-01-01 00:00:00.000000000,2009-04-02 00:00:00.000000000,2009-04-02 00:00:00.000000000,2008-10-11 18:09:22.377600000,43 days 00:00:00.000000000,106 days 00:00:00.000000000,63 days 00:00:00.000000000
647,2009-07-14 00:00:00.000000000,2009-07-14 00:00:00.000000000,2009-07-14 00:00:00.000000000,1980-01-01 00:00:00.000000000,2009-05-27 00:00:00.000000000,2009-05-27 00:00:00.000000000,2008-12-05 18:09:22.377600000,48 days 00:00:00.000000000,48 days 00:00:00.000000000,0 days 00:00:00.000000000
648,2009-07-10 00:00:00.000000000,2009-07-10 00:00:00.000000000,2009-07-10 00:00:00.000000000,1980-01-01 00:00:00.000000000,2009-04-02 00:00:00.000000000,2009-04-02 00:00:00.000000000,2008-10-11 18:09:22.377600000,99 days 00:00:00.000000000,99 days 00:00:00.000000000,0 days 00:00:00.000000000
649,2009-10-27 00:00:00.000000000,2009-10-27 00:00:00.000000000,2009-10-27 00:00:00.000000000,1980-01-01 00:00:00.000000000,2009-04-10 00:00:00.000000000,2009-04-10 00:00:00.000000000,2008-10-19 18:09:22.377600000,200 days 00:00:00.000000000,200 days 00:00:00.000000000,0 days 00:00:00.000000000
650,2009-07-10 00:00:00.000000000,2009-07-10 00:00:00.000000000,2009-07-10 00:00:00.000000000,1980-01-01 00:00:00.000000000,2009-04-29 00:00:00.000000000,2009-04-29 00:00:00.000000000,2008-11-07 18:09:22.377600000,72 days 00:00:00.000000000,72 days 00:00:00.000000000,0 days 00:00:00.000000000
651,2009-07-10 00:00:00.000000000,2009-07-10 00:00:00.000000000,2009-07-10 00:00:00.000000000,1980-01-01 00:00:00.000000000,2009-04-30 00:00:00.000000000,2009-04-30 00:00:00.000000000,2008-11-08 18:09:22.377600000,71 days 00:00:00.000000000,71 days 00:00:00.000000000,0 days 00:00:00.000000000
652,2009-05-15 00:00:00.000000000,2009-05-15 00:00:00.000000000,2009-05-15 00:00:00.000000000,1980-01-01 00:00:00.000000000,2009-04-30 00:00:00.000000000,2009-04-30 00:00:00.000000000,2008-11-08 18:09:22.377600000,15 days 00:00:00.000000000,15 days 00:00:00.000000000,0 days 00:00:00.000000000
653,2009-06-22 00:00:00.000000000,2009-06-22 00:00:00.000000000,2009-06-22 00:00:00.000000000,1980-01-01 00:00:00.000000000,2009-05-25 00:00:00.000000000,2009-05-25 00:00:00.000000000,2008-12-03 18:09:22.377600000,28 days 00:00:00.000000000,28 days 00:00:00.000000000,0 days 00:00:00.000000000
654,2009-07-28 00:00:00.000000000,2009-07-28 00:00:00.000000000,2009-07-28 00:00:00.000000000,1980-01-01 00:00:00.000000000,2009-05-27 00:00:00.000000000,2009-05-27 00:00:00.000000000,2008-12-05 18:09:22.377600000,62 days 00:00:00.000000000,62 days 00:00:00.000000000,0 days 00:00:00.000000000
655,2009-07-28 00:00:00.000000000,2009-08-05 00:00:00.000000000,2009-08-05 00:00:00.000000000,1980-01-01 00:00:00.000000000,2009-06-05 00:00:00.000000000,2009-06-05 00:00:00.000000000,2008-12-14 18:09:22.377600000,53 days 00:00:00.000000000,61 days 00:00:00.000000000,8 days 00:00:00.000000000
656,2009-10-12 00:00:00.000000000,2009-08-03 00:00:00.000000000,2009-08-03 00:00:00.000000000,1980-01-01 00:00:00.000000000,2009-06-05 00:00:00.000000000,2009-06-05 00:00:00.000000000,2008-12-14 18:09:22.377600000,129 days 00:00:00.000000000,59 days 00:00:00.000000000,-70 days +00:00:00.000000000
657,2006-08-28 00:00:00.000000000,2006-08-28 00:00:00.000000000,2006-08-28 00:00:00.000000000,1980-01-01 00:00:00.000000000,1900-01-01 00:00:00.000000000,2006-07-17 12:00:00.000000000,2006-01-26 06:09:22.377600000,41 days 12:00:00.000000000,41 days 12:00:00.000000000,0 days 00:00:00.000000000
658,2006-09-15 00:00:00.000000000,2006-09-15 00:00:00.000000000,2006-09-15 00:00:00.000000000,1980-01-01 00:00:00.000000000,1900-01-01 00:00:00.000000000,2006-08-04 12:00:00.000000000,2006-02-13 06:09:22.377600000,41 days 12:00:00.000000000,41 days 12:00:00.000000000,0 days 00:00:00.000000000
659,2006-09-01 00:00:00.000000000,2006-09-01 00:00:00.000000000,2006-09-01 00:00:00.000000000,1980-01-01 00:00:00.000000000,1900-01-01 00:00:00.000000000,2006-07-21 12:00:00.000000000,2006-01-30 06:09:22.377600000,41 days 12:00:00.000000000,41 days 12:00:00.000000000,0 days 00:00:00.000000000
660,2006-09-04 00:00:00.000000000,2006-09-04 00:00:00.000000000,2006-09-04 00:00:00.000000000,1980-01-01 00:00:00.000000000,1900-01-01 00:00:00.000000000,2006-07-24 12:00:00.000000000,2006-02-02 06:09:22.377600000,41 days 12:00:00.000000000,41 days 12:00:00.000000000,0 days 00:00:00.000000000
661,2006-10-27 00:00:00.000000000,2006-10-27 00:00:00.000000000,2006-10-27 00:00:00.000000000,1980-01-01 00:00:00.000000000,1900-01-01 00:00:00.000000000,2006-08-19 00:00:00.000000000,2006-02-27 18:09:22.377600000,69 days 00:00:00.000000000,69 days 00:00:00.000000000,0 days 00:00:00.000000000
662,2006-12-21 00:00:00.000000000,2006-12-21 00:00:00.000000000,2006-12-21 00:00:00.000000000,1980-01-01 00:00:00.000000000,1900-01-01 00:00:00.000000000,2006-11-09 12:00:00.000000000,2006-05-21 06:09:22.377600000,41 days 12:00:00.000000000,41 days 12:00:00.000000000,0 days 00:00:00.000000000
663,2007-01-02 00:00:00.000000000,2007-01-02 00:00:00.000000000,2007-01-02 00:00:00.000000000,1980-01-01 00:00:00.000000000,1900-01-01 00:00:00.000000000,2006-10-21 15:55:14.822400000,2006-05-02 10:04:37.200000000,72 days 08:04:45.177600000,72 days 08:04:45.177600000,0 days 00:00:00.000000000
664,2006-12-05 00:00:00.000000000,2006-12-05 00:00:00.000000000,2006-12-05 00:00:00.000000000,1980-01-01 00:00:00.000000000,1900-01-01 00:00:00.000000000,2006-10-24 12:00:00.000000000,2006-05-05 06:09:22.377600000,41 days 12:00:00.000000000,41 days 12:00:00.000000000,0 days 00:00:00.000000000
665,2007-01-09 00:00:00.000000000,2007-01-09 00:00:00.000000000,2007-01-09 00:00:00.000000000,1980-01-01 00:00:00.000000000,1900-01-01 00:00:00.000000000,2006-10-16 12:00:00.000000000,2006-04-27 06:09:22.377600000,84 days 12:00:00.000000000,84 days 12:00:00.000000000,0 days 00:00:00.000000000
666,2007-03-16 00:00:00.000000000,2007-03-16 00:00:00.000000000,2007-03-16 00:00:00.000000000,1980-01-01 00:00:00.000000000,2006-12-02 00:00:00.000000000,2006-12-02 00:00:00.000000000,2006-06-12 18:09:22.377600000,104 days 00:00:00.000000000,104 days 00:00:00.000000000,0 days 00:00:00.000000000
667,2007-03-14 00:00:00.000000000,2007-03-14 00:00:00.000000000,2007-03-14 00:00:00.000000000,1980-01-01 00:00:00.000000000,2006-11-14 00:00:00.000000000,2006-11-14 00:00:00.000000000,2006-05-25 18:09:22.377600000,120 days 00:00:00.000000000,120 days 00:00:00.000000000,0 days 00:00:00.000000000
668,2007-03-14 00:00:00.000000000,2007-03-14 00:00:00.000000000,2007-03-14 00:00:00.000000000,1980-01-01 00:00:00.000000000,2006-11-15 00:00:00.000000000,2006-11-15 00:00:00.000000000,2006-05-26 18:09:22.377600000,119 days 00:00:00.000000000,119 days 00:00:00.000000000,0 days 00:00:00.000000000
669,2007-03-08 00:00:00.000000000,2007-03-08 00:00:00.000000000,2007-03-08 00:00:00.000000000,1980-01-01 00:00:00.000000000,2006-12-05 00:00:00.000000000,2006-12-05 00:00:00.000000000,2006-06-15 18:09:22.377600000,93 days 00:00:00.000000000,93 days 00:00:00.000000000,0 days 00:00:00.000000000
670,2007-01-25 00:00:00.000000000,2007-01-25 00:00:00.000000000,2007-01-25 00:00:00.000000000,1980-01-01 00:00:00.000000000,2006-12-29 00:00:00.000000000,2006-12-29 00:00:00.000000000,2006-07-09 18:09:22.377600000,27 days 00:00:00.000000000,27 days 00:00:00.000000000,0 days 00:00:00.000000000
671,2007-09-06 00:00:00.000000000,2007-09-06 00:00:00.000000000,2007-09-06 00:00:00.000000000,1980-01-01 00:00:00.000000000,2007-05-07 00:00:00.000000000,2007-05-07 00:00:00.000000000,2006-11-15 18:09:22.377600000,122 days 00:00:00.000000000,122 days 00:00:00.000000000,0 days 00:00:00.000000000
672,2007-09-21 00:00:00.000000000,2007-09-21 00:00:00.000000000,2007-09-21 00:00:00.000000000,1980-01-01 00:00:00.000000000,2007-05-30 00:00:00.000000000,2007-05-30 00:00:00.000000000,2006-12-08 18:09:22.377600000,114 days 00:00:00.000000000,114 days 00:00:00.000000000,0 days 00:00:00.000000000
673,2007-10-24 00:00:00.000000000,2007-10-24 00:00:00.000000000,2007-10-24 00:00:00.000000000,1980-01-01 00:00:00.000000000,2007-07-03 00:00:00.000000000,2007-07-03 00:00:00.000000000,2007-01-11 18:09:22.377600000,113 days 00:00:00.000000000,113 days 00:00:00.000000000,0 days 00:00:00.000000000
674,2007-09-10 00:00:00.000000000,2007-09-10 00:00:00.000000000,2007-09-10 00:00:00.000000000,1980-01-01 00:00:00.000000000,2007-07-03 00:00:00.000000000,2007-07-03 00:00:00.000000000,2007-01-11 18:09:22.377600000,69 days 00:00:00.000000000,69 days 00:00:00.000000000,0 days 00:00:00.000000000
675,2007-08-08 00:00:00.000000000,2007-08-08 00:00:00.000000000,2007-08-08 00:00:00.000000000,1980-01-01 00:00:00.000000000,2007-07-06 00:00:00.000000000,2007-07-06 00:00:00.000000000,2007-01-14 18:09:22.377600000,33 days 00:00:00.000000000,33 days 00:00:00.000000000,0 days 00:00:00.000000000
676,2007-09-14 00:00:00.000000000,2007-09-14 00:00:00.000000000,2007-09-14 00:00:00.000000000,1980-01-01 00:00:00.000000000,2007-07-17 00:00:00.000000000,2007-07-17 00:00:00.000000000,2007-01-25 18:09:22.377600000,59 days 00:00:00.000000000,59 days 00:00:00.000000000,0 days 00:00:00.000000000
677,2007-12-19 00:00:00.000000000,2007-12-19 00:00:00.000000000,2007-12-19 00:00:00.000000000,1980-01-01 00:00:00.000000000,2007-07-03 00:00:00.000000000,2007-07-03 00:00:00.000000000,2007-01-11 18:09:22.377600000,169 days 00:00:00.000000000,169 days 00:00:00.000000000,0 days 00:00:00.000000000
678,2007-09-21 00:00:00.000000000,2007-10-08 00:00:00.000000000,2007-10-08 00:00:00.000000000,1980-01-01 00:00:00.000000000,2007-08-28 00:00:00.000000000,2007-08-28 00:00:00.000000000,2007-03-08 18:09:22.377600000,24 days 00:00:00.000000000,41 days 00:00:00.000000000,17 days 00:00:00.000000000
679,2007-11-07 00:00:00.000000000,2007-11-07 00:00:00.000000000,2007-11-07 00:00:00.000000000,1980-01-01 00:00:00.000000000,2007-08-27 00:00:00.000000000,2007-08-27 00:00:00.000000000,2007-03-07 18:09:22.377600000,72 days 00:00:00.000000000,72 days 00:00:00.000000000,0 days 00:00:00.000000000
680,2007-09-07 00:00:00.000000000,2007-05-07 00:00:00.000000000,2007-05-07 00:00:00.000000000,1980-01-01 00:00:00.000000000,1900-01-01 00:00:00.000000000,2007-07-30 14:24:00.000000000,2007-02-08 08:33:22.377600000,38 days 09:36:00.000000000,-85 days +09:36:00.000000000,-123 days +00:00:00.000000000
681,2007-11-07 00:00:00.000000000,2007-11-07 00:00:00.000000000,2007-11-07 00:00:00.000000000,1980-01-01 00:00:00.000000000,2007-10-02 00:00:00.000000000,2007-10-02 00:00:00.000000000,2007-04-12 18:09:22.377600000,36 days 00:00:00.000000000,36 days 00:00:00.000000000,0 days 00:00:00.000000000
682,2008-01-28 00:00:00.000000000,2008-01-28 00:00:00.000000000,2008-01-28 00:00:00.000000000,1980-01-01 00:00:00.000000000,2007-11-12 00:00:00.000000000,2007-11-12 00:00:00.000000000,2007-05-23 18:09:22.377600000,77 days 00:00:00.000000000,77 days 00:00:00.000000000,0 days 00:00:00.000000000
683,2008-01-29 00:00:00.000000000,2008-01-29 00:00:00.000000000,2008-01-29 00:00:00.000000000,1980-01-01 00:00:00.000000000,2007-11-12 00:00:00.000000000,2007-11-12 00:00:00.000000000,2007-05-23 18:09:22.377600000,78 days 00:00:00.000000000,78 days 00:00:00.000000000,0 days 00:00:00.000000000
684,2008-01-29 00:00:00.000000000,2008-01-29 00:00:00.000000000,2008-01-29 00:00:00.000000000,1980-01-01 00:00:00.000000000,2007-11-12 00:00:00.000000000,2007-11-12 00:00:00.000000000,2007-05-23 18:09:22.377600000,78 days 00:00:00.000000000,78 days 00:00:00.000000000,0 days 00:00:00.000000000
685,2008-04-28 00:00:00.000000000,2008-04-22 00:00:00.000000000,2008-04-22 00:00:00.000000000,1980-01-01 00:00:00.000000000,2007-11-21 00:00:00.000000000,2007-11-21 00:00:00.000000000,2007-06-01 18:09:22.377600000,159 days 00:00:00.000000000,153 days 00:00:00.000000000,-6 days +00:00:00.000000000
686,2008-04-28 00:00:00.000000000,2008-04-28 00:00:00.000000000,2008-04-28 00:00:00.000000000,1980-01-01 00:00:00.000000000,2007-11-21 00:00:00.000000000,2007-11-21 00:00:00.000000000,2007-06-01 18:09:22.377600000,159 days 00:00:00.000000000,159 days 00:00:00.000000000,0 days 00:00:00.000000000
687,2008-01-22 00:00:00.000000000,2008-01-22 00:00:00.000000000,2008-01-22 00:00:00.000000000,1980-01-01 00:00:00.000000000,1900-01-01 00:00:00.000000000,2007-10-23 17:41:03.148800000,2007-05-04 11:50:25.526400000,90 days 06:18:56.851200000,90 days 06:18:56.851200000,0 days 00:00:00.000000000
688,2008-02-18 00:00:00.000000000,2008-02-18 00:00:00.000000000,2008-02-18 00:00:00.000000000,1980-01-01 00:00:00.000000000,2008-02-04 00:00:00.000000000,2008-02-04 00:00:00.000000000,2007-08-15 18:09:22.377600000,14 days 00:00:00.000000000,14 days 00:00:00.000000000,0 days 00:00:00.000000000
689,2008-03-04 00:00:00.000000000,2008-03-04 00:00:00.000000000,2008-03-04 00:00:00.000000000,1980-01-01 00:00:00.000000000,2008-01-03 00:00:00.000000000,2008-01-03 00:00:00.000000000,2007-07-14 18:09:22.377600000,61 days 00:00:00.000000000,61 days 00:00:00.000000000,0 days 00:00:00.000000000
690,2008-01-21 00:00:00.000000000,2008-01-04 00:00:00.000000000,2008-01-04 00:00:00.000000000,1980-01-01 00:00:00.000000000,2008-01-04 00:00:00.000000000,2008-01-04 00:00:00.000000000,2007-07-15 18:09:22.377600000,17 days 00:00:00.000000000,0 days 00:00:00.000000000,-17 days +00:00:00.000000000
691,2008-01-21 00:00:00.000000000,2008-01-04 00:00:00.000000000,2008-01-04 00:00:00.000000000,1980-01-01 00:00:00.000000000,2008-01-04 00:00:00.000000000,2008-01-04 00:00:00.000000000,2007-07-15 18:09:22.377600000,17 days 00:00:00.000000000,0 days 00:00:00.000000000,-17 days +00:00:00.000000000
692,2008-01-21 00:00:00.000000000,2008-01-04 00:00:00.000000000,2008-01-04 00:00:00.000000000,1980-01-01 00:00:00.000000000,2008-01-04 00:00:00.000000000,2008-01-04 00:00:00.000000000,2007-07-15 18:09:22.377600000,17 days 00:00:00.000000000,0 days 00:00:00.000000000,-17 days +00:00:00.000000000
693,2008-05-08 00:00:00.000000000,2008-05-08 00:00:00.000000000,2008-05-08 00:00:00.000000000,1980-01-01 00:00:00.000000000,2008-01-24 00:00:00.000000000,2008-01-24 00:00:00.000000000,2007-08-04 18:09:22.377600000,105 days 00:00:00.000000000,105 days 00:00:00.000000000,0 days 00:00:00.000000000
694,2008-04-21 00:00:00.000000000,2008-02-29 00:00:00.000000000,2008-02-29 00:00:00.000000000,1980-01-01 00:00:00.000000000,2008-01-07 00:00:00.000000000,2008-01-07 00:00:00.000000000,2007-07-18 18:09:22.377600000,105 days 00:00:00.000000000,53 days 00:00:00.000000000,-52 days +00:00:00.000000000
695,2008-04-21 00:00:00.000000000,2008-03-27 00:00:00.000000000,2008-03-27 00:00:00.000000000,1980-01-01 00:00:00.000000000,2008-01-07 00:00:00.000000000,2008-01-07 00:00:00.000000000,2007-07-18 18:09:22.377600000,105 days 00:00:00.000000000,80 days 00:00:00.000000000,-25 days +00:00:00.000000000
696,2008-06-13 00:00:00.000000000,2008-05-27 00:00:00.000000000,2008-05-27 00:00:00.000000000,1980-01-01 00:00:00.000000000,2008-02-25 00:00:00.000000000,2008-02-25 00:00:00.000000000,2007-09-05 18:09:22.377600000,109 days 00:00:00.000000000,92 days 00:00:00.000000000,-17 days +00:00:00.000000000
697,2008-03-12 00:00:00.000000000,2008-03-12 00:00:00.000000000,2008-03-12 00:00:00.000000000,1980-01-01 00:00:00.000000000,2008-02-27 00:00:00.000000000,2008-02-27 00:00:00.000000000,2007-09-07 18:09:22.377600000,14 days 00:00:00.000000000,14 days 00:00:00.000000000,0 days 00:00:00.000000000
698,2008-05-08 00:00:00.000000000,2008-05-08 00:00:00.000000000,2008-05-08 00:00:00.000000000,1980-01-01 00:00:00.000000000,2008-03-11 00:00:00.000000000,2008-03-11 00:00:00.000000000,2007-09-20 18:09:22.377600000,58 days 00:00:00.000000000,58 days 00:00:00.000000000,0 days 00:00:00.000000000
699,2008-04-02 00:00:00.000000000,2008-04-02 00:00:00.000000000,2008-04-02 00:00:00.000000000,1980-01-01 00:00:00.000000000,2008-03-14 00:00:00.000000000,2008-03-14 00:00:00.000000000,2007-09-23 18:09:22.377600000,19 days 00:00:00.000000000,19 days 00:00:00.000000000,0 days 00:00:00.000000000
700,2008-05-12 00:00:00.000000000,2008-04-16 00:00:00.000000000,2008-04-16 00:00:00.000000000,1980-01-01 00:00:00.000000000,2008-03-21 00:00:00.000000000,2008-03-21 00:00:00.000000000,2007-09-30 18:09:22.377600000,52 days 00:00:00.000000000,26 days 00:00:00.000000000,-26 days +00:00:00.000000000
701,2008-04-24 00:00:00.000000000,2008-04-24 00:00:00.000000000,2008-04-24 00:00:00.000000000,1980-01-01 00:00:00.000000000,2008-02-20 00:00:00.000000000,2008-02-20 00:00:00.000000000,2007-08-31 18:09:22.377600000,64 days 00:00:00.000000000,64 days 00:00:00.000000000,0 days 00:00:00.000000000
702,2008-04-24 00:00:00.000000000,2008-04-24 00:00:00.000000000,2008-04-24 00:00:00.000000000,1980-01-01 00:00:00.000000000,2008-02-20 00:00:00.000000000,2008-02-20 00:00:00.000000000,2007-08-31 18:09:22.377600000,64 days 00:00:00.000000000,64 days 00:00:00.000000000,0 days 00:00:00.000000000
703,2008-07-17 00:00:00.000000000,2008-07-17 00:00:00.000000000,2008-07-17 00:00:00.000000000,1980-01-01 00:00:00.000000000,2008-03-31 00:00:00.000000000,2008-03-31 00:00:00.000000000,2007-10-10 18:09:22.377600000,108 days 00:00:00.000000000,108 days 00:00:00.000000000,0 days 00:00:00.000000000
704,2008-06-02 00:00:00.000000000,2008-06-02 00:00:00.000000000,2008-06-02 00:00:00.000000000,1980-01-01 00:00:00.000000000,2008-03-31 00:00:00.000000000,2008-03-31 00:00:00.000000000,2007-10-10 18:09:22.377600000,63 days 00:00:00.000000000,63 days 00:00:00.000000000,0 days 00:00:00.000000000
705,2008-04-25 00:00:00.000000000,2008-04-07 00:00:00.000000000,2008-04-07 00:00:00.000000000,1980-01-01 00:00:00.000000000,2008-04-04 00:00:00.000000000,2008-04-04 00:00:00.000000000,2007-10-14 18:09:22.377600000,21 days 00:00:00.000000000,3 days 00:00:00.000000000,-18 days +00:00:00.000000000
706,2008-04-25 00:00:00.000000000,2008-04-08 00:00:00.000000000,2008-04-08 00:00:00.000000000,1980-01-01 00:00:00.000000000,2008-04-04 00:00:00.000000000,2008-04-04 00:00:00.000000000,2007-10-14 18:09:22.377600000,21 days 00:00:00.000000000,4 days 00:00:00.000000000,-17 days +00:00:00.000000000
707,2008-07-03 00:00:00.000000000,2008-07-03 00:00:00.000000000,2008-07-03 00:00:00.000000000,1980-01-01 00:00:00.000000000,2008-04-28 00:00:00.000000000,2008-04-28 00:00:00.000000000,2007-11-07 18:09:22.377600000,66 days 00:00:00.000000000,66 days 00:00:00.000000000,0 days 00:00:00.000000000
708,2008-07-03 00:00:00.000000000,2008-07-03 00:00:00.000000000,2008-07-03 00:00:00.000000000,1980-01-01 00:00:00.000000000,2008-04-28 00:00:00.000000000,2008-04-28 00:00:00.000000000,2007-11-07 18:09:22.377600000,66 days 00:00:00.000000000,66 days 00:00:00.000000000,0 days 00:00:00.000000000
709,2008-09-20 00:00:00.000000000,2008-09-20 00:00:00.000000000,2008-09-20 00:00:00.000000000,1980-01-01 00:00:00.000000000,2008-05-13 00:00:00.000000000,2008-05-13 00:00:00.000000000,2007-11-22 18:09:22.377600000,130 days 00:00:00.000000000,130 days 00:00:00.000000000,0 days 00:00:00.000000000
710,2008-09-19 00:00:00.000000000,2008-09-19 00:00:00.000000000,2008-09-19 00:00:00.000000000,1980-01-01 00:00:00.000000000,2008-05-14 00:00:00.000000000,2008-05-14 00:00:00.000000000,2007-11-23 18:09:22.377600000,128 days 00:00:00.000000000,128 days 00:00:00.000000000,0 days 00:00:00.000000000
711,2008-08-11 00:00:00.000000000,2008-08-11 00:00:00.000000000,2008-08-11 00:00:00.000000000,1980-01-01 00:00:00.000000000,2008-05-13 00:00:00.000000000,2008-05-13 00:00:00.000000000,2007-11-22 18:09:22.377600000,90 days 00:00:00.000000000,90 days 00:00:00.000000000,0 days 00:00:00.000000000
712,2008-08-20 00:00:00.000000000,2008-05-08 00:00:00.000000000,2008-05-08 00:00:00.000000000,1980-01-01 00:00:00.000000000,1900-01-01 00:00:00.000000000,2008-07-04 16:00:00.028800000,2008-01-14 10:09:22.406400000,46 days 07:59:59.971200000,-58 days +07:59:59.971200000,-104 days +00:00:00.000000000
713,2008-08-20 00:00:00.000000000,2008-08-14 00:00:00.000000000,2008-08-14 00:00:00.000000000,1980-01-01 00:00:00.000000000,1900-01-01 00:00:00.000000000,2008-07-04 16:00:00.028800000,2008-01-14 10:09:22.406400000,46 days 07:59:59.971200000,40 days 07:59:59.971200000,-6 days +00:00:00.000000000
714,2008-08-20 00:00:00.000000000,2008-05-08 00:00:00.000000000,2008-05-08 00:00:00.000000000,1980-01-01 00:00:00.000000000,1900-01-01 00:00:00.000000000,2008-07-04 16:00:00.028800000,2008-01-14 10:09:22.406400000,46 days 07:59:59.971200000,-58 days +07:59:59.971200000,-104 days +00:00:00.000000000
715,2008-08-20 00:00:00.000000000,2008-05-14 00:00:00.000000000,2008-05-14 00:00:00.000000000,1980-01-01 00:00:00.000000000,1900-01-01 00:00:00.000000000,2008-07-04 16:00:00.028800000,2008-01-14 10:09:22.406400000,46 days 07:59:59.971200000,-52 days +07:59:59.971200000,-98 days +00:00:00.000000000
716,2008-08-20 00:00:00.000000000,2008-05-14 00:00:00.000000000,2008-05-14 00:00:00.000000000,1980-01-01 00:00:00.000000000,1900-01-01 00:00:00.000000000,2008-07-04 16:00:00.028800000,2008-01-14 10:09:22.406400000,46 days 07:59:59.971200000,-52 days +07:59:59.971200000,-98 days +00:00:00.000000000
717,2008-07-31 00:00:00.000000000,2008-07-31 00:00:00.000000000,2008-07-31 00:00:00.000000000,1980-01-01 00:00:00.000000000,2008-06-02 00:00:00.000000000,2008-06-02 00:00:00.000000000,2007-12-12 18:09:22.377600000,59 days 00:00:00.000000000,59 days 00:00:00.000000000,0 days 00:00:00.000000000
718,2008-10-18 00:00:00.000000000,2008-10-18 00:00:00.000000000,2008-10-18 00:00:00.000000000,1980-01-01 00:00:00.000000000,2008-06-12 00:00:00.000000000,2008-06-12 00:00:00.000000000,2007-12-22 18:09:22.377600000,128 days 00:00:00.000000000,128 days 00:00:00.000000000,0 days 00:00:00.000000000
719,2008-07-04 00:00:00.000000000,2008-07-04 00:00:00.000000000,2008-07-04 00:00:00.000000000,1980-01-01 00:00:00.000000000,2008-06-12 00:00:00.000000000,2008-06-12 00:00:00.000000000,2007-12-22 18:09:22.377600000,22 days 00:00:00.000000000,22 days 00:00:00.000000000,0 days 00:00:00.000000000
720,2008-11-17 00:00:00.000000000,2008-11-17 00:00:00.000000000,2008-11-17 00:00:00.000000000,1980-01-01 00:00:00.000000000,2008-06-12 00:00:00.000000000,2008-06-12 00:00:00.000000000,2007-12-22 18:09:22.377600000,158 days 00:00:00.000000000,158 days 00:00:00.000000000,0 days 00:00:00.000000000
721,2008-07-22 00:00:00.000000000,2008-07-22 00:00:00.000000000,2008-07-22 00:00:00.000000000,1980-01-01 00:00:00.000000000,2008-06-13 00:00:00.000000000,2008-06-13 00:00:00.000000000,2007-12-23 18:09:22.377600000,39 days 00:00:00.000000000,39 days 00:00:00.000000000,0 days 00:00:00.000000000
722,2008-06-17 00:00:00.000000000,2008-06-17 00:00:00.000000000,2008-06-17 00:00:00.000000000,1980-01-01 00:00:00.000000000,1900-01-01 00:00:00.000000000,2008-05-01 16:00:00.028800000,2007-11-11 10:09:22.406400000,46 days 07:59:59.971200000,46 days 07:59:59.971200000,0 days 00:00:00.000000000
723,2008-09-19 00:00:00.000000000,2008-09-19 00:00:00.000000000,2008-09-19 00:00:00.000000000,1980-01-01 00:00:00.000000000,2008-07-01 00:00:00.000000000,2008-07-01 00:00:00.000000000,2008-01-10 18:09:22.377600000,80 days 00:00:00.000000000,80 days 00:00:00.000000000,0 days 00:00:00.000000000
724,2008-07-10 00:00:00.000000000,2008-07-08 00:00:00.000000000,2008-07-08 00:00:00.000000000,1980-01-01 00:00:00.000000000,1900-01-01 00:00:00.000000000,2008-05-24 16:00:00.028800000,2007-12-04 10:09:22.406400000,46 days 07:59:59.971200000,44 days 07:59:59.971200000,-2 days +00:00:00.000000000
725,2008-10-29 00:00:00.000000000,2008-10-13 00:00:00.000000000,2008-10-13 00:00:00.000000000,1980-01-01 00:00:00.000000000,2008-08-21 00:00:00.000000000,2008-08-21 00:00:00.000000000,2008-03-01 18:09:22.377600000,69 days 00:00:00.000000000,53 days 00:00:00.000000000,-16 days +00:00:00.000000000
726,2008-09-12 00:00:00.000000000,2008-09-03 00:00:00.000000000,2008-09-03 00:00:00.000000000,1980-01-01 00:00:00.000000000,2008-08-21 00:00:00.000000000,2008-08-21 00:00:00.000000000,2008-03-01 18:09:22.377600000,22 days 00:00:00.000000000,13 days 00:00:00.000000000,-9 days +00:00:00.000000000
727,2008-10-06 00:00:00.000000000,2008-10-06 00:00:00.000000000,2008-10-06 00:00:00.000000000,1980-01-01 00:00:00.000000000,2008-07-31 00:00:00.000000000,2008-07-31 00:00:00.000000000,2008-02-09 18:09:22.377600000,67 days 00:00:00.000000000,67 days 00:00:00.000000000,0 days 00:00:00.000000000
728,2008-11-01 00:00:00.000000000,2008-11-01 00:00:00.000000000,2008-11-01 00:00:00.000000000,1980-01-01 00:00:00.000000000,2008-08-26 00:00:00.000000000,2008-08-26 00:00:00.000000000,2008-03-06 18:09:22.377600000,67 days 00:00:00.000000000,67 days 00:00:00.000000000,0 days 00:00:00.000000000
729,2008-08-25 00:00:00.000000000,2008-08-18 00:00:00.000000000,2008-08-18 00:00:00.000000000,1980-01-01 00:00:00.000000000,1900-01-01 00:00:00.000000000,2008-07-09 16:00:00.028800000,2008-01-19 10:09:22.406400000,46 days 07:59:59.971200000,39 days 07:59:59.971200000,-7 days +00:00:00.000000000
730,2008-08-25 00:00:00.000000000,2008-08-14 00:00:00.000000000,2008-08-14 00:00:00.000000000,1980-01-01 00:00:00.000000000,1900-01-01 00:00:00.000000000,2008-07-09 16:00:00.028800000,2008-01-19 10:09:22.406400000,46 days 07:59:59.971200000,35 days 07:59:59.971200000,-11 days +00:00:00.000000000
731,2008-08-25 00:00:00.000000000,2008-08-14 00:00:00.000000000,2008-08-14 00:00:00.000000000,1980-01-01 00:00:00.000000000,1900-01-01 00:00:00.000000000,2008-07-09 16:00:00.028800000,2008-01-19 10:09:22.406400000,46 days 07:59:59.971200000,35 days 07:59:59.971200000,-11 days +00:00:00.000000000
732,2009-01-23 00:00:00.000000000,2009-01-23 00:00:00.000000000,2009-01-23 00:00:00.000000000,1980-01-01 00:00:00.000000000,2008-09-03 00:00:00.000000000,2008-09-03 00:00:00.000000000,2008-03-14 18:09:22.377600000,142 days 00:00:00.000000000,142 days 00:00:00.000000000,0 days 00:00:00.000000000
733,2008-11-24 00:00:00.000000000,2008-11-24 00:00:00.000000000,2008-11-24 00:00:00.000000000,1980-01-01 00:00:00.000000000,2008-09-18 00:00:00.000000000,2008-09-18 00:00:00.000000000,2008-03-29 18:09:22.377600000,67 days 00:00:00.000000000,67 days 00:00:00.000000000,0 days 00:00:00.000000000
734,2008-10-28 00:00:00.000000000,2008-10-28 00:00:00.000000000,2008-10-28 00:00:00.000000000,1980-01-01 00:00:00.000000000,2008-09-24 00:00:00.000000000,2008-09-24 00:00:00.000000000,2008-04-04 18:09:22.377600000,34 days 00:00:00.000000000,34 days 00:00:00.000000000,0 days 00:00:00.000000000
735,2009-02-27 00:00:00.000000000,2009-02-27 00:00:00.000000000,2009-02-27 00:00:00.000000000,1980-01-01 00:00:00.000000000,2008-10-21 00:00:00.000000000,2008-10-21 00:00:00.000000000,2008-05-01 18:09:22.377600000,129 days 00:00:00.000000000,129 days 00:00:00.000000000,0 days 00:00:00.000000000
736,2009-01-26 00:00:00.000000000,2009-01-26 00:00:00.000000000,2009-01-26 00:00:00.000000000,1980-01-01 00:00:00.000000000,2008-10-27 00:00:00.000000000,2008-10-27 00:00:00.000000000,2008-05-07 18:09:22.377600000,91 days 00:00:00.000000000,91 days 00:00:00.000000000,0 days 00:00:00.000000000
737,2008-12-03 00:00:00.000000000,2008-12-01 00:00:00.000000000,2008-12-01 00:00:00.000000000,1980-01-01 00:00:00.000000000,2008-10-27 00:00:00.000000000,2008-10-27 00:00:00.000000000,2008-05-07 18:09:22.377600000,37 days 00:00:00.000000000,35 days 00:00:00.000000000,-2 days +00:00:00.000000000
738,2008-12-03 00:00:00.000000000,2008-12-01 00:00:00.000000000,2008-12-01 00:00:00.000000000,1980-01-01 00:00:00.000000000,2008-10-27 00:00:00.000000000,2008-10-27 00:00:00.000000000,2008-05-07 18:09:22.377600000,37 days 00:00:00.000000000,35 days 00:00:00.000000000,-2 days +00:00:00.000000000
739,2009-05-17 00:00:00.000000000,2008-10-09 00:00:00.000000000,2008-10-09 00:00:00.000000000,1980-01-01 00:00:00.000000000,1900-01-01 00:00:00.000000000,2009-03-21 22:33:54.748800000,2008-09-30 16:43:17.126400000,56 days 01:26:05.251200000,-164 days +01:26:05.251200000,-220 days +00:00:00.000000000
740,2009-05-17 00:00:00.000000000,2008-10-09 00:00:00.000000000,2008-10-09 00:00:00.000000000,1980-01-01 00:00:00.000000000,1900-01-01 00:00:00.000000000,2009-03-21 22:33:54.748800000,2008-09-30 16:43:17.126400000,56 days 01:26:05.251200000,-164 days +01:26:05.251200000,-220 days +00:00:00.000000000
741,2009-05-17 00:00:00.000000000,2008-10-09 00:00:00.000000000,2008-10-09 00:00:00.000000000,1980-01-01 00:00:00.000000000,1900-01-01 00:00:00.000000000,2009-03-21 22:33:54.748800000,2008-09-30 16:43:17.126400000,56 days 01:26:05.251200000,-164 days +01:26:05.251200000,-220 days +00:00:00.000000000
742,2009-04-07 00:00:00.000000000,2009-04-07 00:00:00.000000000,2009-04-07 00:00:00.000000000,1980-01-01 00:00:00.000000000,2009-01-16 00:00:00.000000000,2009-01-16 00:00:00.000000000,2008-07-27 18:09:22.377600000,81 days 00:00:00.000000000,81 days 00:00:00.000000000,0 days 00:00:00.000000000
743,2009-05-27 00:00:00.000000000,2009-05-27 00:00:00.000000000,2009-05-27 00:00:00.000000000,1980-01-01 00:00:00.000000000,2009-02-05 00:00:00.000000000,2009-02-05 00:00:00.000000000,2008-08-16 18:09:22.377600000,111 days 00:00:00.000000000,111 days 00:00:00.000000000,0 days 00:00:00.000000000
744,2009-03-24 00:00:00.000000000,2009-03-24 00:00:00.000000000,2009-03-24 00:00:00.000000000,1980-01-01 00:00:00.000000000,2009-02-24 00:00:00.000000000,2009-02-24 00:00:00.000000000,2008-09-04 18:09:22.377600000,28 days 00:00:00.000000000,28 days 00:00:00.000000000,0 days 00:00:00.000000000
745,2009-04-02 00:00:00.000000000,2009-04-02 00:00:00.000000000,2009-04-02 00:00:00.000000000,1980-01-01 00:00:00.000000000,2009-03-06 00:00:00.000000000,2009-03-06 00:00:00.000000000,2008-09-14 18:09:22.377600000,27 days 00:00:00.000000000,27 days 00:00:00.000000000,0 days 00:00:00.000000000
746,2009-04-07 00:00:00.000000000,2009-04-07 00:00:00.000000000,2009-04-07 00:00:00.000000000,1980-01-01 00:00:00.000000000,2009-03-06 00:00:00.000000000,2009-03-06 00:00:00.000000000,2008-09-14 18:09:22.377600000,32 days 00:00:00.000000000,32 days 00:00:00.000000000,0 days 00:00:00.000000000
747,2009-03-24 00:00:00.000000000,2009-03-24 00:00:00.000000000,2009-03-24 00:00:00.000000000,1980-01-01 00:00:00.000000000,2009-03-09 00:00:00.000000000,2009-03-09 00:00:00.000000000,2008-09-17 18:09:22.377600000,15 days 00:00:00.000000000,15 days 00:00:00.000000000,0 days 00:00:00.000000000
748,2009-03-17 00:00:00.000000000,2008-11-28 00:00:00.000000000,2008-11-28 00:00:00.000000000,1980-01-01 00:00:00.000000000,1900-01-01 00:00:00.000000000,2009-01-19 22:33:54.748800000,2008-07-31 16:43:17.126400000,56 days 01:26:05.251200000,-53 days +01:26:05.251200000,-109 days +00:00:00.000000000
749,2009-03-17 00:00:00.000000000,2008-11-28 00:00:00.000000000,2008-11-28 00:00:00.000000000,1980-01-01 00:00:00.000000000,1900-01-01 00:00:00.000000000,2009-01-19 22:33:54.748800000,2008-07-31 16:43:17.126400000,56 days 01:26:05.251200000,-53 days +01:26:05.251200000,-109 days +00:00:00.000000000
750,2009-03-17 00:00:00.000000000,2008-11-28 00:00:00.000000000,2008-11-28 00:00:00.000000000,1980-01-01 00:00:00.000000000,1900-01-01 00:00:00.000000000,2009-01-19 22:33:54.748800000,2008-07-31 16:43:17.126400000,56 days 01:26:05.251200000,-53 days +01:26:05.251200000,-109 days +00:00:00.000000000
751,2009-03-31 00:00:00.000000000,2008-12-02 00:00:00.000000000,2008-12-02 00:00:00.000000000,1980-01-01 00:00:00.000000000,1900-01-01 00:00:00.000000000,2009-02-02 22:33:54.748800000,2008-08-14 16:43:17.126400000,56 days 01:26:05.251200000,-63 days +01:26:05.251200000,-119 days +00:00:00.000000000
752,2009-04-21 00:00:00.000000000,2008-12-05 00:00:00.000000000,2008-12-05 00:00:00.000000000,1980-01-01 00:00:00.000000000,1900-01-01 00:00:00.000000000,2009-02-23 22:33:54.748800000,2008-09-04 16:43:17.126400000,56 days 01:26:05.251200000,-81 days +01:26:05.251200000,-137 days +00:00:00.000000000
753,2009-06-09 00:00:00.000000000,2009-01-27 00:00:00.000000000,2009-01-27 00:00:00.000000000,1980-01-01 00:00:00.000000000,1900-01-01 00:00:00.000000000,2009-04-13 22:33:54.748800000,2008-10-23 16:43:17.126400000,56 days 01:26:05.251200000,-77 days +01:26:05.251200000,-133 days +00:00:00.000000000
754,2009-03-31 00:00:00.000000000,2008-11-21 00:00:00.000000000,2008-11-21 00:00:00.000000000,1980-01-01 00:00:00.000000000,1900-01-01 00:00:00.000000000,2009-02-02 22:33:54.748800000,2008-08-14 16:43:17.126400000,56 days 01:26:05.251200000,-74 days +01:26:05.251200000,-130 days +00:00:00.000000000
755,2009-03-31 00:00:00.000000000,2008-11-21 00:00:00.000000000,2008-11-21 00:00:00.000000000,1980-01-01 00:00:00.000000000,1900-01-01 00:00:00.000000000,2009-02-02 22:33:54.748800000,2008-08-14 16:43:17.126400000,56 days 01:26:05.251200000,-74 days +01:26:05.251200000,-130 days +00:00:00.000000000
756,2009-03-31 00:00:00.000000000,2008-11-21 00:00:00.000000000,2008-11-21 00:00:00.000000000,1980-01-01 00:00:00.000000000,1900-01-01 00:00:00.000000000,2009-02-02 22:33:54.748800000,2008-08-14 16:43:17.126400000,56 days 01:26:05.251200000,-74 days +01:26:05.251200000,-130 days +00:00:00.000000000
757,2009-03-30 00:00:00.000000000,2009-01-21 00:00:00.000000000,2009-01-21 00:00:00.000000000,1980-01-01 00:00:00.000000000,1900-01-01 00:00:00.000000000,2009-02-01 22:33:54.748800000,2008-08-13 16:43:17.126400000,56 days 01:26:05.251200000,-12 days +01:26:05.251200000,-68 days +00:00:00.000000000
758,2009-03-30 00:00:00.000000000,2009-01-21 00:00:00.000000000,2009-01-21 00:00:00.000000000,1980-01-01 00:00:00.000000000,1900-01-01 00:00:00.000000000,2009-02-01 22:33:54.748800000,2008-08-13 16:43:17.126400000,56 days 01:26:05.251200000,-12 days +01:26:05.251200000,-68 days +00:00:00.000000000
759,2009-03-30 00:00:00.000000000,2009-01-21 00:00:00.000000000,2009-01-21 00:00:00.000000000,1980-01-01 00:00:00.000000000,1900-01-01 00:00:00.000000000,2009-02-01 22:33:54.748800000,2008-08-13 16:43:17.126400000,56 days 01:26:05.251200000,-12 days +01:26:05.251200000,-68 days +00:00:00.000000000
760,2009-04-14 00:00:00.000000000,2009-04-14 00:00:00.000000000,2009-04-14 00:00:00.000000000,1980-01-01 00:00:00.000000000,2009-03-18 00:00:00.000000000,2009-03-18 00:00:00.000000000,2008-09-26 18:09:22.377600000,27 days 00:00:00.000000000,27 days 00:00:00.000000000,0 days 00:00:00.000000000
761,2009-06-25 00:00:00.000000000,2009-04-14 00:00:00.000000000,2009-04-14 00:00:00.000000000,1980-01-01 00:00:00.000000000,2009-03-27 00:00:00.000000000,2009-03-27 00:00:00.000000000,2008-10-05 18:09:22.377600000,90 days 00:00:00.000000000,18 days 00:00:00.000000000,-72 days +00:00:00.000000000
762,2009-06-25 00:00:00.000000000,2009-04-20 00:00:00.000000000,2009-04-20 00:00:00.000000000,1980-01-01 00:00:00.000000000,2009-03-27 00:00:00.000000000,2009-03-27 00:00:00.000000000,2008-10-05 18:09:22.377600000,90 days 00:00:00.000000000,24 days 00:00:00.000000000,-66 days +00:00:00.000000000
763,2009-06-25 00:00:00.000000000,2009-04-21 00:00:00.000000000,2009-04-21 00:00:00.000000000,1980-01-01 00:00:00.000000000,2009-03-27 00:00:00.000000000,2009-03-27 00:00:00.000000000,2008-10-05 18:09:22.377600000,90 days 00:00:00.000000000,25 days 00:00:00.000000000,-65 days +00:00:00.000000000
764,2009-06-25 00:00:00.000000000,2009-06-05 00:00:00.000000000,2009-06-05 00:00:00.000000000,1980-01-01 00:00:00.000000000,2009-03-27 00:00:00.000000000,2009-03-27 00:00:00.000000000,2008-10-05 18:09:22.377600000,90 days 00:00:00.000000000,70 days 00:00:00.000000000,-20 days +00:00:00.000000000
765,2009-07-09 00:00:00.000000000,2009-07-09 00:00:00.000000000,2009-07-09 00:00:00.000000000,1980-01-01 00:00:00.000000000,2009-03-31 00:00:00.000000000,2009-03-31 00:00:00.000000000,2008-10-09 18:09:22.377600000,100 days 00:00:00.000000000,100 days 00:00:00.000000000,0 days 00:00:00.000000000
766,2009-06-08 00:00:00.000000000,2009-06-08 00:00:00.000000000,2009-06-08 00:00:00.000000000,1980-01-01 00:00:00.000000000,2009-04-02 00:00:00.000000000,2009-04-02 00:00:00.000000000,2008-10-11 18:09:22.377600000,67 days 00:00:00.000000000,67 days 00:00:00.000000000,0 days 00:00:00.000000000
767,2009-05-15 00:00:00.000000000,2009-04-17 00:00:00.000000000,2009-04-17 00:00:00.000000000,1980-01-01 00:00:00.000000000,2009-04-02 00:00:00.000000000,2009-04-02 00:00:00.000000000,2008-10-11 18:09:22.377600000,43 days 00:00:00.000000000,15 days 00:00:00.000000000,-28 days +00:00:00.000000000
768,2009-07-10 00:00:00.000000000,2009-07-10 00:00:00.000000000,2009-07-10 00:00:00.000000000,1980-01-01 00:00:00.000000000,2009-04-29 00:00:00.000000000,2009-04-29 00:00:00.000000000,2008-11-07 18:09:22.377600000,72 days 00:00:00.000000000,72 days 00:00:00.000000000,0 days 00:00:00.000000000
769,2009-08-18 00:00:00.000000000,2009-08-18 00:00:00.000000000,2009-08-18 00:00:00.000000000,1980-01-01 00:00:00.000000000,2009-05-08 00:00:00.000000000,2009-05-08 00:00:00.000000000,2008-11-16 18:09:22.377600000,102 days 00:00:00.000000000,102 days 00:00:00.000000000,0 days 00:00:00.000000000
770,2009-07-06 00:00:00.000000000,2009-07-06 00:00:00.000000000,2009-07-06 00:00:00.000000000,1980-01-01 00:00:00.000000000,2009-05-11 00:00:00.000000000,2009-05-11 00:00:00.000000000,2008-11-19 18:09:22.377600000,56 days 00:00:00.000000000,56 days 00:00:00.000000000,0 days 00:00:00.000000000
771,2009-07-07 00:00:00.000000000,2009-07-07 00:00:00.000000000,2009-07-07 00:00:00.000000000,1980-01-01 00:00:00.000000000,2009-05-18 00:00:00.000000000,2009-05-18 00:00:00.000000000,2008-11-26 18:09:22.377600000,50 days 00:00:00.000000000,50 days 00:00:00.000000000,0 days 00:00:00.000000000
772,2009-09-25 00:00:00.000000000,2009-09-25 00:00:00.000000000,2009-09-25 00:00:00.000000000,1980-01-01 00:00:00.000000000,2009-05-28 00:00:00.000000000,2009-05-28 00:00:00.000000000,2008-12-06 18:09:22.377600000,120 days 00:00:00.000000000,120 days 00:00:00.000000000,0 days 00:00:00.000000000
773,2009-07-27 00:00:00.000000000,2009-07-27 00:00:00.000000000,2009-07-27 00:00:00.000000000,1980-01-01 00:00:00.000000000,2009-06-05 00:00:00.000000000,2009-06-05 00:00:00.000000000,2008-12-14 18:09:22.377600000,52 days 00:00:00.000000000,52 days 00:00:00.000000000,0 days 00:00:00.000000000
774,2006-09-03 00:00:00.000000000,2006-09-03 00:00:00.000000000,2006-09-03 00:00:00.000000000,1980-01-01 00:00:00.000000000,1900-01-01 00:00:00.000000000,2006-07-23 12:00:00.000000000,2006-02-01 06:09:22.377600000,41 days 12:00:00.000000000,41 days 12:00:00.000000000,0 days 00:00:00.000000000
775,2006-09-16 00:00:00.000000000,2006-09-16 00:00:00.000000000,2006-09-16 00:00:00.000000000,1980-01-01 00:00:00.000000000,1900-01-01 00:00:00.000000000,2006-07-09 00:00:00.000000000,2006-01-17 18:09:22.377600000,69 days 00:00:00.000000000,69 days 00:00:00.000000000,0 days 00:00:00.000000000
776,2006-07-21 00:00:00.000000000,2006-07-21 00:00:00.000000000,2006-07-21 00:00:00.000000000,1980-01-01 00:00:00.000000000,1900-01-01 00:00:00.000000000,2006-06-09 12:00:00.000000000,2005-12-19 06:09:22.377600000,41 days 12:00:00.000000000,41 days 12:00:00.000000000,0 days 00:00:00.000000000
777,2006-09-19 00:00:00.000000000,2006-09-19 00:00:00.000000000,2006-09-19 00:00:00.000000000,1980-01-01 00:00:00.000000000,1900-01-01 00:00:00.000000000,2006-08-08 12:00:00.000000000,2006-02-17 06:09:22.377600000,41 days 12:00:00.000000000,41 days 12:00:00.000000000,0 days 00:00:00.000000000
778,2006-09-15 00:00:00.000000000,2006-09-15 00:00:00.000000000,2006-09-15 00:00:00.000000000,1980-01-01 00:00:00.000000000,1900-01-01 00:00:00.000000000,2006-08-04 12:00:00.000000000,2006-02-13 06:09:22.377600000,41 days 12:00:00.000000000,41 days 12:00:00.000000000,0 days 00:00:00.000000000
779,2006-11-14 00:00:00.000000000,2006-11-14 00:00:00.000000000,2006-11-14 00:00:00.000000000,1980-01-01 00:00:00.000000000,1900-01-01 00:00:00.000000000,2006-09-06 00:00:00.000000000,2006-03-17 18:09:22.377600000,69 days 00:00:00.000000000,69 days 00:00:00.000000000,0 days 00:00:00.000000000
780,2006-10-31 00:00:00.000000000,2006-10-31 00:00:00.000000000,2006-10-31 00:00:00.000000000,1980-01-01 00:00:00.000000000,1900-01-01 00:00:00.000000000,2006-09-19 12:00:00.000000000,2006-03-31 06:09:22.377600000,41 days 12:00:00.000000000,41 days 12:00:00.000000000,0 days 00:00:00.000000000
781,2007-01-08 00:00:00.000000000,2007-01-08 00:00:00.000000000,2007-01-08 00:00:00.000000000,1980-01-01 00:00:00.000000000,1900-01-01 00:00:00.000000000,2006-10-15 12:00:00.000000000,2006-04-26 06:09:22.377600000,84 days 12:00:00.000000000,84 days 12:00:00.000000000,0 days 00:00:00.000000000
782,2007-03-14 00:00:00.000000000,2007-03-14 00:00:00.000000000,2007-03-14 00:00:00.000000000,1980-01-01 00:00:00.000000000,2006-11-14 00:00:00.000000000,2006-11-14 00:00:00.000000000,2006-05-25 18:09:22.377600000,120 days 00:00:00.000000000,120 days 00:00:00.000000000,0 days 00:00:00.000000000
783,2006-12-22 00:00:00.000000000,2006-12-22 00:00:00.000000000,2006-12-22 00:00:00.000000000,1980-01-01 00:00:00.000000000,1900-01-01 00:00:00.000000000,2006-11-10 12:00:00.000000000,2006-05-22 06:09:22.377600000,41 days 12:00:00.000000000,41 days 12:00:00.000000000,0 days 00:00:00.000000000
784,2006-12-18 00:00:00.000000000,2006-12-18 00:00:00.000000000,2006-12-18 00:00:00.000000000,1980-01-01 00:00:00.000000000,1900-01-01 00:00:00.000000000,2006-11-06 12:00:00.000000000,2006-05-18 06:09:22.377600000,41 days 12:00:00.000000000,41 days 12:00:00.000000000,0 days 00:00:00.000000000
785,2007-01-23 00:00:00.000000000,2007-01-23 00:00:00.000000000,2007-01-23 00:00:00.000000000,1980-01-01 00:00:00.000000000,1900-01-01 00:00:00.000000000,2006-12-29 12:00:00.000000000,2006-07-10 06:09:22.377600000,24 days 12:00:00.000000000,24 days 12:00:00.000000000,0 days 00:00:00.000000000
786,2007-03-15 00:00:00.000000000,2007-03-05 00:00:00.000000000,2007-03-05 00:00:00.000000000,1980-01-01 00:00:00.000000000,1900-01-01 00:00:00.000000000,2007-02-04 14:24:00.000000000,2006-08-16 08:33:22.377600000,38 days 09:36:00.000000000,28 days 09:36:00.000000000,-10 days +00:00:00.000000000
787,2007-03-15 00:00:00.000000000,2007-03-15 00:00:00.000000000,2007-03-15 00:00:00.000000000,1980-01-01 00:00:00.000000000,1900-01-01 00:00:00.000000000,2007-02-04 14:24:00.000000000,2006-08-16 08:33:22.377600000,38 days 09:36:00.000000000,38 days 09:36:00.000000000,0 days 00:00:00.000000000
788,2007-03-27 00:00:00.000000000,2007-03-27 00:00:00.000000000,2007-03-27 00:00:00.000000000,1980-01-01 00:00:00.000000000,2007-03-01 00:00:00.000000000,2007-03-01 00:00:00.000000000,2006-09-09 18:09:22.377600000,26 days 00:00:00.000000000,26 days 00:00:00.000000000,0 days 00:00:00.000000000
789,2007-05-03 00:00:00.000000000,2007-05-03 00:00:00.000000000,2007-05-03 00:00:00.000000000,1980-01-01 00:00:00.000000000,2007-04-04 00:00:00.000000000,2007-04-04 00:00:00.000000000,2006-10-13 18:09:22.377600000,29 days 00:00:00.000000000,29 days 00:00:00.000000000,0 days 00:00:00.000000000
790,2007-05-31 00:00:00.000000000,2007-05-31 00:00:00.000000000,2007-05-31 00:00:00.000000000,1980-01-01 00:00:00.000000000,2007-04-30 00:00:00.000000000,2007-04-30 00:00:00.000000000,2006-11-08 18:09:22.377600000,31 days 00:00:00.000000000,31 days 00:00:00.000000000,0 days 00:00:00.000000000
791,2007-10-15 00:00:00.000000000,2007-10-15 00:00:00.000000000,2007-10-15 00:00:00.000000000,1980-01-01 00:00:00.000000000,2007-07-04 00:00:00.000000000,2007-07-04 00:00:00.000000000,2007-01-12 18:09:22.377600000,103 days 00:00:00.000000000,103 days 00:00:00.000000000,0 days 00:00:00.000000000
792,2007-10-25 00:00:00.000000000,2007-10-25 00:00:00.000000000,2007-10-25 00:00:00.000000000,1980-01-01 00:00:00.000000000,1900-01-01 00:00:00.000000000,2007-08-30 00:00:00.000000000,2007-03-10 18:09:22.377600000,56 days 00:00:00.000000000,56 days 00:00:00.000000000,0 days 00:00:00.000000000
793,2008-07-22 00:00:00.000000000,2008-07-22 00:00:00.000000000,2008-07-22 00:00:00.000000000,1980-01-01 00:00:00.000000000,2008-05-14 00:00:00.000000000,2008-05-14 00:00:00.000000000,2007-11-23 18:09:22.377600000,69 days 00:00:00.000000000,69 days 00:00:00.000000000,0 days 00:00:00.000000000
794,2008-01-10 00:00:00.000000000,2008-01-10 00:00:00.000000000,2008-01-10 00:00:00.000000000,1980-01-01 00:00:00.000000000,2007-09-28 00:00:00.000000000,2007-09-28 00:00:00.000000000,2007-04-08 18:09:22.377600000,104 days 00:00:00.000000000,104 days 00:00:00.000000000,0 days 00:00:00.000000000
795,2008-01-29 00:00:00.000000000,2008-01-29 00:00:00.000000000,2008-01-29 00:00:00.000000000,1980-01-01 00:00:00.000000000,2007-11-12 00:00:00.000000000,2007-11-12 00:00:00.000000000,2007-05-23 18:09:22.377600000,78 days 00:00:00.000000000,78 days 00:00:00.000000000,0 days 00:00:00.000000000
796,2008-01-29 00:00:00.000000000,2008-01-29 00:00:00.000000000,2008-01-29 00:00:00.000000000,1980-01-01 00:00:00.000000000,2007-11-12 00:00:00.000000000,2007-11-12 00:00:00.000000000,2007-05-23 18:09:22.377600000,78 days 00:00:00.000000000,78 days 00:00:00.000000000,0 days 00:00:00.000000000
797,2008-04-28 00:00:00.000000000,2008-03-11 00:00:00.000000000,2008-03-11 00:00:00.000000000,1980-01-01 00:00:00.000000000,2007-11-21 00:00:00.000000000,2007-11-21 00:00:00.000000000,2007-06-01 18:09:22.377600000,159 days 00:00:00.000000000,111 days 00:00:00.000000000,-48 days +00:00:00.000000000
798,2007-12-27 00:00:00.000000000,2007-12-27 00:00:00.000000000,2007-12-27 00:00:00.000000000,1980-01-01 00:00:00.000000000,2007-11-27 00:00:00.000000000,2007-11-27 00:00:00.000000000,2007-06-07 18:09:22.377600000,30 days 00:00:00.000000000,30 days 00:00:00.000000000,0 days 00:00:00.000000000
799,2008-01-03 00:00:00.000000000,2008-01-03 00:00:00.000000000,2008-01-03 00:00:00.000000000,1980-01-01 00:00:00.000000000,2007-12-03 00:00:00.000000000,2007-12-03 00:00:00.000000000,2007-06-13 18:09:22.377600000,31 days 00:00:00.000000000,31 days 00:00:00.000000000,0 days 00:00:00.000000000
800,2008-01-23 00:00:00.000000000,2008-01-23 00:00:00.000000000,2008-01-23 00:00:00.000000000,1980-01-01 00:00:00.000000000,2007-11-30 00:00:00.000000000,2007-11-30 00:00:00.000000000,2007-06-10 18:09:22.377600000,54 days 00:00:00.000000000,54 days 00:00:00.000000000,0 days 00:00:00.000000000
801,2008-01-24 00:00:00.000000000,2008-01-24 00:00:00.000000000,2008-01-24 00:00:00.000000000,1980-01-01 00:00:00.000000000,2007-12-20 00:00:00.000000000,2007-12-20 00:00:00.000000000,2007-06-30 18:09:22.377600000,35 days 00:00:00.000000000,35 days 00:00:00.000000000,0 days 00:00:00.000000000
802,2008-05-08 00:00:00.000000000,2008-05-08 00:00:00.000000000,2008-05-08 00:00:00.000000000,1980-01-01 00:00:00.000000000,2007-12-10 00:00:00.000000000,2007-12-10 00:00:00.000000000,2007-06-20 18:09:22.377600000,150 days 00:00:00.000000000,150 days 00:00:00.000000000,0 days 00:00:00.000000000
803,2008-11-11 00:00:00.000000000,2008-11-11 00:00:00.000000000,2008-11-11 00:00:00.000000000,1980-01-01 00:00:00.000000000,2008-01-05 00:00:00.000000000,2008-01-05 00:00:00.000000000,2007-07-16 18:09:22.377600000,311 days 00:00:00.000000000,311 days 00:00:00.000000000,0 days 00:00:00.000000000
804,2008-02-11 00:00:00.000000000,2008-02-11 00:00:00.000000000,2008-02-11 00:00:00.000000000,1980-01-01 00:00:00.000000000,1900-01-01 00:00:00.000000000,2007-11-12 17:41:03.148800000,2007-05-24 11:50:25.526400000,90 days 06:18:56.851200000,90 days 06:18:56.851200000,0 days 00:00:00.000000000
805,2008-01-21 00:00:00.000000000,2008-01-04 00:00:00.000000000,2008-01-04 00:00:00.000000000,1980-01-01 00:00:00.000000000,2008-01-04 00:00:00.000000000,2008-01-04 00:00:00.000000000,2007-07-15 18:09:22.377600000,17 days 00:00:00.000000000,0 days 00:00:00.000000000,-17 days +00:00:00.000000000
806,2008-09-19 00:00:00.000000000,2008-08-20 00:00:00.000000000,2008-08-20 00:00:00.000000000,1980-01-01 00:00:00.000000000,2008-01-29 00:00:00.000000000,2008-01-29 00:00:00.000000000,2007-08-09 18:09:22.377600000,234 days 00:00:00.000000000,204 days 00:00:00.000000000,-30 days +00:00:00.000000000
807,2008-03-12 00:00:00.000000000,2008-03-10 00:00:00.000000000,2008-03-10 00:00:00.000000000,1980-01-01 00:00:00.000000000,2008-01-29 00:00:00.000000000,2008-01-29 00:00:00.000000000,2007-08-09 18:09:22.377600000,43 days 00:00:00.000000000,41 days 00:00:00.000000000,-2 days +00:00:00.000000000
808,2008-03-04 00:00:00.000000000,2008-03-04 00:00:00.000000000,2008-03-04 00:00:00.000000000,1980-01-01 00:00:00.000000000,2008-02-06 00:00:00.000000000,2008-02-06 00:00:00.000000000,2007-08-17 18:09:22.377600000,27 days 00:00:00.000000000,27 days 00:00:00.000000000,0 days 00:00:00.000000000
809,2008-03-29 00:00:00.000000000,2008-03-29 00:00:00.000000000,2008-03-29 00:00:00.000000000,1980-01-01 00:00:00.000000000,2008-02-27 00:00:00.000000000,2008-02-27 00:00:00.000000000,2007-09-07 18:09:22.377600000,31 days 00:00:00.000000000,31 days 00:00:00.000000000,0 days 00:00:00.000000000
810,2009-02-18 00:00:00.000000000,2009-02-18 00:00:00.000000000,2009-02-18 00:00:00.000000000,1980-01-01 00:00:00.000000000,2008-02-27 00:00:00.000000000,2008-02-27 00:00:00.000000000,2007-09-07 18:09:22.377600000,357 days 00:00:00.000000000,357 days 00:00:00.000000000,0 days 00:00:00.000000000
811,2008-07-09 00:00:00.000000000,2008-07-09 00:00:00.000000000,2008-07-09 00:00:00.000000000,1980-01-01 00:00:00.000000000,2008-02-27 00:00:00.000000000,2008-02-27 00:00:00.000000000,2007-09-07 18:09:22.377600000,133 days 00:00:00.000000000,133 days 00:00:00.000000000,0 days 00:00:00.000000000
812,2008-09-19 00:00:00.000000000,2008-09-19 00:00:00.000000000,2008-09-19 00:00:00.000000000,1980-01-01 00:00:00.000000000,2008-03-18 00:00:00.000000000,2008-03-18 00:00:00.000000000,2007-09-27 18:09:22.377600000,185 days 00:00:00.000000000,185 days 00:00:00.000000000,0 days 00:00:00.000000000
813,2008-07-17 00:00:00.000000000,2008-07-17 00:00:00.000000000,2008-07-17 00:00:00.000000000,1980-01-01 00:00:00.000000000,2008-03-31 00:00:00.000000000,2008-03-31 00:00:00.000000000,2007-10-10 18:09:22.377600000,108 days 00:00:00.000000000,108 days 00:00:00.000000000,0 days 00:00:00.000000000
814,2008-05-28 00:00:00.000000000,2008-05-28 00:00:00.000000000,2008-05-28 00:00:00.000000000,1980-01-01 00:00:00.000000000,1900-01-01 00:00:00.000000000,2008-03-05 19:02:04.099200000,2007-09-15 13:11:26.476800000,83 days 04:57:55.900800000,83 days 04:57:55.900800000,0 days 00:00:00.000000000
815,2008-07-31 00:00:00.000000000,2008-07-31 00:00:00.000000000,2008-07-31 00:00:00.000000000,1980-01-01 00:00:00.000000000,2008-04-28 00:00:00.000000000,2008-04-28 00:00:00.000000000,2007-11-07 18:09:22.377600000,94 days 00:00:00.000000000,94 days 00:00:00.000000000,0 days 00:00:00.000000000
816,2008-07-31 00:00:00.000000000,2008-07-11 00:00:00.000000000,2008-07-11 00:00:00.000000000,1980-01-01 00:00:00.000000000,2008-04-28 00:00:00.000000000,2008-04-28 00:00:00.000000000,2007-11-07 18:09:22.377600000,94 days 00:00:00.000000000,74 days 00:00:00.000000000,-20 days +00:00:00.000000000
817,2008-11-18 00:00:00.000000000,2008-11-18 00:00:00.000000000,2008-11-18 00:00:00.000000000,1980-01-01 00:00:00.000000000,2008-04-28 00:00:00.000000000,2008-04-28 00:00:00.000000000,2007-11-07 18:09:22.377600000,204 days 00:00:00.000000000,204 days 00:00:00.000000000,0 days 00:00:00.000000000
818,2008-10-06 00:00:00.000000000,2008-10-06 00:00:00.000000000,2008-10-06 00:00:00.000000000,1980-01-01 00:00:00.000000000,2008-05-13 00:00:00.000000000,2008-05-13 00:00:00.000000000,2007-11-22 18:09:22.377600000,146 days 00:00:00.000000000,146 days 00:00:00.000000000,0 days 00:00:00.000000000
819,2008-09-19 00:00:00.000000000,2008-09-19 00:00:00.000000000,2008-09-19 00:00:00.000000000,1980-01-01 00:00:00.000000000,2008-05-13 00:00:00.000000000,2008-05-13 00:00:00.000000000,2007-11-22 18:09:22.377600000,129 days 00:00:00.000000000,129 days 00:00:00.000000000,0 days 00:00:00.000000000
820,2008-09-20 00:00:00.000000000,2008-09-20 00:00:00.000000000,2008-09-20 00:00:00.000000000,1980-01-01 00:00:00.000000000,2008-05-13 00:00:00.000000000,2008-05-13 00:00:00.000000000,2007-11-22 18:09:22.377600000,130 days 00:00:00.000000000,130 days 00:00:00.000000000,0 days 00:00:00.000000000
821,2008-09-19 00:00:00.000000000,2008-09-19 00:00:00.000000000,2008-09-19 00:00:00.000000000,1980-01-01 00:00:00.000000000,2008-05-14 00:00:00.000000000,2008-05-14 00:00:00.000000000,2007-11-23 18:09:22.377600000,128 days 00:00:00.000000000,128 days 00:00:00.000000000,0 days 00:00:00.000000000
822,2008-08-20 00:00:00.000000000,2008-05-08 00:00:00.000000000,2008-05-08 00:00:00.000000000,1980-01-01 00:00:00.000000000,1900-01-01 00:00:00.000000000,2008-07-04 16:00:00.028800000,2008-01-14 10:09:22.406400000,46 days 07:59:59.971200000,-58 days +07:59:59.971200000,-104 days +00:00:00.000000000
823,2008-08-20 00:00:00.000000000,2008-05-08 00:00:00.000000000,2008-05-08 00:00:00.000000000,1980-01-01 00:00:00.000000000,1900-01-01 00:00:00.000000000,2008-07-04 16:00:00.028800000,2008-01-14 10:09:22.406400000,46 days 07:59:59.971200000,-58 days +07:59:59.971200000,-104 days +00:00:00.000000000
824,2008-08-20 00:00:00.000000000,2008-05-08 00:00:00.000000000,2008-05-08 00:00:00.000000000,1980-01-01 00:00:00.000000000,1900-01-01 00:00:00.000000000,2008-07-04 16:00:00.028800000,2008-01-14 10:09:22.406400000,46 days 07:59:59.971200000,-58 days +07:59:59.971200000,-104 days +00:00:00.000000000
825,2008-06-06 00:00:00.000000000,2008-06-06 00:00:00.000000000,2008-06-06 00:00:00.000000000,1980-01-01 00:00:00.000000000,2008-05-13 00:00:00.000000000,2008-05-13 00:00:00.000000000,2007-11-22 18:09:22.377600000,24 days 00:00:00.000000000,24 days 00:00:00.000000000,0 days 00:00:00.000000000
826,2008-08-20 00:00:00.000000000,2008-08-20 00:00:00.000000000,2008-08-20 00:00:00.000000000,1980-01-01 00:00:00.000000000,2008-05-20 00:00:00.000000000,2008-05-20 00:00:00.000000000,2007-11-29 18:09:22.377600000,92 days 00:00:00.000000000,92 days 00:00:00.000000000,0 days 00:00:00.000000000
827,2008-11-18 00:00:00.000000000,2008-11-18 00:00:00.000000000,2008-11-18 00:00:00.000000000,1980-01-01 00:00:00.000000000,2008-06-20 00:00:00.000000000,2008-06-20 00:00:00.000000000,2007-12-30 18:09:22.377600000,151 days 00:00:00.000000000,151 days 00:00:00.000000000,0 days 00:00:00.000000000
828,2008-07-10 00:00:00.000000000,2008-07-08 00:00:00.000000000,2008-07-08 00:00:00.000000000,1980-01-01 00:00:00.000000000,1900-01-01 00:00:00.000000000,2008-05-24 16:00:00.028800000,2007-12-04 10:09:22.406400000,46 days 07:59:59.971200000,44 days 07:59:59.971200000,-2 days +00:00:00.000000000
829,2008-12-03 00:00:00.000000000,2008-12-03 00:00:00.000000000,2008-12-03 00:00:00.000000000,1980-01-01 00:00:00.000000000,2008-07-24 00:00:00.000000000,2008-07-24 00:00:00.000000000,2008-02-02 18:09:22.377600000,132 days 00:00:00.000000000,132 days 00:00:00.000000000,0 days 00:00:00.000000000
830,2008-11-24 00:00:00.000000000,2008-11-24 00:00:00.000000000,2008-11-24 00:00:00.000000000,1980-01-01 00:00:00.000000000,2008-07-24 00:00:00.000000000,2008-07-24 00:00:00.000000000,2008-02-02 18:09:22.377600000,123 days 00:00:00.000000000,123 days 00:00:00.000000000,0 days 00:00:00.000000000
831,2008-11-21 00:00:00.000000000,2008-11-21 00:00:00.000000000,2008-11-21 00:00:00.000000000,1980-01-01 00:00:00.000000000,2008-07-24 00:00:00.000000000,2008-07-24 00:00:00.000000000,2008-02-02 18:09:22.377600000,120 days 00:00:00.000000000,120 days 00:00:00.000000000,0 days 00:00:00.000000000
832,2008-09-29 00:00:00.000000000,2008-09-29 00:00:00.000000000,2008-09-29 00:00:00.000000000,1980-01-01 00:00:00.000000000,2008-08-05 00:00:00.000000000,2008-08-05 00:00:00.000000000,2008-02-14 18:09:22.377600000,55 days 00:00:00.000000000,55 days 00:00:00.000000000,0 days 00:00:00.000000000
833,2008-10-07 00:00:00.000000000,2008-10-06 00:00:00.000000000,2008-10-06 00:00:00.000000000,1980-01-01 00:00:00.000000000,2008-08-22 00:00:00.000000000,2008-08-22 00:00:00.000000000,2008-03-02 18:09:22.377600000,46 days 00:00:00.000000000,45 days 00:00:00.000000000,-1 days +00:00:00.000000000
834,2008-08-25 00:00:00.000000000,2008-08-14 00:00:00.000000000,2008-08-14 00:00:00.000000000,1980-01-01 00:00:00.000000000,1900-01-01 00:00:00.000000000,2008-07-09 16:00:00.028800000,2008-01-19 10:09:22.406400000,46 days 07:59:59.971200000,35 days 07:59:59.971200000,-11 days +00:00:00.000000000
835,2008-08-25 00:00:00.000000000,2008-08-14 00:00:00.000000000,2008-08-14 00:00:00.000000000,1980-01-01 00:00:00.000000000,1900-01-01 00:00:00.000000000,2008-07-09 16:00:00.028800000,2008-01-19 10:09:22.406400000,46 days 07:59:59.971200000,35 days 07:59:59.971200000,-11 days +00:00:00.000000000
836,2009-01-15 00:00:00.000000000,2008-11-20 00:00:00.000000000,2008-11-20 00:00:00.000000000,1980-01-01 00:00:00.000000000,2008-08-26 00:00:00.000000000,2008-08-26 00:00:00.000000000,2008-03-06 18:09:22.377600000,142 days 00:00:00.000000000,86 days 00:00:00.000000000,-56 days +00:00:00.000000000
837,2009-03-10 00:00:00.000000000,2008-11-24 00:00:00.000000000,2008-11-24 00:00:00.000000000,1980-01-01 00:00:00.000000000,2008-09-23 00:00:00.000000000,2008-09-23 00:00:00.000000000,2008-04-03 18:09:22.377600000,168 days 00:00:00.000000000,62 days 00:00:00.000000000,-106 days +00:00:00.000000000
838,2009-03-10 00:00:00.000000000,2009-03-10 00:00:00.000000000,2009-03-10 00:00:00.000000000,1980-01-01 00:00:00.000000000,2008-09-23 00:00:00.000000000,2008-09-23 00:00:00.000000000,2008-04-03 18:09:22.377600000,168 days 00:00:00.000000000,168 days 00:00:00.000000000,0 days 00:00:00.000000000
839,2008-11-20 00:00:00.000000000,2008-11-20 00:00:00.000000000,2008-11-20 00:00:00.000000000,1980-01-01 00:00:00.000000000,2008-10-02 00:00:00.000000000,2008-10-02 00:00:00.000000000,2008-04-12 18:09:22.377600000,49 days 00:00:00.000000000,49 days 00:00:00.000000000,0 days 00:00:00.000000000
840,2009-03-18 00:00:00.000000000,2009-03-18 00:00:00.000000000,2009-03-18 00:00:00.000000000,1980-01-01 00:00:00.000000000,2008-10-02 00:00:00.000000000,2008-10-02 00:00:00.000000000,2008-04-12 18:09:22.377600000,167 days 00:00:00.000000000,167 days 00:00:00.000000000,0 days 00:00:00.000000000
841,2009-04-14 00:00:00.000000000,2009-04-14 00:00:00.000000000,2009-04-14 00:00:00.000000000,1980-01-01 00:00:00.000000000,2008-10-14 00:00:00.000000000,2008-10-14 00:00:00.000000000,2008-04-24 18:09:22.377600000,182 days 00:00:00.000000000,182 days 00:00:00.000000000,0 days 00:00:00.000000000
842,2008-12-22 00:00:00.000000000,2008-12-22 00:00:00.000000000,2008-12-22 00:00:00.000000000,1980-01-01 00:00:00.000000000,2008-10-14 00:00:00.000000000,2008-10-14 00:00:00.000000000,2008-04-24 18:09:22.377600000,69 days 00:00:00.000000000,69 days 00:00:00.000000000,0 days 00:00:00.000000000
843,2009-01-23 00:00:00.000000000,2009-01-23 00:00:00.000000000,2009-01-23 00:00:00.000000000,1980-01-01 00:00:00.000000000,2008-10-14 00:00:00.000000000,2008-10-14 00:00:00.000000000,2008-04-24 18:09:22.377600000,101 days 00:00:00.000000000,101 days 00:00:00.000000000,0 days 00:00:00.000000000
844,2009-01-14 00:00:00.000000000,2009-01-14 00:00:00.000000000,2009-01-14 00:00:00.000000000,1980-01-01 00:00:00.000000000,2008-10-24 00:00:00.000000000,2008-10-24 00:00:00.000000000,2008-05-04 18:09:22.377600000,82 days 00:00:00.000000000,82 days 00:00:00.000000000,0 days 00:00:00.000000000
845,2008-12-03 00:00:00.000000000,2008-12-01 00:00:00.000000000,2008-12-01 00:00:00.000000000,1980-01-01 00:00:00.000000000,2008-10-27 00:00:00.000000000,2008-10-27 00:00:00.000000000,2008-05-07 18:09:22.377600000,37 days 00:00:00.000000000,35 days 00:00:00.000000000,-2 days +00:00:00.000000000
846,2009-05-17 00:00:00.000000000,2009-05-17 00:00:00.000000000,2009-05-17 00:00:00.000000000,1980-01-01 00:00:00.000000000,2008-12-02 00:00:00.000000000,2008-12-02 00:00:00.000000000,2008-06-12 18:09:22.377600000,166 days 00:00:00.000000000,166 days 00:00:00.000000000,0 days 00:00:00.000000000
847,2009-06-15 00:00:00.000000000,2009-06-15 00:00:00.000000000,2009-06-15 00:00:00.000000000,1980-01-01 00:00:00.000000000,2008-12-30 00:00:00.000000000,2008-12-30 00:00:00.000000000,2008-07-10 18:09:22.377600000,167 days 00:00:00.000000000,167 days 00:00:00.000000000,0 days 00:00:00.000000000
848,2009-02-23 00:00:00.000000000,2009-02-23 00:00:00.000000000,2009-02-23 00:00:00.000000000,1980-01-01 00:00:00.000000000,2008-12-30 00:00:00.000000000,2008-12-30 00:00:00.000000000,2008-07-10 18:09:22.377600000,55 days 00:00:00.000000000,55 days 00:00:00.000000000,0 days 00:00:00.000000000
849,2009-04-09 00:00:00.000000000,2009-04-09 00:00:00.000000000,2009-04-09 00:00:00.000000000,1980-01-01 00:00:00.000000000,2009-01-16 00:00:00.000000000,2009-01-16 00:00:00.000000000,2008-07-27 18:09:22.377600000,83 days 00:00:00.000000000,83 days 00:00:00.000000000,0 days 00:00:00.000000000
850,2009-03-27 00:00:00.000000000,2009-03-27 00:00:00.000000000,2009-03-27 00:00:00.000000000,1980-01-01 00:00:00.000000000,2009-01-16 00:00:00.000000000,2009-01-16 00:00:00.000000000,2008-07-27 18:09:22.377600000,70 days 00:00:00.000000000,70 days 00:00:00.000000000,0 days 00:00:00.000000000
851,2009-03-03 00:00:00.000000000,2009-03-03 00:00:00.000000000,2009-03-03 00:00:00.000000000,1980-01-01 00:00:00.000000000,2009-02-06 00:00:00.000000000,2009-02-06 00:00:00.000000000,2008-08-17 18:09:22.377600000,25 days 00:00:00.000000000,25 days 00:00:00.000000000,0 days 00:00:00.000000000
852,2009-08-11 00:00:00.000000000,2009-08-11 00:00:00.000000000,2009-08-11 00:00:00.000000000,1980-01-01 00:00:00.000000000,2009-02-05 00:00:00.000000000,2009-02-05 00:00:00.000000000,2008-08-16 18:09:22.377600000,187 days 00:00:00.000000000,187 days 00:00:00.000000000,0 days 00:00:00.000000000
853,2009-04-06 00:00:00.000000000,2009-04-06 00:00:00.000000000,2009-04-06 00:00:00.000000000,1980-01-01 00:00:00.000000000,2009-02-18 00:00:00.000000000,2009-02-18 00:00:00.000000000,2008-08-29 18:09:22.377600000,47 days 00:00:00.000000000,47 days 00:00:00.000000000,0 days 00:00:00.000000000
854,2009-04-21 00:00:00.000000000,2009-04-21 00:00:00.000000000,2009-04-21 00:00:00.000000000,1980-01-01 00:00:00.000000000,2008-10-21 00:00:00.000000000,2008-10-21 00:00:00.000000000,2008-05-01 18:09:22.377600000,182 days 00:00:00.000000000,182 days 00:00:00.000000000,0 days 00:00:00.000000000
855,2009-04-15 00:00:00.000000000,2009-04-15 00:00:00.000000000,2009-04-15 00:00:00.000000000,1980-01-01 00:00:00.000000000,2009-03-04 00:00:00.000000000,2009-03-04 00:00:00.000000000,2008-09-12 18:09:22.377600000,42 days 00:00:00.000000000,42 days 00:00:00.000000000,0 days 00:00:00.000000000
856,2009-04-21 00:00:00.000000000,2009-04-21 00:00:00.000000000,2009-04-21 00:00:00.000000000,1980-01-01 00:00:00.000000000,2009-03-06 00:00:00.000000000,2009-03-06 00:00:00.000000000,2008-09-14 18:09:22.377600000,46 days 00:00:00.000000000,46 days 00:00:00.000000000,0 days 00:00:00.000000000
857,2009-04-20 00:00:00.000000000,2009-04-20 00:00:00.000000000,2009-04-20 00:00:00.000000000,1980-01-01 00:00:00.000000000,2009-03-06 00:00:00.000000000,2009-03-06 00:00:00.000000000,2008-09-14 18:09:22.377600000,45 days 00:00:00.000000000,45 days 00:00:00.000000000,0 days 00:00:00.000000000
858,2009-03-24 00:00:00.000000000,2008-12-01 00:00:00.000000000,2008-12-01 00:00:00.000000000,1980-01-01 00:00:00.000000000,1900-01-01 00:00:00.000000000,2009-01-26 22:33:54.748800000,2008-08-07 16:43:17.126400000,56 days 01:26:05.251200000,-57 days +01:26:05.251200000,-113 days +00:00:00.000000000
859,2009-04-28 00:00:00.000000000,2008-12-19 00:00:00.000000000,2008-12-19 00:00:00.000000000,1980-01-01 00:00:00.000000000,1900-01-01 00:00:00.000000000,2009-03-02 22:33:54.748800000,2008-09-11 16:43:17.126400000,56 days 01:26:05.251200000,-74 days +01:26:05.251200000,-130 days +00:00:00.000000000
860,2009-04-03 00:00:00.000000000,2009-04-03 00:00:00.000000000,2009-04-03 00:00:00.000000000,1980-01-01 00:00:00.000000000,1900-01-01 00:00:00.000000000,2009-02-05 22:33:54.748800000,2008-08-17 16:43:17.126400000,56 days 01:26:05.251200000,56 days 01:26:05.251200000,0 days 00:00:00.000000000
861,2009-06-30 00:00:00.000000000,2009-01-30 00:00:00.000000000,2009-01-30 00:00:00.000000000,1980-01-01 00:00:00.000000000,1900-01-01 00:00:00.000000000,2009-05-04 22:33:54.748800000,2008-11-13 16:43:17.126400000,56 days 01:26:05.251200000,-95 days +01:26:05.251200000,-151 days +00:00:00.000000000
862,2009-07-07 00:00:00.000000000,2009-02-02 00:00:00.000000000,2009-02-02 00:00:00.000000000,1980-01-01 00:00:00.000000000,1900-01-01 00:00:00.000000000,2009-05-11 22:33:54.748800000,2008-11-20 16:43:17.126400000,56 days 01:26:05.251200000,-99 days +01:26:05.251200000,-155 days +00:00:00.000000000
863,2009-04-07 00:00:00.000000000,2008-12-03 00:00:00.000000000,2008-12-03 00:00:00.000000000,1980-01-01 00:00:00.000000000,1900-01-01 00:00:00.000000000,2009-02-09 22:33:54.748800000,2008-08-21 16:43:17.126400000,56 days 01:26:05.251200000,-69 days +01:26:05.251200000,-125 days +00:00:00.000000000
864,2009-05-26 00:00:00.000000000,2009-01-22 00:00:00.000000000,2009-01-22 00:00:00.000000000,1980-01-01 00:00:00.000000000,1900-01-01 00:00:00.000000000,2009-03-30 22:33:54.748800000,2008-10-09 16:43:17.126400000,56 days 01:26:05.251200000,-68 days +01:26:05.251200000,-124 days +00:00:00.000000000
865,2009-06-17 00:00:00.000000000,2009-04-03 00:00:00.000000000,2009-04-03 00:00:00.000000000,1980-01-01 00:00:00.000000000,2009-03-13 00:00:00.000000000,2009-03-13 00:00:00.000000000,2008-09-21 18:09:22.377600000,96 days 00:00:00.000000000,21 days 00:00:00.000000000,-75 days +00:00:00.000000000
866,2009-03-31 00:00:00.000000000,2008-11-21 00:00:00.000000000,2008-11-21 00:00:00.000000000,1980-01-01 00:00:00.000000000,1900-01-01 00:00:00.000000000,2009-02-02 22:33:54.748800000,2008-08-14 16:43:17.126400000,56 days 01:26:05.251200000,-74 days +01:26:05.251200000,-130 days +00:00:00.000000000
867,2009-03-31 00:00:00.000000000,2008-11-21 00:00:00.000000000,2008-11-21 00:00:00.000000000,1980-01-01 00:00:00.000000000,1900-01-01 00:00:00.000000000,2009-02-02 22:33:54.748800000,2008-08-14 16:43:17.126400000,56 days 01:26:05.251200000,-74 days +01:26:05.251200000,-130 days +00:00:00.000000000
868,2009-04-01 00:00:00.000000000,2008-11-21 00:00:00.000000000,2008-11-21 00:00:00.000000000,1980-01-01 00:00:00.000000000,1900-01-01 00:00:00.000000000,2009-02-03 22:33:54.748800000,2008-08-15 16:43:17.126400000,56 days 01:26:05.251200000,-75 days +01:26:05.251200000,-131 days +00:00:00.000000000
869,2009-03-30 00:00:00.000000000,2009-01-21 00:00:00.000000000,2009-01-21 00:00:00.000000000,1980-01-01 00:00:00.000000000,1900-01-01 00:00:00.000000000,2009-02-01 22:33:54.748800000,2008-08-13 16:43:17.126400000,56 days 01:26:05.251200000,-12 days +01:26:05.251200000,-68 days +00:00:00.000000000
870,2009-03-30 00:00:00.000000000,2009-01-21 00:00:00.000000000,2009-01-21 00:00:00.000000000,1980-01-01 00:00:00.000000000,1900-01-01 00:00:00.000000000,2009-02-01 22:33:54.748800000,2008-08-13 16:43:17.126400000,56 days 01:26:05.251200000,-12 days +01:26:05.251200000,-68 days +00:00:00.000000000
871,2009-03-30 00:00:00.000000000,2009-01-21 00:00:00.000000000,2009-01-21 00:00:00.000000000,1980-01-01 00:00:00.000000000,1900-01-01 00:00:00.000000000,2009-02-01 22:33:54.748800000,2008-08-13 16:43:17.126400000,56 days 01:26:05.251200000,-12 days +01:26:05.251200000,-68 days +00:00:00.000000000
872,2009-03-30 00:00:00.000000000,2009-01-21 00:00:00.000000000,2009-01-21 00:00:00.000000000,1980-01-01 00:00:00.000000000,1900-01-01 00:00:00.000000000,2009-02-01 22:33:54.748800000,2008-08-13 16:43:17.126400000,56 days 01:26:05.251200000,-12 days +01:26:05.251200000,-68 days +00:00:00.000000000
873,2009-03-30 00:00:00.000000000,2009-01-23 00:00:00.000000000,2009-01-23 00:00:00.000000000,1980-01-01 00:00:00.000000000,1900-01-01 00:00:00.000000000,2009-02-01 22:33:54.748800000,2008-08-13 16:43:17.126400000,56 days 01:26:05.251200000,-10 days +01:26:05.251200000,-66 days +00:00:00.000000000
874,2009-06-25 00:00:00.000000000,2009-04-17 00:00:00.000000000,2009-04-17 00:00:00.000000000,1980-01-01 00:00:00.000000000,2009-03-27 00:00:00.000000000,2009-03-27 00:00:00.000000000,2008-10-05 18:09:22.377600000,90 days 00:00:00.000000000,21 days 00:00:00.000000000,-69 days +00:00:00.000000000
875,2009-06-25 00:00:00.000000000,2009-04-21 00:00:00.000000000,2009-04-21 00:00:00.000000000,1980-01-01 00:00:00.000000000,2009-03-27 00:00:00.000000000,2009-03-27 00:00:00.000000000,2008-10-05 18:09:22.377600000,90 days 00:00:00.000000000,25 days 00:00:00.000000000,-65 days +00:00:00.000000000
876,2009-06-25 00:00:00.000000000,2009-04-15 00:00:00.000000000,2009-04-15 00:00:00.000000000,1980-01-01 00:00:00.000000000,2009-03-27 00:00:00.000000000,2009-03-27 00:00:00.000000000,2008-10-05 18:09:22.377600000,90 days 00:00:00.000000000,19 days 00:00:00.000000000,-71 days +00:00:00.000000000
877,2009-06-25 00:00:00.000000000,2009-04-16 00:00:00.000000000,2009-04-16 00:00:00.000000000,1980-01-01 00:00:00.000000000,2009-03-27 00:00:00.000000000,2009-03-27 00:00:00.000000000,2008-10-05 18:09:22.377600000,90 days 00:00:00.000000000,20 days 00:00:00.000000000,-70 days +00:00:00.000000000
878,2009-07-31 00:00:00.000000000,2009-04-21 00:00:00.000000000,2009-04-21 00:00:00.000000000,1980-01-01 00:00:00.000000000,2009-04-02 00:00:00.000000000,2009-04-02 00:00:00.000000000,2008-10-11 18:09:22.377600000,120 days 00:00:00.000000000,19 days 00:00:00.000000000,-101 days +00:00:00.000000000
879,2009-05-15 00:00:00.000000000,2009-05-15 00:00:00.000000000,2009-05-15 00:00:00.000000000,1980-01-01 00:00:00.000000000,2009-04-02 00:00:00.000000000,2009-04-02 00:00:00.000000000,2008-10-11 18:09:22.377600000,43 days 00:00:00.000000000,43 days 00:00:00.000000000,0 days 00:00:00.000000000
880,2009-05-15 00:00:00.000000000,2009-04-23 00:00:00.000000000,2009-04-23 00:00:00.000000000,1980-01-01 00:00:00.000000000,2009-04-02 00:00:00.000000000,2009-04-02 00:00:00.000000000,2008-10-11 18:09:22.377600000,43 days 00:00:00.000000000,21 days 00:00:00.000000000,-22 days +00:00:00.000000000
881,2009-07-01 00:00:00.000000000,2009-07-01 00:00:00.000000000,2009-07-01 00:00:00.000000000,1980-01-01 00:00:00.000000000,2009-04-02 00:00:00.000000000,2009-04-02 00:00:00.000000000,2008-10-11 18:09:22.377600000,90 days 00:00:00.000000000,90 days 00:00:00.000000000,0 days 00:00:00.000000000
882,2009-07-23 00:00:00.000000000,2009-07-23 00:00:00.000000000,2009-07-23 00:00:00.000000000,1980-01-01 00:00:00.000000000,2009-04-02 00:00:00.000000000,2009-04-02 00:00:00.000000000,2008-10-11 18:09:22.377600000,112 days 00:00:00.000000000,112 days 00:00:00.000000000,0 days 00:00:00.000000000
883,2009-04-24 00:00:00.000000000,2009-04-24 00:00:00.000000000,2009-04-24 00:00:00.000000000,1980-01-01 00:00:00.000000000,2009-04-02 00:00:00.000000000,2009-04-02 00:00:00.000000000,2008-10-11 18:09:22.377600000,22 days 00:00:00.000000000,22 days 00:00:00.000000000,0 days 00:00:00.000000000
884,2009-08-31 00:00:00.000000000,2009-08-31 00:00:00.000000000,2009-08-31 00:00:00.000000000,1980-01-01 00:00:00.000000000,2009-04-02 00:00:00.000000000,2009-04-02 00:00:00.000000000,2008-10-11 18:09:22.377600000,151 days 00:00:00.000000000,151 days 00:00:00.000000000,0 days 00:00:00.000000000
885,2009-06-03 00:00:00.000000000,2009-06-03 00:00:00.000000000,2009-06-03 00:00:00.000000000,1980-01-01 00:00:00.000000000,2009-04-02 00:00:00.000000000,2009-04-02 00:00:00.000000000,2008-10-11 18:09:22.377600000,62 days 00:00:00.000000000,62 days 00:00:00.000000000,0 days 00:00:00.000000000
886,2009-05-20 00:00:00.000000000,2009-05-20 00:00:00.000000000,2009-05-20 00:00:00.000000000,1980-01-01 00:00:00.000000000,2009-04-01 00:00:00.000000000,2009-04-01 00:00:00.000000000,2008-10-10 18:09:22.377600000,49 days 00:00:00.000000000,49 days 00:00:00.000000000,0 days 00:00:00.000000000
887,2009-07-10 00:00:00.000000000,2009-08-28 00:00:00.000000000,2009-08-28 00:00:00.000000000,1980-01-01 00:00:00.000000000,2009-05-14 00:00:00.000000000,2009-05-14 00:00:00.000000000,2008-11-22 18:09:22.377600000,57 days 00:00:00.000000000,106 days 00:00:00.000000000,49 days 00:00:00.000000000
888,2009-05-20 00:00:00.000000000,2009-05-20 00:00:00.000000000,2009-05-20 00:00:00.000000000,1980-01-01 00:00:00.000000000,2009-04-04 00:00:00.000000000,2009-04-04 00:00:00.000000000,2008-10-13 18:09:22.377600000,46 days 00:00:00.000000000,46 days 00:00:00.000000000,0 days 00:00:00.000000000
889,2009-06-24 00:00:00.000000000,2009-06-08 00:00:00.000000000,2009-06-08 00:00:00.000000000,1980-01-01 00:00:00.000000000,2009-04-09 00:00:00.000000000,2009-04-09 00:00:00.000000000,2008-10-18 18:09:22.377600000,76 days 00:00:00.000000000,60 days 00:00:00.000000000,-16 days +00:00:00.000000000
890,2009-06-05 00:00:00.000000000,2009-06-05 00:00:00.000000000,2009-06-05 00:00:00.000000000,1980-01-01 00:00:00.000000000,2009-04-20 00:00:00.000000000,2009-04-20 00:00:00.000000000,2008-10-29 18:09:22.377600000,46 days 00:00:00.000000000,46 days 00:00:00.000000000,0 days 00:00:00.000000000
891,2009-07-11 00:00:00.000000000,2009-07-11 00:00:00.000000000,2009-07-11 00:00:00.000000000,1980-01-01 00:00:00.000000000,2009-04-29 00:00:00.000000000,2009-04-29 00:00:00.000000000,2008-11-07 18:09:22.377600000,73 days 00:00:00.000000000,73 days 00:00:00.000000000,0 days 00:00:00.000000000
892,2009-07-10 00:00:00.000000000,2009-07-10 00:00:00.000000000,2009-07-10 00:00:00.000000000,1980-01-01 00:00:00.000000000,2009-04-29 00:00:00.000000000,2009-04-29 00:00:00.000000000,2008-11-07 18:09:22.377600000,72 days 00:00:00.000000000,72 days 00:00:00.000000000,0 days 00:00:00.000000000
893,2009-06-08 00:00:00.000000000,2009-06-08 00:00:00.000000000,2009-06-08 00:00:00.000000000,1980-01-01 00:00:00.000000000,2009-05-08 00:00:00.000000000,2009-05-08 00:00:00.000000000,2008-11-16 18:09:22.377600000,31 days 00:00:00.000000000,31 days 00:00:00.000000000,0 days 00:00:00.000000000
894,2009-06-19 00:00:00.000000000,2009-06-19 00:00:00.000000000,2009-06-19 00:00:00.000000000,1980-01-01 00:00:00.000000000,2009-05-18 00:00:00.000000000,2009-05-18 00:00:00.000000000,2008-11-26 18:09:22.377600000,32 days 00:00:00.000000000,32 days 00:00:00.000000000,0 days 00:00:00.000000000
895,2009-07-23 00:00:00.000000000,2009-07-23 00:00:00.000000000,2009-07-23 00:00:00.000000000,1980-01-01 00:00:00.000000000,2009-05-27 00:00:00.000000000,2009-05-27 00:00:00.000000000,2008-12-05 18:09:22.377600000,57 days 00:00:00.000000000,57 days 00:00:00.000000000,0 days 00:00:00.000000000
896,2009-10-12 00:00:00.000000000,2009-07-21 00:00:00.000000000,2009-07-21 00:00:00.000000000,1980-01-01 00:00:00.000000000,2009-06-05 00:00:00.000000000,2009-06-05 00:00:00.000000000,2008-12-14 18:09:22.377600000,129 days 00:00:00.000000000,46 days 00:00:00.000000000,-83 days +00:00:00.000000000
897,2009-10-12 00:00:00.000000000,2009-07-21 00:00:00.000000000,2009-07-21 00:00:00.000000000,1980-01-01 00:00:00.000000000,2009-06-05 00:00:00.000000000,2009-06-05 00:00:00.000000000,2008-12-14 18:09:22.377600000,129 days 00:00:00.000000000,46 days 00:00:00.000000000,-83 days +00:00:00.000000000
898,2009-10-12 00:00:00.000000000,2009-10-08 00:00:00.000000000,2009-10-08 00:00:00.000000000,1980-01-01 00:00:00.000000000,2009-06-05 00:00:00.000000000,2009-06-05 00:00:00.000000000,2008-12-14 18:09:22.377600000,129 days 00:00:00.000000000,125 days 00:00:00.000000000,-4 days +00:00:00.000000000
899,2009-09-03 00:00:00.000000000,2009-09-03 00:00:00.000000000,2009-09-03 00:00:00.000000000,1980-01-01 00:00:00.000000000,2009-07-13 00:00:00.000000000,2009-07-13 00:00:00.000000000,2009-01-21 18:09:22.377600000,52 days 00:00:00.000000000,52 days 00:00:00.000000000,0 days 00:00:00.000000000
900,2006-10-10 00:00:00.000000000,2006-10-10 00:00:00.000000000,2006-10-10 00:00:00.000000000,1980-01-01 00:00:00.000000000,1900-01-01 00:00:00.000000000,2006-08-02 00:00:00.000000000,2006-02-10 18:09:22.377600000,69 days 00:00:00.000000000,69 days 00:00:00.000000000,0 days 00:00:00.000000000
901,2006-09-30 00:00:00.000000000,2006-09-30 00:00:00.000000000,2006-09-30 00:00:00.000000000,1980-01-01 00:00:00.000000000,1900-01-01 00:00:00.000000000,2006-08-19 12:00:00.000000000,2006-02-28 06:09:22.377600000,41 days 12:00:00.000000000,41 days 12:00:00.000000000,0 days 00:00:00.000000000
902,2006-10-18 00:00:00.000000000,2006-10-18 00:00:00.000000000,2006-10-18 00:00:00.000000000,1980-01-01 00:00:00.000000000,1900-01-01 00:00:00.000000000,2006-09-06 12:00:00.000000000,2006-03-18 06:09:22.377600000,41 days 12:00:00.000000000,41 days 12:00:00.000000000,0 days 00:00:00.000000000
903,2006-10-03 00:00:00.000000000,2006-10-03 00:00:00.000000000,2006-10-03 00:00:00.000000000,1980-01-01 00:00:00.000000000,1900-01-01 00:00:00.000000000,2006-08-22 12:00:00.000000000,2006-03-03 06:09:22.377600000,41 days 12:00:00.000000000,41 days 12:00:00.000000000,0 days 00:00:00.000000000
904,2006-11-08 00:00:00.000000000,2006-11-08 00:00:00.000000000,2006-11-08 00:00:00.000000000,1980-01-01 00:00:00.000000000,1900-01-01 00:00:00.000000000,2006-09-27 12:00:00.000000000,2006-04-08 06:09:22.377600000,41 days 12:00:00.000000000,41 days 12:00:00.000000000,0 days 00:00:00.000000000
905,2006-12-21 00:00:00.000000000,2006-12-21 00:00:00.000000000,2006-12-21 00:00:00.000000000,1980-01-01 00:00:00.000000000,1900-01-01 00:00:00.000000000,2006-11-09 12:00:00.000000000,2006-05-21 06:09:22.377600000,41 days 12:00:00.000000000,41 days 12:00:00.000000000,0 days 00:00:00.000000000
906,2006-12-20 00:00:00.000000000,2006-12-20 00:00:00.000000000,2006-12-20 00:00:00.000000000,1980-01-01 00:00:00.000000000,1900-01-01 00:00:00.000000000,2006-11-08 12:00:00.000000000,2006-05-20 06:09:22.377600000,41 days 12:00:00.000000000,41 days 12:00:00.000000000,0 days 00:00:00.000000000
907,2007-08-06 00:00:00.000000000,2007-08-06 00:00:00.000000000,2007-08-06 00:00:00.000000000,1980-01-01 00:00:00.000000000,2007-06-06 00:00:00.000000000,2007-06-06 00:00:00.000000000,2006-12-15 18:09:22.377600000,61 days 00:00:00.000000000,61 days 00:00:00.000000000,0 days 00:00:00.000000000
908,2007-10-02 00:00:00.000000000,2007-10-02 00:00:00.000000000,2007-10-02 00:00:00.000000000,1980-01-01 00:00:00.000000000,2007-07-13 00:00:00.000000000,2007-07-13 00:00:00.000000000,2007-01-21 18:09:22.377600000,81 days 00:00:00.000000000,81 days 00:00:00.000000000,0 days 00:00:00.000000000
909,2007-10-02 00:00:00.000000000,2007-10-02 00:00:00.000000000,2007-10-02 00:00:00.000000000,1980-01-01 00:00:00.000000000,2007-07-03 00:00:00.000000000,2007-07-03 00:00:00.000000000,2007-01-11 18:09:22.377600000,91 days 00:00:00.000000000,91 days 00:00:00.000000000,0 days 00:00:00.000000000
910,2007-11-22 00:00:00.000000000,2007-11-22 00:00:00.000000000,2007-11-22 00:00:00.000000000,1980-01-01 00:00:00.000000000,1900-01-01 00:00:00.000000000,2007-09-27 00:00:00.000000000,2007-04-07 18:09:22.377600000,56 days 00:00:00.000000000,56 days 00:00:00.000000000,0 days 00:00:00.000000000
911,2008-07-22 00:00:00.000000000,2008-07-22 00:00:00.000000000,2008-07-22 00:00:00.000000000,1980-01-01 00:00:00.000000000,2007-10-23 00:00:00.000000000,2007-10-23 00:00:00.000000000,2007-05-03 18:09:22.377600000,273 days 00:00:00.000000000,273 days 00:00:00.000000000,0 days 00:00:00.000000000
912,2007-08-31 00:00:00.000000000,2007-08-31 00:00:00.000000000,2007-08-31 00:00:00.000000000,1980-01-01 00:00:00.000000000,2007-07-31 00:00:00.000000000,2007-07-31 00:00:00.000000000,2007-02-08 18:09:22.377600000,31 days 00:00:00.000000000,31 days 00:00:00.000000000,0 days 00:00:00.000000000
913,2007-12-06 00:00:00.000000000,2007-12-06 00:00:00.000000000,2007-12-06 00:00:00.000000000,1980-01-01 00:00:00.000000000,2007-07-04 00:00:00.000000000,2007-07-04 00:00:00.000000000,2007-01-12 18:09:22.377600000,155 days 00:00:00.000000000,155 days 00:00:00.000000000,0 days 00:00:00.000000000
914,2007-10-05 00:00:00.000000000,2007-10-05 00:00:00.000000000,2007-10-05 00:00:00.000000000,1980-01-01 00:00:00.000000000,2007-08-28 00:00:00.000000000,2007-08-28 00:00:00.000000000,2007-03-08 18:09:22.377600000,38 days 00:00:00.000000000,38 days 00:00:00.000000000,0 days 00:00:00.000000000
915,2007-10-09 00:00:00.000000000,2007-10-09 00:00:00.000000000,2007-10-09 00:00:00.000000000,1980-01-01 00:00:00.000000000,2007-08-28 00:00:00.000000000,2007-08-28 00:00:00.000000000,2007-03-08 18:09:22.377600000,42 days 00:00:00.000000000,42 days 00:00:00.000000000,0 days 00:00:00.000000000
916,2007-11-16 00:00:00.000000000,2007-11-16 00:00:00.000000000,2007-11-16 00:00:00.000000000,1980-01-01 00:00:00.000000000,2007-10-18 00:00:00.000000000,2007-10-18 00:00:00.000000000,2007-04-28 18:09:22.377600000,29 days 00:00:00.000000000,29 days 00:00:00.000000000,0 days 00:00:00.000000000
917,2008-01-18 00:00:00.000000000,2008-01-18 00:00:00.000000000,2008-01-18 00:00:00.000000000,1980-01-01 00:00:00.000000000,2007-11-19 00:00:00.000000000,2007-11-19 00:00:00.000000000,2007-05-30 18:09:22.377600000,60 days 00:00:00.000000000,60 days 00:00:00.000000000,0 days 00:00:00.000000000
918,2008-01-18 00:00:00.000000000,2008-01-18 00:00:00.000000000,2008-01-18 00:00:00.000000000,1980-01-01 00:00:00.000000000,2007-11-19 00:00:00.000000000,2007-11-19 00:00:00.000000000,2007-05-30 18:09:22.377600000,60 days 00:00:00.000000000,60 days 00:00:00.000000000,0 days 00:00:00.000000000
919,2008-01-22 00:00:00.000000000,2008-01-25 00:00:00.000000000,2008-01-25 00:00:00.000000000,1980-01-01 00:00:00.000000000,2007-11-21 00:00:00.000000000,2007-11-21 00:00:00.000000000,2007-06-01 18:09:22.377600000,62 days 00:00:00.000000000,65 days 00:00:00.000000000,3 days 00:00:00.000000000
920,2008-01-03 00:00:00.000000000,2008-01-03 00:00:00.000000000,2008-01-03 00:00:00.000000000,1980-01-01 00:00:00.000000000,2007-12-03 00:00:00.000000000,2007-12-03 00:00:00.000000000,2007-06-13 18:09:22.377600000,31 days 00:00:00.000000000,31 days 00:00:00.000000000,0 days 00:00:00.000000000
921,2009-07-06 00:00:00.000000000,2009-07-06 00:00:00.000000000,2009-07-06 00:00:00.000000000,1980-01-01 00:00:00.000000000,2008-01-08 00:00:00.000000000,2008-01-08 00:00:00.000000000,2007-07-19 18:09:22.377600000,545 days 00:00:00.000000000,545 days 00:00:00.000000000,0 days 00:00:00.000000000
922,2008-01-23 00:00:00.000000000,2008-01-23 00:00:00.000000000,2008-01-23 00:00:00.000000000,1980-01-01 00:00:00.000000000,1900-01-01 00:00:00.000000000,2007-10-24 17:41:03.148800000,2007-05-05 11:50:25.526400000,90 days 06:18:56.851200000,90 days 06:18:56.851200000,0 days 00:00:00.000000000
923,2008-02-18 00:00:00.000000000,2008-02-18 00:00:00.000000000,2008-02-18 00:00:00.000000000,1980-01-01 00:00:00.000000000,2008-01-03 00:00:00.000000000,2008-01-03 00:00:00.000000000,2007-07-14 18:09:22.377600000,46 days 00:00:00.000000000,46 days 00:00:00.000000000,0 days 00:00:00.000000000
924,2008-03-04 00:00:00.000000000,2008-03-04 00:00:00.000000000,2008-03-04 00:00:00.000000000,1980-01-01 00:00:00.000000000,2008-01-03 00:00:00.000000000,2008-01-03 00:00:00.000000000,2007-07-14 18:09:22.377600000,61 days 00:00:00.000000000,61 days 00:00:00.000000000,0 days 00:00:00.000000000
925,2008-01-21 00:00:00.000000000,2008-04-25 00:00:00.000000000,2008-04-25 00:00:00.000000000,1980-01-01 00:00:00.000000000,2008-01-04 00:00:00.000000000,2008-01-04 00:00:00.000000000,2007-07-15 18:09:22.377600000,17 days 00:00:00.000000000,112 days 00:00:00.000000000,95 days 00:00:00.000000000
926,2008-01-21 00:00:00.000000000,2008-01-21 00:00:00.000000000,2008-01-21 00:00:00.000000000,1980-01-01 00:00:00.000000000,2008-01-04 00:00:00.000000000,2008-01-04 00:00:00.000000000,2007-07-15 18:09:22.377600000,17 days 00:00:00.000000000,17 days 00:00:00.000000000,0 days 00:00:00.000000000
927,2008-01-21 00:00:00.000000000,2008-01-04 00:00:00.000000000,2008-01-04 00:00:00.000000000,1980-01-01 00:00:00.000000000,2008-01-04 00:00:00.000000000,2008-01-04 00:00:00.000000000,2007-07-15 18:09:22.377600000,17 days 00:00:00.000000000,0 days 00:00:00.000000000,-17 days +00:00:00.000000000
928,2008-01-21 00:00:00.000000000,2008-01-04 00:00:00.000000000,2008-01-04 00:00:00.000000000,1980-01-01 00:00:00.000000000,2008-01-04 00:00:00.000000000,2008-01-04 00:00:00.000000000,2007-07-15 18:09:22.377600000,17 days 00:00:00.000000000,0 days 00:00:00.000000000,-17 days +00:00:00.000000000
929,2008-02-18 00:00:00.000000000,2008-02-18 00:00:00.000000000,2008-02-18 00:00:00.000000000,1980-01-01 00:00:00.000000000,2008-02-04 00:00:00.000000000,2008-02-04 00:00:00.000000000,2007-08-15 18:09:22.377600000,14 days 00:00:00.000000000,14 days 00:00:00.000000000,0 days 00:00:00.000000000
930,2008-04-21 00:00:00.000000000,2008-04-21 00:00:00.000000000,2008-04-21 00:00:00.000000000,1980-01-01 00:00:00.000000000,2008-01-07 00:00:00.000000000,2008-01-07 00:00:00.000000000,2007-07-18 18:09:22.377600000,105 days 00:00:00.000000000,105 days 00:00:00.000000000,0 days 00:00:00.000000000
931,2008-10-17 00:00:00.000000000,2008-10-17 00:00:00.000000000,2008-10-17 00:00:00.000000000,1980-01-01 00:00:00.000000000,2008-02-06 00:00:00.000000000,2008-02-06 00:00:00.000000000,2007-08-17 18:09:22.377600000,254 days 00:00:00.000000000,254 days 00:00:00.000000000,0 days 00:00:00.000000000
932,2008-02-05 00:00:00.000000000,2008-01-21 00:00:00.000000000,2008-01-21 00:00:00.000000000,1980-01-01 00:00:00.000000000,2008-01-21 00:00:00.000000000,2008-01-21 00:00:00.000000000,2007-08-01 18:09:22.377600000,15 days 00:00:00.000000000,0 days 00:00:00.000000000,-15 days +00:00:00.000000000
933,2008-04-09 00:00:00.000000000,2008-04-09 00:00:00.000000000,2008-04-09 00:00:00.000000000,1980-01-01 00:00:00.000000000,2008-02-28 00:00:00.000000000,2008-02-28 00:00:00.000000000,2007-09-08 18:09:22.377600000,41 days 00:00:00.000000000,41 days 00:00:00.000000000,0 days 00:00:00.000000000
934,2008-04-17 00:00:00.000000000,2008-04-17 00:00:00.000000000,2008-04-17 00:00:00.000000000,1980-01-01 00:00:00.000000000,2008-02-29 00:00:00.000000000,2008-02-29 00:00:00.000000000,2007-09-09 18:09:22.377600000,48 days 00:00:00.000000000,48 days 00:00:00.000000000,0 days 00:00:00.000000000
935,2008-05-09 00:00:00.000000000,2008-05-09 00:00:00.000000000,2008-05-09 00:00:00.000000000,1980-01-01 00:00:00.000000000,2008-03-11 00:00:00.000000000,2008-03-11 00:00:00.000000000,2007-09-20 18:09:22.377600000,59 days 00:00:00.000000000,59 days 00:00:00.000000000,0 days 00:00:00.000000000
936,2008-05-06 00:00:00.000000000,2008-05-06 00:00:00.000000000,2008-05-06 00:00:00.000000000,1980-01-01 00:00:00.000000000,2008-03-13 00:00:00.000000000,2008-03-13 00:00:00.000000000,2007-09-22 18:09:22.377600000,54 days 00:00:00.000000000,54 days 00:00:00.000000000,0 days 00:00:00.000000000
937,2008-04-24 00:00:00.000000000,2008-04-24 00:00:00.000000000,2008-04-24 00:00:00.000000000,1980-01-01 00:00:00.000000000,2008-02-20 00:00:00.000000000,2008-02-20 00:00:00.000000000,2007-08-31 18:09:22.377600000,64 days 00:00:00.000000000,64 days 00:00:00.000000000,0 days 00:00:00.000000000
938,2008-04-24 00:00:00.000000000,2008-04-24 00:00:00.000000000,2008-04-24 00:00:00.000000000,1980-01-01 00:00:00.000000000,2008-02-20 00:00:00.000000000,2008-02-20 00:00:00.000000000,2007-08-31 18:09:22.377600000,64 days 00:00:00.000000000,64 days 00:00:00.000000000,0 days 00:00:00.000000000
939,2008-04-24 00:00:00.000000000,2008-04-24 00:00:00.000000000,2008-04-24 00:00:00.000000000,1980-01-01 00:00:00.000000000,2008-02-20 00:00:00.000000000,2008-02-20 00:00:00.000000000,2007-08-31 18:09:22.377600000,64 days 00:00:00.000000000,64 days 00:00:00.000000000,0 days 00:00:00.000000000
940,2008-04-24 00:00:00.000000000,2008-04-24 00:00:00.000000000,2008-04-24 00:00:00.000000000,1980-01-01 00:00:00.000000000,2008-02-20 00:00:00.000000000,2008-02-20 00:00:00.000000000,2007-08-31 18:09:22.377600000,64 days 00:00:00.000000000,64 days 00:00:00.000000000,0 days 00:00:00.000000000
941,2008-07-14 00:00:00.000000000,2008-07-14 00:00:00.000000000,2008-07-14 00:00:00.000000000,1980-01-01 00:00:00.000000000,2008-03-31 00:00:00.000000000,2008-03-31 00:00:00.000000000,2007-10-10 18:09:22.377600000,105 days 00:00:00.000000000,105 days 00:00:00.000000000,0 days 00:00:00.000000000
942,2008-06-02 00:00:00.000000000,2008-06-02 00:00:00.000000000,2008-06-02 00:00:00.000000000,1980-01-01 00:00:00.000000000,2008-03-31 00:00:00.000000000,2008-03-31 00:00:00.000000000,2007-10-10 18:09:22.377600000,63 days 00:00:00.000000000,63 days 00:00:00.000000000,0 days 00:00:00.000000000
943,2008-07-18 00:00:00.000000000,2008-07-18 00:00:00.000000000,2008-07-18 00:00:00.000000000,1980-01-01 00:00:00.000000000,2008-03-31 00:00:00.000000000,2008-03-31 00:00:00.000000000,2007-10-10 18:09:22.377600000,109 days 00:00:00.000000000,109 days 00:00:00.000000000,0 days 00:00:00.000000000
944,2008-07-18 00:00:00.000000000,2008-06-02 00:00:00.000000000,2008-06-02 00:00:00.000000000,1980-01-01 00:00:00.000000000,2008-04-10 00:00:00.000000000,2008-04-10 00:00:00.000000000,2007-10-20 18:09:22.377600000,99 days 00:00:00.000000000,53 days 00:00:00.000000000,-46 days +00:00:00.000000000
945,2008-04-25 00:00:00.000000000,2008-04-07 00:00:00.000000000,2008-04-07 00:00:00.000000000,1980-01-01 00:00:00.000000000,2008-04-04 00:00:00.000000000,2008-04-04 00:00:00.000000000,2007-10-14 18:09:22.377600000,21 days 00:00:00.000000000,3 days 00:00:00.000000000,-18 days +00:00:00.000000000
946,2008-11-16 00:00:00.000000000,2008-11-16 00:00:00.000000000,2008-11-16 00:00:00.000000000,1980-01-01 00:00:00.000000000,2008-05-15 00:00:00.000000000,2008-05-15 00:00:00.000000000,2007-11-24 18:09:22.377600000,185 days 00:00:00.000000000,185 days 00:00:00.000000000,0 days 00:00:00.000000000
947,2008-09-20 00:00:00.000000000,2008-09-20 00:00:00.000000000,2008-09-20 00:00:00.000000000,1980-01-01 00:00:00.000000000,2008-05-13 00:00:00.000000000,2008-05-13 00:00:00.000000000,2007-11-22 18:09:22.377600000,130 days 00:00:00.000000000,130 days 00:00:00.000000000,0 days 00:00:00.000000000
948,2008-08-20 00:00:00.000000000,2008-05-08 00:00:00.000000000,2008-05-08 00:00:00.000000000,1980-01-01 00:00:00.000000000,1900-01-01 00:00:00.000000000,2008-07-04 16:00:00.028800000,2008-01-14 10:09:22.406400000,46 days 07:59:59.971200000,-58 days +07:59:59.971200000,-104 days +00:00:00.000000000
949,2008-08-20 00:00:00.000000000,2008-05-14 00:00:00.000000000,2008-05-14 00:00:00.000000000,1980-01-01 00:00:00.000000000,1900-01-01 00:00:00.000000000,2008-07-04 16:00:00.028800000,2008-01-14 10:09:22.406400000,46 days 07:59:59.971200000,-52 days +07:59:59.971200000,-98 days +00:00:00.000000000
950,2008-08-20 00:00:00.000000000,2008-05-14 00:00:00.000000000,2008-05-14 00:00:00.000000000,1980-01-01 00:00:00.000000000,1900-01-01 00:00:00.000000000,2008-07-04 16:00:00.028800000,2008-01-14 10:09:22.406400000,46 days 07:59:59.971200000,-52 days +07:59:59.971200000,-98 days +00:00:00.000000000
951,2008-08-13 00:00:00.000000000,2008-08-13 00:00:00.000000000,2008-08-13 00:00:00.000000000,1980-01-01 00:00:00.000000000,2008-06-10 00:00:00.000000000,2008-06-10 00:00:00.000000000,2007-12-20 18:09:22.377600000,64 days 00:00:00.000000000,64 days 00:00:00.000000000,0 days 00:00:00.000000000
952,2009-01-22 00:00:00.000000000,2009-01-22 00:00:00.000000000,2009-01-22 00:00:00.000000000,1980-01-01 00:00:00.000000000,2008-06-12 00:00:00.000000000,2008-06-12 00:00:00.000000000,2007-12-22 18:09:22.377600000,224 days 00:00:00.000000000,224 days 00:00:00.000000000,0 days 00:00:00.000000000
953,2008-09-23 00:00:00.000000000,2008-09-23 00:00:00.000000000,2008-09-23 00:00:00.000000000,1980-01-01 00:00:00.000000000,2008-08-06 00:00:00.000000000,2008-08-06 00:00:00.000000000,2008-02-15 18:09:22.377600000,48 days 00:00:00.000000000,48 days 00:00:00.000000000,0 days 00:00:00.000000000
954,2008-08-05 00:00:00.000000000,2008-08-05 00:00:00.000000000,2008-08-05 00:00:00.000000000,1980-01-01 00:00:00.000000000,2008-06-30 00:00:00.000000000,2008-06-30 00:00:00.000000000,2008-01-09 18:09:22.377600000,36 days 00:00:00.000000000,36 days 00:00:00.000000000,0 days 00:00:00.000000000
955,2008-08-05 00:00:00.000000000,2008-08-05 00:00:00.000000000,2008-08-05 00:00:00.000000000,1980-01-01 00:00:00.000000000,2008-06-30 00:00:00.000000000,2008-06-30 00:00:00.000000000,2008-01-09 18:09:22.377600000,36 days 00:00:00.000000000,36 days 00:00:00.000000000,0 days 00:00:00.000000000
956,2008-07-10 00:00:00.000000000,2008-07-14 00:00:00.000000000,2008-07-14 00:00:00.000000000,1980-01-01 00:00:00.000000000,1900-01-01 00:00:00.000000000,2008-05-24 16:00:00.028800000,2007-12-04 10:09:22.406400000,46 days 07:59:59.971200000,50 days 07:59:59.971200000,4 days 00:00:00.000000000
957,2008-10-15 00:00:00.000000000,2008-10-15 00:00:00.000000000,2008-10-15 00:00:00.000000000,1980-01-01 00:00:00.000000000,2008-07-18 00:00:00.000000000,2008-07-18 00:00:00.000000000,2008-01-27 18:09:22.377600000,89 days 00:00:00.000000000,89 days 00:00:00.000000000,0 days 00:00:00.000000000
958,2008-11-13 00:00:00.000000000,2008-11-13 00:00:00.000000000,2008-11-13 00:00:00.000000000,1980-01-01 00:00:00.000000000,2008-07-23 00:00:00.000000000,2008-07-23 00:00:00.000000000,2008-02-01 18:09:22.377600000,113 days 00:00:00.000000000,113 days 00:00:00.000000000,0 days 00:00:00.000000000
959,2008-10-23 00:00:00.000000000,2008-10-23 00:00:00.000000000,2008-10-23 00:00:00.000000000,1980-01-01 00:00:00.000000000,2008-08-15 00:00:00.000000000,2008-08-15 00:00:00.000000000,2008-02-24 18:09:22.377600000,69 days 00:00:00.000000000,69 days 00:00:00.000000000,0 days 00:00:00.000000000
960,2008-09-25 00:00:00.000000000,2008-09-25 00:00:00.000000000,2008-09-25 00:00:00.000000000,1980-01-01 00:00:00.000000000,2008-07-01 00:00:00.000000000,2008-07-01 00:00:00.000000000,2008-01-10 18:09:22.377600000,86 days 00:00:00.000000000,86 days 00:00:00.000000000,0 days 00:00:00.000000000
961,2008-10-30 00:00:00.000000000,2008-10-30 00:00:00.000000000,2008-10-30 00:00:00.000000000,1980-01-01 00:00:00.000000000,2008-08-22 00:00:00.000000000,2008-08-22 00:00:00.000000000,2008-03-02 18:09:22.377600000,69 days 00:00:00.000000000,69 days 00:00:00.000000000,0 days 00:00:00.000000000
962,2008-08-25 00:00:00.000000000,2008-08-18 00:00:00.000000000,2008-08-18 00:00:00.000000000,1980-01-01 00:00:00.000000000,1900-01-01 00:00:00.000000000,2008-07-09 16:00:00.028800000,2008-01-19 10:09:22.406400000,46 days 07:59:59.971200000,39 days 07:59:59.971200000,-7 days +00:00:00.000000000
963,2008-08-25 00:00:00.000000000,2008-08-14 00:00:00.000000000,2008-08-14 00:00:00.000000000,1980-01-01 00:00:00.000000000,1900-01-01 00:00:00.000000000,2008-07-09 16:00:00.028800000,2008-01-19 10:09:22.406400000,46 days 07:59:59.971200000,35 days 07:59:59.971200000,-11 days +00:00:00.000000000
964,2008-09-25 00:00:00.000000000,2008-09-25 00:00:00.000000000,2008-09-25 00:00:00.000000000,1980-01-01 00:00:00.000000000,2008-08-26 00:00:00.000000000,2008-08-26 00:00:00.000000000,2008-03-06 18:09:22.377600000,30 days 00:00:00.000000000,30 days 00:00:00.000000000,0 days 00:00:00.000000000
965,2009-01-23 00:00:00.000000000,2009-01-23 00:00:00.000000000,2009-01-23 00:00:00.000000000,1980-01-01 00:00:00.000000000,2008-09-03 00:00:00.000000000,2008-09-03 00:00:00.000000000,2008-03-14 18:09:22.377600000,142 days 00:00:00.000000000,142 days 00:00:00.000000000,0 days 00:00:00.000000000
966,2008-10-03 00:00:00.000000000,2008-10-03 00:00:00.000000000,2008-10-03 00:00:00.000000000,1980-01-01 00:00:00.000000000,2008-08-29 00:00:00.000000000,2008-08-29 00:00:00.000000000,2008-03-09 18:09:22.377600000,35 days 00:00:00.000000000,35 days 00:00:00.000000000,0 days 00:00:00.000000000
967,2009-02-23 00:00:00.000000000,2009-02-23 00:00:00.000000000,2009-02-23 00:00:00.000000000,1980-01-01 00:00:00.000000000,2008-10-21 00:00:00.000000000,2008-10-21 00:00:00.000000000,2008-05-01 18:09:22.377600000,125 days 00:00:00.000000000,125 days 00:00:00.000000000,0 days 00:00:00.000000000
968,2008-11-15 00:00:00.000000000,2008-11-15 00:00:00.000000000,2008-11-15 00:00:00.000000000,1980-01-01 00:00:00.000000000,2008-10-10 00:00:00.000000000,2008-10-10 00:00:00.000000000,2008-04-20 18:09:22.377600000,36 days 00:00:00.000000000,36 days 00:00:00.000000000,0 days 00:00:00.000000000
969,2009-01-30 00:00:00.000000000,2009-01-20 00:00:00.000000000,2009-01-20 00:00:00.000000000,1980-01-01 00:00:00.000000000,2008-10-22 00:00:00.000000000,2008-10-22 00:00:00.000000000,2008-05-02 18:09:22.377600000,100 days 00:00:00.000000000,90 days 00:00:00.000000000,-10 days +00:00:00.000000000
970,2009-01-30 00:00:00.000000000,2009-01-30 00:00:00.000000000,2009-01-30 00:00:00.000000000,1980-01-01 00:00:00.000000000,2008-10-22 00:00:00.000000000,2008-10-22 00:00:00.000000000,2008-05-02 18:09:22.377600000,100 days 00:00:00.000000000,100 days 00:00:00.000000000,0 days 00:00:00.000000000
971,2008-11-12 00:00:00.000000000,2008-11-12 00:00:00.000000000,2008-11-12 00:00:00.000000000,1980-01-01 00:00:00.000000000,2008-10-21 00:00:00.000000000,2008-10-21 00:00:00.000000000,2008-05-01 18:09:22.377600000,22 days 00:00:00.000000000,22 days 00:00:00.000000000,0 days 00:00:00.000000000
972,2008-12-02 00:00:00.000000000,2008-12-02 00:00:00.000000000,2008-12-02 00:00:00.000000000,1980-01-01 00:00:00.000000000,2008-10-30 00:00:00.000000000,2008-10-30 00:00:00.000000000,2008-05-10 18:09:22.377600000,33 days 00:00:00.000000000,33 days 00:00:00.000000000,0 days 00:00:00.000000000
973,2009-06-15 00:00:00.000000000,2009-06-15 00:00:00.000000000,2009-06-15 00:00:00.000000000,1980-01-01 00:00:00.000000000,2008-12-30 00:00:00.000000000,2008-12-30 00:00:00.000000000,2008-07-10 18:09:22.377600000,167 days 00:00:00.000000000,167 days 00:00:00.000000000,0 days 00:00:00.000000000
974,2009-01-30 00:00:00.000000000,2009-01-30 00:00:00.000000000,2009-01-30 00:00:00.000000000,1980-01-01 00:00:00.000000000,2008-12-11 00:00:00.000000000,2008-12-11 00:00:00.000000000,2008-06-21 18:09:22.377600000,50 days 00:00:00.000000000,50 days 00:00:00.000000000,0 days 00:00:00.000000000
975,2009-04-07 00:00:00.000000000,2009-04-07 00:00:00.000000000,2009-04-07 00:00:00.000000000,1980-01-01 00:00:00.000000000,2009-01-16 00:00:00.000000000,2009-01-16 00:00:00.000000000,2008-07-27 18:09:22.377600000,81 days 00:00:00.000000000,81 days 00:00:00.000000000,0 days 00:00:00.000000000
976,2009-04-10 00:00:00.000000000,2009-04-10 00:00:00.000000000,2009-04-10 00:00:00.000000000,1980-01-01 00:00:00.000000000,2009-01-16 00:00:00.000000000,2009-01-16 00:00:00.000000000,2008-07-27 18:09:22.377600000,84 days 00:00:00.000000000,84 days 00:00:00.000000000,0 days 00:00:00.000000000
977,2009-04-09 00:00:00.000000000,2009-04-09 00:00:00.000000000,2009-04-09 00:00:00.000000000,1980-01-01 00:00:00.000000000,2009-01-27 00:00:00.000000000,2009-01-27 00:00:00.000000000,2008-08-07 18:09:22.377600000,72 days 00:00:00.000000000,72 days 00:00:00.000000000,0 days 00:00:00.000000000
978,2009-02-23 00:00:00.000000000,2009-02-23 00:00:00.000000000,2009-02-23 00:00:00.000000000,1980-01-01 00:00:00.000000000,2009-01-26 00:00:00.000000000,2009-01-26 00:00:00.000000000,2008-08-06 18:09:22.377600000,28 days 00:00:00.000000000,28 days 00:00:00.000000000,0 days 00:00:00.000000000
979,2009-03-10 00:00:00.000000000,2009-03-10 00:00:00.000000000,2009-03-10 00:00:00.000000000,1980-01-01 00:00:00.000000000,2008-10-21 00:00:00.000000000,2008-10-21 00:00:00.000000000,2008-05-01 18:09:22.377600000,140 days 00:00:00.000000000,140 days 00:00:00.000000000,0 days 00:00:00.000000000
980,2009-04-06 00:00:00.000000000,2009-04-06 00:00:00.000000000,2009-04-06 00:00:00.000000000,1980-01-01 00:00:00.000000000,2009-02-18 00:00:00.000000000,2009-02-18 00:00:00.000000000,2008-08-29 18:09:22.377600000,47 days 00:00:00.000000000,47 days 00:00:00.000000000,0 days 00:00:00.000000000
981,2009-05-14 00:00:00.000000000,2009-05-14 00:00:00.000000000,2009-05-14 00:00:00.000000000,1980-01-01 00:00:00.000000000,2009-02-24 00:00:00.000000000,2009-02-24 00:00:00.000000000,2008-09-04 18:09:22.377600000,79 days 00:00:00.000000000,79 days 00:00:00.000000000,0 days 00:00:00.000000000
982,2009-03-17 00:00:00.000000000,2008-11-28 00:00:00.000000000,2008-11-28 00:00:00.000000000,1980-01-01 00:00:00.000000000,1900-01-01 00:00:00.000000000,2009-01-19 22:33:54.748800000,2008-07-31 16:43:17.126400000,56 days 01:26:05.251200000,-53 days +01:26:05.251200000,-109 days +00:00:00.000000000
983,2009-03-24 00:00:00.000000000,2008-12-01 00:00:00.000000000,2008-12-01 00:00:00.000000000,1980-01-01 00:00:00.000000000,1900-01-01 00:00:00.000000000,2009-01-26 22:33:54.748800000,2008-08-07 16:43:17.126400000,56 days 01:26:05.251200000,-57 days +01:26:05.251200000,-113 days +00:00:00.000000000
984,2009-03-31 00:00:00.000000000,2008-12-02 00:00:00.000000000,2008-12-02 00:00:00.000000000,1980-01-01 00:00:00.000000000,1900-01-01 00:00:00.000000000,2009-02-02 22:33:54.748800000,2008-08-14 16:43:17.126400000,56 days 01:26:05.251200000,-63 days +01:26:05.251200000,-119 days +00:00:00.000000000
985,2009-06-30 00:00:00.000000000,2009-01-30 00:00:00.000000000,2009-01-30 00:00:00.000000000,1980-01-01 00:00:00.000000000,1900-01-01 00:00:00.000000000,2009-05-04 22:33:54.748800000,2008-11-13 16:43:17.126400000,56 days 01:26:05.251200000,-95 days +01:26:05.251200000,-151 days +00:00:00.000000000
986,2009-05-12 00:00:00.000000000,2008-12-30 00:00:00.000000000,2008-12-30 00:00:00.000000000,1980-01-01 00:00:00.000000000,1900-01-01 00:00:00.000000000,2009-03-16 22:33:54.748800000,2008-09-25 16:43:17.126400000,56 days 01:26:05.251200000,-77 days +01:26:05.251200000,-133 days +00:00:00.000000000
987,2009-06-09 00:00:00.000000000,2009-01-27 00:00:00.000000000,2009-01-27 00:00:00.000000000,1980-01-01 00:00:00.000000000,1900-01-01 00:00:00.000000000,2009-04-13 22:33:54.748800000,2008-10-23 16:43:17.126400000,56 days 01:26:05.251200000,-77 days +01:26:05.251200000,-133 days +00:00:00.000000000
988,2009-06-17 00:00:00.000000000,2009-04-03 00:00:00.000000000,2009-04-03 00:00:00.000000000,1980-01-01 00:00:00.000000000,2009-03-13 00:00:00.000000000,2009-03-13 00:00:00.000000000,2008-09-21 18:09:22.377600000,96 days 00:00:00.000000000,21 days 00:00:00.000000000,-75 days +00:00:00.000000000
989,2009-06-17 00:00:00.000000000,2009-06-17 00:00:00.000000000,2009-06-17 00:00:00.000000000,1980-01-01 00:00:00.000000000,2009-03-13 00:00:00.000000000,2009-03-13 00:00:00.000000000,2008-09-21 18:09:22.377600000,96 days 00:00:00.000000000,96 days 00:00:00.000000000,0 days 00:00:00.000000000
990,2009-03-31 00:00:00.000000000,2008-11-21 00:00:00.000000000,2008-11-21 00:00:00.000000000,1980-01-01 00:00:00.000000000,1900-01-01 00:00:00.000000000,2009-02-02 22:33:54.748800000,2008-08-14 16:43:17.126400000,56 days 01:26:05.251200000,-74 days +01:26:05.251200000,-130 days +00:00:00.000000000
991,2009-04-01 00:00:00.000000000,2008-11-26 00:00:00.000000000,2008-11-26 00:00:00.000000000,1980-01-01 00:00:00.000000000,1900-01-01 00:00:00.000000000,2009-02-03 22:33:54.748800000,2008-08-15 16:43:17.126400000,56 days 01:26:05.251200000,-70 days +01:26:05.251200000,-126 days +00:00:00.000000000
992,2009-04-01 00:00:00.000000000,2008-11-26 00:00:00.000000000,2008-11-26 00:00:00.000000000,1980-01-01 00:00:00.000000000,1900-01-01 00:00:00.000000000,2009-02-03 22:33:54.748800000,2008-08-15 16:43:17.126400000,56 days 01:26:05.251200000,-70 days +01:26:05.251200000,-126 days +00:00:00.000000000
993,2009-04-01 00:00:00.000000000,2009-02-11 00:00:00.000000000,2009-02-11 00:00:00.000000000,1980-01-01 00:00:00.000000000,1900-01-01 00:00:00.000000000,2009-02-03 22:33:54.748800000,2008-08-15 16:43:17.126400000,56 days 01:26:05.251200000,7 days 01:26:05.251200000,-49 days +00:00:00.000000000
994,2009-04-01 00:00:00.000000000,2009-02-11 00:00:00.000000000,2009-02-11 00:00:00.000000000,1980-01-01 00:00:00.000000000,1900-01-01 00:00:00.000000000,2009-02-03 22:33:54.748800000,2008-08-15 16:43:17.126400000,56 days 01:26:05.251200000,7 days 01:26:05.251200000,-49 days +00:00:00.000000000
995,2009-04-01 00:00:00.000000000,2009-02-11 00:00:00.000000000,2009-02-11 00:00:00.000000000,1980-01-01 00:00:00.000000000,1900-01-01 00:00:00.000000000,2009-02-03 22:33:54.748800000,2008-08-15 16:43:17.126400000,56 days 01:26:05.251200000,7 days 01:26:05.251200000,-49 days +00:00:00.000000000
996,2009-06-25 00:00:00.000000000,2009-04-08 00:00:00.000000000,2009-04-08 00:00:00.000000000,1980-01-01 00:00:00.000000000,2009-03-27 00:00:00.000000000,2009-03-27 00:00:00.000000000,2008-10-05 18:09:22.377600000,90 days 00:00:00.000000000,12 days 00:00:00.000000000,-78 days +00:00:00.000000000
997,2009-06-25 00:00:00.000000000,2009-04-21 00:00:00.000000000,2009-04-21 00:00:00.000000000,1980-01-01 00:00:00.000000000,2009-03-27 00:00:00.000000000,2009-03-27 00:00:00.000000000,2008-10-05 18:09:22.377600000,90 days 00:00:00.000000000,25 days 00:00:00.000000000,-65 days +00:00:00.000000000
998,2009-06-25 00:00:00.000000000,2009-04-21 00:00:00.000000000,2009-04-21 00:00:00.000000000,1980-01-01 00:00:00.000000000,2009-03-27 00:00:00.000000000,2009-03-27 00:00:00.000000000,2008-10-05 18:09:22.377600000,90 days 00:00:00.000000000,25 days 00:00:00.000000000,-65 days +00:00:00.000000000
999,2009-06-25 00:00:00.000000000,2009-06-25 00:00:00.000000000,2009-06-25 00:00:00.000000000,1980-01-01 00:00:00.000000000,2009-03-27 00:00:00.000000000,2009-03-27 00:00:00.000000000,2008-10-05 18:09:22.377600000,90 days 00:00:00.000000000,90 days 00:00:00.000000000,0 days 00:00:00.000000000
1000,2009-06-25 00:00:00.000000000,2009-06-17 00:00:00.000000000,2009-06-17 00:00:00.000000000,1980-01-01 00:00:00.000000000,2009-03-27 00:00:00.000000000,2009-03-27 00:00:00.000000000,2008-10-05 18:09:22.377600000,90 days 00:00:00.000000000,82 days 00:00:00.000000000,-8 days +00:00:00.000000000
1001,2009-05-18 00:00:00.000000000,2009-05-18 00:00:00.000000000,2009-05-18 00:00:00.000000000,1980-01-01 00:00:00.000000000,2009-03-30 00:00:00.000000000,2009-03-30 00:00:00.000000000,2008-10-08 18:09:22.377600000,49 days 00:00:00.000000000,49 days 00:00:00.000000000,0 days 00:00:00.000000000
1002,2009-05-15 00:00:00.000000000,2009-05-15 00:00:00.000000000,2009-05-15 00:00:00.000000000,1980-01-01 00:00:00.000000000,2009-04-02 00:00:00.000000000,2009-04-02 00:00:00.000000000,2008-10-11 18:09:22.377600000,43 days 00:00:00.000000000,43 days 00:00:00.000000000,0 days 00:00:00.000000000
1003,2009-05-15 00:00:00.000000000,2009-05-15 00:00:00.000000000,2009-05-15 00:00:00.000000000,1980-01-01 00:00:00.000000000,2009-04-02 00:00:00.000000000,2009-04-02 00:00:00.000000000,2008-10-11 18:09:22.377600000,43 days 00:00:00.000000000,43 days 00:00:00.000000000,0 days 00:00:00.000000000
1004,2009-05-15 00:00:00.000000000,2009-04-21 00:00:00.000000000,2009-04-21 00:00:00.000000000,1980-01-01 00:00:00.000000000,2009-04-02 00:00:00.000000000,2009-04-02 00:00:00.000000000,2008-10-11 18:09:22.377600000,43 days 00:00:00.000000000,19 days 00:00:00.000000000,-24 days +00:00:00.000000000
1005,2009-07-06 00:00:00.000000000,2009-07-06 00:00:00.000000000,2009-07-06 00:00:00.000000000,1980-01-01 00:00:00.000000000,2009-04-02 00:00:00.000000000,2009-04-02 00:00:00.000000000,2008-10-11 18:09:22.377600000,95 days 00:00:00.000000000,95 days 00:00:00.000000000,0 days 00:00:00.000000000
1006,2009-08-07 00:00:00.000000000,2009-08-07 00:00:00.000000000,2009-08-07 00:00:00.000000000,1980-01-01 00:00:00.000000000,2009-04-06 00:00:00.000000000,2009-04-06 00:00:00.000000000,2008-10-15 18:09:22.377600000,123 days 00:00:00.000000000,123 days 00:00:00.000000000,0 days 00:00:00.000000000
1007,2009-06-24 00:00:00.000000000,2009-06-24 00:00:00.000000000,2009-06-24 00:00:00.000000000,1980-01-01 00:00:00.000000000,2009-05-14 00:00:00.000000000,2009-05-14 00:00:00.000000000,2008-11-22 18:09:22.377600000,41 days 00:00:00.000000000,41 days 00:00:00.000000000,0 days 00:00:00.000000000
1008,2009-09-14 00:00:00.000000000,2009-09-14 00:00:00.000000000,2009-09-14 00:00:00.000000000,1980-01-01 00:00:00.000000000,2009-04-15 00:00:00.000000000,2009-04-15 00:00:00.000000000,2008-10-24 18:09:22.377600000,152 days 00:00:00.000000000,152 days 00:00:00.000000000,0 days 00:00:00.000000000
1009,2009-08-03 00:00:00.000000000,2009-08-03 00:00:00.000000000,2009-08-03 00:00:00.000000000,1980-01-01 00:00:00.000000000,2009-04-29 00:00:00.000000000,2009-04-29 00:00:00.000000000,2008-11-07 18:09:22.377600000,96 days 00:00:00.000000000,96 days 00:00:00.000000000,0 days 00:00:00.000000000
1010,2009-09-01 00:00:00.000000000,2009-09-01 00:00:00.000000000,2009-09-01 00:00:00.000000000,1980-01-01 00:00:00.000000000,2009-05-04 00:00:00.000000000,2009-05-04 00:00:00.000000000,2008-11-12 18:09:22.377600000,120 days 00:00:00.000000000,120 days 00:00:00.000000000,0 days 00:00:00.000000000
1011,2009-09-08 00:00:00.000000000,2009-09-08 00:00:00.000000000,2009-09-08 00:00:00.000000000,1980-01-01 00:00:00.000000000,2009-05-18 00:00:00.000000000,2009-05-18 00:00:00.000000000,2008-11-26 18:09:22.377600000,113 days 00:00:00.000000000,113 days 00:00:00.000000000,0 days 00:00:00.000000000
1012,2009-07-10 00:00:00.000000000,2009-07-10 00:00:00.000000000,2009-07-10 00:00:00.000000000,1980-01-01 00:00:00.000000000,2009-05-26 00:00:00.000000000,2009-05-26 00:00:00.000000000,2008-12-04 18:09:22.377600000,45 days 00:00:00.000000000,45 days 00:00:00.000000000,0 days 00:00:00.000000000
1013,2009-08-24 00:00:00.000000000,2009-08-24 00:00:00.000000000,2009-08-24 00:00:00.000000000,1980-01-01 00:00:00.000000000,2009-05-27 00:00:00.000000000,2009-05-27 00:00:00.000000000,2008-12-05 18:09:22.377600000,89 days 00:00:00.000000000,89 days 00:00:00.000000000,0 days 00:00:00.000000000
1014,2009-07-29 00:00:00.000000000,2009-07-29 00:00:00.000000000,2009-07-29 00:00:00.000000000,1980-01-01 00:00:00.000000000,2009-06-01 00:00:00.000000000,2009-06-01 00:00:00.000000000,2008-12-10 18:09:22.377600000,58 days 00:00:00.000000000,58 days 00:00:00.000000000,0 days 00:00:00.000000000
1015,2009-10-12 00:00:00.000000000,2009-07-21 00:00:00.000000000,2009-07-21 00:00:00.000000000,1980-01-01 00:00:00.000000000,2009-06-05 00:00:00.000000000,2009-06-05 00:00:00.000000000,2008-12-14 18:09:22.377600000,129 days 00:00:00.000000000,46 days 00:00:00.000000000,-83 days +00:00:00.000000000
1016,2009-10-12 00:00:00.000000000,2009-08-03 00:00:00.000000000,2009-08-03 00:00:00.000000000,1980-01-01 00:00:00.000000000,2009-06-05 00:00:00.000000000,2009-06-05 00:00:00.000000000,2008-12-14 18:09:22.377600000,129 days 00:00:00.000000000,59 days 00:00:00.000000000,-70 days +00:00:00.000000000
1017,2009-10-12 00:00:00.000000000,2009-10-12 00:00:00.000000000,2009-10-12 00:00:00.000000000,1980-01-01 00:00:00.000000000,2009-06-05 00:00:00.000000000,2009-06-05 00:00:00.000000000,2008-12-14 18:09:22.377600000,129 days 00:00:00.000000000,129 days 00:00:00.000000000,0 days 00:00:00.000000000
1018,2009-07-21 00:00:00.000000000,2009-07-21 00:00:00.000000000,2009-07-21 00:00:00.000000000,1980-01-01 00:00:00.000000000,2009-06-05 00:00:00.000000000,2009-06-05 00:00:00.000000000,2008-12-14 18:09:22.377600000,46 days 00:00:00.000000000,46 days 00:00:00.000000000,0 days 00:00:00.000000000
1019,2009-11-11 00:00:00.000000000,2009-11-11 00:00:00.000000000,2009-11-11 00:00:00.000000000,1980-01-01 00:00:00.000000000,2009-10-05 00:00:00.000000000,2009-10-05 00:00:00.000000000,2009-04-15 18:09:22.377600000,37 days 00:00:00.000000000,37 days 00:00:00.000000000,0 days 00:00:00.000000000
1020,2009-06-29 00:00:00.000000000,2009-06-29 00:00:00.000000000,2009-06-29 00:00:00.000000000,1980-01-01 00:00:00.000000000,2009-06-04 00:00:00.000000000,2009-06-04 00:00:00.000000000,2008-12-13 18:09:22.377600000,25 days 00:00:00.000000000,25 days 00:00:00.000000000,0 days 00:00:00.000000000
1021,2007-02-02 00:00:00.000000000,2007-02-02 00:00:00.000000000,2007-02-02 00:00:00.000000000,1980-01-01 00:00:00.000000000,1910-01-01 00:00:00.000000000,2006-11-09 12:00:00.000000000,2006-05-21 06:09:22.377600000,84 days 12:00:00.000000000,84 days 12:00:00.000000000,0 days 00:00:00.000000000
1022,2007-01-08 00:00:00.000000000,2007-01-08 00:00:00.000000000,2007-01-08 00:00:00.000000000,1980-01-01 00:00:00.000000000,1910-01-01 00:00:00.000000000,2006-09-24 00:00:00.000000000,2006-04-04 18:09:22.377600000,106 days 00:00:00.000000000,106 days 00:00:00.000000000,0 days 00:00:00.000000000
1023,2007-01-08 00:00:00.000000000,2007-01-08 00:00:00.000000000,2007-01-08 00:00:00.000000000,1980-01-01 00:00:00.000000000,1910-01-01 00:00:00.000000000,2006-09-24 00:00:00.000000000,2006-04-04 18:09:22.377600000,106 days 00:00:00.000000000,106 days 00:00:00.000000000,0 days 00:00:00.000000000
1024,2007-01-09 00:00:00.000000000,2007-01-09 00:00:00.000000000,2007-01-09 00:00:00.000000000,1980-01-01 00:00:00.000000000,1910-01-01 00:00:00.000000000,2006-09-25 00:00:00.000000000,2006-04-05 18:09:22.377600000,106 days 00:00:00.000000000,106 days 00:00:00.000000000,0 days 00:00:00.000000000
1025,2007-02-22 00:00:00.000000000,2007-02-22 00:00:00.000000000,2007-02-22 00:00:00.000000000,1980-01-01 00:00:00.000000000,1910-01-01 00:00:00.000000000,2007-01-14 14:24:00.000000000,2006-07-26 08:33:22.377600000,38 days 09:36:00.000000000,38 days 09:36:00.000000000,0 days 00:00:00.000000000
1026,2007-02-22 00:00:00.000000000,2007-02-22 00:00:00.000000000,2007-02-22 00:00:00.000000000,1980-01-01 00:00:00.000000000,1910-01-01 00:00:00.000000000,2006-12-03 04:48:00.000000000,2006-06-13 22:57:22.377600000,80 days 19:12:00.000000000,80 days 19:12:00.000000000,0 days 00:00:00.000000000
1027,2007-01-09 00:00:00.000000000,2007-01-09 00:00:00.000000000,2007-01-09 00:00:00.000000000,1980-01-01 00:00:00.000000000,1910-01-01 00:00:00.000000000,2006-09-25 00:00:00.000000000,2006-04-05 18:09:22.377600000,106 days 00:00:00.000000000,106 days 00:00:00.000000000,0 days 00:00:00.000000000
1028,2007-02-06 00:00:00.000000000,2007-02-06 00:00:00.000000000,2007-02-06 00:00:00.000000000,1980-01-01 00:00:00.000000000,1910-01-01 00:00:00.000000000,2006-12-11 16:00:00.028800000,2006-06-22 10:09:22.406400000,56 days 07:59:59.971200000,56 days 07:59:59.971200000,0 days 00:00:00.000000000
1029,2007-02-22 00:00:00.000000000,2007-02-22 00:00:00.000000000,2007-02-22 00:00:00.000000000,1980-01-01 00:00:00.000000000,1910-01-01 00:00:00.000000000,2007-01-14 14:24:00.000000000,2006-07-26 08:33:22.377600000,38 days 09:36:00.000000000,38 days 09:36:00.000000000,0 days 00:00:00.000000000
1030,2007-02-22 00:00:00.000000000,2007-02-22 00:00:00.000000000,2007-02-22 00:00:00.000000000,1980-01-01 00:00:00.000000000,1910-01-01 00:00:00.000000000,2007-01-14 14:24:00.000000000,2006-07-26 08:33:22.377600000,38 days 09:36:00.000000000,38 days 09:36:00.000000000,0 days 00:00:00.000000000
1031,2007-04-17 00:00:00.000000000,2007-04-17 00:00:00.000000000,2007-04-17 00:00:00.000000000,1980-01-01 00:00:00.000000000,1910-01-01 00:00:00.000000000,2007-03-09 14:24:00.000000000,2006-09-18 08:33:22.377600000,38 days 09:36:00.000000000,38 days 09:36:00.000000000,0 days 00:00:00.000000000
1032,2007-05-16 00:00:00.000000000,2007-05-16 00:00:00.000000000,2007-05-16 00:00:00.000000000,1980-01-01 00:00:00.000000000,1910-01-01 00:00:00.000000000,2007-02-20 12:00:00.000000000,2006-09-01 06:09:22.377600000,84 days 12:00:00.000000000,84 days 12:00:00.000000000,0 days 00:00:00.000000000
1033,2007-05-08 00:00:00.000000000,2007-05-08 00:00:00.000000000,2007-05-08 00:00:00.000000000,1980-01-01 00:00:00.000000000,1910-01-01 00:00:00.000000000,2007-03-30 14:24:00.000000000,2006-10-09 08:33:22.377600000,38 days 09:36:00.000000000,38 days 09:36:00.000000000,0 days 00:00:00.000000000
1034,2007-04-17 00:00:00.000000000,2007-04-17 00:00:00.000000000,2007-04-17 00:00:00.000000000,1980-01-01 00:00:00.000000000,1910-01-01 00:00:00.000000000,2007-01-01 00:00:00.000000000,2006-07-12 18:09:22.377600000,106 days 00:00:00.000000000,106 days 00:00:00.000000000,0 days 00:00:00.000000000
1035,2007-05-04 00:00:00.000000000,2007-05-04 00:00:00.000000000,2007-05-04 00:00:00.000000000,1980-01-01 00:00:00.000000000,1910-01-01 00:00:00.000000000,2007-02-12 04:48:00.000000000,2006-08-23 22:57:22.377600000,80 days 19:12:00.000000000,80 days 19:12:00.000000000,0 days 00:00:00.000000000
1036,2007-04-30 00:00:00.000000000,2007-04-30 00:00:00.000000000,2007-04-30 00:00:00.000000000,1980-01-01 00:00:00.000000000,1910-01-01 00:00:00.000000000,2007-02-08 04:48:00.000000000,2006-08-19 22:57:22.377600000,80 days 19:12:00.000000000,80 days 19:12:00.000000000,0 days 00:00:00.000000000
1037,2007-05-21 00:00:00.000000000,2007-05-21 00:00:00.000000000,2007-05-21 00:00:00.000000000,1980-01-01 00:00:00.000000000,1910-01-01 00:00:00.000000000,2007-02-25 12:00:00.000000000,2006-09-06 06:09:22.377600000,84 days 12:00:00.000000000,84 days 12:00:00.000000000,0 days 00:00:00.000000000
1038,2007-06-14 00:00:00.000000000,2007-06-14 00:00:00.000000000,2007-06-14 00:00:00.000000000,1980-01-01 00:00:00.000000000,1910-01-01 00:00:00.000000000,2007-03-21 12:00:00.000000000,2006-09-30 06:09:22.377600000,84 days 12:00:00.000000000,84 days 12:00:00.000000000,0 days 00:00:00.000000000
1039,2007-07-27 00:00:00.000000000,2007-07-27 00:00:00.000000000,2007-07-27 00:00:00.000000000,1980-01-01 00:00:00.000000000,1910-01-01 00:00:00.000000000,2007-05-03 12:00:00.000000000,2006-11-12 06:09:22.377600000,84 days 12:00:00.000000000,84 days 12:00:00.000000000,0 days 00:00:00.000000000
1040,2007-06-13 00:00:00.000000000,2007-06-13 00:00:00.000000000,2007-06-13 00:00:00.000000000,1980-01-01 00:00:00.000000000,1910-01-01 00:00:00.000000000,2007-02-27 00:00:00.000000000,2006-09-07 18:09:22.377600000,106 days 00:00:00.000000000,106 days 00:00:00.000000000,0 days 00:00:00.000000000
1041,2007-06-13 00:00:00.000000000,2007-06-13 00:00:00.000000000,2007-06-13 00:00:00.000000000,1980-01-01 00:00:00.000000000,1910-01-01 00:00:00.000000000,2007-02-27 00:00:00.000000000,2006-09-07 18:09:22.377600000,106 days 00:00:00.000000000,106 days 00:00:00.000000000,0 days 00:00:00.000000000
1042,2007-06-26 00:00:00.000000000,2007-06-26 00:00:00.000000000,2007-06-26 00:00:00.000000000,1980-01-01 00:00:00.000000000,1910-01-01 00:00:00.000000000,2007-05-18 14:24:00.000000000,2006-11-27 08:33:22.377600000,38 days 09:36:00.000000000,38 days 09:36:00.000000000,0 days 00:00:00.000000000
1043,2007-06-04 00:00:00.000000000,2007-06-04 00:00:00.000000000,2007-06-04 00:00:00.000000000,1980-01-01 00:00:00.000000000,1910-01-01 00:00:00.000000000,2007-03-15 04:48:00.000000000,2006-09-23 22:57:22.377600000,80 days 19:12:00.000000000,80 days 19:12:00.000000000,0 days 00:00:00.000000000
1044,2007-06-26 00:00:00.000000000,2007-06-26 00:00:00.000000000,2007-06-26 00:00:00.000000000,1980-01-01 00:00:00.000000000,1910-01-01 00:00:00.000000000,2007-05-18 14:24:00.000000000,2006-11-27 08:33:22.377600000,38 days 09:36:00.000000000,38 days 09:36:00.000000000,0 days 00:00:00.000000000
1045,2007-05-20 00:00:00.000000000,2007-05-20 00:00:00.000000000,2007-05-20 00:00:00.000000000,1980-01-01 00:00:00.000000000,1910-01-01 00:00:00.000000000,2007-03-24 16:00:00.028800000,2006-10-03 10:09:22.406400000,56 days 07:59:59.971200000,56 days 07:59:59.971200000,0 days 00:00:00.000000000
1046,2007-06-08 00:00:00.000000000,2007-06-08 00:00:00.000000000,2007-06-08 00:00:00.000000000,1980-01-01 00:00:00.000000000,1910-01-01 00:00:00.000000000,2007-03-19 04:48:00.000000000,2006-09-27 22:57:22.377600000,80 days 19:12:00.000000000,80 days 19:12:00.000000000,0 days 00:00:00.000000000
1047,2007-06-28 00:00:00.000000000,2007-06-28 00:00:00.000000000,2007-06-28 00:00:00.000000000,1980-01-01 00:00:00.000000000,1910-01-01 00:00:00.000000000,2007-04-08 04:48:00.000000000,2006-10-17 22:57:22.377600000,80 days 19:12:00.000000000,80 days 19:12:00.000000000,0 days 00:00:00.000000000
1048,2007-07-31 00:00:00.000000000,2007-07-31 00:00:00.000000000,2007-07-31 00:00:00.000000000,1980-01-01 00:00:00.000000000,1910-01-01 00:00:00.000000000,2007-05-11 04:48:00.000000000,2006-11-19 22:57:22.377600000,80 days 19:12:00.000000000,80 days 19:12:00.000000000,0 days 00:00:00.000000000
1049,2007-08-09 00:00:00.000000000,2007-08-09 00:00:00.000000000,2007-08-09 00:00:00.000000000,1980-01-01 00:00:00.000000000,1910-01-01 00:00:00.000000000,2007-07-06 13:05:27.312000000,2007-01-15 07:14:49.689600000,33 days 10:54:32.688000000,33 days 10:54:32.688000000,0 days 00:00:00.000000000
1050,2007-07-04 00:00:00.000000000,2007-07-04 00:00:00.000000000,2007-07-04 00:00:00.000000000,1980-01-01 00:00:00.000000000,1910-01-01 00:00:00.000000000,2007-05-08 16:00:00.028800000,2006-11-17 10:09:22.406400000,56 days 07:59:59.971200000,56 days 07:59:59.971200000,0 days 00:00:00.000000000
1051,2007-08-14 00:00:00.000000000,2007-08-14 00:00:00.000000000,2007-08-14 00:00:00.000000000,1980-01-01 00:00:00.000000000,1910-01-01 00:00:00.000000000,2007-06-19 00:00:00.000000000,2006-12-28 18:09:22.377600000,56 days 00:00:00.000000000,56 days 00:00:00.000000000,0 days 00:00:00.000000000
1052,2007-08-17 00:00:00.000000000,2007-08-17 00:00:00.000000000,2007-08-17 00:00:00.000000000,1980-01-01 00:00:00.000000000,1910-01-01 00:00:00.000000000,2007-05-28 04:48:00.000000000,2006-12-06 22:57:22.377600000,80 days 19:12:00.000000000,80 days 19:12:00.000000000,0 days 00:00:00.000000000
1053,2007-07-18 00:00:00.000000000,2007-07-18 00:00:00.000000000,2007-07-18 00:00:00.000000000,1980-01-01 00:00:00.000000000,1910-01-01 00:00:00.000000000,2007-04-28 04:48:00.000000000,2006-11-06 22:57:22.377600000,80 days 19:12:00.000000000,80 days 19:12:00.000000000,0 days 00:00:00.000000000
1054,2007-09-07 00:00:00.000000000,2007-09-07 00:00:00.000000000,2007-09-07 00:00:00.000000000,1980-01-01 00:00:00.000000000,1910-01-01 00:00:00.000000000,2007-08-09 00:00:00.000000000,2007-02-17 18:09:22.377600000,29 days 00:00:00.000000000,29 days 00:00:00.000000000,0 days 00:00:00.000000000
1055,2007-09-14 00:00:00.000000000,2007-09-14 00:00:00.000000000,2007-09-14 00:00:00.000000000,1980-01-01 00:00:00.000000000,1910-01-01 00:00:00.000000000,2007-06-25 04:48:00.000000000,2007-01-03 22:57:22.377600000,80 days 19:12:00.000000000,80 days 19:12:00.000000000,0 days 00:00:00.000000000
1056,2007-09-21 00:00:00.000000000,2007-09-21 00:00:00.000000000,2007-09-21 00:00:00.000000000,1980-01-01 00:00:00.000000000,1910-01-01 00:00:00.000000000,2007-06-07 00:00:00.000000000,2006-12-16 18:09:22.377600000,106 days 00:00:00.000000000,106 days 00:00:00.000000000,0 days 00:00:00.000000000
1057,2007-08-17 00:00:00.000000000,2007-08-17 00:00:00.000000000,2007-08-17 00:00:00.000000000,1980-01-01 00:00:00.000000000,1910-01-01 00:00:00.000000000,2007-06-21 16:00:00.028800000,2006-12-31 10:09:22.406400000,56 days 07:59:59.971200000,56 days 07:59:59.971200000,0 days 00:00:00.000000000
1058,2007-08-30 00:00:00.000000000,2007-08-30 00:00:00.000000000,2007-08-30 00:00:00.000000000,1980-01-01 00:00:00.000000000,1910-01-01 00:00:00.000000000,2007-06-10 04:48:00.000000000,2006-12-19 22:57:22.377600000,80 days 19:12:00.000000000,80 days 19:12:00.000000000,0 days 00:00:00.000000000
1059,2007-09-26 00:00:00.000000000,2007-09-26 00:00:00.000000000,2007-09-26 00:00:00.000000000,1980-01-01 00:00:00.000000000,1910-01-01 00:00:00.000000000,2007-07-31 16:00:00.028800000,2007-02-09 10:09:22.406400000,56 days 07:59:59.971200000,56 days 07:59:59.971200000,0 days 00:00:00.000000000
1060,2007-09-18 00:00:00.000000000,2007-09-18 00:00:00.000000000,2007-09-18 00:00:00.000000000,1980-01-01 00:00:00.000000000,1910-01-01 00:00:00.000000000,2007-07-23 16:00:00.028800000,2007-02-01 10:09:22.406400000,56 days 07:59:59.971200000,56 days 07:59:59.971200000,0 days 00:00:00.000000000
1061,2007-11-05 00:00:00.000000000,2007-11-05 00:00:00.000000000,2007-11-05 00:00:00.000000000,1980-01-01 00:00:00.000000000,1910-01-01 00:00:00.000000000,2007-08-24 15:55:14.822400000,2007-03-05 10:04:37.200000000,72 days 08:04:45.177600000,72 days 08:04:45.177600000,0 days 00:00:00.000000000
1062,2007-08-31 00:00:00.000000000,2007-08-31 00:00:00.000000000,2007-08-31 00:00:00.000000000,1980-01-01 00:00:00.000000000,1910-01-01 00:00:00.000000000,2007-06-11 04:48:00.000000000,2006-12-20 22:57:22.377600000,80 days 19:12:00.000000000,80 days 19:12:00.000000000,0 days 00:00:00.000000000
1063,2007-09-04 00:00:00.000000000,2007-09-04 00:00:00.000000000,2007-09-04 00:00:00.000000000,1980-01-01 00:00:00.000000000,1910-01-01 00:00:00.000000000,2007-06-15 04:48:00.000000000,2006-12-24 22:57:22.377600000,80 days 19:12:00.000000000,80 days 19:12:00.000000000,0 days 00:00:00.000000000
1064,2007-09-04 00:00:00.000000000,2007-09-04 00:00:00.000000000,2007-09-04 00:00:00.000000000,1980-01-01 00:00:00.000000000,1910-01-01 00:00:00.000000000,2007-07-23 07:59:59.971200000,2007-02-01 02:09:22.348800000,42 days 16:00:00.028800000,42 days 16:00:00.028800000,0 days 00:00:00.000000000
1065,2007-09-21 00:00:00.000000000,2007-09-21 00:00:00.000000000,2007-09-21 00:00:00.000000000,1980-01-01 00:00:00.000000000,1910-01-01 00:00:00.000000000,2007-07-02 04:48:00.000000000,2007-01-10 22:57:22.377600000,80 days 19:12:00.000000000,80 days 19:12:00.000000000,0 days 00:00:00.000000000
1066,2007-08-31 00:00:00.000000000,2007-08-31 00:00:00.000000000,2007-08-31 00:00:00.000000000,1980-01-01 00:00:00.000000000,1910-01-01 00:00:00.000000000,2007-06-07 12:00:00.000000000,2006-12-17 06:09:22.377600000,84 days 12:00:00.000000000,84 days 12:00:00.000000000,0 days 00:00:00.000000000
1067,2007-10-17 00:00:00.000000000,2007-10-17 00:00:00.000000000,2007-10-17 00:00:00.000000000,1980-01-01 00:00:00.000000000,1910-01-01 00:00:00.000000000,2007-07-24 12:00:00.000000000,2007-02-02 06:09:22.377600000,84 days 12:00:00.000000000,84 days 12:00:00.000000000,0 days 00:00:00.000000000
1068,2007-09-20 00:00:00.000000000,2007-09-20 00:00:00.000000000,2007-09-20 00:00:00.000000000,1980-01-01 00:00:00.000000000,1910-01-01 00:00:00.000000000,2007-08-12 14:24:00.000000000,2007-02-21 08:33:22.377600000,38 days 09:36:00.000000000,38 days 09:36:00.000000000,0 days 00:00:00.000000000
1069,2007-09-20 00:00:00.000000000,2007-09-20 00:00:00.000000000,2007-09-20 00:00:00.000000000,1980-01-01 00:00:00.000000000,1910-01-01 00:00:00.000000000,2007-08-12 14:24:00.000000000,2007-02-21 08:33:22.377600000,38 days 09:36:00.000000000,38 days 09:36:00.000000000,0 days 00:00:00.000000000
1070,2007-09-20 00:00:00.000000000,2007-09-20 00:00:00.000000000,2007-09-20 00:00:00.000000000,1980-01-01 00:00:00.000000000,1910-01-01 00:00:00.000000000,2007-08-12 14:24:00.000000000,2007-02-21 08:33:22.377600000,38 days 09:36:00.000000000,38 days 09:36:00.000000000,0 days 00:00:00.000000000
1071,2007-09-20 00:00:00.000000000,2007-09-20 00:00:00.000000000,2007-09-20 00:00:00.000000000,1980-01-01 00:00:00.000000000,1910-01-01 00:00:00.000000000,2007-08-12 14:24:00.000000000,2007-02-21 08:33:22.377600000,38 days 09:36:00.000000000,38 days 09:36:00.000000000,0 days 00:00:00.000000000
1072,2007-10-02 00:00:00.000000000,2007-10-02 00:00:00.000000000,2007-10-02 00:00:00.000000000,1980-01-01 00:00:00.000000000,1910-01-01 00:00:00.000000000,2007-07-13 04:48:00.000000000,2007-01-21 22:57:22.377600000,80 days 19:12:00.000000000,80 days 19:12:00.000000000,0 days 00:00:00.000000000
1073,2007-11-13 00:00:00.000000000,2007-11-13 00:00:00.000000000,2007-11-13 00:00:00.000000000,1980-01-01 00:00:00.000000000,1910-01-01 00:00:00.000000000,2007-08-20 12:00:00.000000000,2007-03-01 06:09:22.377600000,84 days 12:00:00.000000000,84 days 12:00:00.000000000,0 days 00:00:00.000000000
1074,2007-11-01 00:00:00.000000000,2007-11-01 00:00:00.000000000,2007-11-01 00:00:00.000000000,1980-01-01 00:00:00.000000000,1910-01-01 00:00:00.000000000,2007-09-23 14:24:00.000000000,2007-04-04 08:33:22.377600000,38 days 09:36:00.000000000,38 days 09:36:00.000000000,0 days 00:00:00.000000000
1075,2007-11-02 00:00:00.000000000,2007-11-02 00:00:00.000000000,2007-11-02 00:00:00.000000000,1980-01-01 00:00:00.000000000,1910-01-01 00:00:00.000000000,2007-08-09 12:00:00.000000000,2007-02-18 06:09:22.377600000,84 days 12:00:00.000000000,84 days 12:00:00.000000000,0 days 00:00:00.000000000
1076,2007-11-29 00:00:00.000000000,2007-11-29 00:00:00.000000000,2007-11-29 00:00:00.000000000,1980-01-01 00:00:00.000000000,1910-01-01 00:00:00.000000000,2007-08-15 00:00:00.000000000,2007-02-23 18:09:22.377600000,106 days 00:00:00.000000000,106 days 00:00:00.000000000,0 days 00:00:00.000000000
1077,2007-11-09 00:00:00.000000000,2007-11-09 00:00:00.000000000,2007-11-09 00:00:00.000000000,1980-01-01 00:00:00.000000000,1910-01-01 00:00:00.000000000,2007-10-01 14:24:00.000000000,2007-04-12 08:33:22.377600000,38 days 09:36:00.000000000,38 days 09:36:00.000000000,0 days 00:00:00.000000000
1078,2008-02-21 00:00:00.000000000,2008-02-21 00:00:00.000000000,2008-02-21 00:00:00.000000000,1980-01-01 00:00:00.000000000,1910-01-01 00:00:00.000000000,2007-11-28 10:00:00.028800000,2007-06-09 04:09:22.406400000,84 days 13:59:59.971200000,84 days 13:59:59.971200000,0 days 00:00:00.000000000
1079,2007-11-26 00:00:00.000000000,2007-11-26 00:00:00.000000000,2007-11-26 00:00:00.000000000,1980-01-01 00:00:00.000000000,1910-01-01 00:00:00.000000000,2007-10-14 07:59:59.971200000,2007-04-25 02:09:22.348800000,42 days 16:00:00.028800000,42 days 16:00:00.028800000,0 days 00:00:00.000000000
1080,2007-12-31 00:00:00.000000000,2007-12-31 00:00:00.000000000,2007-12-31 00:00:00.000000000,1980-01-01 00:00:00.000000000,1910-01-01 00:00:00.000000000,2007-12-06 12:00:00.000000000,2007-06-17 06:09:22.377600000,24 days 12:00:00.000000000,24 days 12:00:00.000000000,0 days 00:00:00.000000000
1081,2008-01-22 00:00:00.000000000,2008-01-22 00:00:00.000000000,2008-01-22 00:00:00.000000000,1980-01-01 00:00:00.000000000,1910-01-01 00:00:00.000000000,2007-10-23 17:41:03.148800000,2007-05-04 11:50:25.526400000,90 days 06:18:56.851200000,90 days 06:18:56.851200000,0 days 00:00:00.000000000
1082,2008-01-22 00:00:00.000000000,2008-01-22 00:00:00.000000000,2008-01-22 00:00:00.000000000,1980-01-01 00:00:00.000000000,1910-01-01 00:00:00.000000000,2007-10-23 17:41:03.148800000,2007-05-04 11:50:25.526400000,90 days 06:18:56.851200000,90 days 06:18:56.851200000,0 days 00:00:00.000000000
1083,2007-12-03 00:00:00.000000000,2007-12-03 00:00:00.000000000,2007-12-03 00:00:00.000000000,1980-01-01 00:00:00.000000000,1910-01-01 00:00:00.000000000,2007-10-25 14:24:00.000000000,2007-05-06 08:33:22.377600000,38 days 09:36:00.000000000,38 days 09:36:00.000000000,0 days 00:00:00.000000000
1084,2007-12-07 00:00:00.000000000,2007-12-07 00:00:00.000000000,2007-12-07 00:00:00.000000000,1980-01-01 00:00:00.000000000,1910-01-01 00:00:00.000000000,2007-09-13 12:00:00.000000000,2007-03-25 06:09:22.377600000,84 days 12:00:00.000000000,84 days 12:00:00.000000000,0 days 00:00:00.000000000
1085,2007-12-06 00:00:00.000000000,2007-12-06 00:00:00.000000000,2007-12-06 00:00:00.000000000,1980-01-01 00:00:00.000000000,1910-01-01 00:00:00.000000000,2007-09-12 12:00:00.000000000,2007-03-24 06:09:22.377600000,84 days 12:00:00.000000000,84 days 12:00:00.000000000,0 days 00:00:00.000000000
1086,2007-12-10 00:00:00.000000000,2007-12-10 00:00:00.000000000,2007-12-10 00:00:00.000000000,1980-01-01 00:00:00.000000000,1910-01-01 00:00:00.000000000,2007-09-20 04:48:00.000000000,2007-03-31 22:57:22.377600000,80 days 19:12:00.000000000,80 days 19:12:00.000000000,0 days 00:00:00.000000000
1087,2008-02-05 00:00:00.000000000,2008-02-05 00:00:00.000000000,2008-02-05 00:00:00.000000000,1980-01-01 00:00:00.000000000,1910-01-01 00:00:00.000000000,2007-08-31 09:36:00.000000000,2007-03-12 03:45:22.377600000,157 days 14:24:00.000000000,157 days 14:24:00.000000000,0 days 00:00:00.000000000
1088,2007-12-14 00:00:00.000000000,2007-12-14 00:00:00.000000000,2007-12-14 00:00:00.000000000,1980-01-01 00:00:00.000000000,1910-01-01 00:00:00.000000000,2007-09-24 04:48:00.000000000,2007-04-04 22:57:22.377600000,80 days 19:12:00.000000000,80 days 19:12:00.000000000,0 days 00:00:00.000000000
1089,2008-03-12 00:00:00.000000000,2008-03-12 00:00:00.000000000,2008-03-12 00:00:00.000000000,1980-01-01 00:00:00.000000000,1910-01-01 00:00:00.000000000,2007-12-12 19:30:00.000000000,2007-06-23 13:39:22.377600000,90 days 04:30:00.000000000,90 days 04:30:00.000000000,0 days 00:00:00.000000000
1090,2008-04-08 00:00:00.000000000,2008-04-05 00:00:00.000000000,2008-04-05 00:00:00.000000000,1980-01-01 00:00:00.000000000,1910-01-01 00:00:00.000000000,2008-01-03 02:10:54.537600000,2007-07-14 20:20:16.915200000,95 days 21:49:05.462400000,92 days 21:49:05.462400000,-3 days +00:00:00.000000000
1091,2008-01-14 00:00:00.000000000,2008-01-14 00:00:00.000000000,2008-01-14 00:00:00.000000000,1980-01-01 00:00:00.000000000,1910-01-01 00:00:00.000000000,2007-08-09 09:36:00.000000000,2007-02-18 03:45:22.377600000,157 days 14:24:00.000000000,157 days 14:24:00.000000000,0 days 00:00:00.000000000
1092,2008-04-18 00:00:00.000000000,2008-04-18 00:00:00.000000000,2008-04-18 00:00:00.000000000,1980-01-01 00:00:00.000000000,1910-01-01 00:00:00.000000000,2008-01-13 02:10:54.537600000,2007-07-24 20:20:16.915200000,95 days 21:49:05.462400000,95 days 21:49:05.462400000,0 days 00:00:00.000000000
1093,2008-04-08 00:00:00.000000000,2008-04-05 00:00:00.000000000,2008-04-05 00:00:00.000000000,1980-01-01 00:00:00.000000000,1910-01-01 00:00:00.000000000,2008-01-03 02:10:54.537600000,2007-07-14 20:20:16.915200000,95 days 21:49:05.462400000,92 days 21:49:05.462400000,-3 days +00:00:00.000000000
1094,2008-01-15 00:00:00.000000000,2008-01-15 00:00:00.000000000,2008-01-15 00:00:00.000000000,1980-01-01 00:00:00.000000000,1910-01-01 00:00:00.000000000,2007-10-22 10:00:00.028800000,2007-05-03 04:09:22.406400000,84 days 13:59:59.971200000,84 days 13:59:59.971200000,0 days 00:00:00.000000000
1095,2008-01-09 00:00:00.000000000,2008-01-09 00:00:00.000000000,2008-01-09 00:00:00.000000000,1980-01-01 00:00:00.000000000,1910-01-01 00:00:00.000000000,2007-10-17 19:02:04.099200000,2007-04-28 13:11:26.476800000,83 days 04:57:55.900800000,83 days 04:57:55.900800000,0 days 00:00:00.000000000
1096,2008-01-28 00:00:00.000000000,2008-01-28 00:00:00.000000000,2008-01-28 00:00:00.000000000,1980-01-01 00:00:00.000000000,1910-01-01 00:00:00.000000000,2007-11-14 00:00:00.000000000,2007-05-25 18:09:22.377600000,75 days 00:00:00.000000000,75 days 00:00:00.000000000,0 days 00:00:00.000000000
1097,2008-02-06 00:00:00.000000000,2008-02-06 00:00:00.000000000,2008-02-06 00:00:00.000000000,1980-01-01 00:00:00.000000000,1910-01-01 00:00:00.000000000,2007-09-29 05:19:59.980800000,2007-04-09 23:29:22.358400000,129 days 18:40:00.019200000,129 days 18:40:00.019200000,0 days 00:00:00.000000000
1098,2008-01-24 00:00:00.000000000,2008-01-24 00:00:00.000000000,2008-01-24 00:00:00.000000000,1980-01-01 00:00:00.000000000,1910-01-01 00:00:00.000000000,2007-10-30 16:00:00.028800000,2007-05-11 10:09:22.406400000,85 days 07:59:59.971200000,85 days 07:59:59.971200000,0 days 00:00:00.000000000
1099,2008-01-17 00:00:00.000000000,2008-01-17 00:00:00.000000000,2008-01-17 00:00:00.000000000,1980-01-01 00:00:00.000000000,1910-01-01 00:00:00.000000000,2007-10-22 15:31:45.897600000,2007-05-03 09:41:08.275200000,86 days 08:28:14.102400000,86 days 08:28:14.102400000,0 days 00:00:00.000000000
1100,2007-12-28 00:00:00.000000000,2007-12-28 00:00:00.000000000,2007-12-28 00:00:00.000000000,1980-01-01 00:00:00.000000000,1910-01-01 00:00:00.000000000,2007-10-08 04:48:00.000000000,2007-04-18 22:57:22.377600000,80 days 19:12:00.000000000,80 days 19:12:00.000000000,0 days 00:00:00.000000000
1101,2008-02-12 00:00:00.000000000,2008-02-12 00:00:00.000000000,2008-02-12 00:00:00.000000000,1980-01-01 00:00:00.000000000,1910-01-01 00:00:00.000000000,2007-11-19 10:00:00.028800000,2007-05-31 04:09:22.406400000,84 days 13:59:59.971200000,84 days 13:59:59.971200000,0 days 00:00:00.000000000
1102,2008-02-05 00:00:00.000000000,2008-02-05 00:00:00.000000000,2008-02-05 00:00:00.000000000,1980-01-01 00:00:00.000000000,1910-01-01 00:00:00.000000000,2007-11-10 15:31:45.897600000,2007-05-22 09:41:08.275200000,86 days 08:28:14.102400000,86 days 08:28:14.102400000,0 days 00:00:00.000000000
1103,2008-03-06 00:00:00.000000000,2008-03-06 00:00:00.000000000,2008-03-06 00:00:00.000000000,1980-01-01 00:00:00.000000000,1910-01-01 00:00:00.000000000,2007-12-12 13:42:51.465600000,2007-06-23 07:52:13.843200000,84 days 10:17:08.534400000,84 days 10:17:08.534400000,0 days 00:00:00.000000000
1104,2008-02-28 00:00:00.000000000,2008-02-28 00:00:00.000000000,2008-02-28 00:00:00.000000000,1980-01-01 00:00:00.000000000,1910-01-01 00:00:00.000000000,2007-12-05 13:42:51.465600000,2007-06-16 07:52:13.843200000,84 days 10:17:08.534400000,84 days 10:17:08.534400000,0 days 00:00:00.000000000
1105,2008-02-29 00:00:00.000000000,2008-02-29 00:00:00.000000000,2008-02-29 00:00:00.000000000,1980-01-01 00:00:00.000000000,1910-01-01 00:00:00.000000000,2007-11-25 02:10:54.537600000,2007-06-05 20:20:16.915200000,95 days 21:49:05.462400000,95 days 21:49:05.462400000,0 days 00:00:00.000000000
1106,2008-03-10 00:00:00.000000000,2008-03-10 00:00:00.000000000,2008-03-10 00:00:00.000000000,1980-01-01 00:00:00.000000000,1910-01-01 00:00:00.000000000,2007-12-05 02:10:54.537600000,2007-06-15 20:20:16.915200000,95 days 21:49:05.462400000,95 days 21:49:05.462400000,0 days 00:00:00.000000000
1107,2008-07-29 00:00:00.000000000,2008-07-29 00:00:00.000000000,2008-07-29 00:00:00.000000000,1980-01-01 00:00:00.000000000,1910-01-01 00:00:00.000000000,2008-05-05 10:00:00.028800000,2007-11-15 04:09:22.406400000,84 days 13:59:59.971200000,84 days 13:59:59.971200000,0 days 00:00:00.000000000
1108,2008-07-29 00:00:00.000000000,2008-07-29 00:00:00.000000000,2008-07-29 00:00:00.000000000,1980-01-01 00:00:00.000000000,1910-01-01 00:00:00.000000000,2008-03-21 05:19:59.980800000,2007-09-30 23:29:22.358400000,129 days 18:40:00.019200000,129 days 18:40:00.019200000,0 days 00:00:00.000000000
1109,2008-05-19 00:00:00.000000000,2008-05-19 00:00:00.000000000,2008-05-19 00:00:00.000000000,1980-01-01 00:00:00.000000000,1910-01-01 00:00:00.000000000,2008-02-28 05:37:49.785600000,2007-09-08 23:47:12.163200000,80 days 18:22:10.214400000,80 days 18:22:10.214400000,0 days 00:00:00.000000000
1110,2008-05-20 00:00:00.000000000,2008-05-20 00:00:00.000000000,2008-05-20 00:00:00.000000000,1980-01-01 00:00:00.000000000,1910-01-01 00:00:00.000000000,2008-02-26 19:02:04.099200000,2007-09-07 13:11:26.476800000,83 days 04:57:55.900800000,83 days 04:57:55.900800000,0 days 00:00:00.000000000
1111,2008-06-19 00:00:00.000000000,2008-06-19 00:00:00.000000000,2008-06-19 00:00:00.000000000,1980-01-01 00:00:00.000000000,1910-01-01 00:00:00.000000000,2008-05-09 02:10:54.537600000,2007-11-18 20:20:16.915200000,40 days 21:49:05.462400000,40 days 21:49:05.462400000,0 days 00:00:00.000000000
1112,2008-07-29 00:00:00.000000000,2008-07-29 00:00:00.000000000,2008-07-29 00:00:00.000000000,1980-01-01 00:00:00.000000000,1910-01-01 00:00:00.000000000,2008-05-05 10:00:00.028800000,2007-11-15 04:09:22.406400000,84 days 13:59:59.971200000,84 days 13:59:59.971200000,0 days 00:00:00.000000000
1113,2008-03-31 00:00:00.000000000,2008-03-31 00:00:00.000000000,2008-03-31 00:00:00.000000000,1980-01-01 00:00:00.000000000,1910-01-01 00:00:00.000000000,2008-01-10 05:37:49.785600000,2007-07-21 23:47:12.163200000,80 days 18:22:10.214400000,80 days 18:22:10.214400000,0 days 00:00:00.000000000
1114,2008-05-30 00:00:00.000000000,2008-05-30 00:00:00.000000000,2008-05-30 00:00:00.000000000,1980-01-01 00:00:00.000000000,1910-01-01 00:00:00.000000000,2008-03-10 05:37:49.785600000,2007-09-19 23:47:12.163200000,80 days 18:22:10.214400000,80 days 18:22:10.214400000,0 days 00:00:00.000000000
1115,2008-06-09 00:00:00.000000000,2008-06-09 00:00:00.000000000,2008-06-09 00:00:00.000000000,1980-01-01 00:00:00.000000000,1910-01-01 00:00:00.000000000,2008-01-03 09:36:00.000000000,2007-07-15 03:45:22.377600000,157 days 14:24:00.000000000,157 days 14:24:00.000000000,0 days 00:00:00.000000000
1116,2008-03-27 00:00:00.000000000,2008-03-27 00:00:00.000000000,2008-03-27 00:00:00.000000000,1980-01-01 00:00:00.000000000,1910-01-01 00:00:00.000000000,2007-12-31 15:31:45.897600000,2007-07-12 09:41:08.275200000,86 days 08:28:14.102400000,86 days 08:28:14.102400000,0 days 00:00:00.000000000
1117,2008-05-27 00:00:00.000000000,2008-05-27 00:00:00.000000000,2008-05-27 00:00:00.000000000,1980-01-01 00:00:00.000000000,1910-01-01 00:00:00.000000000,2008-02-26 17:41:03.148800000,2007-09-07 11:50:25.526400000,90 days 06:18:56.851200000,90 days 06:18:56.851200000,0 days 00:00:00.000000000
1118,2008-06-02 00:00:00.000000000,2008-06-02 00:00:00.000000000,2008-06-02 00:00:00.000000000,1980-01-01 00:00:00.000000000,1910-01-01 00:00:00.000000000,2008-03-03 17:41:03.148800000,2007-09-13 11:50:25.526400000,90 days 06:18:56.851200000,90 days 06:18:56.851200000,0 days 00:00:00.000000000
1119,2008-03-25 00:00:00.000000000,2008-03-25 00:00:00.000000000,2008-03-25 00:00:00.000000000,1980-01-01 00:00:00.000000000,1910-01-01 00:00:00.000000000,2008-01-29 16:21:49.075200000,2007-08-10 10:31:11.452800000,55 days 07:38:10.924800000,55 days 07:38:10.924800000,0 days 00:00:00.000000000
1120,2008-07-16 00:00:00.000000000,2008-07-16 00:00:00.000000000,2008-07-16 00:00:00.000000000,1980-01-01 00:00:00.000000000,1910-01-01 00:00:00.000000000,2008-04-23 19:02:04.099200000,2007-11-03 13:11:26.476800000,83 days 04:57:55.900800000,83 days 04:57:55.900800000,0 days 00:00:00.000000000
1121,2008-02-27 00:00:00.000000000,2008-02-27 00:00:00.000000000,2008-02-27 00:00:00.000000000,1980-01-01 00:00:00.000000000,1910-01-01 00:00:00.000000000,2007-12-08 05:37:49.785600000,2007-06-18 23:47:12.163200000,80 days 18:22:10.214400000,80 days 18:22:10.214400000,0 days 00:00:00.000000000
1122,2008-05-26 00:00:00.000000000,2008-05-26 00:00:00.000000000,2008-05-26 00:00:00.000000000,1980-01-01 00:00:00.000000000,1910-01-01 00:00:00.000000000,2008-02-25 17:41:03.148800000,2007-09-06 11:50:25.526400000,90 days 06:18:56.851200000,90 days 06:18:56.851200000,0 days 00:00:00.000000000
1123,2008-06-02 00:00:00.000000000,2008-06-02 00:00:00.000000000,2008-06-02 00:00:00.000000000,1980-01-01 00:00:00.000000000,1910-01-01 00:00:00.000000000,2008-03-07 15:31:45.897600000,2007-09-17 09:41:08.275200000,86 days 08:28:14.102400000,86 days 08:28:14.102400000,0 days 00:00:00.000000000
1124,2008-06-17 00:00:00.000000000,2008-06-17 00:00:00.000000000,2008-06-17 00:00:00.000000000,1980-01-01 00:00:00.000000000,1910-01-01 00:00:00.000000000,2008-03-24 10:00:00.028800000,2007-10-04 04:09:22.406400000,84 days 13:59:59.971200000,84 days 13:59:59.971200000,0 days 00:00:00.000000000
1125,2008-04-03 00:00:00.000000000,2008-04-03 00:00:00.000000000,2008-04-03 00:00:00.000000000,1980-01-01 00:00:00.000000000,1910-01-01 00:00:00.000000000,2008-01-03 17:41:03.148800000,2007-07-15 11:50:25.526400000,90 days 06:18:56.851200000,90 days 06:18:56.851200000,0 days 00:00:00.000000000
1126,2008-04-03 00:00:00.000000000,2008-04-03 00:00:00.000000000,2008-04-03 00:00:00.000000000,1980-01-01 00:00:00.000000000,1910-01-01 00:00:00.000000000,2008-01-03 17:41:03.148800000,2007-07-15 11:50:25.526400000,90 days 06:18:56.851200000,90 days 06:18:56.851200000,0 days 00:00:00.000000000
1127,2008-03-19 00:00:00.000000000,2008-03-19 00:00:00.000000000,2008-03-19 00:00:00.000000000,1980-01-01 00:00:00.000000000,1910-01-01 00:00:00.000000000,2007-12-25 13:42:51.465600000,2007-07-06 07:52:13.843200000,84 days 10:17:08.534400000,84 days 10:17:08.534400000,0 days 00:00:00.000000000
1128,2008-03-05 00:00:00.000000000,2008-03-05 00:00:00.000000000,2008-03-05 00:00:00.000000000,1980-01-01 00:00:00.000000000,1910-01-01 00:00:00.000000000,2008-01-24 02:10:54.537600000,2007-08-04 20:20:16.915200000,40 days 21:49:05.462400000,40 days 21:49:05.462400000,0 days 00:00:00.000000000
1129,2008-03-03 00:00:00.000000000,2008-03-03 00:00:00.000000000,2008-03-03 00:00:00.000000000,1980-01-01 00:00:00.000000000,1910-01-01 00:00:00.000000000,2007-12-07 15:31:45.897600000,2007-06-18 09:41:08.275200000,86 days 08:28:14.102400000,86 days 08:28:14.102400000,0 days 00:00:00.000000000
1130,2008-07-09 00:00:00.000000000,2008-07-09 00:00:00.000000000,2008-07-09 00:00:00.000000000,1980-01-01 00:00:00.000000000,1910-01-01 00:00:00.000000000,2008-03-01 05:19:59.980800000,2007-09-10 23:29:22.358400000,129 days 18:40:00.019200000,129 days 18:40:00.019200000,0 days 00:00:00.000000000
1131,2008-03-30 00:00:00.000000000,2008-03-30 00:00:00.000000000,2008-03-30 00:00:00.000000000,1980-01-01 00:00:00.000000000,1910-01-01 00:00:00.000000000,2007-10-24 09:36:00.000000000,2007-05-05 03:45:22.377600000,157 days 14:24:00.000000000,157 days 14:24:00.000000000,0 days 00:00:00.000000000
1132,2008-03-06 00:00:00.000000000,2008-03-06 00:00:00.000000000,2008-03-06 00:00:00.000000000,1980-01-01 00:00:00.000000000,1910-01-01 00:00:00.000000000,2007-12-10 15:31:45.897600000,2007-06-21 09:41:08.275200000,86 days 08:28:14.102400000,86 days 08:28:14.102400000,0 days 00:00:00.000000000
1133,2008-02-19 00:00:00.000000000,2008-02-19 00:00:00.000000000,2008-02-19 00:00:00.000000000,1980-01-01 00:00:00.000000000,1910-01-01 00:00:00.000000000,2007-11-24 15:31:45.897600000,2007-06-05 09:41:08.275200000,86 days 08:28:14.102400000,86 days 08:28:14.102400000,0 days 00:00:00.000000000
1134,2008-05-08 00:00:00.000000000,2008-05-08 00:00:00.000000000,2008-05-08 00:00:00.000000000,1980-01-01 00:00:00.000000000,1910-01-01 00:00:00.000000000,2008-02-13 10:00:00.028800000,2007-08-25 04:09:22.406400000,84 days 13:59:59.971200000,84 days 13:59:59.971200000,0 days 00:00:00.000000000
1135,2008-04-10 00:00:00.000000000,2008-04-10 00:00:00.000000000,2008-04-10 00:00:00.000000000,1980-01-01 00:00:00.000000000,1910-01-01 00:00:00.000000000,2008-02-29 02:10:54.537600000,2007-09-09 20:20:16.915200000,40 days 21:49:05.462400000,40 days 21:49:05.462400000,0 days 00:00:00.000000000
1136,2008-06-27 00:00:00.000000000,2008-06-27 00:00:00.000000000,2008-06-27 00:00:00.000000000,1980-01-01 00:00:00.000000000,1910-01-01 00:00:00.000000000,2008-03-28 17:41:03.148800000,2007-10-08 11:50:25.526400000,90 days 06:18:56.851200000,90 days 06:18:56.851200000,0 days 00:00:00.000000000
1137,2008-04-02 00:00:00.000000000,2008-04-02 00:00:00.000000000,2008-04-02 00:00:00.000000000,1980-01-01 00:00:00.000000000,1910-01-01 00:00:00.000000000,2008-01-02 17:41:03.148800000,2007-07-14 11:50:25.526400000,90 days 06:18:56.851200000,90 days 06:18:56.851200000,0 days 00:00:00.000000000
1138,2008-04-14 00:00:00.000000000,2008-04-14 00:00:00.000000000,2008-04-14 00:00:00.000000000,1980-01-01 00:00:00.000000000,1910-01-01 00:00:00.000000000,2008-01-14 17:41:03.148800000,2007-07-26 11:50:25.526400000,90 days 06:18:56.851200000,90 days 06:18:56.851200000,0 days 00:00:00.000000000
1139,2008-05-09 00:00:00.000000000,2008-05-09 00:00:00.000000000,2008-05-09 00:00:00.000000000,1980-01-01 00:00:00.000000000,1910-01-01 00:00:00.000000000,2008-02-14 10:00:00.028800000,2007-08-26 04:09:22.406400000,84 days 13:59:59.971200000,84 days 13:59:59.971200000,0 days 00:00:00.000000000
1140,2008-07-01 00:00:00.000000000,2008-07-01 00:00:00.000000000,2008-07-01 00:00:00.000000000,1980-01-01 00:00:00.000000000,1910-01-01 00:00:00.000000000,2008-02-22 05:19:59.980800000,2007-09-02 23:29:22.358400000,129 days 18:40:00.019200000,129 days 18:40:00.019200000,0 days 00:00:00.000000000
1141,2008-12-03 00:00:00.000000000,2008-12-03 00:00:00.000000000,2008-12-03 00:00:00.000000000,1980-01-01 00:00:00.000000000,1910-01-01 00:00:00.000000000,2008-09-07 15:31:45.897600000,2008-03-19 09:41:08.275200000,86 days 08:28:14.102400000,86 days 08:28:14.102400000,0 days 00:00:00.000000000
1142,2009-01-19 00:00:00.000000000,2009-01-19 00:00:00.000000000,2009-01-19 00:00:00.000000000,1980-01-01 00:00:00.000000000,1910-01-01 00:00:00.000000000,2008-10-02 14:36:31.334400000,2008-04-13 08:45:53.712000000,108 days 09:23:28.665600000,108 days 09:23:28.665600000,0 days 00:00:00.000000000
1143,2009-04-02 00:00:00.000000000,2009-04-02 00:00:00.000000000,2009-04-02 00:00:00.000000000,1980-01-01 00:00:00.000000000,1910-01-01 00:00:00.000000000,2009-02-10 07:12:00.000000000,2008-08-22 01:21:22.377600000,50 days 16:48:00.000000000,50 days 16:48:00.000000000,0 days 00:00:00.000000000
1144,2009-02-21 00:00:00.000000000,2009-02-21 00:00:00.000000000,2009-02-21 00:00:00.000000000,1980-01-01 00:00:00.000000000,1910-01-01 00:00:00.000000000,2008-10-28 09:13:50.736000000,2008-05-09 03:23:13.113600000,115 days 14:46:09.264000000,115 days 14:46:09.264000000,0 days 00:00:00.000000000
1145,2009-02-26 00:00:00.000000000,2009-02-21 00:00:00.000000000,2009-02-21 00:00:00.000000000,1980-01-01 00:00:00.000000000,1910-01-01 00:00:00.000000000,2008-11-02 09:13:50.736000000,2008-05-14 03:23:13.113600000,115 days 14:46:09.264000000,110 days 14:46:09.264000000,-5 days +00:00:00.000000000
1146,2008-10-21 00:00:00.000000000,2008-10-21 00:00:00.000000000,2008-10-21 00:00:00.000000000,1980-01-01 00:00:00.000000000,1910-01-01 00:00:00.000000000,2008-07-28 10:00:00.028800000,2008-02-07 04:09:22.406400000,84 days 13:59:59.971200000,84 days 13:59:59.971200000,0 days 00:00:00.000000000
1147,2009-02-19 00:00:00.000000000,2009-02-19 00:00:00.000000000,2009-02-19 00:00:00.000000000,1980-01-01 00:00:00.000000000,1910-01-01 00:00:00.000000000,2008-12-30 07:12:00.000000000,2008-07-11 01:21:22.377600000,50 days 16:48:00.000000000,50 days 16:48:00.000000000,0 days 00:00:00.000000000
1148,2009-03-16 00:00:00.000000000,2009-03-16 00:00:00.000000000,2009-03-16 00:00:00.000000000,1980-01-01 00:00:00.000000000,1910-01-01 00:00:00.000000000,2008-12-10 07:38:10.924800000,2008-06-21 01:47:33.302400000,95 days 16:21:49.075200000,95 days 16:21:49.075200000,0 days 00:00:00.000000000
1149,2008-07-26 00:00:00.000000000,2008-07-26 00:00:00.000000000,2008-07-26 00:00:00.000000000,1980-01-01 00:00:00.000000000,1910-01-01 00:00:00.000000000,2008-02-19 09:36:00.000000000,2007-08-31 03:45:22.377600000,157 days 14:24:00.000000000,157 days 14:24:00.000000000,0 days 00:00:00.000000000
1150,2008-11-14 00:00:00.000000000,2008-11-14 00:00:00.000000000,2008-11-14 00:00:00.000000000,1980-01-01 00:00:00.000000000,1910-01-01 00:00:00.000000000,2008-08-10 02:10:54.537600000,2008-02-19 20:20:16.915200000,95 days 21:49:05.462400000,95 days 21:49:05.462400000,0 days 00:00:00.000000000
1151,2008-08-31 00:00:00.000000000,2008-08-31 00:00:00.000000000,2008-08-31 00:00:00.000000000,1980-01-01 00:00:00.000000000,1910-01-01 00:00:00.000000000,2008-06-08 19:02:04.099200000,2007-12-19 13:11:26.476800000,83 days 04:57:55.900800000,83 days 04:57:55.900800000,0 days 00:00:00.000000000
1152,2008-09-28 00:00:00.000000000,2008-09-28 00:00:00.000000000,2008-09-28 00:00:00.000000000,1980-01-01 00:00:00.000000000,1910-01-01 00:00:00.000000000,2008-07-06 19:02:04.099200000,2008-01-16 13:11:26.476800000,83 days 04:57:55.900800000,83 days 04:57:55.900800000,0 days 00:00:00.000000000
1153,2008-09-10 00:00:00.000000000,2008-09-10 00:00:00.000000000,2008-09-10 00:00:00.000000000,1980-01-01 00:00:00.000000000,1910-01-01 00:00:00.000000000,2008-06-18 19:02:04.099200000,2007-12-29 13:11:26.476800000,83 days 04:57:55.900800000,83 days 04:57:55.900800000,0 days 00:00:00.000000000
1154,2008-10-06 00:00:00.000000000,2008-10-06 00:00:00.000000000,2008-10-06 00:00:00.000000000,1980-01-01 00:00:00.000000000,1910-01-01 00:00:00.000000000,2008-07-07 17:41:03.148800000,2008-01-17 11:50:25.526400000,90 days 06:18:56.851200000,90 days 06:18:56.851200000,0 days 00:00:00.000000000
1155,2008-12-12 00:00:00.000000000,2008-12-12 00:00:00.000000000,2008-12-12 00:00:00.000000000,1980-01-01 00:00:00.000000000,1910-01-01 00:00:00.000000000,2008-10-17 16:21:49.075200000,2008-04-28 10:31:11.452800000,55 days 07:38:10.924800000,55 days 07:38:10.924800000,0 days 00:00:00.000000000
1156,2008-11-07 00:00:00.000000000,2008-11-07 00:00:00.000000000,2008-11-07 00:00:00.000000000,1980-01-01 00:00:00.000000000,1910-01-01 00:00:00.000000000,2008-08-14 10:00:00.028800000,2008-02-24 04:09:22.406400000,84 days 13:59:59.971200000,84 days 13:59:59.971200000,0 days 00:00:00.000000000
1157,2008-09-22 00:00:00.000000000,2008-09-22 00:00:00.000000000,2008-09-22 00:00:00.000000000,1980-01-01 00:00:00.000000000,1910-01-01 00:00:00.000000000,2008-06-30 19:02:04.099200000,2008-01-10 13:11:26.476800000,83 days 04:57:55.900800000,83 days 04:57:55.900800000,0 days 00:00:00.000000000
1158,2008-09-22 00:00:00.000000000,2008-09-22 00:00:00.000000000,2008-09-22 00:00:00.000000000,1980-01-01 00:00:00.000000000,1910-01-01 00:00:00.000000000,2008-06-30 19:02:04.099200000,2008-01-10 13:11:26.476800000,83 days 04:57:55.900800000,83 days 04:57:55.900800000,0 days 00:00:00.000000000
1159,2008-11-04 00:00:00.000000000,2008-11-04 00:00:00.000000000,2008-11-04 00:00:00.000000000,1980-01-01 00:00:00.000000000,1910-01-01 00:00:00.000000000,2008-08-11 13:42:51.465600000,2008-02-21 07:52:13.843200000,84 days 10:17:08.534400000,84 days 10:17:08.534400000,0 days 00:00:00.000000000
1160,2009-02-21 00:00:00.000000000,2009-02-21 00:00:00.000000000,2009-02-21 00:00:00.000000000,1980-01-01 00:00:00.000000000,1910-01-01 00:00:00.000000000,2008-10-28 09:13:50.736000000,2008-05-09 03:23:13.113600000,115 days 14:46:09.264000000,115 days 14:46:09.264000000,0 days 00:00:00.000000000
1161,2008-09-05 00:00:00.000000000,2008-09-05 00:00:00.000000000,2008-09-05 00:00:00.000000000,1980-01-01 00:00:00.000000000,1910-01-01 00:00:00.000000000,2008-06-01 02:10:54.537600000,2007-12-11 20:20:16.915200000,95 days 21:49:05.462400000,95 days 21:49:05.462400000,0 days 00:00:00.000000000
1162,2008-09-15 00:00:00.000000000,2008-09-15 00:00:00.000000000,2008-09-15 00:00:00.000000000,1980-01-01 00:00:00.000000000,1910-01-01 00:00:00.000000000,2008-05-08 05:19:59.980800000,2007-11-17 23:29:22.358400000,129 days 18:40:00.019200000,129 days 18:40:00.019200000,0 days 00:00:00.000000000
1163,2009-03-18 00:00:00.000000000,2009-03-18 00:00:00.000000000,2009-03-18 00:00:00.000000000,1980-01-01 00:00:00.000000000,1910-01-01 00:00:00.000000000,2008-11-22 09:13:50.736000000,2008-06-03 03:23:13.113600000,115 days 14:46:09.264000000,115 days 14:46:09.264000000,0 days 00:00:00.000000000
1164,2009-02-16 00:00:00.000000000,2009-02-16 00:00:00.000000000,2009-02-16 00:00:00.000000000,1980-01-01 00:00:00.000000000,1910-01-01 00:00:00.000000000,2008-10-30 14:36:31.334400000,2008-05-11 08:45:53.712000000,108 days 09:23:28.665600000,108 days 09:23:28.665600000,0 days 00:00:00.000000000
1165,2009-03-03 00:00:00.000000000,2009-03-03 00:00:00.000000000,2009-03-03 00:00:00.000000000,1980-01-01 00:00:00.000000000,1910-01-01 00:00:00.000000000,2008-12-11 13:05:27.312000000,2008-06-22 07:14:49.689600000,81 days 10:54:32.688000000,81 days 10:54:32.688000000,0 days 00:00:00.000000000
1166,2008-08-22 00:00:00.000000000,2008-08-22 00:00:00.000000000,2008-08-22 00:00:00.000000000,1980-01-01 00:00:00.000000000,1910-01-01 00:00:00.000000000,2008-04-14 05:19:59.980800000,2007-10-24 23:29:22.358400000,129 days 18:40:00.019200000,129 days 18:40:00.019200000,0 days 00:00:00.000000000
1167,2008-10-10 00:00:00.000000000,2008-10-10 00:00:00.000000000,2008-10-10 00:00:00.000000000,1980-01-01 00:00:00.000000000,1910-01-01 00:00:00.000000000,2008-07-06 02:10:54.537600000,2008-01-15 20:20:16.915200000,95 days 21:49:05.462400000,95 days 21:49:05.462400000,0 days 00:00:00.000000000
1168,2008-09-19 00:00:00.000000000,2008-09-19 00:00:00.000000000,2008-09-19 00:00:00.000000000,1980-01-01 00:00:00.000000000,1910-01-01 00:00:00.000000000,2008-06-27 19:02:04.099200000,2008-01-07 13:11:26.476800000,83 days 04:57:55.900800000,83 days 04:57:55.900800000,0 days 00:00:00.000000000
1169,2008-09-24 00:00:00.000000000,2008-09-24 00:00:00.000000000,2008-09-24 00:00:00.000000000,1980-01-01 00:00:00.000000000,1910-01-01 00:00:00.000000000,2008-07-02 19:02:04.099200000,2008-01-12 13:11:26.476800000,83 days 04:57:55.900800000,83 days 04:57:55.900800000,0 days 00:00:00.000000000
1170,2009-02-09 00:00:00.000000000,2009-02-09 00:00:00.000000000,2009-02-09 00:00:00.000000000,1980-01-01 00:00:00.000000000,1910-01-01 00:00:00.000000000,2008-10-23 14:36:31.334400000,2008-05-04 08:45:53.712000000,108 days 09:23:28.665600000,108 days 09:23:28.665600000,0 days 00:00:00.000000000
1171,2009-04-29 00:00:00.000000000,2009-04-29 00:00:00.000000000,2009-04-29 00:00:00.000000000,1980-01-01 00:00:00.000000000,1910-01-01 00:00:00.000000000,2009-01-10 14:36:31.334400000,2008-07-22 08:45:53.712000000,108 days 09:23:28.665600000,108 days 09:23:28.665600000,0 days 00:00:00.000000000
1172,2009-01-09 00:00:00.000000000,2009-01-09 00:00:00.000000000,2009-01-09 00:00:00.000000000,1980-01-01 00:00:00.000000000,1910-01-01 00:00:00.000000000,2008-11-19 07:12:00.000000000,2008-05-31 01:21:22.377600000,50 days 16:48:00.000000000,50 days 16:48:00.000000000,0 days 00:00:00.000000000
1173,2008-10-30 00:00:00.000000000,2008-10-30 00:00:00.000000000,2008-10-30 00:00:00.000000000,1980-01-01 00:00:00.000000000,1910-01-01 00:00:00.000000000,2008-08-07 19:02:04.099200000,2008-02-17 13:11:26.476800000,83 days 04:57:55.900800000,83 days 04:57:55.900800000,0 days 00:00:00.000000000
1174,2008-10-31 00:00:00.000000000,2008-10-31 00:00:00.000000000,2008-10-31 00:00:00.000000000,1980-01-01 00:00:00.000000000,1910-01-01 00:00:00.000000000,2008-08-08 19:02:04.099200000,2008-02-18 13:11:26.476800000,83 days 04:57:55.900800000,83 days 04:57:55.900800000,0 days 00:00:00.000000000
1175,2008-10-21 00:00:00.000000000,2008-10-21 00:00:00.000000000,2008-10-21 00:00:00.000000000,1980-01-01 00:00:00.000000000,1910-01-01 00:00:00.000000000,2008-07-28 10:00:00.028800000,2008-02-07 04:09:22.406400000,84 days 13:59:59.971200000,84 days 13:59:59.971200000,0 days 00:00:00.000000000
1176,2009-03-19 00:00:00.000000000,2009-03-19 00:00:00.000000000,2009-03-19 00:00:00.000000000,1980-01-01 00:00:00.000000000,1910-01-01 00:00:00.000000000,2008-11-30 14:36:31.334400000,2008-06-11 08:45:53.712000000,108 days 09:23:28.665600000,108 days 09:23:28.665600000,0 days 00:00:00.000000000
1177,2008-08-22 00:00:00.000000000,2008-08-22 00:00:00.000000000,2008-08-22 00:00:00.000000000,1980-01-01 00:00:00.000000000,1910-01-01 00:00:00.000000000,2008-04-14 05:19:59.980800000,2007-10-24 23:29:22.358400000,129 days 18:40:00.019200000,129 days 18:40:00.019200000,0 days 00:00:00.000000000
1178,2008-11-14 00:00:00.000000000,2008-11-14 00:00:00.000000000,2008-11-14 00:00:00.000000000,1980-01-01 00:00:00.000000000,1910-01-01 00:00:00.000000000,2008-08-10 02:10:54.537600000,2008-02-19 20:20:16.915200000,95 days 21:49:05.462400000,95 days 21:49:05.462400000,0 days 00:00:00.000000000
1179,2009-05-14 00:00:00.000000000,2009-05-14 00:00:00.000000000,2009-05-14 00:00:00.000000000,1980-01-01 00:00:00.000000000,1910-01-01 00:00:00.000000000,2009-01-18 09:13:50.736000000,2008-07-30 03:23:13.113600000,115 days 14:46:09.264000000,115 days 14:46:09.264000000,0 days 00:00:00.000000000
1180,2009-04-27 00:00:00.000000000,2009-04-27 00:00:00.000000000,2009-04-27 00:00:00.000000000,1980-01-01 00:00:00.000000000,1910-01-01 00:00:00.000000000,2009-02-17 06:00:00.000000000,2008-08-29 00:09:22.377600000,68 days 18:00:00.000000000,68 days 18:00:00.000000000,0 days 00:00:00.000000000
1181,2009-04-30 00:00:00.000000000,2009-04-30 00:00:00.000000000,2009-04-30 00:00:00.000000000,1980-01-01 00:00:00.000000000,1910-01-01 00:00:00.000000000,2009-01-11 14:36:31.334400000,2008-07-23 08:45:53.712000000,108 days 09:23:28.665600000,108 days 09:23:28.665600000,0 days 00:00:00.000000000
1182,2009-05-08 00:00:00.000000000,2009-05-08 00:00:00.000000000,2009-05-08 00:00:00.000000000,1980-01-01 00:00:00.000000000,1910-01-01 00:00:00.000000000,2009-01-19 14:36:31.334400000,2008-07-31 08:45:53.712000000,108 days 09:23:28.665600000,108 days 09:23:28.665600000,0 days 00:00:00.000000000
1183,2009-06-28 00:00:00.000000000,2009-06-28 00:00:00.000000000,2009-06-28 00:00:00.000000000,1980-01-01 00:00:00.000000000,1910-01-01 00:00:00.000000000,2009-03-04 09:13:50.736000000,2008-09-13 03:23:13.113600000,115 days 14:46:09.264000000,115 days 14:46:09.264000000,0 days 00:00:00.000000000
1184,2009-05-08 00:00:00.000000000,2009-05-08 00:00:00.000000000,2009-05-08 00:00:00.000000000,1980-01-01 00:00:00.000000000,1910-01-01 00:00:00.000000000,2009-01-19 14:36:31.334400000,2008-07-31 08:45:53.712000000,108 days 09:23:28.665600000,108 days 09:23:28.665600000,0 days 00:00:00.000000000
1185,2009-06-01 00:00:00.000000000,2009-06-01 00:00:00.000000000,2009-06-01 00:00:00.000000000,1980-01-01 00:00:00.000000000,1910-01-01 00:00:00.000000000,2009-04-11 07:12:00.000000000,2008-10-21 01:21:22.377600000,50 days 16:48:00.000000000,50 days 16:48:00.000000000,0 days 00:00:00.000000000
1186,2009-05-20 00:00:00.000000000,2009-05-20 00:00:00.000000000,2009-05-20 00:00:00.000000000,1980-01-01 00:00:00.000000000,1910-01-01 00:00:00.000000000,2009-03-03 05:11:48.624000000,2008-09-11 23:21:11.001600000,77 days 18:48:11.376000000,77 days 18:48:11.376000000,0 days 00:00:00.000000000
1187,2009-05-20 00:00:00.000000000,2009-05-20 00:00:00.000000000,2009-05-20 00:00:00.000000000,1980-01-01 00:00:00.000000000,1910-01-01 00:00:00.000000000,2009-03-03 05:11:48.624000000,2008-09-11 23:21:11.001600000,77 days 18:48:11.376000000,77 days 18:48:11.376000000,0 days 00:00:00.000000000
1188,2009-08-12 00:00:00.000000000,2009-08-12 00:00:00.000000000,2009-08-12 00:00:00.000000000,1970-01-01 00:00:00.000000000,1910-01-01 00:00:00.000000000,2009-05-26 05:11:48.624000000,2008-12-04 23:21:11.001600000,77 days 18:48:11.376000000,77 days 18:48:11.376000000,0 days 00:00:00.000000000
1189,2009-06-17 00:00:00.000000000,2009-06-17 00:00:00.000000000,2009-06-17 00:00:00.000000000,1980-01-01 00:00:00.000000000,1910-01-01 00:00:00.000000000,2009-02-26 04:55:23.059200000,2008-09-06 23:04:45.436800000,110 days 19:04:36.940800000,110 days 19:04:36.940800000,0 days 00:00:00.000000000
1190,2009-06-15 00:00:00.000000000,2009-06-15 00:00:00.000000000,2009-06-15 00:00:00.000000000,1980-01-01 00:00:00.000000000,1910-01-01 00:00:00.000000000,2009-02-25 21:36:00.000000000,2008-09-06 15:45:22.377600000,109 days 02:24:00.000000000,109 days 02:24:00.000000000,0 days 00:00:00.000000000
1191,2009-06-18 00:00:00.000000000,2009-06-18 00:00:00.000000000,2009-06-18 00:00:00.000000000,1980-01-01 00:00:00.000000000,1910-01-01 00:00:00.000000000,2009-04-02 23:06:40.003200000,2008-10-12 17:16:02.380800000,76 days 00:53:19.996800000,76 days 00:53:19.996800000,0 days 00:00:00.000000000
1192,2009-06-12 00:00:00.000000000,2009-06-12 00:00:00.000000000,2009-06-12 00:00:00.000000000,1980-01-01 00:00:00.000000000,1910-01-01 00:00:00.000000000,2009-02-22 21:36:00.000000000,2008-09-03 15:45:22.377600000,109 days 02:24:00.000000000,109 days 02:24:00.000000000,0 days 00:00:00.000000000
1193,2009-06-16 00:00:00.000000000,2009-06-16 00:00:00.000000000,2009-06-16 00:00:00.000000000,1980-01-01 00:00:00.000000000,1910-01-01 00:00:00.000000000,2009-02-27 14:36:31.334400000,2008-09-08 08:45:53.712000000,108 days 09:23:28.665600000,108 days 09:23:28.665600000,0 days 00:00:00.000000000
1194,2009-06-24 00:00:00.000000000,2009-06-24 00:00:00.000000000,2009-06-24 00:00:00.000000000,1980-01-01 00:00:00.000000000,1910-01-01 00:00:00.000000000,2009-03-06 21:36:00.000000000,2008-09-15 15:45:22.377600000,109 days 02:24:00.000000000,109 days 02:24:00.000000000,0 days 00:00:00.000000000
1195,2009-07-14 00:00:00.000000000,2009-07-14 00:00:00.000000000,2009-07-14 00:00:00.000000000,1970-01-01 00:00:00.000000000,1910-01-01 00:00:00.000000000,2009-03-25 04:55:23.059200000,2008-10-03 23:04:45.436800000,110 days 19:04:36.940800000,110 days 19:04:36.940800000,0 days 00:00:00.000000000
1196,2009-08-17 00:00:00.000000000,2009-08-17 00:00:00.000000000,2009-08-17 00:00:00.000000000,1970-01-01 00:00:00.000000000,1910-01-01 00:00:00.000000000,2009-04-23 09:13:50.736000000,2008-11-02 03:23:13.113600000,115 days 14:46:09.264000000,115 days 14:46:09.264000000,0 days 00:00:00.000000000
1197,2009-08-11 00:00:00.000000000,2009-08-11 00:00:00.000000000,2009-08-11 00:00:00.000000000,1970-01-01 00:00:00.000000000,1910-01-01 00:00:00.000000000,2009-04-22 04:55:23.059200000,2008-10-31 23:04:45.436800000,110 days 19:04:36.940800000,110 days 19:04:36.940800000,0 days 00:00:00.000000000
1198,2009-08-27 00:00:00.000000000,2009-08-27 00:00:00.000000000,2009-08-27 00:00:00.000000000,1970-01-01 00:00:00.000000000,1910-01-01 00:00:00.000000000,2009-05-03 09:13:50.736000000,2008-11-12 03:23:13.113600000,115 days 14:46:09.264000000,115 days 14:46:09.264000000,0 days 00:00:00.000000000
1199,2009-09-04 00:00:00.000000000,2009-09-04 00:00:00.000000000,2009-09-04 00:00:00.000000000,1970-01-01 00:00:00.000000000,1910-01-01 00:00:00.000000000,2009-05-17 21:36:00.000000000,2008-11-26 15:45:22.377600000,109 days 02:24:00.000000000,109 days 02:24:00.000000000,0 days 00:00:00.000000000
1200,2009-08-20 00:00:00.000000000,2009-08-20 00:00:00.000000000,2009-08-20 00:00:00.000000000,1970-01-01 00:00:00.000000000,1910-01-01 00:00:00.000000000,2009-05-02 01:32:54.182400000,2008-11-10 19:42:16.560000000,109 days 22:27:05.817600000,109 days 22:27:05.817600000,0 days 00:00:00.000000000
1201,2009-08-17 00:00:00.000000000,2009-08-17 00:00:00.000000000,2009-08-17 00:00:00.000000000,1970-01-01 00:00:00.000000000,1910-01-01 00:00:00.000000000,2009-04-29 21:36:00.000000000,2008-11-08 15:45:22.377600000,109 days 02:24:00.000000000,109 days 02:24:00.000000000,0 days 00:00:00.000000000
1202,2009-09-28 00:00:00.000000000,2009-09-28 00:00:00.000000000,2009-09-28 00:00:00.000000000,1970-01-01 00:00:00.000000000,1910-01-01 00:00:00.000000000,2009-06-09 04:55:23.059200000,2008-12-18 23:04:45.436800000,110 days 19:04:36.940800000,110 days 19:04:36.940800000,0 days 00:00:00.000000000
1203,2009-09-09 00:00:00.000000000,2009-09-09 00:00:00.000000000,2009-09-09 00:00:00.000000000,1970-01-01 00:00:00.000000000,1910-01-01 00:00:00.000000000,2009-05-21 04:55:23.059200000,2008-11-29 23:04:45.436800000,110 days 19:04:36.940800000,110 days 19:04:36.940800000,0 days 00:00:00.000000000
1204,2009-09-08 00:00:00.000000000,2009-09-08 00:00:00.000000000,2009-09-08 00:00:00.000000000,1970-01-01 00:00:00.000000000,1910-01-01 00:00:00.000000000,2009-05-20 04:55:23.059200000,2008-11-28 23:04:45.436800000,110 days 19:04:36.940800000,110 days 19:04:36.940800000,0 days 00:00:00.000000000
1205,2009-09-22 00:00:00.000000000,2009-09-22 00:00:00.000000000,2009-09-22 00:00:00.000000000,1970-01-01 00:00:00.000000000,1910-01-01 00:00:00.000000000,2009-06-04 21:36:00.000000000,2008-12-14 15:45:22.377600000,109 days 02:24:00.000000000,109 days 02:24:00.000000000,0 days 00:00:00.000000000
1206,2009-10-13 00:00:00.000000000,2009-10-13 00:00:00.000000000,2009-10-13 00:00:00.000000000,1970-01-01 00:00:00.000000000,1910-01-01 00:00:00.000000000,2009-07-28 23:06:40.003200000,2009-02-06 17:16:02.380800000,76 days 00:53:19.996800000,76 days 00:53:19.996800000,0 days 00:00:00.000000000
1207,2009-10-13 00:00:00.000000000,2009-10-13 00:00:00.000000000,2009-10-13 00:00:00.000000000,1970-01-01 00:00:00.000000000,1910-01-01 00:00:00.000000000,2009-07-28 23:06:40.003200000,2009-02-06 17:16:02.380800000,76 days 00:53:19.996800000,76 days 00:53:19.996800000,0 days 00:00:00.000000000
1208,2009-10-08 00:00:00.000000000,2009-10-08 00:00:00.000000000,2009-10-08 00:00:00.000000000,1970-01-01 00:00:00.000000000,1910-01-01 00:00:00.000000000,2009-08-18 07:12:00.000000000,2009-02-27 01:21:22.377600000,50 days 16:48:00.000000000,50 days 16:48:00.000000000,0 days 00:00:00.000000000
1209,2009-10-26 00:00:00.000000000,2009-10-26 00:00:00.000000000,2009-10-26 00:00:00.000000000,1970-01-01 00:00:00.000000000,1910-01-01 00:00:00.000000000,2009-07-08 01:32:54.182400000,2009-01-16 19:42:16.560000000,109 days 22:27:05.817600000,109 days 22:27:05.817600000,0 days 00:00:00.000000000
1210,2009-10-12 00:00:00.000000000,2009-10-12 00:00:00.000000000,2009-10-12 00:00:00.000000000,1970-01-01 00:00:00.000000000,1910-01-01 00:00:00.000000000,2009-08-22 07:12:00.000000000,2009-03-03 01:21:22.377600000,50 days 16:48:00.000000000,50 days 16:48:00.000000000,0 days 00:00:00.000000000
1211,2009-10-27 00:00:00.000000000,2009-10-27 00:00:00.000000000,2009-10-27 00:00:00.000000000,1970-01-01 00:00:00.000000000,1910-01-01 00:00:00.000000000,2009-07-08 04:55:23.059200000,2009-01-16 23:04:45.436800000,110 days 19:04:36.940800000,110 days 19:04:36.940800000,0 days 00:00:00.000000000
1212,2009-10-27 00:00:00.000000000,2009-10-27 00:00:00.000000000,2009-10-27 00:00:00.000000000,1970-01-01 00:00:00.000000000,1910-01-01 00:00:00.000000000,2009-07-08 04:55:23.059200000,2009-01-16 23:04:45.436800000,110 days 19:04:36.940800000,110 days 19:04:36.940800000,0 days 00:00:00.000000000
1213,2009-12-20 00:00:00.000000000,2009-12-20 00:00:00.000000000,2009-12-20 00:00:00.000000000,1970-01-01 00:00:00.000000000,1910-01-01 00:00:00.000000000,2009-08-31 04:55:23.059200000,2009-03-11 23:04:45.436800000,110 days 19:04:36.940800000,110 days 19:04:36.940800000,0 days 00:00:00.000000000
1214,2007-02-01 00:00:00.000000000,2007-02-01 00:00:00.000000000,2007-02-01 00:00:00.000000000,1980-01-01 00:00:00.000000000,1910-01-01 00:00:00.000000000,2006-10-18 00:00:00.000000000,2006-04-28 18:09:22.377600000,106 days 00:00:00.000000000,106 days 00:00:00.000000000,0 days 00:00:00.000000000
1215,2007-02-01 00:00:00.000000000,2007-02-01 00:00:00.000000000,2007-02-01 00:00:00.000000000,1980-01-01 00:00:00.000000000,1910-01-01 00:00:00.000000000,2006-12-19 02:39:59.990400000,2006-06-29 20:49:22.368000000,43 days 21:20:00.009600000,43 days 21:20:00.009600000,0 days 00:00:00.000000000
1216,2007-02-05 00:00:00.000000000,2007-02-05 00:00:00.000000000,2007-02-05 00:00:00.000000000,1980-01-01 00:00:00.000000000,1910-01-01 00:00:00.000000000,2006-12-23 02:39:59.990400000,2006-07-03 20:49:22.368000000,43 days 21:20:00.009600000,43 days 21:20:00.009600000,0 days 00:00:00.000000000
1217,2007-03-08 00:00:00.000000000,2007-03-08 00:00:00.000000000,2007-03-08 00:00:00.000000000,1980-01-01 00:00:00.000000000,1910-01-01 00:00:00.000000000,2006-12-17 04:48:00.000000000,2006-06-27 22:57:22.377600000,80 days 19:12:00.000000000,80 days 19:12:00.000000000,0 days 00:00:00.000000000
1218,2007-05-04 00:00:00.000000000,2007-05-04 00:00:00.000000000,2007-05-04 00:00:00.000000000,1980-01-01 00:00:00.000000000,1910-01-01 00:00:00.000000000,2007-02-08 12:00:00.000000000,2006-08-20 06:09:22.377600000,84 days 12:00:00.000000000,84 days 12:00:00.000000000,0 days 00:00:00.000000000
1219,2007-05-18 00:00:00.000000000,2007-05-18 00:00:00.000000000,2007-05-18 00:00:00.000000000,1980-01-01 00:00:00.000000000,1910-01-01 00:00:00.000000000,2007-02-01 00:00:00.000000000,2006-08-12 18:09:22.377600000,106 days 00:00:00.000000000,106 days 00:00:00.000000000,0 days 00:00:00.000000000
1220,2007-05-18 00:00:00.000000000,2007-05-18 00:00:00.000000000,2007-05-18 00:00:00.000000000,1980-01-01 00:00:00.000000000,1910-01-01 00:00:00.000000000,2007-02-01 00:00:00.000000000,2006-08-12 18:09:22.377600000,106 days 00:00:00.000000000,106 days 00:00:00.000000000,0 days 00:00:00.000000000
1221,2007-05-18 00:00:00.000000000,2007-05-18 00:00:00.000000000,2007-05-18 00:00:00.000000000,1980-01-01 00:00:00.000000000,1910-01-01 00:00:00.000000000,2007-02-01 00:00:00.000000000,2006-08-12 18:09:22.377600000,106 days 00:00:00.000000000,106 days 00:00:00.000000000,0 days 00:00:00.000000000
1222,2007-05-15 00:00:00.000000000,2007-05-15 00:00:00.000000000,2007-05-15 00:00:00.000000000,1980-01-01 00:00:00.000000000,1910-01-01 00:00:00.000000000,2007-02-19 12:00:00.000000000,2006-08-31 06:09:22.377600000,84 days 12:00:00.000000000,84 days 12:00:00.000000000,0 days 00:00:00.000000000
1223,2007-05-31 00:00:00.000000000,2007-05-31 00:00:00.000000000,2007-05-31 00:00:00.000000000,1980-01-01 00:00:00.000000000,1910-01-01 00:00:00.000000000,2007-04-05 00:00:00.000000000,2006-10-14 18:09:22.377600000,56 days 00:00:00.000000000,56 days 00:00:00.000000000,0 days 00:00:00.000000000
1224,2007-04-17 00:00:00.000000000,2007-04-17 00:00:00.000000000,2007-04-17 00:00:00.000000000,1980-01-01 00:00:00.000000000,1910-01-01 00:00:00.000000000,2007-01-01 00:00:00.000000000,2006-07-12 18:09:22.377600000,106 days 00:00:00.000000000,106 days 00:00:00.000000000,0 days 00:00:00.000000000
1225,2007-04-17 00:00:00.000000000,2007-04-17 00:00:00.000000000,2007-04-17 00:00:00.000000000,1980-01-01 00:00:00.000000000,1910-01-01 00:00:00.000000000,2007-01-01 00:00:00.000000000,2006-07-12 18:09:22.377600000,106 days 00:00:00.000000000,106 days 00:00:00.000000000,0 days 00:00:00.000000000
1226,2007-05-14 00:00:00.000000000,2007-05-14 00:00:00.000000000,2007-05-14 00:00:00.000000000,1980-01-01 00:00:00.000000000,1910-01-01 00:00:00.000000000,2007-03-31 02:39:59.990400000,2006-10-09 20:49:22.368000000,43 days 21:20:00.009600000,43 days 21:20:00.009600000,0 days 00:00:00.000000000
1227,2007-04-30 00:00:00.000000000,2007-04-30 00:00:00.000000000,2007-04-30 00:00:00.000000000,1980-01-01 00:00:00.000000000,1910-01-01 00:00:00.000000000,2007-02-08 04:48:00.000000000,2006-08-19 22:57:22.377600000,80 days 19:12:00.000000000,80 days 19:12:00.000000000,0 days 00:00:00.000000000
1228,2007-06-12 00:00:00.000000000,2007-06-12 00:00:00.000000000,2007-06-12 00:00:00.000000000,1980-01-01 00:00:00.000000000,1910-01-01 00:00:00.000000000,2007-04-16 16:00:00.028800000,2006-10-26 10:09:22.406400000,56 days 07:59:59.971200000,56 days 07:59:59.971200000,0 days 00:00:00.000000000
1229,2007-07-06 00:00:00.000000000,2007-07-06 00:00:00.000000000,2007-07-06 00:00:00.000000000,1980-01-01 00:00:00.000000000,1910-01-01 00:00:00.000000000,2007-05-11 00:00:00.000000000,2006-11-19 18:09:22.377600000,56 days 00:00:00.000000000,56 days 00:00:00.000000000,0 days 00:00:00.000000000
1230,2007-06-08 00:00:00.000000000,2007-06-08 00:00:00.000000000,2007-06-08 00:00:00.000000000,1980-01-01 00:00:00.000000000,1910-01-01 00:00:00.000000000,2007-03-19 04:48:00.000000000,2006-09-27 22:57:22.377600000,80 days 19:12:00.000000000,80 days 19:12:00.000000000,0 days 00:00:00.000000000
1231,2007-06-13 00:00:00.000000000,2007-06-13 00:00:00.000000000,2007-06-13 00:00:00.000000000,1980-01-01 00:00:00.000000000,1910-01-01 00:00:00.000000000,2007-02-27 00:00:00.000000000,2006-09-07 18:09:22.377600000,106 days 00:00:00.000000000,106 days 00:00:00.000000000,0 days 00:00:00.000000000
1232,2007-06-26 00:00:00.000000000,2007-06-26 00:00:00.000000000,2007-06-26 00:00:00.000000000,1980-01-01 00:00:00.000000000,1910-01-01 00:00:00.000000000,2007-05-18 14:24:00.000000000,2006-11-27 08:33:22.377600000,38 days 09:36:00.000000000,38 days 09:36:00.000000000,0 days 00:00:00.000000000
1233,2007-05-16 00:00:00.000000000,2007-05-16 00:00:00.000000000,2007-05-16 00:00:00.000000000,1980-01-01 00:00:00.000000000,1910-01-01 00:00:00.000000000,2007-02-24 04:48:00.000000000,2006-09-04 22:57:22.377600000,80 days 19:12:00.000000000,80 days 19:12:00.000000000,0 days 00:00:00.000000000
1234,2007-07-06 00:00:00.000000000,2007-07-06 00:00:00.000000000,2007-07-06 00:00:00.000000000,1980-01-01 00:00:00.000000000,1910-01-01 00:00:00.000000000,2007-05-11 00:00:00.000000000,2006-11-19 18:09:22.377600000,56 days 00:00:00.000000000,56 days 00:00:00.000000000,0 days 00:00:00.000000000
1235,2007-06-28 00:00:00.000000000,2007-06-28 00:00:00.000000000,2007-06-28 00:00:00.000000000,1980-01-01 00:00:00.000000000,1910-01-01 00:00:00.000000000,2007-04-08 04:48:00.000000000,2006-10-17 22:57:22.377600000,80 days 19:12:00.000000000,80 days 19:12:00.000000000,0 days 00:00:00.000000000
1236,2007-08-22 00:00:00.000000000,2007-08-22 00:00:00.000000000,2007-08-22 00:00:00.000000000,1980-01-01 00:00:00.000000000,1910-01-01 00:00:00.000000000,2007-06-27 00:00:00.000000000,2007-01-05 18:09:22.377600000,56 days 00:00:00.000000000,56 days 00:00:00.000000000,0 days 00:00:00.000000000
1237,2007-10-15 00:00:00.000000000,2007-10-15 00:00:00.000000000,2007-10-15 00:00:00.000000000,1980-01-01 00:00:00.000000000,1910-01-01 00:00:00.000000000,2007-08-03 15:55:14.822400000,2007-02-12 10:04:37.200000000,72 days 08:04:45.177600000,72 days 08:04:45.177600000,0 days 00:00:00.000000000
1238,2007-08-22 00:00:00.000000000,2007-08-22 00:00:00.000000000,2007-08-22 00:00:00.000000000,1980-01-01 00:00:00.000000000,1910-01-01 00:00:00.000000000,2007-07-09 02:39:59.990400000,2007-01-17 20:49:22.368000000,43 days 21:20:00.009600000,43 days 21:20:00.009600000,0 days 00:00:00.000000000
1239,2007-08-07 00:00:00.000000000,2007-08-07 00:00:00.000000000,2007-08-07 00:00:00.000000000,1980-01-01 00:00:00.000000000,1910-01-01 00:00:00.000000000,2007-05-14 12:00:00.000000000,2006-11-23 06:09:22.377600000,84 days 12:00:00.000000000,84 days 12:00:00.000000000,0 days 00:00:00.000000000
1240,2007-07-30 00:00:00.000000000,2007-07-30 00:00:00.000000000,2007-07-30 00:00:00.000000000,1980-01-01 00:00:00.000000000,1910-01-01 00:00:00.000000000,2007-06-16 02:39:59.990400000,2006-12-25 20:49:22.368000000,43 days 21:20:00.009600000,43 days 21:20:00.009600000,0 days 00:00:00.000000000
1241,2007-07-05 00:00:00.000000000,2007-07-05 00:00:00.000000000,2007-07-05 00:00:00.000000000,1980-01-01 00:00:00.000000000,1910-01-01 00:00:00.000000000,2007-05-27 14:24:00.000000000,2006-12-06 08:33:22.377600000,38 days 09:36:00.000000000,38 days 09:36:00.000000000,0 days 00:00:00.000000000
1242,2007-07-18 00:00:00.000000000,2007-07-18 00:00:00.000000000,2007-07-18 00:00:00.000000000,1980-01-01 00:00:00.000000000,1910-01-01 00:00:00.000000000,2007-06-14 13:05:27.312000000,2006-12-24 07:14:49.689600000,33 days 10:54:32.688000000,33 days 10:54:32.688000000,0 days 00:00:00.000000000
1243,2007-07-16 00:00:00.000000000,2007-07-16 00:00:00.000000000,2007-07-16 00:00:00.000000000,1980-01-01 00:00:00.000000000,1910-01-01 00:00:00.000000000,2007-04-26 04:48:00.000000000,2006-11-04 22:57:22.377600000,80 days 19:12:00.000000000,80 days 19:12:00.000000000,0 days 00:00:00.000000000
1244,2007-09-21 00:00:00.000000000,2007-09-21 00:00:00.000000000,2007-09-21 00:00:00.000000000,1980-01-01 00:00:00.000000000,1910-01-01 00:00:00.000000000,2007-06-07 00:00:00.000000000,2006-12-16 18:09:22.377600000,106 days 00:00:00.000000000,106 days 00:00:00.000000000,0 days 00:00:00.000000000
1245,2007-07-06 00:00:00.000000000,2007-07-06 00:00:00.000000000,2007-07-06 00:00:00.000000000,1980-01-01 00:00:00.000000000,1910-01-01 00:00:00.000000000,2007-05-28 14:24:00.000000000,2006-12-07 08:33:22.377600000,38 days 09:36:00.000000000,38 days 09:36:00.000000000,0 days 00:00:00.000000000
1246,2007-08-13 00:00:00.000000000,2007-08-13 00:00:00.000000000,2007-08-13 00:00:00.000000000,1980-01-01 00:00:00.000000000,1910-01-01 00:00:00.000000000,2007-05-24 04:48:00.000000000,2006-12-02 22:57:22.377600000,80 days 19:12:00.000000000,80 days 19:12:00.000000000,0 days 00:00:00.000000000
1247,2007-09-14 00:00:00.000000000,2007-09-14 00:00:00.000000000,2007-09-14 00:00:00.000000000,1980-01-01 00:00:00.000000000,1910-01-01 00:00:00.000000000,2007-06-25 04:48:00.000000000,2007-01-03 22:57:22.377600000,80 days 19:12:00.000000000,80 days 19:12:00.000000000,0 days 00:00:00.000000000
1248,2007-09-10 00:00:00.000000000,2007-09-10 00:00:00.000000000,2007-09-10 00:00:00.000000000,1980-01-01 00:00:00.000000000,1910-01-01 00:00:00.000000000,2007-07-16 00:00:00.000000000,2007-01-24 18:09:22.377600000,56 days 00:00:00.000000000,56 days 00:00:00.000000000,0 days 00:00:00.000000000
1249,2007-10-18 00:00:00.000000000,2007-10-18 00:00:00.000000000,2007-10-18 00:00:00.000000000,1980-01-01 00:00:00.000000000,1910-01-01 00:00:00.000000000,2007-08-23 00:00:00.000000000,2007-03-03 18:09:22.377600000,56 days 00:00:00.000000000,56 days 00:00:00.000000000,0 days 00:00:00.000000000
1250,2007-09-21 00:00:00.000000000,2007-09-21 00:00:00.000000000,2007-09-21 00:00:00.000000000,1980-01-01 00:00:00.000000000,1910-01-01 00:00:00.000000000,2007-06-07 00:00:00.000000000,2006-12-16 18:09:22.377600000,106 days 00:00:00.000000000,106 days 00:00:00.000000000,0 days 00:00:00.000000000
1251,2007-09-21 00:00:00.000000000,2007-09-21 00:00:00.000000000,2007-09-21 00:00:00.000000000,1980-01-01 00:00:00.000000000,1910-01-01 00:00:00.000000000,2007-06-07 00:00:00.000000000,2006-12-16 18:09:22.377600000,106 days 00:00:00.000000000,106 days 00:00:00.000000000,0 days 00:00:00.000000000
1252,2007-08-27 00:00:00.000000000,2007-08-27 00:00:00.000000000,2007-08-27 00:00:00.000000000,1980-01-01 00:00:00.000000000,1910-01-01 00:00:00.000000000,2007-06-15 15:55:14.822400000,2006-12-25 10:04:37.200000000,72 days 08:04:45.177600000,72 days 08:04:45.177600000,0 days 00:00:00.000000000
1253,2007-08-30 00:00:00.000000000,2007-08-30 00:00:00.000000000,2007-08-30 00:00:00.000000000,1980-01-01 00:00:00.000000000,1910-01-01 00:00:00.000000000,2007-06-10 04:48:00.000000000,2006-12-19 22:57:22.377600000,80 days 19:12:00.000000000,80 days 19:12:00.000000000,0 days 00:00:00.000000000
1254,2007-08-30 00:00:00.000000000,2007-08-30 00:00:00.000000000,2007-08-30 00:00:00.000000000,1980-01-01 00:00:00.000000000,1910-01-01 00:00:00.000000000,2007-06-10 04:48:00.000000000,2006-12-19 22:57:22.377600000,80 days 19:12:00.000000000,80 days 19:12:00.000000000,0 days 00:00:00.000000000
1255,2007-09-19 00:00:00.000000000,2007-09-19 00:00:00.000000000,2007-09-19 00:00:00.000000000,1980-01-01 00:00:00.000000000,1910-01-01 00:00:00.000000000,2007-06-30 04:48:00.000000000,2007-01-08 22:57:22.377600000,80 days 19:12:00.000000000,80 days 19:12:00.000000000,0 days 00:00:00.000000000
1256,2007-09-19 00:00:00.000000000,2007-09-19 00:00:00.000000000,2007-09-19 00:00:00.000000000,1980-01-01 00:00:00.000000000,1910-01-01 00:00:00.000000000,2007-06-30 04:48:00.000000000,2007-01-08 22:57:22.377600000,80 days 19:12:00.000000000,80 days 19:12:00.000000000,0 days 00:00:00.000000000
1257,2007-09-04 00:00:00.000000000,2007-09-04 00:00:00.000000000,2007-09-04 00:00:00.000000000,1980-01-01 00:00:00.000000000,1910-01-01 00:00:00.000000000,2007-06-15 04:48:00.000000000,2006-12-24 22:57:22.377600000,80 days 19:12:00.000000000,80 days 19:12:00.000000000,0 days 00:00:00.000000000
1258,2007-09-04 00:00:00.000000000,2007-09-04 00:00:00.000000000,2007-09-04 00:00:00.000000000,1980-01-01 00:00:00.000000000,1910-01-01 00:00:00.000000000,2007-07-23 07:59:59.971200000,2007-02-01 02:09:22.348800000,42 days 16:00:00.028800000,42 days 16:00:00.028800000,0 days 00:00:00.000000000
1259,2007-09-04 00:00:00.000000000,2007-09-04 00:00:00.000000000,2007-09-04 00:00:00.000000000,1980-01-01 00:00:00.000000000,1910-01-01 00:00:00.000000000,2007-07-23 07:59:59.971200000,2007-02-01 02:09:22.348800000,42 days 16:00:00.028800000,42 days 16:00:00.028800000,0 days 00:00:00.000000000
1260,2007-09-04 00:00:00.000000000,2007-09-04 00:00:00.000000000,2007-09-04 00:00:00.000000000,1980-01-01 00:00:00.000000000,1910-01-01 00:00:00.000000000,2007-07-23 07:59:59.971200000,2007-02-01 02:09:22.348800000,42 days 16:00:00.028800000,42 days 16:00:00.028800000,0 days 00:00:00.000000000
1261,2007-09-12 00:00:00.000000000,2007-09-12 00:00:00.000000000,2007-09-12 00:00:00.000000000,1980-01-01 00:00:00.000000000,1910-01-01 00:00:00.000000000,2007-06-19 12:00:00.000000000,2006-12-29 06:09:22.377600000,84 days 12:00:00.000000000,84 days 12:00:00.000000000,0 days 00:00:00.000000000
1262,2007-09-05 00:00:00.000000000,2007-09-05 00:00:00.000000000,2007-09-05 00:00:00.000000000,1980-01-01 00:00:00.000000000,1910-01-01 00:00:00.000000000,2007-06-16 04:48:00.000000000,2006-12-25 22:57:22.377600000,80 days 19:12:00.000000000,80 days 19:12:00.000000000,0 days 00:00:00.000000000
1263,2007-09-10 00:00:00.000000000,2007-09-10 00:00:00.000000000,2007-09-10 00:00:00.000000000,1980-01-01 00:00:00.000000000,1910-01-01 00:00:00.000000000,2007-06-21 04:48:00.000000000,2006-12-30 22:57:22.377600000,80 days 19:12:00.000000000,80 days 19:12:00.000000000,0 days 00:00:00.000000000
1264,2007-09-17 00:00:00.000000000,2007-09-17 00:00:00.000000000,2007-09-17 00:00:00.000000000,1980-01-01 00:00:00.000000000,1910-01-01 00:00:00.000000000,2007-06-28 04:48:00.000000000,2007-01-06 22:57:22.377600000,80 days 19:12:00.000000000,80 days 19:12:00.000000000,0 days 00:00:00.000000000
1265,2007-09-12 00:00:00.000000000,2007-09-12 00:00:00.000000000,2007-09-12 00:00:00.000000000,1980-01-01 00:00:00.000000000,1910-01-01 00:00:00.000000000,2007-06-23 04:48:00.000000000,2007-01-01 22:57:22.377600000,80 days 19:12:00.000000000,80 days 19:12:00.000000000,0 days 00:00:00.000000000
1266,2007-09-12 00:00:00.000000000,2007-09-12 00:00:00.000000000,2007-09-12 00:00:00.000000000,1980-01-01 00:00:00.000000000,1910-01-01 00:00:00.000000000,2007-06-23 04:48:00.000000000,2007-01-01 22:57:22.377600000,80 days 19:12:00.000000000,80 days 19:12:00.000000000,0 days 00:00:00.000000000
1267,2007-11-02 00:00:00.000000000,2007-11-02 00:00:00.000000000,2007-11-02 00:00:00.000000000,1980-01-01 00:00:00.000000000,1910-01-01 00:00:00.000000000,2007-08-09 12:00:00.000000000,2007-02-18 06:09:22.377600000,84 days 12:00:00.000000000,84 days 12:00:00.000000000,0 days 00:00:00.000000000
1268,2007-11-05 00:00:00.000000000,2007-11-05 00:00:00.000000000,2007-11-05 00:00:00.000000000,1980-01-01 00:00:00.000000000,1910-01-01 00:00:00.000000000,2007-08-24 15:55:14.822400000,2007-03-05 10:04:37.200000000,72 days 08:04:45.177600000,72 days 08:04:45.177600000,0 days 00:00:00.000000000
1269,2007-10-15 00:00:00.000000000,2007-10-15 00:00:00.000000000,2007-10-15 00:00:00.000000000,1980-01-01 00:00:00.000000000,1910-01-01 00:00:00.000000000,2007-07-26 04:48:00.000000000,2007-02-03 22:57:22.377600000,80 days 19:12:00.000000000,80 days 19:12:00.000000000,0 days 00:00:00.000000000
1270,2007-10-17 00:00:00.000000000,2007-10-17 00:00:00.000000000,2007-10-17 00:00:00.000000000,1980-01-01 00:00:00.000000000,1910-01-01 00:00:00.000000000,2007-07-24 12:00:00.000000000,2007-02-02 06:09:22.377600000,84 days 12:00:00.000000000,84 days 12:00:00.000000000,0 days 00:00:00.000000000
1271,2007-11-22 00:00:00.000000000,2007-11-22 00:00:00.000000000,2007-11-22 00:00:00.000000000,1980-01-01 00:00:00.000000000,1910-01-01 00:00:00.000000000,2007-08-08 00:00:00.000000000,2007-02-16 18:09:22.377600000,106 days 00:00:00.000000000,106 days 00:00:00.000000000,0 days 00:00:00.000000000
1272,2007-09-20 00:00:00.000000000,2007-09-20 00:00:00.000000000,2007-09-20 00:00:00.000000000,1980-01-01 00:00:00.000000000,1910-01-01 00:00:00.000000000,2007-08-12 14:24:00.000000000,2007-02-21 08:33:22.377600000,38 days 09:36:00.000000000,38 days 09:36:00.000000000,0 days 00:00:00.000000000
1273,2007-09-20 00:00:00.000000000,2007-09-20 00:00:00.000000000,2007-09-20 00:00:00.000000000,1980-01-01 00:00:00.000000000,1910-01-01 00:00:00.000000000,2007-08-12 14:24:00.000000000,2007-02-21 08:33:22.377600000,38 days 09:36:00.000000000,38 days 09:36:00.000000000,0 days 00:00:00.000000000
1274,2007-09-20 00:00:00.000000000,2007-09-20 00:00:00.000000000,2007-09-20 00:00:00.000000000,1980-01-01 00:00:00.000000000,1910-01-01 00:00:00.000000000,2007-08-12 14:24:00.000000000,2007-02-21 08:33:22.377600000,38 days 09:36:00.000000000,38 days 09:36:00.000000000,0 days 00:00:00.000000000
1275,2007-10-02 00:00:00.000000000,2007-10-02 00:00:00.000000000,2007-10-02 00:00:00.000000000,1980-01-01 00:00:00.000000000,1910-01-01 00:00:00.000000000,2007-07-13 04:48:00.000000000,2007-01-21 22:57:22.377600000,80 days 19:12:00.000000000,80 days 19:12:00.000000000,0 days 00:00:00.000000000
1276,2007-10-17 00:00:00.000000000,2007-10-17 00:00:00.000000000,2007-10-17 00:00:00.000000000,1980-01-01 00:00:00.000000000,1910-01-01 00:00:00.000000000,2007-07-24 12:00:00.000000000,2007-02-02 06:09:22.377600000,84 days 12:00:00.000000000,84 days 12:00:00.000000000,0 days 00:00:00.000000000
1277,2007-10-29 00:00:00.000000000,2007-10-29 00:00:00.000000000,2007-10-29 00:00:00.000000000,1980-01-01 00:00:00.000000000,1910-01-01 00:00:00.000000000,2007-08-05 12:00:00.000000000,2007-02-14 06:09:22.377600000,84 days 12:00:00.000000000,84 days 12:00:00.000000000,0 days 00:00:00.000000000
1278,2007-11-16 00:00:00.000000000,2007-11-16 00:00:00.000000000,2007-11-16 00:00:00.000000000,1980-01-01 00:00:00.000000000,1910-01-01 00:00:00.000000000,2007-10-08 14:24:00.000000000,2007-04-19 08:33:22.377600000,38 days 09:36:00.000000000,38 days 09:36:00.000000000,0 days 00:00:00.000000000
1279,2007-11-29 00:00:00.000000000,2007-11-29 00:00:00.000000000,2007-11-29 00:00:00.000000000,1980-01-01 00:00:00.000000000,1910-01-01 00:00:00.000000000,2007-08-15 00:00:00.000000000,2007-02-23 18:09:22.377600000,106 days 00:00:00.000000000,106 days 00:00:00.000000000,0 days 00:00:00.000000000
1280,2007-11-16 00:00:00.000000000,2007-11-16 00:00:00.000000000,2007-11-16 00:00:00.000000000,1980-01-01 00:00:00.000000000,1910-01-01 00:00:00.000000000,2007-09-20 16:00:00.028800000,2007-04-01 10:09:22.406400000,56 days 07:59:59.971200000,56 days 07:59:59.971200000,0 days 00:00:00.000000000
1281,2007-12-10 00:00:00.000000000,2007-12-10 00:00:00.000000000,2007-12-10 00:00:00.000000000,1980-01-01 00:00:00.000000000,1910-01-01 00:00:00.000000000,2007-09-28 15:55:14.822400000,2007-04-09 10:04:37.200000000,72 days 08:04:45.177600000,72 days 08:04:45.177600000,0 days 00:00:00.000000000
1282,2008-01-25 00:00:00.000000000,2008-01-25 00:00:00.000000000,2008-01-25 00:00:00.000000000,1980-01-01 00:00:00.000000000,1910-01-01 00:00:00.000000000,2007-11-01 10:00:00.028800000,2007-05-13 04:09:22.406400000,84 days 13:59:59.971200000,84 days 13:59:59.971200000,0 days 00:00:00.000000000
1283,2007-12-10 00:00:00.000000000,2007-12-10 00:00:00.000000000,2007-12-10 00:00:00.000000000,1980-01-01 00:00:00.000000000,1910-01-01 00:00:00.000000000,2007-09-28 15:55:14.822400000,2007-04-09 10:04:37.200000000,72 days 08:04:45.177600000,72 days 08:04:45.177600000,0 days 00:00:00.000000000
1284,2008-01-24 00:00:00.000000000,2008-01-24 00:00:00.000000000,2008-01-24 00:00:00.000000000,1980-01-01 00:00:00.000000000,1910-01-01 00:00:00.000000000,2007-10-29 15:31:45.897600000,2007-05-10 09:41:08.275200000,86 days 08:28:14.102400000,86 days 08:28:14.102400000,0 days 00:00:00.000000000
1285,2007-11-30 00:00:00.000000000,2007-11-30 00:00:00.000000000,2007-11-30 00:00:00.000000000,1980-01-01 00:00:00.000000000,1910-01-01 00:00:00.000000000,2007-09-06 12:00:00.000000000,2007-03-18 06:09:22.377600000,84 days 12:00:00.000000000,84 days 12:00:00.000000000,0 days 00:00:00.000000000
1286,2008-02-20 00:00:00.000000000,2008-02-20 00:00:00.000000000,2008-02-20 00:00:00.000000000,1980-01-01 00:00:00.000000000,1910-01-01 00:00:00.000000000,2007-12-26 16:21:49.075200000,2007-07-07 10:31:11.452800000,55 days 07:38:10.924800000,55 days 07:38:10.924800000,0 days 00:00:00.000000000
1287,2007-12-20 00:00:00.000000000,2007-12-20 00:00:00.000000000,2007-12-20 00:00:00.000000000,1980-01-01 00:00:00.000000000,1910-01-01 00:00:00.000000000,2007-11-07 07:59:59.971200000,2007-05-19 02:09:22.348800000,42 days 16:00:00.028800000,42 days 16:00:00.028800000,0 days 00:00:00.000000000
1288,2008-01-17 00:00:00.000000000,2008-01-17 00:00:00.000000000,2008-01-17 00:00:00.000000000,1980-01-01 00:00:00.000000000,1910-01-01 00:00:00.000000000,2007-10-22 15:31:45.897600000,2007-05-03 09:41:08.275200000,86 days 08:28:14.102400000,86 days 08:28:14.102400000,0 days 00:00:00.000000000
1289,2007-12-20 00:00:00.000000000,2007-12-20 00:00:00.000000000,2007-12-20 00:00:00.000000000,1980-01-01 00:00:00.000000000,1910-01-01 00:00:00.000000000,2007-11-07 07:59:59.971200000,2007-05-19 02:09:22.348800000,42 days 16:00:00.028800000,42 days 16:00:00.028800000,0 days 00:00:00.000000000
1290,2008-01-14 00:00:00.000000000,2008-01-14 00:00:00.000000000,2008-01-14 00:00:00.000000000,1980-01-01 00:00:00.000000000,1910-01-01 00:00:00.000000000,2007-08-09 09:36:00.000000000,2007-02-18 03:45:22.377600000,157 days 14:24:00.000000000,157 days 14:24:00.000000000,0 days 00:00:00.000000000
1291,2008-03-05 00:00:00.000000000,2008-03-05 00:00:00.000000000,2008-03-05 00:00:00.000000000,1980-01-01 00:00:00.000000000,1910-01-01 00:00:00.000000000,2007-09-29 09:36:00.000000000,2007-04-10 03:45:22.377600000,157 days 14:24:00.000000000,157 days 14:24:00.000000000,0 days 00:00:00.000000000
1292,2008-03-08 00:00:00.000000000,2008-03-08 00:00:00.000000000,2008-03-08 00:00:00.000000000,1980-01-01 00:00:00.000000000,1910-01-01 00:00:00.000000000,2007-12-08 17:41:03.148800000,2007-06-19 11:50:25.526400000,90 days 06:18:56.851200000,90 days 06:18:56.851200000,0 days 00:00:00.000000000
1293,2008-04-08 00:00:00.000000000,2008-04-05 00:00:00.000000000,2008-04-05 00:00:00.000000000,1980-01-01 00:00:00.000000000,1910-01-01 00:00:00.000000000,2008-01-03 02:10:54.537600000,2007-07-14 20:20:16.915200000,95 days 21:49:05.462400000,92 days 21:49:05.462400000,-3 days +00:00:00.000000000
1294,2008-04-08 00:00:00.000000000,2008-04-05 00:00:00.000000000,2008-04-05 00:00:00.000000000,1980-01-01 00:00:00.000000000,1910-01-01 00:00:00.000000000,2008-01-03 02:10:54.537600000,2007-07-14 20:20:16.915200000,95 days 21:49:05.462400000,92 days 21:49:05.462400000,-3 days +00:00:00.000000000
1295,2007-12-17 00:00:00.000000000,2007-12-17 00:00:00.000000000,2007-12-17 00:00:00.000000000,1980-01-01 00:00:00.000000000,1910-01-01 00:00:00.000000000,2007-11-04 07:59:59.971200000,2007-05-16 02:09:22.348800000,42 days 16:00:00.028800000,42 days 16:00:00.028800000,0 days 00:00:00.000000000
1296,2008-01-08 00:00:00.000000000,2008-01-08 00:00:00.000000000,2008-01-08 00:00:00.000000000,1980-01-01 00:00:00.000000000,1910-01-01 00:00:00.000000000,2007-10-15 10:00:00.028800000,2007-04-26 04:09:22.406400000,84 days 13:59:59.971200000,84 days 13:59:59.971200000,0 days 00:00:00.000000000
1297,2008-01-10 00:00:00.000000000,2008-01-10 00:00:00.000000000,2008-01-10 00:00:00.000000000,1980-01-01 00:00:00.000000000,1910-01-01 00:00:00.000000000,2007-11-15 16:21:49.075200000,2007-05-27 10:31:11.452800000,55 days 07:38:10.924800000,55 days 07:38:10.924800000,0 days 00:00:00.000000000
1298,2008-01-28 00:00:00.000000000,2008-01-28 00:00:00.000000000,2008-01-28 00:00:00.000000000,1980-01-01 00:00:00.000000000,1910-01-01 00:00:00.000000000,2007-11-14 00:00:00.000000000,2007-05-25 18:09:22.377600000,75 days 00:00:00.000000000,75 days 00:00:00.000000000,0 days 00:00:00.000000000
1299,2008-02-05 00:00:00.000000000,2008-02-05 00:00:00.000000000,2008-02-05 00:00:00.000000000,1980-01-01 00:00:00.000000000,1910-01-01 00:00:00.000000000,2007-08-31 09:36:00.000000000,2007-03-12 03:45:22.377600000,157 days 14:24:00.000000000,157 days 14:24:00.000000000,0 days 00:00:00.000000000
1300,2008-01-31 00:00:00.000000000,2008-01-31 00:00:00.000000000,2008-01-31 00:00:00.000000000,1980-01-01 00:00:00.000000000,1910-01-01 00:00:00.000000000,2007-12-06 16:21:49.075200000,2007-06-17 10:31:11.452800000,55 days 07:38:10.924800000,55 days 07:38:10.924800000,0 days 00:00:00.000000000
1301,2008-01-24 00:00:00.000000000,2008-01-24 00:00:00.000000000,2008-01-24 00:00:00.000000000,1980-01-01 00:00:00.000000000,1910-01-01 00:00:00.000000000,2007-10-30 16:00:00.028800000,2007-05-11 10:09:22.406400000,85 days 07:59:59.971200000,85 days 07:59:59.971200000,0 days 00:00:00.000000000
1302,2008-02-28 00:00:00.000000000,2008-02-28 00:00:00.000000000,2008-02-28 00:00:00.000000000,1980-01-01 00:00:00.000000000,1910-01-01 00:00:00.000000000,2007-12-05 10:00:00.028800000,2007-06-16 04:09:22.406400000,84 days 13:59:59.971200000,84 days 13:59:59.971200000,0 days 00:00:00.000000000
1303,2008-02-25 00:00:00.000000000,2008-02-25 00:00:00.000000000,2008-02-25 00:00:00.000000000,1980-01-01 00:00:00.000000000,1910-01-01 00:00:00.000000000,2007-10-18 05:19:59.980800000,2007-04-28 23:29:22.358400000,129 days 18:40:00.019200000,129 days 18:40:00.019200000,0 days 00:00:00.000000000
1304,2008-03-06 00:00:00.000000000,2008-02-05 00:00:00.000000000,2008-02-05 00:00:00.000000000,1980-01-01 00:00:00.000000000,1910-01-01 00:00:00.000000000,2007-12-10 15:31:45.897600000,2007-06-21 09:41:08.275200000,86 days 08:28:14.102400000,56 days 08:28:14.102400000,-30 days +00:00:00.000000000
1305,2008-02-05 00:00:00.000000000,2008-02-05 00:00:00.000000000,2008-02-05 00:00:00.000000000,1980-01-01 00:00:00.000000000,1910-01-01 00:00:00.000000000,2007-12-11 16:21:49.075200000,2007-06-22 10:31:11.452800000,55 days 07:38:10.924800000,55 days 07:38:10.924800000,0 days 00:00:00.000000000
1306,2008-02-29 00:00:00.000000000,2008-02-29 00:00:00.000000000,2008-02-29 00:00:00.000000000,1980-01-01 00:00:00.000000000,1910-01-01 00:00:00.000000000,2007-11-25 02:10:54.537600000,2007-06-05 20:20:16.915200000,95 days 21:49:05.462400000,95 days 21:49:05.462400000,0 days 00:00:00.000000000
1307,2008-04-21 00:00:00.000000000,2008-04-21 00:00:00.000000000,2008-04-21 00:00:00.000000000,1980-01-01 00:00:00.000000000,1910-01-01 00:00:00.000000000,2007-11-15 09:36:00.000000000,2007-05-27 03:45:22.377600000,157 days 14:24:00.000000000,157 days 14:24:00.000000000,0 days 00:00:00.000000000
1308,2008-04-21 00:00:00.000000000,2008-04-21 00:00:00.000000000,2008-04-21 00:00:00.000000000,1980-01-01 00:00:00.000000000,1910-01-01 00:00:00.000000000,2007-11-15 09:36:00.000000000,2007-05-27 03:45:22.377600000,157 days 14:24:00.000000000,157 days 14:24:00.000000000,0 days 00:00:00.000000000
1309,2008-07-09 00:00:00.000000000,2008-07-09 00:00:00.000000000,2008-07-09 00:00:00.000000000,1980-01-01 00:00:00.000000000,1910-01-01 00:00:00.000000000,2008-03-01 05:19:59.980800000,2007-09-10 23:29:22.358400000,129 days 18:40:00.019200000,129 days 18:40:00.019200000,0 days 00:00:00.000000000
1310,2008-07-29 00:00:00.000000000,2008-07-29 00:00:00.000000000,2008-07-29 00:00:00.000000000,1980-01-01 00:00:00.000000000,1910-01-01 00:00:00.000000000,2008-05-05 10:00:00.028800000,2007-11-15 04:09:22.406400000,84 days 13:59:59.971200000,84 days 13:59:59.971200000,0 days 00:00:00.000000000
1311,2008-04-30 00:00:00.000000000,2008-04-30 00:00:00.000000000,2008-04-30 00:00:00.000000000,1980-01-01 00:00:00.000000000,1910-01-01 00:00:00.000000000,2007-12-22 05:19:59.980800000,2007-07-02 23:29:22.358400000,129 days 18:40:00.019200000,129 days 18:40:00.019200000,0 days 00:00:00.000000000
1312,2008-07-29 00:00:00.000000000,2008-07-29 00:00:00.000000000,2008-07-29 00:00:00.000000000,1980-01-01 00:00:00.000000000,1910-01-01 00:00:00.000000000,2008-03-21 05:19:59.980800000,2007-09-30 23:29:22.358400000,129 days 18:40:00.019200000,129 days 18:40:00.019200000,0 days 00:00:00.000000000
1313,2008-06-02 00:00:00.000000000,2008-06-02 00:00:00.000000000,2008-06-02 00:00:00.000000000,1980-01-01 00:00:00.000000000,1910-01-01 00:00:00.000000000,2008-03-07 15:31:45.897600000,2007-09-17 09:41:08.275200000,86 days 08:28:14.102400000,86 days 08:28:14.102400000,0 days 00:00:00.000000000
1314,2008-06-19 00:00:00.000000000,2008-06-19 00:00:00.000000000,2008-06-19 00:00:00.000000000,1980-01-01 00:00:00.000000000,1910-01-01 00:00:00.000000000,2008-03-27 19:02:04.099200000,2007-10-07 13:11:26.476800000,83 days 04:57:55.900800000,83 days 04:57:55.900800000,0 days 00:00:00.000000000
1315,2008-05-27 00:00:00.000000000,2008-05-27 00:00:00.000000000,2008-05-27 00:00:00.000000000,1980-01-01 00:00:00.000000000,1910-01-01 00:00:00.000000000,2008-02-26 17:41:03.148800000,2007-09-07 11:50:25.526400000,90 days 06:18:56.851200000,90 days 06:18:56.851200000,0 days 00:00:00.000000000
1316,2008-04-08 00:00:00.000000000,2008-05-16 00:00:00.000000000,2008-05-16 00:00:00.000000000,1980-01-01 00:00:00.000000000,1910-01-01 00:00:00.000000000,2008-01-03 02:10:54.537600000,2007-07-14 20:20:16.915200000,95 days 21:49:05.462400000,133 days 21:49:05.462400000,38 days 00:00:00.000000000
1317,2008-03-28 00:00:00.000000000,2008-03-28 00:00:00.000000000,2008-03-28 00:00:00.000000000,1980-01-01 00:00:00.000000000,1910-01-01 00:00:00.000000000,2008-01-03 10:00:00.028800000,2007-07-15 04:09:22.406400000,84 days 13:59:59.971200000,84 days 13:59:59.971200000,0 days 00:00:00.000000000
1318,2008-03-28 00:00:00.000000000,2008-03-28 00:00:00.000000000,2008-03-28 00:00:00.000000000,1980-01-01 00:00:00.000000000,1910-01-01 00:00:00.000000000,2008-01-03 10:00:00.028800000,2007-07-15 04:09:22.406400000,84 days 13:59:59.971200000,84 days 13:59:59.971200000,0 days 00:00:00.000000000
1319,2008-05-09 00:00:00.000000000,2008-05-09 00:00:00.000000000,2008-05-09 00:00:00.000000000,1980-01-01 00:00:00.000000000,1910-01-01 00:00:00.000000000,2008-02-14 10:00:00.028800000,2007-08-26 04:09:22.406400000,84 days 13:59:59.971200000,84 days 13:59:59.971200000,0 days 00:00:00.000000000
1320,2008-06-09 00:00:00.000000000,2008-06-09 00:00:00.000000000,2008-06-09 00:00:00.000000000,1980-01-01 00:00:00.000000000,1910-01-01 00:00:00.000000000,2008-01-03 09:36:00.000000000,2007-07-15 03:45:22.377600000,157 days 14:24:00.000000000,157 days 14:24:00.000000000,0 days 00:00:00.000000000
1321,2008-04-22 00:00:00.000000000,2008-04-23 00:00:00.000000000,2008-04-23 00:00:00.000000000,1980-01-01 00:00:00.000000000,1910-01-01 00:00:00.000000000,2007-12-14 05:19:59.980800000,2007-06-24 23:29:22.358400000,129 days 18:40:00.019200000,130 days 18:40:00.019200000,1 days 00:00:00.000000000
1322,2008-08-20 00:00:00.000000000,2008-08-20 00:00:00.000000000,2008-08-20 00:00:00.000000000,1980-01-01 00:00:00.000000000,1910-01-01 00:00:00.000000000,2008-05-27 10:00:00.028800000,2007-12-07 04:09:22.406400000,84 days 13:59:59.971200000,84 days 13:59:59.971200000,0 days 00:00:00.000000000
1323,2008-04-03 00:00:00.000000000,2008-04-03 00:00:00.000000000,2008-04-03 00:00:00.000000000,1980-01-01 00:00:00.000000000,1910-01-01 00:00:00.000000000,2008-01-03 17:41:03.148800000,2007-07-15 11:50:25.526400000,90 days 06:18:56.851200000,90 days 06:18:56.851200000,0 days 00:00:00.000000000
1324,2008-03-21 00:00:00.000000000,2008-03-21 00:00:00.000000000,2008-03-21 00:00:00.000000000,1980-01-01 00:00:00.000000000,1910-01-01 00:00:00.000000000,2007-12-21 17:41:03.148800000,2007-07-02 11:50:25.526400000,90 days 06:18:56.851200000,90 days 06:18:56.851200000,0 days 00:00:00.000000000
1325,2008-07-11 00:00:00.000000000,2008-07-11 00:00:00.000000000,2008-07-11 00:00:00.000000000,1980-01-01 00:00:00.000000000,1910-01-01 00:00:00.000000000,2008-04-17 13:42:51.465600000,2007-10-28 07:52:13.843200000,84 days 10:17:08.534400000,84 days 10:17:08.534400000,0 days 00:00:00.000000000
1326,2008-07-04 00:00:00.000000000,2008-07-04 00:00:00.000000000,2008-07-04 00:00:00.000000000,1980-01-01 00:00:00.000000000,1910-01-01 00:00:00.000000000,2008-04-11 19:02:04.099200000,2007-10-22 13:11:26.476800000,83 days 04:57:55.900800000,83 days 04:57:55.900800000,0 days 00:00:00.000000000
1327,2008-07-11 00:00:00.000000000,2008-07-11 00:00:00.000000000,2008-07-11 00:00:00.000000000,1980-01-01 00:00:00.000000000,1910-01-01 00:00:00.000000000,2008-04-17 13:42:51.465600000,2007-10-28 07:52:13.843200000,84 days 10:17:08.534400000,84 days 10:17:08.534400000,0 days 00:00:00.000000000
1328,2008-03-26 00:00:00.000000000,2008-03-26 00:00:00.000000000,2008-03-26 00:00:00.000000000,1980-01-01 00:00:00.000000000,1910-01-01 00:00:00.000000000,2008-01-05 05:37:49.785600000,2007-07-16 23:47:12.163200000,80 days 18:22:10.214400000,80 days 18:22:10.214400000,0 days 00:00:00.000000000
1329,2008-04-21 00:00:00.000000000,2008-04-21 00:00:00.000000000,2008-04-21 00:00:00.000000000,1980-01-01 00:00:00.000000000,1910-01-01 00:00:00.000000000,2008-01-28 19:02:04.099200000,2007-08-09 13:11:26.476800000,83 days 04:57:55.900800000,83 days 04:57:55.900800000,0 days 00:00:00.000000000
1330,2008-04-21 00:00:00.000000000,2008-04-21 00:00:00.000000000,2008-04-21 00:00:00.000000000,1980-01-01 00:00:00.000000000,1910-01-01 00:00:00.000000000,2008-01-28 19:02:04.099200000,2007-08-09 13:11:26.476800000,83 days 04:57:55.900800000,83 days 04:57:55.900800000,0 days 00:00:00.000000000
1331,2008-06-23 00:00:00.000000000,2008-06-23 00:00:00.000000000,2008-06-23 00:00:00.000000000,1980-01-01 00:00:00.000000000,1910-01-01 00:00:00.000000000,2008-03-19 02:10:54.537600000,2007-09-28 20:20:16.915200000,95 days 21:49:05.462400000,95 days 21:49:05.462400000,0 days 00:00:00.000000000
1332,2008-03-21 00:00:00.000000000,2008-03-21 00:00:00.000000000,2008-03-21 00:00:00.000000000,1980-01-01 00:00:00.000000000,1910-01-01 00:00:00.000000000,2008-01-25 16:21:49.075200000,2007-08-06 10:31:11.452800000,55 days 07:38:10.924800000,55 days 07:38:10.924800000,0 days 00:00:00.000000000
1333,2008-03-30 00:00:00.000000000,2008-03-30 00:00:00.000000000,2008-03-30 00:00:00.000000000,1980-01-01 00:00:00.000000000,1910-01-01 00:00:00.000000000,2007-10-24 09:36:00.000000000,2007-05-05 03:45:22.377600000,157 days 14:24:00.000000000,157 days 14:24:00.000000000,0 days 00:00:00.000000000
1334,2008-05-09 00:00:00.000000000,2008-05-09 00:00:00.000000000,2008-05-09 00:00:00.000000000,1980-01-01 00:00:00.000000000,1910-01-01 00:00:00.000000000,2008-02-13 16:00:00.028800000,2007-08-25 10:09:22.406400000,85 days 07:59:59.971200000,85 days 07:59:59.971200000,0 days 00:00:00.000000000
1335,2008-03-19 00:00:00.000000000,2008-03-19 00:00:00.000000000,2008-03-19 00:00:00.000000000,1980-01-01 00:00:00.000000000,1910-01-01 00:00:00.000000000,2007-12-19 17:41:03.148800000,2007-06-30 11:50:25.526400000,90 days 06:18:56.851200000,90 days 06:18:56.851200000,0 days 00:00:00.000000000
1336,2008-05-09 00:00:00.000000000,2008-05-09 00:00:00.000000000,2008-05-09 00:00:00.000000000,1980-01-01 00:00:00.000000000,1910-01-01 00:00:00.000000000,2008-02-14 10:00:00.028800000,2007-08-26 04:09:22.406400000,84 days 13:59:59.971200000,84 days 13:59:59.971200000,0 days 00:00:00.000000000
1337,2008-07-26 00:00:00.000000000,2008-07-26 00:00:00.000000000,2008-07-26 00:00:00.000000000,1980-01-01 00:00:00.000000000,1910-01-01 00:00:00.000000000,2008-02-19 09:36:00.000000000,2007-08-31 03:45:22.377600000,157 days 14:24:00.000000000,157 days 14:24:00.000000000,0 days 00:00:00.000000000
1338,2008-07-26 00:00:00.000000000,2008-07-26 00:00:00.000000000,2008-07-26 00:00:00.000000000,1980-01-01 00:00:00.000000000,1910-01-01 00:00:00.000000000,2008-02-19 09:36:00.000000000,2007-08-31 03:45:22.377600000,157 days 14:24:00.000000000,157 days 14:24:00.000000000,0 days 00:00:00.000000000
1339,2008-08-07 00:00:00.000000000,2008-08-07 00:00:00.000000000,2008-08-07 00:00:00.000000000,1980-01-01 00:00:00.000000000,1910-01-01 00:00:00.000000000,2008-05-03 02:10:54.537600000,2007-11-12 20:20:16.915200000,95 days 21:49:05.462400000,95 days 21:49:05.462400000,0 days 00:00:00.000000000
1340,2008-07-09 00:00:00.000000000,2008-07-09 00:00:00.000000000,2008-07-09 00:00:00.000000000,1980-01-01 00:00:00.000000000,1910-01-01 00:00:00.000000000,2008-03-01 05:19:59.980800000,2007-09-10 23:29:22.358400000,129 days 18:40:00.019200000,129 days 18:40:00.019200000,0 days 00:00:00.000000000
1341,2008-10-20 00:00:00.000000000,2008-10-20 00:00:00.000000000,2008-10-20 00:00:00.000000000,1980-01-01 00:00:00.000000000,1910-01-01 00:00:00.000000000,2008-07-21 17:41:03.148800000,2008-01-31 11:50:25.526400000,90 days 06:18:56.851200000,90 days 06:18:56.851200000,0 days 00:00:00.000000000
1342,2009-02-09 00:00:00.000000000,2009-02-09 00:00:00.000000000,2009-02-09 00:00:00.000000000,1980-01-01 00:00:00.000000000,1910-01-01 00:00:00.000000000,2008-10-16 09:13:50.736000000,2008-04-27 03:23:13.113600000,115 days 14:46:09.264000000,115 days 14:46:09.264000000,0 days 00:00:00.000000000
1343,2009-01-20 00:00:00.000000000,2009-01-20 00:00:00.000000000,2009-01-20 00:00:00.000000000,1980-01-01 00:00:00.000000000,1910-01-01 00:00:00.000000000,2008-09-26 09:13:50.736000000,2008-04-07 03:23:13.113600000,115 days 14:46:09.264000000,115 days 14:46:09.264000000,0 days 00:00:00.000000000
1344,2008-10-21 00:00:00.000000000,2008-10-21 00:00:00.000000000,2008-10-21 00:00:00.000000000,1980-01-01 00:00:00.000000000,1910-01-01 00:00:00.000000000,2008-06-13 05:19:59.980800000,2007-12-23 23:29:22.358400000,129 days 18:40:00.019200000,129 days 18:40:00.019200000,0 days 00:00:00.000000000
1345,2008-10-21 00:00:00.000000000,2008-10-21 00:00:00.000000000,2008-10-21 00:00:00.000000000,1980-01-01 00:00:00.000000000,1910-01-01 00:00:00.000000000,2008-08-01 05:37:49.785600000,2008-02-10 23:47:12.163200000,80 days 18:22:10.214400000,80 days 18:22:10.214400000,0 days 00:00:00.000000000
1346,2008-12-01 00:00:00.000000000,2008-12-01 00:00:00.000000000,2008-12-01 00:00:00.000000000,1980-01-01 00:00:00.000000000,1910-01-01 00:00:00.000000000,2008-09-07 10:00:00.028800000,2008-03-19 04:09:22.406400000,84 days 13:59:59.971200000,84 days 13:59:59.971200000,0 days 00:00:00.000000000
1347,2008-08-25 00:00:00.000000000,2008-08-25 00:00:00.000000000,2008-08-25 00:00:00.000000000,1980-01-01 00:00:00.000000000,1910-01-01 00:00:00.000000000,2008-06-02 19:02:04.099200000,2007-12-13 13:11:26.476800000,83 days 04:57:55.900800000,83 days 04:57:55.900800000,0 days 00:00:00.000000000
1348,2008-11-17 00:00:00.000000000,2008-11-17 00:00:00.000000000,2008-11-17 00:00:00.000000000,1980-01-01 00:00:00.000000000,1910-01-01 00:00:00.000000000,2008-08-25 19:02:04.099200000,2008-03-06 13:11:26.476800000,83 days 04:57:55.900800000,83 days 04:57:55.900800000,0 days 00:00:00.000000000
1349,2008-08-27 00:00:00.000000000,2008-08-27 00:00:00.000000000,2008-08-27 00:00:00.000000000,1980-01-01 00:00:00.000000000,1910-01-01 00:00:00.000000000,2008-06-03 10:00:00.028800000,2007-12-14 04:09:22.406400000,84 days 13:59:59.971200000,84 days 13:59:59.971200000,0 days 00:00:00.000000000
1350,2008-10-20 00:00:00.000000000,2008-10-20 00:00:00.000000000,2008-10-20 00:00:00.000000000,1980-01-01 00:00:00.000000000,1910-01-01 00:00:00.000000000,2008-07-27 10:00:00.028800000,2008-02-06 04:09:22.406400000,84 days 13:59:59.971200000,84 days 13:59:59.971200000,0 days 00:00:00.000000000
1351,2008-12-03 00:00:00.000000000,2008-12-03 00:00:00.000000000,2008-12-03 00:00:00.000000000,1980-01-01 00:00:00.000000000,1910-01-01 00:00:00.000000000,2008-09-07 15:31:45.897600000,2008-03-19 09:41:08.275200000,86 days 08:28:14.102400000,86 days 08:28:14.102400000,0 days 00:00:00.000000000
1352,2009-02-04 00:00:00.000000000,2009-02-04 00:00:00.000000000,2009-02-04 00:00:00.000000000,1980-01-01 00:00:00.000000000,1910-01-01 00:00:00.000000000,2008-12-15 07:12:00.000000000,2008-06-26 01:21:22.377600000,50 days 16:48:00.000000000,50 days 16:48:00.000000000,0 days 00:00:00.000000000
1353,2009-02-16 00:00:00.000000000,2009-02-16 00:00:00.000000000,2009-02-16 00:00:00.000000000,1980-01-01 00:00:00.000000000,1910-01-01 00:00:00.000000000,2008-10-12 14:24:00.000000000,2008-04-23 08:33:22.377600000,126 days 09:36:00.000000000,126 days 09:36:00.000000000,0 days 00:00:00.000000000
1354,2008-08-20 00:00:00.000000000,2008-08-20 00:00:00.000000000,2008-08-20 00:00:00.000000000,1980-01-01 00:00:00.000000000,1910-01-01 00:00:00.000000000,2008-05-27 10:00:00.028800000,2007-12-07 04:09:22.406400000,84 days 13:59:59.971200000,84 days 13:59:59.971200000,0 days 00:00:00.000000000
1355,2008-09-05 00:00:00.000000000,2008-09-05 00:00:00.000000000,2008-09-05 00:00:00.000000000,1980-01-01 00:00:00.000000000,1910-01-01 00:00:00.000000000,2008-06-01 02:10:54.537600000,2007-12-11 20:20:16.915200000,95 days 21:49:05.462400000,95 days 21:49:05.462400000,0 days 00:00:00.000000000
1356,2008-09-23 00:00:00.000000000,2008-09-23 00:00:00.000000000,2008-09-23 00:00:00.000000000,1980-01-01 00:00:00.000000000,1910-01-01 00:00:00.000000000,2008-05-16 05:19:59.980800000,2007-11-25 23:29:22.358400000,129 days 18:40:00.019200000,129 days 18:40:00.019200000,0 days 00:00:00.000000000
1357,2009-03-19 00:00:00.000000000,2009-03-19 00:00:00.000000000,2009-03-19 00:00:00.000000000,1980-01-01 00:00:00.000000000,1910-01-01 00:00:00.000000000,2009-01-27 07:12:00.000000000,2008-08-08 01:21:22.377600000,50 days 16:48:00.000000000,50 days 16:48:00.000000000,0 days 00:00:00.000000000
1358,2008-12-09 00:00:00.000000000,2008-12-09 00:00:00.000000000,2008-12-09 00:00:00.000000000,1980-01-01 00:00:00.000000000,1910-01-01 00:00:00.000000000,2008-09-15 13:42:51.465600000,2008-03-27 07:52:13.843200000,84 days 10:17:08.534400000,84 days 10:17:08.534400000,0 days 00:00:00.000000000
1359,2009-02-11 00:00:00.000000000,2009-02-11 00:00:00.000000000,2009-02-11 00:00:00.000000000,1980-01-01 00:00:00.000000000,1910-01-01 00:00:00.000000000,2008-10-23 04:55:23.059200000,2008-05-03 23:04:45.436800000,110 days 19:04:36.940800000,110 days 19:04:36.940800000,0 days 00:00:00.000000000
1360,2009-03-03 00:00:00.000000000,2009-03-03 00:00:00.000000000,2009-03-03 00:00:00.000000000,1980-01-01 00:00:00.000000000,1910-01-01 00:00:00.000000000,2008-12-16 23:06:40.003200000,2008-06-27 17:16:02.380800000,76 days 00:53:19.996800000,76 days 00:53:19.996800000,0 days 00:00:00.000000000
1361,2009-03-03 00:00:00.000000000,2009-03-03 00:00:00.000000000,2009-03-03 00:00:00.000000000,1980-01-01 00:00:00.000000000,1910-01-01 00:00:00.000000000,2008-12-16 23:06:40.003200000,2008-06-27 17:16:02.380800000,76 days 00:53:19.996800000,76 days 00:53:19.996800000,0 days 00:00:00.000000000
1362,2009-03-03 00:00:00.000000000,2009-03-03 00:00:00.000000000,2009-03-03 00:00:00.000000000,1980-01-01 00:00:00.000000000,1910-01-01 00:00:00.000000000,2008-12-16 23:06:40.003200000,2008-06-27 17:16:02.380800000,76 days 00:53:19.996800000,76 days 00:53:19.996800000,0 days 00:00:00.000000000
1363,2009-04-06 00:00:00.000000000,2009-04-06 00:00:00.000000000,2009-04-06 00:00:00.000000000,1980-01-01 00:00:00.000000000,1910-01-01 00:00:00.000000000,2008-11-30 14:24:00.000000000,2008-06-11 08:33:22.377600000,126 days 09:36:00.000000000,126 days 09:36:00.000000000,0 days 00:00:00.000000000
1364,2009-04-27 00:00:00.000000000,2009-04-27 00:00:00.000000000,2009-04-27 00:00:00.000000000,1980-01-01 00:00:00.000000000,1910-01-01 00:00:00.000000000,2009-01-01 09:13:50.736000000,2008-07-13 03:23:13.113600000,115 days 14:46:09.264000000,115 days 14:46:09.264000000,0 days 00:00:00.000000000
1365,2009-04-30 00:00:00.000000000,2009-04-30 00:00:00.000000000,2009-04-30 00:00:00.000000000,1980-01-01 00:00:00.000000000,1910-01-01 00:00:00.000000000,2009-01-09 04:55:23.059200000,2008-07-20 23:04:45.436800000,110 days 19:04:36.940800000,110 days 19:04:36.940800000,0 days 00:00:00.000000000
1366,2008-09-24 00:00:00.000000000,2008-09-24 00:00:00.000000000,2008-09-24 00:00:00.000000000,1980-01-01 00:00:00.000000000,1910-01-01 00:00:00.000000000,2008-07-02 19:02:04.099200000,2008-01-12 13:11:26.476800000,83 days 04:57:55.900800000,83 days 04:57:55.900800000,0 days 00:00:00.000000000
1367,2008-11-04 00:00:00.000000000,2008-11-04 00:00:00.000000000,2008-11-04 00:00:00.000000000,1980-01-01 00:00:00.000000000,1910-01-01 00:00:00.000000000,2008-08-05 17:41:03.148800000,2008-02-15 11:50:25.526400000,90 days 06:18:56.851200000,90 days 06:18:56.851200000,0 days 00:00:00.000000000
1368,2008-08-20 00:00:00.000000000,2008-08-20 00:00:00.000000000,2008-08-20 00:00:00.000000000,1980-01-01 00:00:00.000000000,1910-01-01 00:00:00.000000000,2008-05-27 10:00:00.028800000,2007-12-07 04:09:22.406400000,84 days 13:59:59.971200000,84 days 13:59:59.971200000,0 days 00:00:00.000000000
1369,2008-11-04 00:00:00.000000000,2008-11-04 00:00:00.000000000,2008-11-04 00:00:00.000000000,1980-01-01 00:00:00.000000000,1910-01-01 00:00:00.000000000,2008-08-05 17:41:03.148800000,2008-02-15 11:50:25.526400000,90 days 06:18:56.851200000,90 days 06:18:56.851200000,0 days 00:00:00.000000000
1370,2009-01-19 00:00:00.000000000,2009-01-19 00:00:00.000000000,2009-01-19 00:00:00.000000000,1980-01-01 00:00:00.000000000,1910-01-01 00:00:00.000000000,2008-10-02 14:36:31.334400000,2008-04-13 08:45:53.712000000,108 days 09:23:28.665600000,108 days 09:23:28.665600000,0 days 00:00:00.000000000
1371,2009-01-19 00:00:00.000000000,2009-01-19 00:00:00.000000000,2009-01-19 00:00:00.000000000,1980-01-01 00:00:00.000000000,1910-01-01 00:00:00.000000000,2008-10-02 14:36:31.334400000,2008-04-13 08:45:53.712000000,108 days 09:23:28.665600000,108 days 09:23:28.665600000,0 days 00:00:00.000000000
1372,2008-12-02 00:00:00.000000000,2008-12-02 00:00:00.000000000,2008-12-02 00:00:00.000000000,1980-01-01 00:00:00.000000000,1910-01-01 00:00:00.000000000,2008-09-08 13:42:51.465600000,2008-03-20 07:52:13.843200000,84 days 10:17:08.534400000,84 days 10:17:08.534400000,0 days 00:00:00.000000000
1373,2008-10-27 00:00:00.000000000,2008-10-27 00:00:00.000000000,2008-10-27 00:00:00.000000000,1980-01-01 00:00:00.000000000,1910-01-01 00:00:00.000000000,2008-07-28 17:41:03.148800000,2008-02-07 11:50:25.526400000,90 days 06:18:56.851200000,90 days 06:18:56.851200000,0 days 00:00:00.000000000
1374,2009-01-29 00:00:00.000000000,2009-01-29 00:00:00.000000000,2009-01-29 00:00:00.000000000,1980-01-01 00:00:00.000000000,1910-01-01 00:00:00.000000000,2008-11-08 13:05:27.312000000,2008-05-20 07:14:49.689600000,81 days 10:54:32.688000000,81 days 10:54:32.688000000,0 days 00:00:00.000000000
1375,2008-12-10 00:00:00.000000000,2008-12-10 00:00:00.000000000,2008-12-10 00:00:00.000000000,1980-01-01 00:00:00.000000000,1910-01-01 00:00:00.000000000,2008-09-10 17:41:03.148800000,2008-03-22 11:50:25.526400000,90 days 06:18:56.851200000,90 days 06:18:56.851200000,0 days 00:00:00.000000000
1376,2008-09-29 00:00:00.000000000,2008-09-29 00:00:00.000000000,2008-09-29 00:00:00.000000000,1980-01-01 00:00:00.000000000,1910-01-01 00:00:00.000000000,2008-07-06 10:00:00.028800000,2008-01-16 04:09:22.406400000,84 days 13:59:59.971200000,84 days 13:59:59.971200000,0 days 00:00:00.000000000
1377,2008-12-01 00:00:00.000000000,2008-12-01 00:00:00.000000000,2008-12-01 00:00:00.000000000,1980-01-01 00:00:00.000000000,1910-01-01 00:00:00.000000000,2008-09-05 15:31:45.897600000,2008-03-17 09:41:08.275200000,86 days 08:28:14.102400000,86 days 08:28:14.102400000,0 days 00:00:00.000000000
1378,2009-03-24 00:00:00.000000000,2009-03-24 00:00:00.000000000,2009-03-24 00:00:00.000000000,1980-01-01 00:00:00.000000000,1910-01-01 00:00:00.000000000,2008-12-05 14:36:31.334400000,2008-06-16 08:45:53.712000000,108 days 09:23:28.665600000,108 days 09:23:28.665600000,0 days 00:00:00.000000000
1379,2009-03-19 00:00:00.000000000,2009-03-19 00:00:00.000000000,2009-03-19 00:00:00.000000000,1980-01-01 00:00:00.000000000,1910-01-01 00:00:00.000000000,2008-11-30 14:36:31.334400000,2008-06-11 08:45:53.712000000,108 days 09:23:28.665600000,108 days 09:23:28.665600000,0 days 00:00:00.000000000
1380,2009-03-19 00:00:00.000000000,2009-03-19 00:00:00.000000000,2009-03-19 00:00:00.000000000,1980-01-01 00:00:00.000000000,1910-01-01 00:00:00.000000000,2008-11-30 14:36:31.334400000,2008-06-11 08:45:53.712000000,108 days 09:23:28.665600000,108 days 09:23:28.665600000,0 days 00:00:00.000000000
1381,2009-04-28 00:00:00.000000000,2009-04-28 00:00:00.000000000,2009-04-28 00:00:00.000000000,1980-01-01 00:00:00.000000000,1910-01-01 00:00:00.000000000,2009-01-07 04:55:23.059200000,2008-07-18 23:04:45.436800000,110 days 19:04:36.940800000,110 days 19:04:36.940800000,0 days 00:00:00.000000000
1382,2009-03-20 00:00:00.000000000,2009-03-20 00:00:00.000000000,2009-03-20 00:00:00.000000000,1980-01-01 00:00:00.000000000,1910-01-01 00:00:00.000000000,2008-11-29 04:55:23.059200000,2008-06-09 23:04:45.436800000,110 days 19:04:36.940800000,110 days 19:04:36.940800000,0 days 00:00:00.000000000
1383,2008-08-11 00:00:00.000000000,2008-08-11 00:00:00.000000000,2008-08-11 00:00:00.000000000,1980-01-01 00:00:00.000000000,1910-01-01 00:00:00.000000000,2008-05-12 17:41:03.148800000,2007-11-22 11:50:25.526400000,90 days 06:18:56.851200000,90 days 06:18:56.851200000,0 days 00:00:00.000000000
1384,2009-03-23 00:00:00.000000000,2009-03-23 00:00:00.000000000,2009-03-23 00:00:00.000000000,1980-01-01 00:00:00.000000000,1910-01-01 00:00:00.000000000,2008-12-02 04:55:23.059200000,2008-06-12 23:04:45.436800000,110 days 19:04:36.940800000,110 days 19:04:36.940800000,0 days 00:00:00.000000000
1385,2009-04-27 00:00:00.000000000,2009-04-27 00:00:00.000000000,2009-04-27 00:00:00.000000000,1980-01-01 00:00:00.000000000,1910-01-01 00:00:00.000000000,2008-12-21 14:24:00.000000000,2008-07-02 08:33:22.377600000,126 days 09:36:00.000000000,126 days 09:36:00.000000000,0 days 00:00:00.000000000
1386,2009-04-27 00:00:00.000000000,2009-04-27 00:00:00.000000000,2009-04-27 00:00:00.000000000,1980-01-01 00:00:00.000000000,1910-01-01 00:00:00.000000000,2009-01-21 07:38:10.924800000,2008-08-02 01:47:33.302400000,95 days 16:21:49.075200000,95 days 16:21:49.075200000,0 days 00:00:00.000000000
1387,2009-05-11 00:00:00.000000000,2009-05-11 00:00:00.000000000,2009-05-11 00:00:00.000000000,1980-01-01 00:00:00.000000000,1910-01-01 00:00:00.000000000,2009-01-21 01:32:54.182400000,2008-08-01 19:42:16.560000000,109 days 22:27:05.817600000,109 days 22:27:05.817600000,0 days 00:00:00.000000000
1388,2009-04-27 00:00:00.000000000,2009-04-27 00:00:00.000000000,2009-04-27 00:00:00.000000000,1980-01-01 00:00:00.000000000,1910-01-01 00:00:00.000000000,2009-02-17 06:00:00.000000000,2008-08-29 00:09:22.377600000,68 days 18:00:00.000000000,68 days 18:00:00.000000000,0 days 00:00:00.000000000
1389,2009-05-08 00:00:00.000000000,2009-05-08 00:00:00.000000000,2009-05-08 00:00:00.000000000,1980-01-01 00:00:00.000000000,1910-01-01 00:00:00.000000000,2009-01-19 14:36:31.334400000,2008-07-31 08:45:53.712000000,108 days 09:23:28.665600000,108 days 09:23:28.665600000,0 days 00:00:00.000000000
1390,2009-05-12 00:00:00.000000000,2009-05-12 00:00:00.000000000,2009-05-12 00:00:00.000000000,1980-01-01 00:00:00.000000000,1910-01-01 00:00:00.000000000,2009-03-06 20:48:00.028800000,2008-09-15 14:57:22.406400000,66 days 03:11:59.971200000,66 days 03:11:59.971200000,0 days 00:00:00.000000000
1391,2009-06-01 00:00:00.000000000,2009-06-01 00:00:00.000000000,2009-06-01 00:00:00.000000000,1980-01-01 00:00:00.000000000,1910-01-01 00:00:00.000000000,2009-04-11 07:12:00.000000000,2008-10-21 01:21:22.377600000,50 days 16:48:00.000000000,50 days 16:48:00.000000000,0 days 00:00:00.000000000
1392,2009-05-22 00:00:00.000000000,2009-05-22 00:00:00.000000000,2009-05-22 00:00:00.000000000,1980-01-01 00:00:00.000000000,1910-01-01 00:00:00.000000000,2009-04-01 07:12:00.000000000,2008-10-11 01:21:22.377600000,50 days 16:48:00.000000000,50 days 16:48:00.000000000,0 days 00:00:00.000000000
1393,2009-06-01 00:00:00.000000000,2009-06-01 00:00:00.000000000,2009-06-01 00:00:00.000000000,1980-01-01 00:00:00.000000000,1910-01-01 00:00:00.000000000,2009-04-11 07:12:00.000000000,2008-10-21 01:21:22.377600000,50 days 16:48:00.000000000,50 days 16:48:00.000000000,0 days 00:00:00.000000000
1394,2009-06-28 00:00:00.000000000,2009-06-28 00:00:00.000000000,2009-06-28 00:00:00.000000000,1980-01-01 00:00:00.000000000,1910-01-01 00:00:00.000000000,2009-03-04 09:13:50.736000000,2008-09-13 03:23:13.113600000,115 days 14:46:09.264000000,115 days 14:46:09.264000000,0 days 00:00:00.000000000
1395,2009-08-12 00:00:00.000000000,2009-08-12 00:00:00.000000000,2009-08-12 00:00:00.000000000,1970-01-01 00:00:00.000000000,1910-01-01 00:00:00.000000000,2009-05-26 05:11:48.624000000,2008-12-04 23:21:11.001600000,77 days 18:48:11.376000000,77 days 18:48:11.376000000,0 days 00:00:00.000000000
1396,2009-05-21 00:00:00.000000000,2009-05-21 00:00:00.000000000,2009-05-21 00:00:00.000000000,1980-01-01 00:00:00.000000000,1910-01-01 00:00:00.000000000,2009-03-04 05:11:48.624000000,2008-09-12 23:21:11.001600000,77 days 18:48:11.376000000,77 days 18:48:11.376000000,0 days 00:00:00.000000000
1397,2009-06-08 00:00:00.000000000,2009-06-08 00:00:00.000000000,2009-06-08 00:00:00.000000000,1980-01-01 00:00:00.000000000,1910-01-01 00:00:00.000000000,2009-02-18 21:36:00.000000000,2008-08-30 15:45:22.377600000,109 days 02:24:00.000000000,109 days 02:24:00.000000000,0 days 00:00:00.000000000
1398,2009-06-16 00:00:00.000000000,2009-06-16 00:00:00.000000000,2009-06-16 00:00:00.000000000,1980-01-01 00:00:00.000000000,1910-01-01 00:00:00.000000000,2009-02-27 14:36:31.334400000,2008-09-08 08:45:53.712000000,108 days 09:23:28.665600000,108 days 09:23:28.665600000,0 days 00:00:00.000000000
1399,2009-06-05 00:00:00.000000000,2009-06-05 00:00:00.000000000,2009-06-05 00:00:00.000000000,1980-01-01 00:00:00.000000000,1910-01-01 00:00:00.000000000,2009-02-16 14:36:31.334400000,2008-08-28 08:45:53.712000000,108 days 09:23:28.665600000,108 days 09:23:28.665600000,0 days 00:00:00.000000000
1400,2009-06-01 00:00:00.000000000,2009-06-01 00:00:00.000000000,2009-06-01 00:00:00.000000000,1980-01-01 00:00:00.000000000,1910-01-01 00:00:00.000000000,2009-04-11 07:12:00.000000000,2008-10-21 01:21:22.377600000,50 days 16:48:00.000000000,50 days 16:48:00.000000000,0 days 00:00:00.000000000
1401,2009-06-16 00:00:00.000000000,2009-06-16 00:00:00.000000000,2009-06-16 00:00:00.000000000,1980-01-01 00:00:00.000000000,1910-01-01 00:00:00.000000000,2009-02-27 14:36:31.334400000,2008-09-08 08:45:53.712000000,108 days 09:23:28.665600000,108 days 09:23:28.665600000,0 days 00:00:00.000000000
1402,2009-06-22 00:00:00.000000000,2009-06-22 00:00:00.000000000,2009-06-22 00:00:00.000000000,1980-01-01 00:00:00.000000000,1910-01-01 00:00:00.000000000,2009-05-02 07:12:00.000000000,2008-11-11 01:21:22.377600000,50 days 16:48:00.000000000,50 days 16:48:00.000000000,0 days 00:00:00.000000000
1403,2009-06-16 00:00:00.000000000,2009-06-16 00:00:00.000000000,2009-06-16 00:00:00.000000000,1980-01-01 00:00:00.000000000,1910-01-01 00:00:00.000000000,2009-02-27 14:36:31.334400000,2008-09-08 08:45:53.712000000,108 days 09:23:28.665600000,108 days 09:23:28.665600000,0 days 00:00:00.000000000
1404,2009-06-16 00:00:00.000000000,2009-06-16 00:00:00.000000000,2009-06-16 00:00:00.000000000,1980-01-01 00:00:00.000000000,1910-01-01 00:00:00.000000000,2009-02-27 14:36:31.334400000,2008-09-08 08:45:53.712000000,108 days 09:23:28.665600000,108 days 09:23:28.665600000,0 days 00:00:00.000000000
1405,2009-06-18 00:00:00.000000000,2009-06-18 00:00:00.000000000,2009-06-18 00:00:00.000000000,1980-01-01 00:00:00.000000000,1910-01-01 00:00:00.000000000,2009-04-12 20:48:00.028800000,2008-10-22 14:57:22.406400000,66 days 03:11:59.971200000,66 days 03:11:59.971200000,0 days 00:00:00.000000000
1406,2009-08-19 00:00:00.000000000,2009-08-19 00:00:00.000000000,2009-08-19 00:00:00.000000000,1970-01-01 00:00:00.000000000,1910-01-01 00:00:00.000000000,2009-04-30 04:55:23.059200000,2008-11-08 23:04:45.436800000,110 days 19:04:36.940800000,110 days 19:04:36.940800000,0 days 00:00:00.000000000
1407,2009-09-04 00:00:00.000000000,2009-09-04 00:00:00.000000000,2009-09-04 00:00:00.000000000,1970-01-01 00:00:00.000000000,1910-01-01 00:00:00.000000000,2009-05-17 21:36:00.000000000,2008-11-26 15:45:22.377600000,109 days 02:24:00.000000000,109 days 02:24:00.000000000,0 days 00:00:00.000000000
1408,2009-07-31 00:00:00.000000000,2009-07-31 00:00:00.000000000,2009-07-31 00:00:00.000000000,1970-01-01 00:00:00.000000000,1910-01-01 00:00:00.000000000,2009-05-15 23:06:40.003200000,2008-11-24 17:16:02.380800000,76 days 00:53:19.996800000,76 days 00:53:19.996800000,0 days 00:00:00.000000000
1409,2009-07-31 00:00:00.000000000,2009-07-31 00:00:00.000000000,2009-07-31 00:00:00.000000000,1970-01-01 00:00:00.000000000,1910-01-01 00:00:00.000000000,2009-05-15 23:06:40.003200000,2008-11-24 17:16:02.380800000,76 days 00:53:19.996800000,76 days 00:53:19.996800000,0 days 00:00:00.000000000
1410,2009-09-08 00:00:00.000000000,2009-09-08 00:00:00.000000000,2009-09-08 00:00:00.000000000,1970-01-01 00:00:00.000000000,1910-01-01 00:00:00.000000000,2009-05-20 04:55:23.059200000,2008-11-28 23:04:45.436800000,110 days 19:04:36.940800000,110 days 19:04:36.940800000,0 days 00:00:00.000000000
1411,2009-09-14 00:00:00.000000000,2009-09-14 00:00:00.000000000,2009-09-14 00:00:00.000000000,1970-01-01 00:00:00.000000000,1910-01-01 00:00:00.000000000,2009-07-25 07:12:00.000000000,2009-02-03 01:21:22.377600000,50 days 16:48:00.000000000,50 days 16:48:00.000000000,0 days 00:00:00.000000000
1412,2009-10-08 00:00:00.000000000,2009-10-08 00:00:00.000000000,2009-10-08 00:00:00.000000000,1970-01-01 00:00:00.000000000,1910-01-01 00:00:00.000000000,2009-08-18 07:12:00.000000000,2009-02-27 01:21:22.377600000,50 days 16:48:00.000000000,50 days 16:48:00.000000000,0 days 00:00:00.000000000
1413,2009-09-28 00:00:00.000000000,2009-09-28 00:00:00.000000000,2009-09-28 00:00:00.000000000,1970-01-01 00:00:00.000000000,1910-01-01 00:00:00.000000000,2009-06-09 04:55:23.059200000,2008-12-18 23:04:45.436800000,110 days 19:04:36.940800000,110 days 19:04:36.940800000,0 days 00:00:00.000000000
1414,2009-10-20 00:00:00.000000000,2009-10-20 00:00:00.000000000,2009-10-20 00:00:00.000000000,1970-01-01 00:00:00.000000000,1910-01-01 00:00:00.000000000,2009-07-03 14:36:31.334400000,2009-01-12 08:45:53.712000000,108 days 09:23:28.665600000,108 days 09:23:28.665600000,0 days 00:00:00.000000000
1415,2009-10-07 00:00:00.000000000,2009-10-07 00:00:00.000000000,2009-10-07 00:00:00.000000000,1970-01-01 00:00:00.000000000,1910-01-01 00:00:00.000000000,2009-06-18 04:55:23.059200000,2008-12-27 23:04:45.436800000,110 days 19:04:36.940800000,110 days 19:04:36.940800000,0 days 00:00:00.000000000
1416,2009-11-18 00:00:00.000000000,2009-11-18 00:00:00.000000000,2009-11-18 00:00:00.000000000,1970-01-01 00:00:00.000000000,1910-01-01 00:00:00.000000000,2009-09-01 05:11:48.624000000,2009-03-12 23:21:11.001600000,77 days 18:48:11.376000000,77 days 18:48:11.376000000,0 days 00:00:00.000000000
1417,2009-11-18 00:00:00.000000000,2009-11-18 00:00:00.000000000,2009-11-18 00:00:00.000000000,1970-01-01 00:00:00.000000000,1910-01-01 00:00:00.000000000,2009-09-01 05:11:48.624000000,2009-03-12 23:21:11.001600000,77 days 18:48:11.376000000,77 days 18:48:11.376000000,0 days 00:00:00.000000000
1418,2009-11-24 00:00:00.000000000,2009-11-24 00:00:00.000000000,2009-11-24 00:00:00.000000000,1970-01-01 00:00:00.000000000,1910-01-01 00:00:00.000000000,2009-09-07 05:11:48.624000000,2009-03-18 23:21:11.001600000,77 days 18:48:11.376000000,77 days 18:48:11.376000000,0 days 00:00:00.000000000
1419,2009-10-29 00:00:00.000000000,2009-10-29 00:00:00.000000000,2009-10-29 00:00:00.000000000,1970-01-01 00:00:00.000000000,1910-01-01 00:00:00.000000000,2009-07-11 21:36:00.000000000,2009-01-20 15:45:22.377600000,109 days 02:24:00.000000000,109 days 02:24:00.000000000,0 days 00:00:00.000000000
1420,2009-12-11 00:00:00.000000000,2009-12-11 00:00:00.000000000,2009-12-11 00:00:00.000000000,1970-01-01 00:00:00.000000000,1910-01-01 00:00:00.000000000,2009-08-17 09:13:50.736000000,2009-02-26 03:23:13.113600000,115 days 14:46:09.264000000,115 days 14:46:09.264000000,0 days 00:00:00.000000000
1421,2009-12-18 00:00:00.000000000,2009-12-18 00:00:00.000000000,2009-12-18 00:00:00.000000000,1970-01-01 00:00:00.000000000,1910-01-01 00:00:00.000000000,2009-08-31 14:36:31.334400000,2009-03-12 08:45:53.712000000,108 days 09:23:28.665600000,108 days 09:23:28.665600000,0 days 00:00:00.000000000
1422,2010-02-23 00:00:00.000000000,2010-02-23 00:00:00.000000000,2010-02-23 00:00:00.000000000,1970-01-01 00:00:00.000000000,1910-01-01 00:00:00.000000000,2009-11-19 22:00:00.028800000,2009-05-31 16:09:22.406400000,95 days 01:59:59.971200000,95 days 01:59:59.971200000,0 days 00:00:00.000000000
1423,2010-02-19 00:00:00.000000000,2010-01-22 00:00:00.000000000,2010-01-22 00:00:00.000000000,1970-01-01 00:00:00.000000000,1910-01-01 00:00:00.000000000,2009-11-26 01:59:59.971200000,2009-06-06 20:09:22.348800000,84 days 22:00:00.028800000,56 days 22:00:00.028800000,-28 days +00:00:00.000000000
1424,2007-02-22 00:00:00.000000000,2007-02-22 00:00:00.000000000,2007-02-22 00:00:00.000000000,1980-01-01 00:00:00.000000000,1910-01-01 00:00:00.000000000,2006-12-03 04:48:00.000000000,2006-06-13 22:57:22.377600000,80 days 19:12:00.000000000,80 days 19:12:00.000000000,0 days 00:00:00.000000000
1425,2007-02-22 00:00:00.000000000,2007-03-08 00:00:00.000000000,2007-03-08 00:00:00.000000000,1980-01-01 00:00:00.000000000,1910-01-01 00:00:00.000000000,2006-12-03 04:48:00.000000000,2006-06-13 22:57:22.377600000,80 days 19:12:00.000000000,94 days 19:12:00.000000000,14 days 00:00:00.000000000
1426,2007-01-09 00:00:00.000000000,2007-01-09 00:00:00.000000000,2007-01-09 00:00:00.000000000,1980-01-01 00:00:00.000000000,1910-01-01 00:00:00.000000000,2006-09-25 00:00:00.000000000,2006-04-05 18:09:22.377600000,106 days 00:00:00.000000000,106 days 00:00:00.000000000,0 days 00:00:00.000000000
1427,2007-01-09 00:00:00.000000000,2007-01-09 00:00:00.000000000,2007-01-09 00:00:00.000000000,1980-01-01 00:00:00.000000000,1910-01-01 00:00:00.000000000,2006-09-25 00:00:00.000000000,2006-04-05 18:09:22.377600000,106 days 00:00:00.000000000,106 days 00:00:00.000000000,0 days 00:00:00.000000000
1428,2007-03-15 00:00:00.000000000,2007-03-15 00:00:00.000000000,2007-03-15 00:00:00.000000000,1980-01-01 00:00:00.000000000,1910-01-01 00:00:00.000000000,2006-12-24 04:48:00.000000000,2006-07-04 22:57:22.377600000,80 days 19:12:00.000000000,80 days 19:12:00.000000000,0 days 00:00:00.000000000
1429,2007-03-15 00:00:00.000000000,2007-03-15 00:00:00.000000000,2007-03-15 00:00:00.000000000,1980-01-01 00:00:00.000000000,1910-01-01 00:00:00.000000000,2006-12-24 04:48:00.000000000,2006-07-04 22:57:22.377600000,80 days 19:12:00.000000000,80 days 19:12:00.000000000,0 days 00:00:00.000000000
1430,2007-04-10 00:00:00.000000000,2007-04-10 00:00:00.000000000,2007-04-10 00:00:00.000000000,1980-01-01 00:00:00.000000000,1910-01-01 00:00:00.000000000,2007-02-25 02:39:59.990400000,2006-09-05 20:49:22.368000000,43 days 21:20:00.009600000,43 days 21:20:00.009600000,0 days 00:00:00.000000000
1431,2007-04-27 00:00:00.000000000,2007-04-27 00:00:00.000000000,2007-04-27 00:00:00.000000000,1980-01-01 00:00:00.000000000,1910-01-01 00:00:00.000000000,2007-03-27 12:00:00.000000000,2006-10-06 06:09:22.377600000,30 days 12:00:00.000000000,30 days 12:00:00.000000000,0 days 00:00:00.000000000
1432,2007-04-17 00:00:00.000000000,2007-04-17 00:00:00.000000000,2007-04-17 00:00:00.000000000,1980-01-01 00:00:00.000000000,1910-01-01 00:00:00.000000000,2007-03-09 14:24:00.000000000,2006-09-18 08:33:22.377600000,38 days 09:36:00.000000000,38 days 09:36:00.000000000,0 days 00:00:00.000000000
1433,2007-04-26 00:00:00.000000000,2007-04-26 00:00:00.000000000,2007-04-26 00:00:00.000000000,1980-01-01 00:00:00.000000000,1910-01-01 00:00:00.000000000,2007-02-28 16:00:00.028800000,2006-09-09 10:09:22.406400000,56 days 07:59:59.971200000,56 days 07:59:59.971200000,0 days 00:00:00.000000000
1434,2007-05-04 00:00:00.000000000,2007-05-04 00:00:00.000000000,2007-05-04 00:00:00.000000000,1980-01-01 00:00:00.000000000,1910-01-01 00:00:00.000000000,2007-02-08 12:00:00.000000000,2006-08-20 06:09:22.377600000,84 days 12:00:00.000000000,84 days 12:00:00.000000000,0 days 00:00:00.000000000
1435,2007-05-04 00:00:00.000000000,2007-05-04 00:00:00.000000000,2007-05-04 00:00:00.000000000,1980-01-01 00:00:00.000000000,1910-01-01 00:00:00.000000000,2007-02-08 12:00:00.000000000,2006-08-20 06:09:22.377600000,84 days 12:00:00.000000000,84 days 12:00:00.000000000,0 days 00:00:00.000000000
1436,2007-05-04 00:00:00.000000000,2007-05-04 00:00:00.000000000,2007-05-04 00:00:00.000000000,1980-01-01 00:00:00.000000000,1910-01-01 00:00:00.000000000,2007-02-12 04:48:00.000000000,2006-08-23 22:57:22.377600000,80 days 19:12:00.000000000,80 days 19:12:00.000000000,0 days 00:00:00.000000000
1437,2007-05-23 00:00:00.000000000,2007-05-23 00:00:00.000000000,2007-05-23 00:00:00.000000000,1980-01-01 00:00:00.000000000,1910-01-01 00:00:00.000000000,2007-04-14 14:24:00.000000000,2006-10-24 08:33:22.377600000,38 days 09:36:00.000000000,38 days 09:36:00.000000000,0 days 00:00:00.000000000
1438,2007-06-01 00:00:00.000000000,2007-06-01 00:00:00.000000000,2007-06-01 00:00:00.000000000,1980-01-01 00:00:00.000000000,1910-01-01 00:00:00.000000000,2007-02-15 00:00:00.000000000,2006-08-26 18:09:22.377600000,106 days 00:00:00.000000000,106 days 00:00:00.000000000,0 days 00:00:00.000000000
1439,2007-04-17 00:00:00.000000000,2007-04-17 00:00:00.000000000,2007-04-17 00:00:00.000000000,1980-01-01 00:00:00.000000000,1910-01-01 00:00:00.000000000,2007-01-01 00:00:00.000000000,2006-07-12 18:09:22.377600000,106 days 00:00:00.000000000,106 days 00:00:00.000000000,0 days 00:00:00.000000000
1440,2007-04-27 00:00:00.000000000,2007-04-27 00:00:00.000000000,2007-04-27 00:00:00.000000000,1980-01-01 00:00:00.000000000,1910-01-01 00:00:00.000000000,2007-03-27 12:00:00.000000000,2006-10-06 06:09:22.377600000,30 days 12:00:00.000000000,30 days 12:00:00.000000000,0 days 00:00:00.000000000
1441,2007-05-04 00:00:00.000000000,2007-05-04 00:00:00.000000000,2007-05-04 00:00:00.000000000,1980-01-01 00:00:00.000000000,1910-01-01 00:00:00.000000000,2007-02-12 04:48:00.000000000,2006-08-23 22:57:22.377600000,80 days 19:12:00.000000000,80 days 19:12:00.000000000,0 days 00:00:00.000000000
1442,2007-05-03 00:00:00.000000000,2007-05-03 00:00:00.000000000,2007-05-03 00:00:00.000000000,1980-01-01 00:00:00.000000000,1910-01-01 00:00:00.000000000,2007-02-07 12:00:00.000000000,2006-08-19 06:09:22.377600000,84 days 12:00:00.000000000,84 days 12:00:00.000000000,0 days 00:00:00.000000000
1443,2007-06-08 00:00:00.000000000,2007-06-08 00:00:00.000000000,2007-06-08 00:00:00.000000000,1980-01-01 00:00:00.000000000,1910-01-01 00:00:00.000000000,2007-02-22 00:00:00.000000000,2006-09-02 18:09:22.377600000,106 days 00:00:00.000000000,106 days 00:00:00.000000000,0 days 00:00:00.000000000
1444,2007-06-28 00:00:00.000000000,2007-06-28 00:00:00.000000000,2007-06-28 00:00:00.000000000,1980-01-01 00:00:00.000000000,1910-01-01 00:00:00.000000000,2007-04-08 04:48:00.000000000,2006-10-17 22:57:22.377600000,80 days 19:12:00.000000000,80 days 19:12:00.000000000,0 days 00:00:00.000000000
1445,2007-06-28 00:00:00.000000000,2007-06-28 00:00:00.000000000,2007-06-28 00:00:00.000000000,1980-01-01 00:00:00.000000000,1910-01-01 00:00:00.000000000,2007-04-08 04:48:00.000000000,2006-10-17 22:57:22.377600000,80 days 19:12:00.000000000,80 days 19:12:00.000000000,0 days 00:00:00.000000000
1446,2007-06-21 00:00:00.000000000,2007-06-21 00:00:00.000000000,2007-06-21 00:00:00.000000000,1980-01-01 00:00:00.000000000,1910-01-01 00:00:00.000000000,2007-04-01 04:48:00.000000000,2006-10-10 22:57:22.377600000,80 days 19:12:00.000000000,80 days 19:12:00.000000000,0 days 00:00:00.000000000
1447,2007-07-10 00:00:00.000000000,2007-07-10 00:00:00.000000000,2007-07-10 00:00:00.000000000,1980-01-01 00:00:00.000000000,1910-01-01 00:00:00.000000000,2007-04-20 04:48:00.000000000,2006-10-29 22:57:22.377600000,80 days 19:12:00.000000000,80 days 19:12:00.000000000,0 days 00:00:00.000000000
1448,2007-06-20 00:00:00.000000000,2007-06-20 00:00:00.000000000,2007-06-20 00:00:00.000000000,1980-01-01 00:00:00.000000000,1910-01-01 00:00:00.000000000,2007-03-27 12:00:00.000000000,2006-10-06 06:09:22.377600000,84 days 12:00:00.000000000,84 days 12:00:00.000000000,0 days 00:00:00.000000000
1449,2007-05-16 00:00:00.000000000,2007-05-16 00:00:00.000000000,2007-05-16 00:00:00.000000000,1980-01-01 00:00:00.000000000,1910-01-01 00:00:00.000000000,2007-02-24 04:48:00.000000000,2006-09-04 22:57:22.377600000,80 days 19:12:00.000000000,80 days 19:12:00.000000000,0 days 00:00:00.000000000
1450,2007-06-26 00:00:00.000000000,2007-06-26 00:00:00.000000000,2007-06-26 00:00:00.000000000,1980-01-01 00:00:00.000000000,1910-01-01 00:00:00.000000000,2007-05-18 14:24:00.000000000,2006-11-27 08:33:22.377600000,38 days 09:36:00.000000000,38 days 09:36:00.000000000,0 days 00:00:00.000000000
1451,2007-07-12 00:00:00.000000000,2007-07-12 00:00:00.000000000,2007-07-12 00:00:00.000000000,1980-01-01 00:00:00.000000000,1910-01-01 00:00:00.000000000,2007-03-28 00:00:00.000000000,2006-10-06 18:09:22.377600000,106 days 00:00:00.000000000,106 days 00:00:00.000000000,0 days 00:00:00.000000000
1452,2007-07-03 00:00:00.000000000,2007-07-03 00:00:00.000000000,2007-07-03 00:00:00.000000000,1980-01-01 00:00:00.000000000,1910-01-01 00:00:00.000000000,2007-05-25 14:24:00.000000000,2006-12-04 08:33:22.377600000,38 days 09:36:00.000000000,38 days 09:36:00.000000000,0 days 00:00:00.000000000
1453,2007-07-03 00:00:00.000000000,2007-07-03 00:00:00.000000000,2007-07-03 00:00:00.000000000,1980-01-01 00:00:00.000000000,1910-01-01 00:00:00.000000000,2007-05-25 14:24:00.000000000,2006-12-04 08:33:22.377600000,38 days 09:36:00.000000000,38 days 09:36:00.000000000,0 days 00:00:00.000000000
1454,2007-08-13 00:00:00.000000000,2007-08-13 00:00:00.000000000,2007-08-13 00:00:00.000000000,1980-01-01 00:00:00.000000000,1910-01-01 00:00:00.000000000,2007-06-18 00:00:00.000000000,2006-12-27 18:09:22.377600000,56 days 00:00:00.000000000,56 days 00:00:00.000000000,0 days 00:00:00.000000000
1455,2007-07-30 00:00:00.000000000,2007-07-30 00:00:00.000000000,2007-07-30 00:00:00.000000000,1980-01-01 00:00:00.000000000,1910-01-01 00:00:00.000000000,2007-06-04 00:00:00.000000000,2006-12-13 18:09:22.377600000,56 days 00:00:00.000000000,56 days 00:00:00.000000000,0 days 00:00:00.000000000
1456,2007-08-14 00:00:00.000000000,2007-08-14 00:00:00.000000000,2007-08-14 00:00:00.000000000,1980-01-01 00:00:00.000000000,1910-01-01 00:00:00.000000000,2007-05-25 04:48:00.000000000,2006-12-03 22:57:22.377600000,80 days 19:12:00.000000000,80 days 19:12:00.000000000,0 days 00:00:00.000000000
1457,2007-08-14 00:00:00.000000000,2007-08-14 00:00:00.000000000,2007-08-14 00:00:00.000000000,1980-01-01 00:00:00.000000000,1910-01-01 00:00:00.000000000,2007-05-25 04:48:00.000000000,2006-12-03 22:57:22.377600000,80 days 19:12:00.000000000,80 days 19:12:00.000000000,0 days 00:00:00.000000000
1458,2007-08-07 00:00:00.000000000,2007-08-07 00:00:00.000000000,2007-08-07 00:00:00.000000000,1980-01-01 00:00:00.000000000,1910-01-01 00:00:00.000000000,2007-07-13 12:00:00.000000000,2007-01-22 06:09:22.377600000,24 days 12:00:00.000000000,24 days 12:00:00.000000000,0 days 00:00:00.000000000
1459,2007-10-10 00:00:00.000000000,2007-10-10 00:00:00.000000000,2007-10-10 00:00:00.000000000,1980-01-01 00:00:00.000000000,1910-01-01 00:00:00.000000000,2007-06-26 00:00:00.000000000,2007-01-04 18:09:22.377600000,106 days 00:00:00.000000000,106 days 00:00:00.000000000,0 days 00:00:00.000000000
1460,2007-07-16 00:00:00.000000000,2007-07-16 00:00:00.000000000,2007-07-16 00:00:00.000000000,1980-01-01 00:00:00.000000000,1910-01-01 00:00:00.000000000,2007-06-02 02:39:59.990400000,2006-12-11 20:49:22.368000000,43 days 21:20:00.009600000,43 days 21:20:00.009600000,0 days 00:00:00.000000000
1461,2007-07-27 00:00:00.000000000,2007-07-27 00:00:00.000000000,2007-07-27 00:00:00.000000000,1980-01-01 00:00:00.000000000,1910-01-01 00:00:00.000000000,2007-05-07 04:48:00.000000000,2006-11-15 22:57:22.377600000,80 days 19:12:00.000000000,80 days 19:12:00.000000000,0 days 00:00:00.000000000
1462,2007-09-10 00:00:00.000000000,2007-09-10 00:00:00.000000000,2007-09-10 00:00:00.000000000,1980-01-01 00:00:00.000000000,1910-01-01 00:00:00.000000000,2007-06-21 04:48:00.000000000,2006-12-30 22:57:22.377600000,80 days 19:12:00.000000000,80 days 19:12:00.000000000,0 days 00:00:00.000000000
1463,2007-08-29 00:00:00.000000000,2007-08-29 00:00:00.000000000,2007-08-29 00:00:00.000000000,1980-01-01 00:00:00.000000000,1910-01-01 00:00:00.000000000,2007-07-04 00:00:00.000000000,2007-01-12 18:09:22.377600000,56 days 00:00:00.000000000,56 days 00:00:00.000000000,0 days 00:00:00.000000000
1464,2007-09-21 00:00:00.000000000,2007-09-21 00:00:00.000000000,2007-09-21 00:00:00.000000000,1980-01-01 00:00:00.000000000,1910-01-01 00:00:00.000000000,2007-06-07 00:00:00.000000000,2006-12-16 18:09:22.377600000,106 days 00:00:00.000000000,106 days 00:00:00.000000000,0 days 00:00:00.000000000
1465,2007-10-17 00:00:00.000000000,2007-10-17 00:00:00.000000000,2007-10-17 00:00:00.000000000,1980-01-01 00:00:00.000000000,1910-01-01 00:00:00.000000000,2007-08-05 15:55:14.822400000,2007-02-14 10:04:37.200000000,72 days 08:04:45.177600000,72 days 08:04:45.177600000,0 days 00:00:00.000000000
1466,2007-11-05 00:00:00.000000000,2007-11-05 00:00:00.000000000,2007-11-05 00:00:00.000000000,1980-01-01 00:00:00.000000000,1910-01-01 00:00:00.000000000,2007-08-24 15:55:14.822400000,2007-03-05 10:04:37.200000000,72 days 08:04:45.177600000,72 days 08:04:45.177600000,0 days 00:00:00.000000000
1467,2007-09-27 00:00:00.000000000,2007-09-27 00:00:00.000000000,2007-09-27 00:00:00.000000000,1980-01-01 00:00:00.000000000,1910-01-01 00:00:00.000000000,2007-07-04 12:00:00.000000000,2007-01-13 06:09:22.377600000,84 days 12:00:00.000000000,84 days 12:00:00.000000000,0 days 00:00:00.000000000
1468,2007-09-27 00:00:00.000000000,2007-09-27 00:00:00.000000000,2007-09-27 00:00:00.000000000,1980-01-01 00:00:00.000000000,1910-01-01 00:00:00.000000000,2007-07-04 12:00:00.000000000,2007-01-13 06:09:22.377600000,84 days 12:00:00.000000000,84 days 12:00:00.000000000,0 days 00:00:00.000000000
1469,2007-10-05 00:00:00.000000000,2007-10-05 00:00:00.000000000,2007-10-05 00:00:00.000000000,1980-01-01 00:00:00.000000000,1910-01-01 00:00:00.000000000,2007-06-21 00:00:00.000000000,2006-12-30 18:09:22.377600000,106 days 00:00:00.000000000,106 days 00:00:00.000000000,0 days 00:00:00.000000000
1470,2007-09-04 00:00:00.000000000,2007-09-04 00:00:00.000000000,2007-09-04 00:00:00.000000000,1980-01-01 00:00:00.000000000,1910-01-01 00:00:00.000000000,2007-07-23 07:59:59.971200000,2007-02-01 02:09:22.348800000,42 days 16:00:00.028800000,42 days 16:00:00.028800000,0 days 00:00:00.000000000
1471,2007-09-10 00:00:00.000000000,2007-09-10 00:00:00.000000000,2007-09-10 00:00:00.000000000,1980-01-01 00:00:00.000000000,1910-01-01 00:00:00.000000000,2007-06-21 04:48:00.000000000,2006-12-30 22:57:22.377600000,80 days 19:12:00.000000000,80 days 19:12:00.000000000,0 days 00:00:00.000000000
1472,2007-11-02 00:00:00.000000000,2007-11-02 00:00:00.000000000,2007-11-02 00:00:00.000000000,1980-01-01 00:00:00.000000000,1910-01-01 00:00:00.000000000,2007-08-09 12:00:00.000000000,2007-02-18 06:09:22.377600000,84 days 12:00:00.000000000,84 days 12:00:00.000000000,0 days 00:00:00.000000000
1473,2007-10-22 00:00:00.000000000,2007-10-22 00:00:00.000000000,2007-10-22 00:00:00.000000000,1980-01-01 00:00:00.000000000,1910-01-01 00:00:00.000000000,2007-08-02 04:48:00.000000000,2007-02-10 22:57:22.377600000,80 days 19:12:00.000000000,80 days 19:12:00.000000000,0 days 00:00:00.000000000
1474,2007-10-29 00:00:00.000000000,2007-10-29 00:00:00.000000000,2007-10-29 00:00:00.000000000,1980-01-01 00:00:00.000000000,1910-01-01 00:00:00.000000000,2007-08-05 12:00:00.000000000,2007-02-14 06:09:22.377600000,84 days 12:00:00.000000000,84 days 12:00:00.000000000,0 days 00:00:00.000000000
1475,2007-11-09 00:00:00.000000000,2007-11-09 00:00:00.000000000,2007-11-09 00:00:00.000000000,1980-01-01 00:00:00.000000000,1910-01-01 00:00:00.000000000,2007-08-16 12:00:00.000000000,2007-02-25 06:09:22.377600000,84 days 12:00:00.000000000,84 days 12:00:00.000000000,0 days 00:00:00.000000000
1476,2007-10-22 00:00:00.000000000,2007-10-22 00:00:00.000000000,2007-10-22 00:00:00.000000000,1980-01-01 00:00:00.000000000,1910-01-01 00:00:00.000000000,2007-08-26 16:00:00.028800000,2007-03-07 10:09:22.406400000,56 days 07:59:59.971200000,56 days 07:59:59.971200000,0 days 00:00:00.000000000
1477,2007-12-04 00:00:00.000000000,2007-12-04 00:00:00.000000000,2007-12-04 00:00:00.000000000,1980-01-01 00:00:00.000000000,1910-01-01 00:00:00.000000000,2007-10-26 14:24:00.000000000,2007-05-07 08:33:22.377600000,38 days 09:36:00.000000000,38 days 09:36:00.000000000,0 days 00:00:00.000000000
1478,2007-11-22 00:00:00.000000000,2007-11-22 00:00:00.000000000,2007-11-22 00:00:00.000000000,1980-01-01 00:00:00.000000000,1910-01-01 00:00:00.000000000,2007-08-08 00:00:00.000000000,2007-02-16 18:09:22.377600000,106 days 00:00:00.000000000,106 days 00:00:00.000000000,0 days 00:00:00.000000000
1479,2007-11-13 00:00:00.000000000,2007-11-13 00:00:00.000000000,2007-11-13 00:00:00.000000000,1980-01-01 00:00:00.000000000,1910-01-01 00:00:00.000000000,2007-08-24 04:48:00.000000000,2007-03-04 22:57:22.377600000,80 days 19:12:00.000000000,80 days 19:12:00.000000000,0 days 00:00:00.000000000
1480,2008-02-21 00:00:00.000000000,2008-02-21 00:00:00.000000000,2008-02-21 00:00:00.000000000,1980-01-01 00:00:00.000000000,1910-01-01 00:00:00.000000000,2007-11-28 10:00:00.028800000,2007-06-09 04:09:22.406400000,84 days 13:59:59.971200000,84 days 13:59:59.971200000,0 days 00:00:00.000000000
1481,2008-02-20 00:00:00.000000000,2008-02-20 00:00:00.000000000,2008-02-20 00:00:00.000000000,1980-01-01 00:00:00.000000000,1910-01-01 00:00:00.000000000,2007-11-27 10:00:00.028800000,2007-06-08 04:09:22.406400000,84 days 13:59:59.971200000,84 days 13:59:59.971200000,0 days 00:00:00.000000000
1482,2008-04-08 00:00:00.000000000,2008-04-08 00:00:00.000000000,2008-04-08 00:00:00.000000000,1980-01-01 00:00:00.000000000,1910-01-01 00:00:00.000000000,2008-01-03 02:10:54.537600000,2007-07-14 20:20:16.915200000,95 days 21:49:05.462400000,95 days 21:49:05.462400000,0 days 00:00:00.000000000
1483,2007-12-10 00:00:00.000000000,2007-12-10 00:00:00.000000000,2007-12-10 00:00:00.000000000,1980-01-01 00:00:00.000000000,1910-01-01 00:00:00.000000000,2007-09-28 15:55:14.822400000,2007-04-09 10:04:37.200000000,72 days 08:04:45.177600000,72 days 08:04:45.177600000,0 days 00:00:00.000000000
1484,2007-11-29 00:00:00.000000000,2007-11-29 00:00:00.000000000,2007-11-29 00:00:00.000000000,1980-01-01 00:00:00.000000000,1910-01-01 00:00:00.000000000,2007-09-09 04:48:00.000000000,2007-03-20 22:57:22.377600000,80 days 19:12:00.000000000,80 days 19:12:00.000000000,0 days 00:00:00.000000000
1485,2007-11-29 00:00:00.000000000,2007-11-29 00:00:00.000000000,2007-11-29 00:00:00.000000000,1980-01-01 00:00:00.000000000,1910-01-01 00:00:00.000000000,2007-09-09 04:48:00.000000000,2007-03-20 22:57:22.377600000,80 days 19:12:00.000000000,80 days 19:12:00.000000000,0 days 00:00:00.000000000
1486,2007-11-22 00:00:00.000000000,2007-11-22 00:00:00.000000000,2007-11-22 00:00:00.000000000,1980-01-01 00:00:00.000000000,1910-01-01 00:00:00.000000000,2007-09-02 04:48:00.000000000,2007-03-13 22:57:22.377600000,80 days 19:12:00.000000000,80 days 19:12:00.000000000,0 days 00:00:00.000000000
1487,2008-01-22 00:00:00.000000000,2008-01-22 00:00:00.000000000,2008-01-22 00:00:00.000000000,1980-01-01 00:00:00.000000000,1910-01-01 00:00:00.000000000,2007-10-23 17:41:03.148800000,2007-05-04 11:50:25.526400000,90 days 06:18:56.851200000,90 days 06:18:56.851200000,0 days 00:00:00.000000000
1488,2007-11-30 00:00:00.000000000,2007-11-30 00:00:00.000000000,2007-11-30 00:00:00.000000000,1980-01-01 00:00:00.000000000,1910-01-01 00:00:00.000000000,2007-09-10 04:48:00.000000000,2007-03-21 22:57:22.377600000,80 days 19:12:00.000000000,80 days 19:12:00.000000000,0 days 00:00:00.000000000
1489,2008-01-17 00:00:00.000000000,2008-01-17 00:00:00.000000000,2008-01-17 00:00:00.000000000,1980-01-01 00:00:00.000000000,1910-01-01 00:00:00.000000000,2007-10-22 15:31:45.897600000,2007-05-03 09:41:08.275200000,86 days 08:28:14.102400000,86 days 08:28:14.102400000,0 days 00:00:00.000000000
1490,2007-12-06 00:00:00.000000000,2007-12-06 00:00:00.000000000,2007-12-06 00:00:00.000000000,1980-01-01 00:00:00.000000000,1910-01-01 00:00:00.000000000,2007-09-12 12:00:00.000000000,2007-03-24 06:09:22.377600000,84 days 12:00:00.000000000,84 days 12:00:00.000000000,0 days 00:00:00.000000000
1491,2007-11-26 00:00:00.000000000,2007-11-26 00:00:00.000000000,2007-11-26 00:00:00.000000000,1980-01-01 00:00:00.000000000,1910-01-01 00:00:00.000000000,2007-09-02 12:00:00.000000000,2007-03-14 06:09:22.377600000,84 days 12:00:00.000000000,84 days 12:00:00.000000000,0 days 00:00:00.000000000
1492,2007-12-03 00:00:00.000000000,2007-12-03 00:00:00.000000000,2007-12-03 00:00:00.000000000,1980-01-01 00:00:00.000000000,1910-01-01 00:00:00.000000000,2007-10-25 14:24:00.000000000,2007-05-06 08:33:22.377600000,38 days 09:36:00.000000000,38 days 09:36:00.000000000,0 days 00:00:00.000000000
1493,2007-12-03 00:00:00.000000000,2007-12-03 00:00:00.000000000,2007-12-03 00:00:00.000000000,1980-01-01 00:00:00.000000000,1910-01-01 00:00:00.000000000,2007-10-25 14:24:00.000000000,2007-05-06 08:33:22.377600000,38 days 09:36:00.000000000,38 days 09:36:00.000000000,0 days 00:00:00.000000000
1494,2007-12-28 00:00:00.000000000,2007-12-28 00:00:00.000000000,2007-12-28 00:00:00.000000000,1980-01-01 00:00:00.000000000,1910-01-01 00:00:00.000000000,2007-10-04 12:00:00.000000000,2007-04-15 06:09:22.377600000,84 days 12:00:00.000000000,84 days 12:00:00.000000000,0 days 00:00:00.000000000
1495,2007-12-05 00:00:00.000000000,2007-12-05 00:00:00.000000000,2007-12-05 00:00:00.000000000,1980-01-01 00:00:00.000000000,1910-01-01 00:00:00.000000000,2007-10-22 02:39:59.990400000,2007-05-02 20:49:22.368000000,43 days 21:20:00.009600000,43 days 21:20:00.009600000,0 days 00:00:00.000000000
1496,2007-12-20 00:00:00.000000000,2007-12-20 00:00:00.000000000,2007-12-20 00:00:00.000000000,1980-01-01 00:00:00.000000000,1910-01-01 00:00:00.000000000,2007-11-07 07:59:59.971200000,2007-05-19 02:09:22.348800000,42 days 16:00:00.028800000,42 days 16:00:00.028800000,0 days 00:00:00.000000000
1497,2008-03-04 00:00:00.000000000,2008-02-21 00:00:00.000000000,2008-02-21 00:00:00.000000000,1980-01-01 00:00:00.000000000,1910-01-01 00:00:00.000000000,2007-12-04 17:41:03.148800000,2007-06-15 11:50:25.526400000,90 days 06:18:56.851200000,78 days 06:18:56.851200000,-12 days +00:00:00.000000000
1498,2008-01-09 00:00:00.000000000,2008-01-09 00:00:00.000000000,2008-01-09 00:00:00.000000000,1980-01-01 00:00:00.000000000,1910-01-01 00:00:00.000000000,2007-10-17 19:02:04.099200000,2007-04-28 13:11:26.476800000,83 days 04:57:55.900800000,83 days 04:57:55.900800000,0 days 00:00:00.000000000
1499,2008-03-04 00:00:00.000000000,2008-02-21 00:00:00.000000000,2008-02-21 00:00:00.000000000,1980-01-01 00:00:00.000000000,1910-01-01 00:00:00.000000000,2007-12-04 17:41:03.148800000,2007-06-15 11:50:25.526400000,90 days 06:18:56.851200000,78 days 06:18:56.851200000,-12 days +00:00:00.000000000
1500,2008-01-29 00:00:00.000000000,2008-01-29 00:00:00.000000000,2008-01-29 00:00:00.000000000,1980-01-01 00:00:00.000000000,1910-01-01 00:00:00.000000000,2007-11-03 15:31:45.897600000,2007-05-15 09:41:08.275200000,86 days 08:28:14.102400000,86 days 08:28:14.102400000,0 days 00:00:00.000000000
1501,2008-01-28 00:00:00.000000000,2008-01-28 00:00:00.000000000,2008-01-28 00:00:00.000000000,1980-01-01 00:00:00.000000000,1910-01-01 00:00:00.000000000,2007-11-14 00:00:00.000000000,2007-05-25 18:09:22.377600000,75 days 00:00:00.000000000,75 days 00:00:00.000000000,0 days 00:00:00.000000000
1502,2008-02-06 00:00:00.000000000,2008-02-06 00:00:00.000000000,2008-02-06 00:00:00.000000000,1980-01-01 00:00:00.000000000,1910-01-01 00:00:00.000000000,2007-09-29 05:19:59.980800000,2007-04-09 23:29:22.358400000,129 days 18:40:00.019200000,129 days 18:40:00.019200000,0 days 00:00:00.000000000
1503,2008-01-21 00:00:00.000000000,2008-01-21 00:00:00.000000000,2008-01-21 00:00:00.000000000,1980-01-01 00:00:00.000000000,1910-01-01 00:00:00.000000000,2007-10-26 15:31:45.897600000,2007-05-07 09:41:08.275200000,86 days 08:28:14.102400000,86 days 08:28:14.102400000,0 days 00:00:00.000000000
1504,2008-01-29 00:00:00.000000000,2008-01-29 00:00:00.000000000,2008-01-29 00:00:00.000000000,1980-01-01 00:00:00.000000000,1910-01-01 00:00:00.000000000,2007-11-03 15:31:45.897600000,2007-05-15 09:41:08.275200000,86 days 08:28:14.102400000,86 days 08:28:14.102400000,0 days 00:00:00.000000000
1505,2008-02-12 00:00:00.000000000,2008-02-12 00:00:00.000000000,2008-02-12 00:00:00.000000000,1980-01-01 00:00:00.000000000,1910-01-01 00:00:00.000000000,2007-11-19 10:00:00.028800000,2007-05-31 04:09:22.406400000,84 days 13:59:59.971200000,84 days 13:59:59.971200000,0 days 00:00:00.000000000
1506,2008-02-28 00:00:00.000000000,2008-02-28 00:00:00.000000000,2008-02-28 00:00:00.000000000,1980-01-01 00:00:00.000000000,1910-01-01 00:00:00.000000000,2007-12-05 13:42:51.465600000,2007-06-16 07:52:13.843200000,84 days 10:17:08.534400000,84 days 10:17:08.534400000,0 days 00:00:00.000000000
1507,2008-04-21 00:00:00.000000000,2008-04-21 00:00:00.000000000,2008-04-21 00:00:00.000000000,1980-01-01 00:00:00.000000000,1910-01-01 00:00:00.000000000,2007-11-15 09:36:00.000000000,2007-05-27 03:45:22.377600000,157 days 14:24:00.000000000,157 days 14:24:00.000000000,0 days 00:00:00.000000000
1508,2008-04-03 00:00:00.000000000,2008-04-03 00:00:00.000000000,2008-04-03 00:00:00.000000000,1980-01-01 00:00:00.000000000,1910-01-01 00:00:00.000000000,2008-01-03 17:41:03.148800000,2007-07-15 11:50:25.526400000,90 days 06:18:56.851200000,90 days 06:18:56.851200000,0 days 00:00:00.000000000
1509,2008-03-31 00:00:00.000000000,2008-03-31 00:00:00.000000000,2008-03-31 00:00:00.000000000,1980-01-01 00:00:00.000000000,1910-01-01 00:00:00.000000000,2007-12-31 17:41:03.148800000,2007-07-12 11:50:25.526400000,90 days 06:18:56.851200000,90 days 06:18:56.851200000,0 days 00:00:00.000000000
1510,2008-07-29 00:00:00.000000000,2008-07-29 00:00:00.000000000,2008-07-29 00:00:00.000000000,1980-01-01 00:00:00.000000000,1910-01-01 00:00:00.000000000,2008-03-21 05:19:59.980800000,2007-09-30 23:29:22.358400000,129 days 18:40:00.019200000,129 days 18:40:00.019200000,0 days 00:00:00.000000000
1511,2008-02-21 00:00:00.000000000,2008-02-21 00:00:00.000000000,2008-02-21 00:00:00.000000000,1980-01-01 00:00:00.000000000,1910-01-01 00:00:00.000000000,2007-11-27 16:00:00.028800000,2007-06-08 10:09:22.406400000,85 days 07:59:59.971200000,85 days 07:59:59.971200000,0 days 00:00:00.000000000
1512,2008-06-30 00:00:00.000000000,2008-06-30 00:00:00.000000000,2008-06-30 00:00:00.000000000,1980-01-01 00:00:00.000000000,1910-01-01 00:00:00.000000000,2008-03-26 02:10:54.537600000,2007-10-05 20:20:16.915200000,95 days 21:49:05.462400000,95 days 21:49:05.462400000,0 days 00:00:00.000000000
1513,2008-06-19 00:00:00.000000000,2008-06-19 00:00:00.000000000,2008-06-19 00:00:00.000000000,1980-01-01 00:00:00.000000000,1910-01-01 00:00:00.000000000,2008-03-27 19:02:04.099200000,2007-10-07 13:11:26.476800000,83 days 04:57:55.900800000,83 days 04:57:55.900800000,0 days 00:00:00.000000000
1514,2008-06-19 00:00:00.000000000,2008-06-19 00:00:00.000000000,2008-06-19 00:00:00.000000000,1980-01-01 00:00:00.000000000,1910-01-01 00:00:00.000000000,2008-03-27 19:02:04.099200000,2007-10-07 13:11:26.476800000,83 days 04:57:55.900800000,83 days 04:57:55.900800000,0 days 00:00:00.000000000
1515,2008-06-02 00:00:00.000000000,2008-06-02 00:00:00.000000000,2008-06-02 00:00:00.000000000,1980-01-01 00:00:00.000000000,1910-01-01 00:00:00.000000000,2008-03-03 17:41:03.148800000,2007-09-13 11:50:25.526400000,90 days 06:18:56.851200000,90 days 06:18:56.851200000,0 days 00:00:00.000000000
1516,2008-04-01 00:00:00.000000000,2008-04-01 00:00:00.000000000,2008-04-01 00:00:00.000000000,1980-01-01 00:00:00.000000000,1910-01-01 00:00:00.000000000,2008-01-07 10:00:00.028800000,2007-07-19 04:09:22.406400000,84 days 13:59:59.971200000,84 days 13:59:59.971200000,0 days 00:00:00.000000000
1517,2008-07-16 00:00:00.000000000,2008-07-16 00:00:00.000000000,2008-07-16 00:00:00.000000000,1980-01-01 00:00:00.000000000,1910-01-01 00:00:00.000000000,2008-04-23 19:02:04.099200000,2007-11-03 13:11:26.476800000,83 days 04:57:55.900800000,83 days 04:57:55.900800000,0 days 00:00:00.000000000
1518,2008-07-31 00:00:00.000000000,2008-07-31 00:00:00.000000000,2008-07-31 00:00:00.000000000,1980-01-01 00:00:00.000000000,1910-01-01 00:00:00.000000000,2008-05-08 19:02:04.099200000,2007-11-18 13:11:26.476800000,83 days 04:57:55.900800000,83 days 04:57:55.900800000,0 days 00:00:00.000000000
1519,2008-03-14 00:00:00.000000000,2008-03-14 00:00:00.000000000,2008-03-14 00:00:00.000000000,1980-01-01 00:00:00.000000000,1910-01-01 00:00:00.000000000,2007-12-20 10:00:00.028800000,2007-07-01 04:09:22.406400000,84 days 13:59:59.971200000,84 days 13:59:59.971200000,0 days 00:00:00.000000000
1520,2008-04-03 00:00:00.000000000,2008-04-03 00:00:00.000000000,2008-04-03 00:00:00.000000000,1980-01-01 00:00:00.000000000,1910-01-01 00:00:00.000000000,2008-01-03 17:41:03.148800000,2007-07-15 11:50:25.526400000,90 days 06:18:56.851200000,90 days 06:18:56.851200000,0 days 00:00:00.000000000
1521,2008-03-05 00:00:00.000000000,2008-03-05 00:00:00.000000000,2008-03-05 00:00:00.000000000,1980-01-01 00:00:00.000000000,1910-01-01 00:00:00.000000000,2007-12-15 05:37:49.785600000,2007-06-25 23:47:12.163200000,80 days 18:22:10.214400000,80 days 18:22:10.214400000,0 days 00:00:00.000000000
1522,2008-06-19 00:00:00.000000000,2008-06-19 00:00:00.000000000,2008-06-19 00:00:00.000000000,1980-01-01 00:00:00.000000000,1910-01-01 00:00:00.000000000,2008-03-26 10:00:00.028800000,2007-10-06 04:09:22.406400000,84 days 13:59:59.971200000,84 days 13:59:59.971200000,0 days 00:00:00.000000000
1523,2008-03-12 00:00:00.000000000,2008-03-12 00:00:00.000000000,2008-03-12 00:00:00.000000000,1980-01-01 00:00:00.000000000,1910-01-01 00:00:00.000000000,2008-01-16 16:21:49.075200000,2007-07-28 10:31:11.452800000,55 days 07:38:10.924800000,55 days 07:38:10.924800000,0 days 00:00:00.000000000
1524,2008-06-27 00:00:00.000000000,2008-06-27 00:00:00.000000000,2008-06-27 00:00:00.000000000,1980-01-01 00:00:00.000000000,1910-01-01 00:00:00.000000000,2008-04-01 15:31:45.897600000,2007-10-12 09:41:08.275200000,86 days 08:28:14.102400000,86 days 08:28:14.102400000,0 days 00:00:00.000000000
1525,2008-03-26 00:00:00.000000000,2008-03-26 00:00:00.000000000,2008-03-26 00:00:00.000000000,1980-01-01 00:00:00.000000000,1910-01-01 00:00:00.000000000,2008-01-05 05:37:49.785600000,2007-07-16 23:47:12.163200000,80 days 18:22:10.214400000,80 days 18:22:10.214400000,0 days 00:00:00.000000000
1526,2008-08-07 00:00:00.000000000,2008-08-07 00:00:00.000000000,2008-08-07 00:00:00.000000000,1980-01-01 00:00:00.000000000,1910-01-01 00:00:00.000000000,2008-05-03 02:10:54.537600000,2007-11-12 20:20:16.915200000,95 days 21:49:05.462400000,95 days 21:49:05.462400000,0 days 00:00:00.000000000
1527,2008-06-23 00:00:00.000000000,2008-06-23 00:00:00.000000000,2008-06-23 00:00:00.000000000,1980-01-01 00:00:00.000000000,1910-01-01 00:00:00.000000000,2008-03-19 02:10:54.537600000,2007-09-28 20:20:16.915200000,95 days 21:49:05.462400000,95 days 21:49:05.462400000,0 days 00:00:00.000000000
1528,2008-03-30 00:00:00.000000000,2008-03-30 00:00:00.000000000,2008-03-30 00:00:00.000000000,1980-01-01 00:00:00.000000000,1910-01-01 00:00:00.000000000,2007-10-24 09:36:00.000000000,2007-05-05 03:45:22.377600000,157 days 14:24:00.000000000,157 days 14:24:00.000000000,0 days 00:00:00.000000000
1529,2008-05-26 00:00:00.000000000,2008-05-26 00:00:00.000000000,2008-05-26 00:00:00.000000000,1980-01-01 00:00:00.000000000,1910-01-01 00:00:00.000000000,2008-03-03 19:02:04.099200000,2007-09-13 13:11:26.476800000,83 days 04:57:55.900800000,83 days 04:57:55.900800000,0 days 00:00:00.000000000
1530,2008-05-26 00:00:00.000000000,2008-05-26 00:00:00.000000000,2008-05-26 00:00:00.000000000,1980-01-01 00:00:00.000000000,1910-01-01 00:00:00.000000000,2008-03-03 19:02:04.099200000,2007-09-13 13:11:26.476800000,83 days 04:57:55.900800000,83 days 04:57:55.900800000,0 days 00:00:00.000000000
1531,2008-04-21 00:00:00.000000000,2008-04-21 00:00:00.000000000,2008-04-21 00:00:00.000000000,1980-01-01 00:00:00.000000000,1910-01-01 00:00:00.000000000,2008-02-25 16:21:49.075200000,2007-09-06 10:31:11.452800000,55 days 07:38:10.924800000,55 days 07:38:10.924800000,0 days 00:00:00.000000000
1532,2008-04-14 00:00:00.000000000,2008-04-14 00:00:00.000000000,2008-04-14 00:00:00.000000000,1980-01-01 00:00:00.000000000,1910-01-01 00:00:00.000000000,2008-01-14 17:41:03.148800000,2007-07-26 11:50:25.526400000,90 days 06:18:56.851200000,90 days 06:18:56.851200000,0 days 00:00:00.000000000
1533,2008-06-17 00:00:00.000000000,2008-06-17 00:00:00.000000000,2008-06-17 00:00:00.000000000,1980-01-01 00:00:00.000000000,1910-01-01 00:00:00.000000000,2008-01-11 09:36:00.000000000,2007-07-23 03:45:22.377600000,157 days 14:24:00.000000000,157 days 14:24:00.000000000,0 days 00:00:00.000000000
1534,2008-06-17 00:00:00.000000000,2008-06-17 00:00:00.000000000,2008-06-17 00:00:00.000000000,1980-01-01 00:00:00.000000000,1910-01-01 00:00:00.000000000,2008-01-11 09:36:00.000000000,2007-07-23 03:45:22.377600000,157 days 14:24:00.000000000,157 days 14:24:00.000000000,0 days 00:00:00.000000000
1535,2008-08-21 00:00:00.000000000,2008-08-21 00:00:00.000000000,2008-08-21 00:00:00.000000000,1980-01-01 00:00:00.000000000,1910-01-01 00:00:00.000000000,2008-05-28 13:42:51.465600000,2007-12-08 07:52:13.843200000,84 days 10:17:08.534400000,84 days 10:17:08.534400000,0 days 00:00:00.000000000
1536,2008-08-21 00:00:00.000000000,2008-08-21 00:00:00.000000000,2008-08-21 00:00:00.000000000,1980-01-01 00:00:00.000000000,1910-01-01 00:00:00.000000000,2008-05-28 13:42:51.465600000,2007-12-08 07:52:13.843200000,84 days 10:17:08.534400000,84 days 10:17:08.534400000,0 days 00:00:00.000000000
1537,2008-07-23 00:00:00.000000000,2008-07-23 00:00:00.000000000,2008-07-23 00:00:00.000000000,1980-01-01 00:00:00.000000000,1910-01-01 00:00:00.000000000,2008-04-29 10:00:00.028800000,2007-11-09 04:09:22.406400000,84 days 13:59:59.971200000,84 days 13:59:59.971200000,0 days 00:00:00.000000000
1538,2008-09-26 00:00:00.000000000,2008-09-26 00:00:00.000000000,2008-09-26 00:00:00.000000000,1980-01-01 00:00:00.000000000,1910-01-01 00:00:00.000000000,2008-05-19 05:19:59.980800000,2007-11-28 23:29:22.358400000,129 days 18:40:00.019200000,129 days 18:40:00.019200000,0 days 00:00:00.000000000
1539,2008-12-08 00:00:00.000000000,2008-12-08 00:00:00.000000000,2008-12-08 00:00:00.000000000,1980-01-01 00:00:00.000000000,1910-01-01 00:00:00.000000000,2008-09-14 10:00:00.028800000,2008-03-26 04:09:22.406400000,84 days 13:59:59.971200000,84 days 13:59:59.971200000,0 days 00:00:00.000000000
1540,2008-12-19 00:00:00.000000000,2008-12-19 00:00:00.000000000,2008-12-19 00:00:00.000000000,1980-01-01 00:00:00.000000000,1910-01-01 00:00:00.000000000,2008-09-23 15:31:45.897600000,2008-04-04 09:41:08.275200000,86 days 08:28:14.102400000,86 days 08:28:14.102400000,0 days 00:00:00.000000000
1541,2008-11-17 00:00:00.000000000,2008-11-17 00:00:00.000000000,2008-11-17 00:00:00.000000000,1980-01-01 00:00:00.000000000,1910-01-01 00:00:00.000000000,2008-08-18 17:41:03.148800000,2008-02-28 11:50:25.526400000,90 days 06:18:56.851200000,90 days 06:18:56.851200000,0 days 00:00:00.000000000
1542,2008-11-21 00:00:00.000000000,2008-11-21 00:00:00.000000000,2008-11-21 00:00:00.000000000,1980-01-01 00:00:00.000000000,1910-01-01 00:00:00.000000000,2008-08-26 15:31:45.897600000,2008-03-07 09:41:08.275200000,86 days 08:28:14.102400000,86 days 08:28:14.102400000,0 days 00:00:00.000000000
1543,2008-11-26 00:00:00.000000000,2008-11-26 00:00:00.000000000,2008-11-26 00:00:00.000000000,1980-01-01 00:00:00.000000000,1910-01-01 00:00:00.000000000,2008-09-03 19:02:04.099200000,2008-03-15 13:11:26.476800000,83 days 04:57:55.900800000,83 days 04:57:55.900800000,0 days 00:00:00.000000000
1544,2008-11-17 00:00:00.000000000,2008-11-17 00:00:00.000000000,2008-11-17 00:00:00.000000000,1980-01-01 00:00:00.000000000,1910-01-01 00:00:00.000000000,2008-08-28 05:37:49.785600000,2008-03-08 23:47:12.163200000,80 days 18:22:10.214400000,80 days 18:22:10.214400000,0 days 00:00:00.000000000
1545,2009-03-02 00:00:00.000000000,2009-03-02 00:00:00.000000000,2009-03-02 00:00:00.000000000,1980-01-01 00:00:00.000000000,1910-01-01 00:00:00.000000000,2008-11-12 21:36:00.000000000,2008-05-24 15:45:22.377600000,109 days 02:24:00.000000000,109 days 02:24:00.000000000,0 days 00:00:00.000000000
1546,2009-02-09 00:00:00.000000000,2009-02-09 00:00:00.000000000,2009-02-09 00:00:00.000000000,1980-01-01 00:00:00.000000000,1910-01-01 00:00:00.000000000,2008-10-23 14:36:31.334400000,2008-05-04 08:45:53.712000000,108 days 09:23:28.665600000,108 days 09:23:28.665600000,0 days 00:00:00.000000000
1547,2008-09-10 00:00:00.000000000,2008-09-10 00:00:00.000000000,2008-09-10 00:00:00.000000000,1980-01-01 00:00:00.000000000,1910-01-01 00:00:00.000000000,2008-06-18 19:02:04.099200000,2007-12-29 13:11:26.476800000,83 days 04:57:55.900800000,83 days 04:57:55.900800000,0 days 00:00:00.000000000
1548,2008-09-12 00:00:00.000000000,2008-09-12 00:00:00.000000000,2008-09-12 00:00:00.000000000,1980-01-01 00:00:00.000000000,1910-01-01 00:00:00.000000000,2008-04-07 09:36:00.000000000,2007-10-18 03:45:22.377600000,157 days 14:24:00.000000000,157 days 14:24:00.000000000,0 days 00:00:00.000000000
1549,2008-07-26 00:00:00.000000000,2008-07-26 00:00:00.000000000,2008-07-26 00:00:00.000000000,1980-01-01 00:00:00.000000000,1910-01-01 00:00:00.000000000,2008-02-19 09:36:00.000000000,2007-08-31 03:45:22.377600000,157 days 14:24:00.000000000,157 days 14:24:00.000000000,0 days 00:00:00.000000000
1550,2008-12-09 00:00:00.000000000,2008-12-09 00:00:00.000000000,2008-12-09 00:00:00.000000000,1980-01-01 00:00:00.000000000,1910-01-01 00:00:00.000000000,2008-09-15 13:42:51.465600000,2008-03-27 07:52:13.843200000,84 days 10:17:08.534400000,84 days 10:17:08.534400000,0 days 00:00:00.000000000
1551,2008-10-07 00:00:00.000000000,2008-10-07 00:00:00.000000000,2008-10-07 00:00:00.000000000,1980-01-01 00:00:00.000000000,1910-01-01 00:00:00.000000000,2008-07-12 15:31:45.897600000,2008-01-22 09:41:08.275200000,86 days 08:28:14.102400000,86 days 08:28:14.102400000,0 days 00:00:00.000000000
1552,2008-12-09 00:00:00.000000000,2008-12-09 00:00:00.000000000,2008-12-09 00:00:00.000000000,1980-01-01 00:00:00.000000000,1910-01-01 00:00:00.000000000,2008-09-15 13:42:51.465600000,2008-03-27 07:52:13.843200000,84 days 10:17:08.534400000,84 days 10:17:08.534400000,0 days 00:00:00.000000000
1553,2009-03-03 00:00:00.000000000,2009-03-03 00:00:00.000000000,2009-03-03 00:00:00.000000000,1980-01-01 00:00:00.000000000,1910-01-01 00:00:00.000000000,2008-12-11 13:05:27.312000000,2008-06-22 07:14:49.689600000,81 days 10:54:32.688000000,81 days 10:54:32.688000000,0 days 00:00:00.000000000
1554,2009-03-06 00:00:00.000000000,2009-03-06 00:00:00.000000000,2009-03-06 00:00:00.000000000,1980-01-01 00:00:00.000000000,1910-01-01 00:00:00.000000000,2008-11-16 01:32:54.182400000,2008-05-27 19:42:16.560000000,109 days 22:27:05.817600000,109 days 22:27:05.817600000,0 days 00:00:00.000000000
1555,2009-03-03 00:00:00.000000000,2009-03-03 00:00:00.000000000,2009-03-03 00:00:00.000000000,1980-01-01 00:00:00.000000000,1910-01-01 00:00:00.000000000,2008-12-16 23:06:40.003200000,2008-06-27 17:16:02.380800000,76 days 00:53:19.996800000,76 days 00:53:19.996800000,0 days 00:00:00.000000000
1556,2009-03-05 00:00:00.000000000,2009-03-05 00:00:00.000000000,2009-03-05 00:00:00.000000000,1980-01-01 00:00:00.000000000,1910-01-01 00:00:00.000000000,2009-01-13 07:12:00.000000000,2008-07-25 01:21:22.377600000,50 days 16:48:00.000000000,50 days 16:48:00.000000000,0 days 00:00:00.000000000
1557,2009-04-08 00:00:00.000000000,2009-04-08 00:00:00.000000000,2009-04-08 00:00:00.000000000,1980-01-01 00:00:00.000000000,1910-01-01 00:00:00.000000000,2009-02-16 07:12:00.000000000,2008-08-28 01:21:22.377600000,50 days 16:48:00.000000000,50 days 16:48:00.000000000,0 days 00:00:00.000000000
1558,2008-11-04 00:00:00.000000000,2008-11-04 00:00:00.000000000,2008-11-04 00:00:00.000000000,1980-01-01 00:00:00.000000000,1910-01-01 00:00:00.000000000,2008-08-05 17:41:03.148800000,2008-02-15 11:50:25.526400000,90 days 06:18:56.851200000,90 days 06:18:56.851200000,0 days 00:00:00.000000000
1559,2009-01-19 00:00:00.000000000,2009-01-19 00:00:00.000000000,2009-01-19 00:00:00.000000000,1980-01-01 00:00:00.000000000,1910-01-01 00:00:00.000000000,2008-10-02 14:36:31.334400000,2008-04-13 08:45:53.712000000,108 days 09:23:28.665600000,108 days 09:23:28.665600000,0 days 00:00:00.000000000
1560,2009-02-11 00:00:00.000000000,2009-02-11 00:00:00.000000000,2009-02-11 00:00:00.000000000,1980-01-01 00:00:00.000000000,1910-01-01 00:00:00.000000000,2008-12-04 06:00:00.000000000,2008-06-15 00:09:22.377600000,68 days 18:00:00.000000000,68 days 18:00:00.000000000,0 days 00:00:00.000000000
1561,2008-11-27 00:00:00.000000000,2008-11-27 00:00:00.000000000,2008-11-27 00:00:00.000000000,1980-01-01 00:00:00.000000000,1910-01-01 00:00:00.000000000,2008-09-03 13:42:51.465600000,2008-03-15 07:52:13.843200000,84 days 10:17:08.534400000,84 days 10:17:08.534400000,0 days 00:00:00.000000000
1562,2009-03-20 00:00:00.000000000,2009-03-20 00:00:00.000000000,2009-03-20 00:00:00.000000000,1980-01-01 00:00:00.000000000,1910-01-01 00:00:00.000000000,2008-12-28 13:05:27.312000000,2008-07-09 07:14:49.689600000,81 days 10:54:32.688000000,81 days 10:54:32.688000000,0 days 00:00:00.000000000
1563,2008-11-14 00:00:00.000000000,2008-11-14 00:00:00.000000000,2008-11-14 00:00:00.000000000,1980-01-01 00:00:00.000000000,1910-01-01 00:00:00.000000000,2008-08-10 02:10:54.537600000,2008-02-19 20:20:16.915200000,95 days 21:49:05.462400000,95 days 21:49:05.462400000,0 days 00:00:00.000000000
1564,2008-10-02 00:00:00.000000000,2008-10-02 00:00:00.000000000,2008-10-02 00:00:00.000000000,1980-01-01 00:00:00.000000000,1910-01-01 00:00:00.000000000,2008-07-10 19:02:04.099200000,2008-01-20 13:11:26.476800000,83 days 04:57:55.900800000,83 days 04:57:55.900800000,0 days 00:00:00.000000000
1565,2009-02-16 00:00:00.000000000,2009-02-16 00:00:00.000000000,2009-02-16 00:00:00.000000000,1980-01-01 00:00:00.000000000,1910-01-01 00:00:00.000000000,2008-10-30 14:36:31.334400000,2008-05-11 08:45:53.712000000,108 days 09:23:28.665600000,108 days 09:23:28.665600000,0 days 00:00:00.000000000
1566,2008-11-27 00:00:00.000000000,2008-11-27 00:00:00.000000000,2008-11-27 00:00:00.000000000,1980-01-01 00:00:00.000000000,1910-01-01 00:00:00.000000000,2008-09-01 15:31:45.897600000,2008-03-13 09:41:08.275200000,86 days 08:28:14.102400000,86 days 08:28:14.102400000,0 days 00:00:00.000000000
1567,2008-10-08 00:00:00.000000000,2008-10-08 00:00:00.000000000,2008-10-08 00:00:00.000000000,1980-01-01 00:00:00.000000000,1910-01-01 00:00:00.000000000,2008-07-15 13:42:51.465600000,2008-01-25 07:52:13.843200000,84 days 10:17:08.534400000,84 days 10:17:08.534400000,0 days 00:00:00.000000000
1568,2009-04-09 00:00:00.000000000,2009-04-09 00:00:00.000000000,2009-04-09 00:00:00.000000000,1980-01-01 00:00:00.000000000,1910-01-01 00:00:00.000000000,2009-01-03 07:38:10.924800000,2008-07-15 01:47:33.302400000,95 days 16:21:49.075200000,95 days 16:21:49.075200000,0 days 00:00:00.000000000
1569,2009-04-23 00:00:00.000000000,2009-04-23 00:00:00.000000000,2009-04-23 00:00:00.000000000,1980-01-01 00:00:00.000000000,1910-01-01 00:00:00.000000000,2009-02-13 06:00:00.000000000,2008-08-25 00:09:22.377600000,68 days 18:00:00.000000000,68 days 18:00:00.000000000,0 days 00:00:00.000000000
1570,2009-05-08 00:00:00.000000000,2009-05-08 00:00:00.000000000,2009-05-08 00:00:00.000000000,1980-01-01 00:00:00.000000000,1910-01-01 00:00:00.000000000,2009-01-19 14:36:31.334400000,2008-07-31 08:45:53.712000000,108 days 09:23:28.665600000,108 days 09:23:28.665600000,0 days 00:00:00.000000000
1571,2009-05-19 00:00:00.000000000,2009-05-19 00:00:00.000000000,2009-05-19 00:00:00.000000000,1980-01-01 00:00:00.000000000,1910-01-01 00:00:00.000000000,2009-03-03 23:06:40.003200000,2008-09-12 17:16:02.380800000,76 days 00:53:19.996800000,76 days 00:53:19.996800000,0 days 00:00:00.000000000
1572,2009-05-14 00:00:00.000000000,2009-05-14 00:00:00.000000000,2009-05-14 00:00:00.000000000,1980-01-01 00:00:00.000000000,1910-01-01 00:00:00.000000000,2009-01-25 14:36:31.334400000,2008-08-06 08:45:53.712000000,108 days 09:23:28.665600000,108 days 09:23:28.665600000,0 days 00:00:00.000000000
1573,2009-05-14 00:00:00.000000000,2009-05-14 00:00:00.000000000,2009-05-14 00:00:00.000000000,1980-01-01 00:00:00.000000000,1910-01-01 00:00:00.000000000,2009-01-25 14:36:31.334400000,2008-08-06 08:45:53.712000000,108 days 09:23:28.665600000,108 days 09:23:28.665600000,0 days 00:00:00.000000000
1574,2009-06-24 00:00:00.000000000,2009-06-24 00:00:00.000000000,2009-06-24 00:00:00.000000000,1980-01-01 00:00:00.000000000,1910-01-01 00:00:00.000000000,2009-05-04 07:12:00.000000000,2008-11-13 01:21:22.377600000,50 days 16:48:00.000000000,50 days 16:48:00.000000000,0 days 00:00:00.000000000
1575,2009-06-28 00:00:00.000000000,2009-06-28 00:00:00.000000000,2009-06-28 00:00:00.000000000,1980-01-01 00:00:00.000000000,1910-01-01 00:00:00.000000000,2009-03-04 09:13:50.736000000,2008-09-13 03:23:13.113600000,115 days 14:46:09.264000000,115 days 14:46:09.264000000,0 days 00:00:00.000000000
1576,2009-06-01 00:00:00.000000000,2009-06-01 00:00:00.000000000,2009-06-01 00:00:00.000000000,1980-01-01 00:00:00.000000000,1910-01-01 00:00:00.000000000,2009-04-11 07:12:00.000000000,2008-10-21 01:21:22.377600000,50 days 16:48:00.000000000,50 days 16:48:00.000000000,0 days 00:00:00.000000000
1577,2009-06-16 00:00:00.000000000,2009-06-16 00:00:00.000000000,2009-06-16 00:00:00.000000000,1980-01-01 00:00:00.000000000,1910-01-01 00:00:00.000000000,2009-02-20 09:13:50.736000000,2008-09-01 03:23:13.113600000,115 days 14:46:09.264000000,115 days 14:46:09.264000000,0 days 00:00:00.000000000
1578,2009-08-12 00:00:00.000000000,2009-08-12 00:00:00.000000000,2009-08-12 00:00:00.000000000,1970-01-01 00:00:00.000000000,1910-01-01 00:00:00.000000000,2009-05-26 05:11:48.624000000,2008-12-04 23:21:11.001600000,77 days 18:48:11.376000000,77 days 18:48:11.376000000,0 days 00:00:00.000000000
1579,2009-06-10 00:00:00.000000000,2009-06-10 00:00:00.000000000,2009-06-10 00:00:00.000000000,1980-01-01 00:00:00.000000000,1910-01-01 00:00:00.000000000,2009-02-20 21:36:00.000000000,2008-09-01 15:45:22.377600000,109 days 02:24:00.000000000,109 days 02:24:00.000000000,0 days 00:00:00.000000000
1580,2009-06-15 00:00:00.000000000,2009-06-15 00:00:00.000000000,2009-06-15 00:00:00.000000000,1980-01-01 00:00:00.000000000,1910-01-01 00:00:00.000000000,2009-02-25 21:36:00.000000000,2008-09-06 15:45:22.377600000,109 days 02:24:00.000000000,109 days 02:24:00.000000000,0 days 00:00:00.000000000
1581,2009-06-15 00:00:00.000000000,2009-06-15 00:00:00.000000000,2009-06-15 00:00:00.000000000,1980-01-01 00:00:00.000000000,1910-01-01 00:00:00.000000000,2009-02-25 21:36:00.000000000,2008-09-06 15:45:22.377600000,109 days 02:24:00.000000000,109 days 02:24:00.000000000,0 days 00:00:00.000000000
1582,2009-06-16 00:00:00.000000000,2009-06-16 00:00:00.000000000,2009-06-16 00:00:00.000000000,1980-01-01 00:00:00.000000000,1910-01-01 00:00:00.000000000,2009-02-27 14:36:31.334400000,2008-09-08 08:45:53.712000000,108 days 09:23:28.665600000,108 days 09:23:28.665600000,0 days 00:00:00.000000000
1583,2009-06-22 00:00:00.000000000,2009-06-22 00:00:00.000000000,2009-06-22 00:00:00.000000000,1980-01-01 00:00:00.000000000,1910-01-01 00:00:00.000000000,2009-02-15 14:24:00.000000000,2008-08-27 08:33:22.377600000,126 days 09:36:00.000000000,126 days 09:36:00.000000000,0 days 00:00:00.000000000
1584,2009-06-16 00:00:00.000000000,2009-06-16 00:00:00.000000000,2009-06-16 00:00:00.000000000,1980-01-01 00:00:00.000000000,1910-01-01 00:00:00.000000000,2009-02-27 14:36:31.334400000,2008-09-08 08:45:53.712000000,108 days 09:23:28.665600000,108 days 09:23:28.665600000,0 days 00:00:00.000000000
1585,2009-07-14 00:00:00.000000000,2009-07-14 00:00:00.000000000,2009-07-14 00:00:00.000000000,1970-01-01 00:00:00.000000000,1910-01-01 00:00:00.000000000,2009-03-25 04:55:23.059200000,2008-10-03 23:04:45.436800000,110 days 19:04:36.940800000,110 days 19:04:36.940800000,0 days 00:00:00.000000000
1586,2009-07-16 00:00:00.000000000,2009-07-16 00:00:00.000000000,2009-07-16 00:00:00.000000000,1970-01-01 00:00:00.000000000,1910-01-01 00:00:00.000000000,2009-05-15 14:04:08.284800000,2008-11-24 08:13:30.662400000,61 days 09:55:51.715200000,61 days 09:55:51.715200000,0 days 00:00:00.000000000
1587,2009-07-16 00:00:00.000000000,2009-07-16 00:00:00.000000000,2009-07-16 00:00:00.000000000,1970-01-01 00:00:00.000000000,1910-01-01 00:00:00.000000000,2009-03-27 04:55:23.059200000,2008-10-05 23:04:45.436800000,110 days 19:04:36.940800000,110 days 19:04:36.940800000,0 days 00:00:00.000000000
1588,2009-07-16 00:00:00.000000000,2009-07-16 00:00:00.000000000,2009-07-16 00:00:00.000000000,1970-01-01 00:00:00.000000000,1910-01-01 00:00:00.000000000,2009-03-27 04:55:23.059200000,2008-10-05 23:04:45.436800000,110 days 19:04:36.940800000,110 days 19:04:36.940800000,0 days 00:00:00.000000000
1589,2009-08-04 00:00:00.000000000,2009-08-04 00:00:00.000000000,2009-08-04 00:00:00.000000000,1970-01-01 00:00:00.000000000,1910-01-01 00:00:00.000000000,2009-04-17 14:36:31.334400000,2008-10-27 08:45:53.712000000,108 days 09:23:28.665600000,108 days 09:23:28.665600000,0 days 00:00:00.000000000
1590,2009-08-04 00:00:00.000000000,2009-08-04 00:00:00.000000000,2009-08-04 00:00:00.000000000,1970-01-01 00:00:00.000000000,1910-01-01 00:00:00.000000000,2009-04-17 14:36:31.334400000,2008-10-27 08:45:53.712000000,108 days 09:23:28.665600000,108 days 09:23:28.665600000,0 days 00:00:00.000000000
1591,2009-08-04 00:00:00.000000000,2009-08-04 00:00:00.000000000,2009-08-04 00:00:00.000000000,1970-01-01 00:00:00.000000000,1910-01-01 00:00:00.000000000,2009-04-17 14:36:31.334400000,2008-10-27 08:45:53.712000000,108 days 09:23:28.665600000,108 days 09:23:28.665600000,0 days 00:00:00.000000000
1592,2009-08-04 00:00:00.000000000,2009-08-04 00:00:00.000000000,2009-08-04 00:00:00.000000000,1970-01-01 00:00:00.000000000,1910-01-01 00:00:00.000000000,2009-04-17 14:36:31.334400000,2008-10-27 08:45:53.712000000,108 days 09:23:28.665600000,108 days 09:23:28.665600000,0 days 00:00:00.000000000
1593,2009-08-11 00:00:00.000000000,2009-08-11 00:00:00.000000000,2009-08-11 00:00:00.000000000,1970-01-01 00:00:00.000000000,1910-01-01 00:00:00.000000000,2009-04-22 04:55:23.059200000,2008-10-31 23:04:45.436800000,110 days 19:04:36.940800000,110 days 19:04:36.940800000,0 days 00:00:00.000000000
1594,2009-09-08 00:00:00.000000000,2009-09-08 00:00:00.000000000,2009-09-08 00:00:00.000000000,1970-01-01 00:00:00.000000000,1910-01-01 00:00:00.000000000,2009-05-20 04:55:23.059200000,2008-11-28 23:04:45.436800000,110 days 19:04:36.940800000,110 days 19:04:36.940800000,0 days 00:00:00.000000000
1595,2009-08-04 00:00:00.000000000,2009-08-04 00:00:00.000000000,2009-08-04 00:00:00.000000000,1970-01-01 00:00:00.000000000,1910-01-01 00:00:00.000000000,2009-04-17 14:36:31.334400000,2008-10-27 08:45:53.712000000,108 days 09:23:28.665600000,108 days 09:23:28.665600000,0 days 00:00:00.000000000
1596,2009-08-27 00:00:00.000000000,2009-09-17 00:00:00.000000000,2009-09-17 00:00:00.000000000,1970-01-01 00:00:00.000000000,1910-01-01 00:00:00.000000000,2009-05-03 09:13:50.736000000,2008-11-12 03:23:13.113600000,115 days 14:46:09.264000000,136 days 14:46:09.264000000,21 days 00:00:00.000000000
1597,2009-10-07 00:00:00.000000000,2009-10-07 00:00:00.000000000,2009-10-07 00:00:00.000000000,1970-01-01 00:00:00.000000000,1910-01-01 00:00:00.000000000,2009-06-13 09:13:50.736000000,2008-12-23 03:23:13.113600000,115 days 14:46:09.264000000,115 days 14:46:09.264000000,0 days 00:00:00.000000000
1598,2009-10-07 00:00:00.000000000,2009-10-07 00:00:00.000000000,2009-10-07 00:00:00.000000000,1970-01-01 00:00:00.000000000,1910-01-01 00:00:00.000000000,2009-06-13 09:13:50.736000000,2008-12-23 03:23:13.113600000,115 days 14:46:09.264000000,115 days 14:46:09.264000000,0 days 00:00:00.000000000
1599,2009-09-22 00:00:00.000000000,2009-09-22 00:00:00.000000000,2009-09-22 00:00:00.000000000,1970-01-01 00:00:00.000000000,1910-01-01 00:00:00.000000000,2009-05-18 14:24:00.000000000,2008-11-27 08:33:22.377600000,126 days 09:36:00.000000000,126 days 09:36:00.000000000,0 days 00:00:00.000000000
1600,2009-10-20 00:00:00.000000000,2009-10-20 00:00:00.000000000,2009-10-20 00:00:00.000000000,1970-01-01 00:00:00.000000000,1910-01-01 00:00:00.000000000,2009-07-03 14:36:31.334400000,2009-01-12 08:45:53.712000000,108 days 09:23:28.665600000,108 days 09:23:28.665600000,0 days 00:00:00.000000000
1601,2009-10-20 00:00:00.000000000,2009-10-20 00:00:00.000000000,2009-10-20 00:00:00.000000000,1970-01-01 00:00:00.000000000,1910-01-01 00:00:00.000000000,2009-07-03 14:36:31.334400000,2009-01-12 08:45:53.712000000,108 days 09:23:28.665600000,108 days 09:23:28.665600000,0 days 00:00:00.000000000
1602,2009-10-13 00:00:00.000000000,2009-10-13 00:00:00.000000000,2009-10-13 00:00:00.000000000,1970-01-01 00:00:00.000000000,1910-01-01 00:00:00.000000000,2009-06-25 21:36:00.000000000,2009-01-04 15:45:22.377600000,109 days 02:24:00.000000000,109 days 02:24:00.000000000,0 days 00:00:00.000000000
1603,2009-10-21 00:00:00.000000000,2009-10-21 00:00:00.000000000,2009-10-21 00:00:00.000000000,1970-01-01 00:00:00.000000000,1910-01-01 00:00:00.000000000,2009-08-05 23:06:40.003200000,2009-02-14 17:16:02.380800000,76 days 00:53:19.996800000,76 days 00:53:19.996800000,0 days 00:00:00.000000000
1604,2009-09-30 00:00:00.000000000,2009-08-12 00:00:00.000000000,2009-08-12 00:00:00.000000000,1970-01-01 00:00:00.000000000,1910-01-01 00:00:00.000000000,2009-07-14 05:11:48.624000000,2009-01-22 23:21:11.001600000,77 days 18:48:11.376000000,28 days 18:48:11.376000000,-49 days +00:00:00.000000000
1605,2010-01-14 00:00:00.000000000,2010-01-14 00:00:00.000000000,2010-01-14 00:00:00.000000000,1970-01-01 00:00:00.000000000,1910-01-01 00:00:00.000000000,2009-09-22 10:30:00.000000000,2009-04-03 04:39:22.377600000,113 days 13:30:00.000000000,113 days 13:30:00.000000000,0 days 00:00:00.000000000
1606,2007-03-17 00:00:00.000000000,2007-03-17 00:00:00.000000000,2007-03-17 00:00:00.000000000,1980-01-01 00:00:00.000000000,1910-01-01 00:00:00.000000000,2007-02-01 02:39:59.990400000,2006-08-12 20:49:22.368000000,43 days 21:20:00.009600000,43 days 21:20:00.009600000,0 days 00:00:00.000000000
1607,2007-03-15 00:00:00.000000000,2007-03-15 00:00:00.000000000,2007-03-15 00:00:00.000000000,1980-01-01 00:00:00.000000000,1910-01-01 00:00:00.000000000,2006-12-24 04:48:00.000000000,2006-07-04 22:57:22.377600000,80 days 19:12:00.000000000,80 days 19:12:00.000000000,0 days 00:00:00.000000000
1608,2007-03-15 00:00:00.000000000,2007-03-15 00:00:00.000000000,2007-03-15 00:00:00.000000000,1980-01-01 00:00:00.000000000,1910-01-01 00:00:00.000000000,2006-12-24 04:48:00.000000000,2006-07-04 22:57:22.377600000,80 days 19:12:00.000000000,80 days 19:12:00.000000000,0 days 00:00:00.000000000
1609,2007-04-02 00:00:00.000000000,2007-04-02 00:00:00.000000000,2007-04-02 00:00:00.000000000,1980-01-01 00:00:00.000000000,1910-01-01 00:00:00.000000000,2007-01-07 12:00:00.000000000,2006-07-19 06:09:22.377600000,84 days 12:00:00.000000000,84 days 12:00:00.000000000,0 days 00:00:00.000000000
1610,2007-04-17 00:00:00.000000000,2007-04-17 00:00:00.000000000,2007-04-17 00:00:00.000000000,1980-01-01 00:00:00.000000000,1910-01-01 00:00:00.000000000,2007-03-09 14:24:00.000000000,2006-09-18 08:33:22.377600000,38 days 09:36:00.000000000,38 days 09:36:00.000000000,0 days 00:00:00.000000000
1611,2007-05-04 00:00:00.000000000,2007-05-04 00:00:00.000000000,2007-05-04 00:00:00.000000000,1980-01-01 00:00:00.000000000,1910-01-01 00:00:00.000000000,2007-02-12 04:48:00.000000000,2006-08-23 22:57:22.377600000,80 days 19:12:00.000000000,80 days 19:12:00.000000000,0 days 00:00:00.000000000
1612,2007-04-30 00:00:00.000000000,2007-04-30 00:00:00.000000000,2007-04-30 00:00:00.000000000,1980-01-01 00:00:00.000000000,1910-01-01 00:00:00.000000000,2007-02-08 04:48:00.000000000,2006-08-19 22:57:22.377600000,80 days 19:12:00.000000000,80 days 19:12:00.000000000,0 days 00:00:00.000000000
1613,2007-06-06 00:00:00.000000000,2007-06-06 00:00:00.000000000,2007-06-06 00:00:00.000000000,1980-01-01 00:00:00.000000000,1910-01-01 00:00:00.000000000,2007-04-11 00:00:00.000000000,2006-10-20 18:09:22.377600000,56 days 00:00:00.000000000,56 days 00:00:00.000000000,0 days 00:00:00.000000000
1614,2007-04-18 00:00:00.000000000,2007-04-18 00:00:00.000000000,2007-04-18 00:00:00.000000000,1980-01-01 00:00:00.000000000,1910-01-01 00:00:00.000000000,2007-02-20 16:00:00.028800000,2006-09-01 10:09:22.406400000,56 days 07:59:59.971200000,56 days 07:59:59.971200000,0 days 00:00:00.000000000
1615,2007-05-23 00:00:00.000000000,2007-05-23 00:00:00.000000000,2007-05-23 00:00:00.000000000,1980-01-01 00:00:00.000000000,1910-01-01 00:00:00.000000000,2007-04-14 14:24:00.000000000,2006-10-24 08:33:22.377600000,38 days 09:36:00.000000000,38 days 09:36:00.000000000,0 days 00:00:00.000000000
1616,2007-05-21 00:00:00.000000000,2007-05-21 00:00:00.000000000,2007-05-21 00:00:00.000000000,1980-01-01 00:00:00.000000000,1910-01-01 00:00:00.000000000,2007-02-25 12:00:00.000000000,2006-09-06 06:09:22.377600000,84 days 12:00:00.000000000,84 days 12:00:00.000000000,0 days 00:00:00.000000000
1617,2007-03-17 00:00:00.000000000,2007-03-17 00:00:00.000000000,2007-03-17 00:00:00.000000000,1980-01-01 00:00:00.000000000,1910-01-01 00:00:00.000000000,2007-02-01 02:39:59.990400000,2006-08-12 20:49:22.368000000,43 days 21:20:00.009600000,43 days 21:20:00.009600000,0 days 00:00:00.000000000
1618,2007-04-20 00:00:00.000000000,2007-04-20 00:00:00.000000000,2007-04-20 00:00:00.000000000,1980-01-01 00:00:00.000000000,1910-01-01 00:00:00.000000000,2007-01-25 12:00:00.000000000,2006-08-06 06:09:22.377600000,84 days 12:00:00.000000000,84 days 12:00:00.000000000,0 days 00:00:00.000000000
1619,2007-05-14 00:00:00.000000000,2007-05-14 00:00:00.000000000,2007-05-14 00:00:00.000000000,1980-01-01 00:00:00.000000000,1910-01-01 00:00:00.000000000,2007-03-31 02:39:59.990400000,2006-10-09 20:49:22.368000000,43 days 21:20:00.009600000,43 days 21:20:00.009600000,0 days 00:00:00.000000000
1620,2007-05-14 00:00:00.000000000,2007-05-14 00:00:00.000000000,2007-05-14 00:00:00.000000000,1980-01-01 00:00:00.000000000,1910-01-01 00:00:00.000000000,2007-03-31 02:39:59.990400000,2006-10-09 20:49:22.368000000,43 days 21:20:00.009600000,43 days 21:20:00.009600000,0 days 00:00:00.000000000
1621,2007-04-30 00:00:00.000000000,2007-04-30 00:00:00.000000000,2007-04-30 00:00:00.000000000,1980-01-01 00:00:00.000000000,1910-01-01 00:00:00.000000000,2007-02-08 04:48:00.000000000,2006-08-19 22:57:22.377600000,80 days 19:12:00.000000000,80 days 19:12:00.000000000,0 days 00:00:00.000000000
1622,2007-06-28 00:00:00.000000000,2007-06-28 00:00:00.000000000,2007-06-28 00:00:00.000000000,1980-01-01 00:00:00.000000000,1910-01-01 00:00:00.000000000,2007-04-08 04:48:00.000000000,2006-10-17 22:57:22.377600000,80 days 19:12:00.000000000,80 days 19:12:00.000000000,0 days 00:00:00.000000000
1623,2007-06-25 00:00:00.000000000,2007-06-25 00:00:00.000000000,2007-06-25 00:00:00.000000000,1980-01-01 00:00:00.000000000,1910-01-01 00:00:00.000000000,2007-04-05 04:48:00.000000000,2006-10-14 22:57:22.377600000,80 days 19:12:00.000000000,80 days 19:12:00.000000000,0 days 00:00:00.000000000
1624,2007-07-05 00:00:00.000000000,2007-07-05 00:00:00.000000000,2007-07-05 00:00:00.000000000,1980-01-01 00:00:00.000000000,1910-01-01 00:00:00.000000000,2007-04-15 04:48:00.000000000,2006-10-24 22:57:22.377600000,80 days 19:12:00.000000000,80 days 19:12:00.000000000,0 days 00:00:00.000000000
1625,2007-06-14 00:00:00.000000000,2007-06-14 00:00:00.000000000,2007-06-14 00:00:00.000000000,1980-01-01 00:00:00.000000000,1910-01-01 00:00:00.000000000,2007-03-21 12:00:00.000000000,2006-09-30 06:09:22.377600000,84 days 12:00:00.000000000,84 days 12:00:00.000000000,0 days 00:00:00.000000000
1626,2007-06-12 00:00:00.000000000,2007-06-12 00:00:00.000000000,2007-06-12 00:00:00.000000000,1980-01-01 00:00:00.000000000,1910-01-01 00:00:00.000000000,2007-03-19 12:00:00.000000000,2006-09-28 06:09:22.377600000,84 days 12:00:00.000000000,84 days 12:00:00.000000000,0 days 00:00:00.000000000
1627,2007-06-20 00:00:00.000000000,2007-06-20 00:00:00.000000000,2007-06-20 00:00:00.000000000,1980-01-01 00:00:00.000000000,1910-01-01 00:00:00.000000000,2007-03-27 12:00:00.000000000,2006-10-06 06:09:22.377600000,84 days 12:00:00.000000000,84 days 12:00:00.000000000,0 days 00:00:00.000000000
1628,2007-06-15 00:00:00.000000000,2007-06-15 00:00:00.000000000,2007-06-15 00:00:00.000000000,1980-01-01 00:00:00.000000000,1910-01-01 00:00:00.000000000,2007-03-26 04:48:00.000000000,2006-10-04 22:57:22.377600000,80 days 19:12:00.000000000,80 days 19:12:00.000000000,0 days 00:00:00.000000000
1629,2007-06-15 00:00:00.000000000,2007-06-15 00:00:00.000000000,2007-06-15 00:00:00.000000000,1980-01-01 00:00:00.000000000,1910-01-01 00:00:00.000000000,2007-03-26 04:48:00.000000000,2006-10-04 22:57:22.377600000,80 days 19:12:00.000000000,80 days 19:12:00.000000000,0 days 00:00:00.000000000
1630,2007-05-22 00:00:00.000000000,2007-05-22 00:00:00.000000000,2007-05-22 00:00:00.000000000,1980-01-01 00:00:00.000000000,1910-01-01 00:00:00.000000000,2007-04-08 02:39:59.990400000,2006-10-17 20:49:22.368000000,43 days 21:20:00.009600000,43 days 21:20:00.009600000,0 days 00:00:00.000000000
1631,2007-05-22 00:00:00.000000000,2007-05-22 00:00:00.000000000,2007-05-22 00:00:00.000000000,1980-01-01 00:00:00.000000000,1910-01-01 00:00:00.000000000,2007-04-08 02:39:59.990400000,2006-10-17 20:49:22.368000000,43 days 21:20:00.009600000,43 days 21:20:00.009600000,0 days 00:00:00.000000000
1632,2007-05-24 00:00:00.000000000,2007-05-24 00:00:00.000000000,2007-05-24 00:00:00.000000000,1980-01-01 00:00:00.000000000,1910-01-01 00:00:00.000000000,2007-04-11 07:59:59.971200000,2006-10-21 02:09:22.348800000,42 days 16:00:00.028800000,42 days 16:00:00.028800000,0 days 00:00:00.000000000
1633,2007-06-05 00:00:00.000000000,2007-06-05 00:00:00.000000000,2007-06-05 00:00:00.000000000,1980-01-01 00:00:00.000000000,1910-01-01 00:00:00.000000000,2007-03-12 12:00:00.000000000,2006-09-21 06:09:22.377600000,84 days 12:00:00.000000000,84 days 12:00:00.000000000,0 days 00:00:00.000000000
1634,2007-07-20 00:00:00.000000000,2007-07-20 00:00:00.000000000,2007-07-20 00:00:00.000000000,1980-01-01 00:00:00.000000000,1910-01-01 00:00:00.000000000,2007-04-30 04:48:00.000000000,2006-11-08 22:57:22.377600000,80 days 19:12:00.000000000,80 days 19:12:00.000000000,0 days 00:00:00.000000000
1635,2007-08-06 00:00:00.000000000,2007-08-06 00:00:00.000000000,2007-08-06 00:00:00.000000000,1980-01-01 00:00:00.000000000,1910-01-01 00:00:00.000000000,2007-06-23 02:39:59.990400000,2007-01-01 20:49:22.368000000,43 days 21:20:00.009600000,43 days 21:20:00.009600000,0 days 00:00:00.000000000
1636,2007-09-21 00:00:00.000000000,2007-09-21 00:00:00.000000000,2007-09-21 00:00:00.000000000,1980-01-01 00:00:00.000000000,1910-01-01 00:00:00.000000000,2007-06-07 00:00:00.000000000,2006-12-16 18:09:22.377600000,106 days 00:00:00.000000000,106 days 00:00:00.000000000,0 days 00:00:00.000000000
1637,2007-07-31 00:00:00.000000000,2007-07-31 00:00:00.000000000,2007-07-31 00:00:00.000000000,1980-01-01 00:00:00.000000000,1910-01-01 00:00:00.000000000,2007-05-11 04:48:00.000000000,2006-11-19 22:57:22.377600000,80 days 19:12:00.000000000,80 days 19:12:00.000000000,0 days 00:00:00.000000000
1638,2007-10-10 00:00:00.000000000,2007-10-10 00:00:00.000000000,2007-10-10 00:00:00.000000000,1980-01-01 00:00:00.000000000,1910-01-01 00:00:00.000000000,2007-06-26 00:00:00.000000000,2007-01-04 18:09:22.377600000,106 days 00:00:00.000000000,106 days 00:00:00.000000000,0 days 00:00:00.000000000
1639,2007-07-18 00:00:00.000000000,2007-07-18 00:00:00.000000000,2007-07-18 00:00:00.000000000,1980-01-01 00:00:00.000000000,1910-01-01 00:00:00.000000000,2007-05-23 00:00:00.000000000,2006-12-01 18:09:22.377600000,56 days 00:00:00.000000000,56 days 00:00:00.000000000,0 days 00:00:00.000000000
1640,2007-07-18 00:00:00.000000000,2007-07-18 00:00:00.000000000,2007-07-18 00:00:00.000000000,1980-01-01 00:00:00.000000000,1910-01-01 00:00:00.000000000,2007-04-03 00:00:00.000000000,2006-10-12 18:09:22.377600000,106 days 00:00:00.000000000,106 days 00:00:00.000000000,0 days 00:00:00.000000000
1641,2007-07-18 00:00:00.000000000,2007-07-18 00:00:00.000000000,2007-07-18 00:00:00.000000000,1980-01-01 00:00:00.000000000,1910-01-01 00:00:00.000000000,2007-04-28 04:48:00.000000000,2006-11-06 22:57:22.377600000,80 days 19:12:00.000000000,80 days 19:12:00.000000000,0 days 00:00:00.000000000
1642,2007-07-16 00:00:00.000000000,2007-07-16 00:00:00.000000000,2007-07-16 00:00:00.000000000,1980-01-01 00:00:00.000000000,1910-01-01 00:00:00.000000000,2007-04-26 04:48:00.000000000,2006-11-04 22:57:22.377600000,80 days 19:12:00.000000000,80 days 19:12:00.000000000,0 days 00:00:00.000000000
1643,2007-07-30 00:00:00.000000000,2007-07-30 00:00:00.000000000,2007-07-30 00:00:00.000000000,1980-01-01 00:00:00.000000000,1910-01-01 00:00:00.000000000,2007-06-03 16:00:00.028800000,2006-12-13 10:09:22.406400000,56 days 07:59:59.971200000,56 days 07:59:59.971200000,0 days 00:00:00.000000000
1644,2007-08-15 00:00:00.000000000,2007-08-15 00:00:00.000000000,2007-08-15 00:00:00.000000000,1980-01-01 00:00:00.000000000,1910-01-01 00:00:00.000000000,2007-05-01 00:00:00.000000000,2006-11-09 18:09:22.377600000,106 days 00:00:00.000000000,106 days 00:00:00.000000000,0 days 00:00:00.000000000
1645,2007-08-03 00:00:00.000000000,2007-08-03 00:00:00.000000000,2007-08-03 00:00:00.000000000,1980-01-01 00:00:00.000000000,1910-01-01 00:00:00.000000000,2007-05-14 04:48:00.000000000,2006-11-22 22:57:22.377600000,80 days 19:12:00.000000000,80 days 19:12:00.000000000,0 days 00:00:00.000000000
1646,2007-08-27 00:00:00.000000000,2007-08-27 00:00:00.000000000,2007-08-27 00:00:00.000000000,1980-01-01 00:00:00.000000000,1910-01-01 00:00:00.000000000,2007-06-15 15:55:14.822400000,2006-12-25 10:04:37.200000000,72 days 08:04:45.177600000,72 days 08:04:45.177600000,0 days 00:00:00.000000000
1647,2007-08-17 00:00:00.000000000,2007-08-17 00:00:00.000000000,2007-08-17 00:00:00.000000000,1980-01-01 00:00:00.000000000,1910-01-01 00:00:00.000000000,2007-05-28 04:48:00.000000000,2006-12-06 22:57:22.377600000,80 days 19:12:00.000000000,80 days 19:12:00.000000000,0 days 00:00:00.000000000
1648,2007-09-04 00:00:00.000000000,2007-09-04 00:00:00.000000000,2007-09-04 00:00:00.000000000,1980-01-01 00:00:00.000000000,1910-01-01 00:00:00.000000000,2007-05-21 00:00:00.000000000,2006-11-29 18:09:22.377600000,106 days 00:00:00.000000000,106 days 00:00:00.000000000,0 days 00:00:00.000000000
1649,2007-09-04 00:00:00.000000000,2007-09-04 00:00:00.000000000,2007-09-04 00:00:00.000000000,1980-01-01 00:00:00.000000000,1910-01-01 00:00:00.000000000,2007-05-21 00:00:00.000000000,2006-11-29 18:09:22.377600000,106 days 00:00:00.000000000,106 days 00:00:00.000000000,0 days 00:00:00.000000000
1650,2007-08-21 00:00:00.000000000,2007-08-21 00:00:00.000000000,2007-08-21 00:00:00.000000000,1980-01-01 00:00:00.000000000,1910-01-01 00:00:00.000000000,2007-05-28 12:00:00.000000000,2006-12-07 06:09:22.377600000,84 days 12:00:00.000000000,84 days 12:00:00.000000000,0 days 00:00:00.000000000
1651,2007-08-30 00:00:00.000000000,2007-08-30 00:00:00.000000000,2007-08-30 00:00:00.000000000,1980-01-01 00:00:00.000000000,1910-01-01 00:00:00.000000000,2007-06-10 04:48:00.000000000,2006-12-19 22:57:22.377600000,80 days 19:12:00.000000000,80 days 19:12:00.000000000,0 days 00:00:00.000000000
1652,2007-08-30 00:00:00.000000000,2007-08-30 00:00:00.000000000,2007-08-30 00:00:00.000000000,1980-01-01 00:00:00.000000000,1910-01-01 00:00:00.000000000,2007-06-10 04:48:00.000000000,2006-12-19 22:57:22.377600000,80 days 19:12:00.000000000,80 days 19:12:00.000000000,0 days 00:00:00.000000000
1653,2007-09-14 00:00:00.000000000,2007-09-14 00:00:00.000000000,2007-09-14 00:00:00.000000000,1980-01-01 00:00:00.000000000,1910-01-01 00:00:00.000000000,2007-06-21 12:00:00.000000000,2006-12-31 06:09:22.377600000,84 days 12:00:00.000000000,84 days 12:00:00.000000000,0 days 00:00:00.000000000
1654,2007-10-05 00:00:00.000000000,2007-10-05 00:00:00.000000000,2007-10-05 00:00:00.000000000,1980-01-01 00:00:00.000000000,1910-01-01 00:00:00.000000000,2007-06-21 00:00:00.000000000,2006-12-30 18:09:22.377600000,106 days 00:00:00.000000000,106 days 00:00:00.000000000,0 days 00:00:00.000000000
1655,2007-09-04 00:00:00.000000000,2007-09-04 00:00:00.000000000,2007-09-04 00:00:00.000000000,1980-01-01 00:00:00.000000000,1910-01-01 00:00:00.000000000,2007-07-23 07:59:59.971200000,2007-02-01 02:09:22.348800000,42 days 16:00:00.028800000,42 days 16:00:00.028800000,0 days 00:00:00.000000000
1656,2007-09-14 00:00:00.000000000,2007-09-14 00:00:00.000000000,2007-09-14 00:00:00.000000000,1980-01-01 00:00:00.000000000,1910-01-01 00:00:00.000000000,2007-06-21 12:00:00.000000000,2006-12-31 06:09:22.377600000,84 days 12:00:00.000000000,84 days 12:00:00.000000000,0 days 00:00:00.000000000
1657,2007-11-26 00:00:00.000000000,2007-11-26 00:00:00.000000000,2007-11-26 00:00:00.000000000,1980-01-01 00:00:00.000000000,1910-01-01 00:00:00.000000000,2007-09-02 12:00:00.000000000,2007-03-14 06:09:22.377600000,84 days 12:00:00.000000000,84 days 12:00:00.000000000,0 days 00:00:00.000000000
1658,2007-09-20 00:00:00.000000000,2007-09-20 00:00:00.000000000,2007-09-20 00:00:00.000000000,1980-01-01 00:00:00.000000000,1910-01-01 00:00:00.000000000,2007-08-12 14:24:00.000000000,2007-02-21 08:33:22.377600000,38 days 09:36:00.000000000,38 days 09:36:00.000000000,0 days 00:00:00.000000000
1659,2007-10-31 00:00:00.000000000,2007-10-31 00:00:00.000000000,2007-10-31 00:00:00.000000000,1980-01-01 00:00:00.000000000,1910-01-01 00:00:00.000000000,2007-07-17 00:00:00.000000000,2007-01-25 18:09:22.377600000,106 days 00:00:00.000000000,106 days 00:00:00.000000000,0 days 00:00:00.000000000
1660,2007-09-21 00:00:00.000000000,2007-09-21 00:00:00.000000000,2007-09-21 00:00:00.000000000,1980-01-01 00:00:00.000000000,1910-01-01 00:00:00.000000000,2007-06-28 12:00:00.000000000,2007-01-07 06:09:22.377600000,84 days 12:00:00.000000000,84 days 12:00:00.000000000,0 days 00:00:00.000000000
1661,2007-10-22 00:00:00.000000000,2007-10-22 00:00:00.000000000,2007-10-22 00:00:00.000000000,1980-01-01 00:00:00.000000000,1910-01-01 00:00:00.000000000,2007-08-02 04:48:00.000000000,2007-02-10 22:57:22.377600000,80 days 19:12:00.000000000,80 days 19:12:00.000000000,0 days 00:00:00.000000000
1662,2007-11-25 00:00:00.000000000,2007-11-25 00:00:00.000000000,2007-11-25 00:00:00.000000000,1980-01-01 00:00:00.000000000,1910-01-01 00:00:00.000000000,2007-09-29 16:00:00.028800000,2007-04-10 10:09:22.406400000,56 days 07:59:59.971200000,56 days 07:59:59.971200000,0 days 00:00:00.000000000
1663,2007-11-25 00:00:00.000000000,2007-11-25 00:00:00.000000000,2007-11-25 00:00:00.000000000,1980-01-01 00:00:00.000000000,1910-01-01 00:00:00.000000000,2007-09-29 16:00:00.028800000,2007-04-10 10:09:22.406400000,56 days 07:59:59.971200000,56 days 07:59:59.971200000,0 days 00:00:00.000000000
1664,2007-11-01 00:00:00.000000000,2007-11-01 00:00:00.000000000,2007-11-01 00:00:00.000000000,1980-01-01 00:00:00.000000000,1910-01-01 00:00:00.000000000,2007-09-23 14:24:00.000000000,2007-04-04 08:33:22.377600000,38 days 09:36:00.000000000,38 days 09:36:00.000000000,0 days 00:00:00.000000000
1665,2007-11-29 00:00:00.000000000,2007-11-29 00:00:00.000000000,2007-11-29 00:00:00.000000000,1980-01-01 00:00:00.000000000,1910-01-01 00:00:00.000000000,2007-08-15 00:00:00.000000000,2007-02-23 18:09:22.377600000,106 days 00:00:00.000000000,106 days 00:00:00.000000000,0 days 00:00:00.000000000
1666,2007-11-12 00:00:00.000000000,2007-11-12 00:00:00.000000000,2007-11-12 00:00:00.000000000,1980-01-01 00:00:00.000000000,1910-01-01 00:00:00.000000000,2007-07-29 00:00:00.000000000,2007-02-06 18:09:22.377600000,106 days 00:00:00.000000000,106 days 00:00:00.000000000,0 days 00:00:00.000000000
1667,2008-02-26 00:00:00.000000000,2008-02-26 00:00:00.000000000,2008-02-26 00:00:00.000000000,1980-01-01 00:00:00.000000000,1910-01-01 00:00:00.000000000,2007-12-03 10:00:00.028800000,2007-06-14 04:09:22.406400000,84 days 13:59:59.971200000,84 days 13:59:59.971200000,0 days 00:00:00.000000000
1668,2008-02-19 00:00:00.000000000,2008-02-19 00:00:00.000000000,2008-02-19 00:00:00.000000000,1980-01-01 00:00:00.000000000,1910-01-01 00:00:00.000000000,2007-11-24 15:31:45.897600000,2007-06-05 09:41:08.275200000,86 days 08:28:14.102400000,86 days 08:28:14.102400000,0 days 00:00:00.000000000
1669,2008-02-19 00:00:00.000000000,2008-02-19 00:00:00.000000000,2008-02-19 00:00:00.000000000,1980-01-01 00:00:00.000000000,1910-01-01 00:00:00.000000000,2007-11-24 15:31:45.897600000,2007-06-05 09:41:08.275200000,86 days 08:28:14.102400000,86 days 08:28:14.102400000,0 days 00:00:00.000000000
1670,2007-11-22 00:00:00.000000000,2007-11-22 00:00:00.000000000,2007-11-22 00:00:00.000000000,1980-01-01 00:00:00.000000000,1910-01-01 00:00:00.000000000,2007-09-02 04:48:00.000000000,2007-03-13 22:57:22.377600000,80 days 19:12:00.000000000,80 days 19:12:00.000000000,0 days 00:00:00.000000000
1671,2007-11-22 00:00:00.000000000,2007-11-22 00:00:00.000000000,2007-11-22 00:00:00.000000000,1980-01-01 00:00:00.000000000,1910-01-01 00:00:00.000000000,2007-09-02 04:48:00.000000000,2007-03-13 22:57:22.377600000,80 days 19:12:00.000000000,80 days 19:12:00.000000000,0 days 00:00:00.000000000
1672,2007-11-26 00:00:00.000000000,2007-11-26 00:00:00.000000000,2007-11-26 00:00:00.000000000,1980-01-01 00:00:00.000000000,1910-01-01 00:00:00.000000000,2007-09-02 12:00:00.000000000,2007-03-14 06:09:22.377600000,84 days 12:00:00.000000000,84 days 12:00:00.000000000,0 days 00:00:00.000000000
1673,2007-11-29 00:00:00.000000000,2007-11-29 00:00:00.000000000,2007-11-29 00:00:00.000000000,1980-01-01 00:00:00.000000000,1910-01-01 00:00:00.000000000,2007-09-09 04:48:00.000000000,2007-03-20 22:57:22.377600000,80 days 19:12:00.000000000,80 days 19:12:00.000000000,0 days 00:00:00.000000000
1674,2007-12-14 00:00:00.000000000,2007-12-14 00:00:00.000000000,2007-12-14 00:00:00.000000000,1980-01-01 00:00:00.000000000,1910-01-01 00:00:00.000000000,2007-09-24 04:48:00.000000000,2007-04-04 22:57:22.377600000,80 days 19:12:00.000000000,80 days 19:12:00.000000000,0 days 00:00:00.000000000
1675,2007-12-31 00:00:00.000000000,2007-12-31 00:00:00.000000000,2007-12-31 00:00:00.000000000,1980-01-01 00:00:00.000000000,1910-01-01 00:00:00.000000000,2007-12-06 12:00:00.000000000,2007-06-17 06:09:22.377600000,24 days 12:00:00.000000000,24 days 12:00:00.000000000,0 days 00:00:00.000000000
1676,2008-01-17 00:00:00.000000000,2008-01-17 00:00:00.000000000,2008-01-17 00:00:00.000000000,1980-01-01 00:00:00.000000000,1910-01-01 00:00:00.000000000,2007-10-22 15:31:45.897600000,2007-05-03 09:41:08.275200000,86 days 08:28:14.102400000,86 days 08:28:14.102400000,0 days 00:00:00.000000000
1677,2007-12-03 00:00:00.000000000,2007-12-03 00:00:00.000000000,2007-12-03 00:00:00.000000000,1980-01-01 00:00:00.000000000,1910-01-01 00:00:00.000000000,2007-10-25 14:24:00.000000000,2007-05-06 08:33:22.377600000,38 days 09:36:00.000000000,38 days 09:36:00.000000000,0 days 00:00:00.000000000
1678,2007-12-03 00:00:00.000000000,2007-12-03 00:00:00.000000000,2007-12-03 00:00:00.000000000,1980-01-01 00:00:00.000000000,1910-01-01 00:00:00.000000000,2007-10-25 14:24:00.000000000,2007-05-06 08:33:22.377600000,38 days 09:36:00.000000000,38 days 09:36:00.000000000,0 days 00:00:00.000000000
1679,2008-02-22 00:00:00.000000000,2008-02-22 00:00:00.000000000,2008-02-22 00:00:00.000000000,1980-01-01 00:00:00.000000000,1910-01-01 00:00:00.000000000,2007-11-29 10:00:00.028800000,2007-06-10 04:09:22.406400000,84 days 13:59:59.971200000,84 days 13:59:59.971200000,0 days 00:00:00.000000000
1680,2008-01-08 00:00:00.000000000,2008-01-08 00:00:00.000000000,2008-01-08 00:00:00.000000000,1980-01-01 00:00:00.000000000,1910-01-01 00:00:00.000000000,2007-10-15 10:00:00.028800000,2007-04-26 04:09:22.406400000,84 days 13:59:59.971200000,84 days 13:59:59.971200000,0 days 00:00:00.000000000
1681,2007-11-30 00:00:00.000000000,2007-11-30 00:00:00.000000000,2007-11-30 00:00:00.000000000,1980-01-01 00:00:00.000000000,1910-01-01 00:00:00.000000000,2007-11-01 00:00:00.000000000,2007-05-12 18:09:22.377600000,29 days 00:00:00.000000000,29 days 00:00:00.000000000,0 days 00:00:00.000000000
1682,2007-12-06 00:00:00.000000000,2007-12-06 00:00:00.000000000,2007-12-06 00:00:00.000000000,1980-01-01 00:00:00.000000000,1910-01-01 00:00:00.000000000,2007-11-07 00:00:00.000000000,2007-05-18 18:09:22.377600000,29 days 00:00:00.000000000,29 days 00:00:00.000000000,0 days 00:00:00.000000000
1683,2008-01-09 00:00:00.000000000,2008-01-09 00:00:00.000000000,2008-01-09 00:00:00.000000000,1980-01-01 00:00:00.000000000,1910-01-01 00:00:00.000000000,2007-10-17 19:02:04.099200000,2007-04-28 13:11:26.476800000,83 days 04:57:55.900800000,83 days 04:57:55.900800000,0 days 00:00:00.000000000
1684,2007-12-28 00:00:00.000000000,2007-12-28 00:00:00.000000000,2007-12-28 00:00:00.000000000,1980-01-01 00:00:00.000000000,1910-01-01 00:00:00.000000000,2007-10-08 04:48:00.000000000,2007-04-18 22:57:22.377600000,80 days 19:12:00.000000000,80 days 19:12:00.000000000,0 days 00:00:00.000000000
1685,2007-12-24 00:00:00.000000000,2007-12-24 00:00:00.000000000,2007-12-24 00:00:00.000000000,1980-01-01 00:00:00.000000000,1910-01-01 00:00:00.000000000,2007-09-30 12:00:00.000000000,2007-04-11 06:09:22.377600000,84 days 12:00:00.000000000,84 days 12:00:00.000000000,0 days 00:00:00.000000000
1686,2008-01-11 00:00:00.000000000,2008-01-11 00:00:00.000000000,2008-01-11 00:00:00.000000000,1980-01-01 00:00:00.000000000,1910-01-01 00:00:00.000000000,2007-08-06 09:36:00.000000000,2007-02-15 03:45:22.377600000,157 days 14:24:00.000000000,157 days 14:24:00.000000000,0 days 00:00:00.000000000
1687,2008-01-17 00:00:00.000000000,2008-01-17 00:00:00.000000000,2008-01-17 00:00:00.000000000,1980-01-01 00:00:00.000000000,1910-01-01 00:00:00.000000000,2007-10-22 15:31:45.897600000,2007-05-03 09:41:08.275200000,86 days 08:28:14.102400000,86 days 08:28:14.102400000,0 days 00:00:00.000000000
1688,2008-03-05 00:00:00.000000000,2008-03-05 00:00:00.000000000,2008-03-05 00:00:00.000000000,1980-01-01 00:00:00.000000000,1910-01-01 00:00:00.000000000,2007-09-29 09:36:00.000000000,2007-04-10 03:45:22.377600000,157 days 14:24:00.000000000,157 days 14:24:00.000000000,0 days 00:00:00.000000000
1689,2008-01-15 00:00:00.000000000,2008-01-15 00:00:00.000000000,2008-01-15 00:00:00.000000000,1980-01-01 00:00:00.000000000,1910-01-01 00:00:00.000000000,2007-10-22 13:42:51.465600000,2007-05-03 07:52:13.843200000,84 days 10:17:08.534400000,84 days 10:17:08.534400000,0 days 00:00:00.000000000
1690,2008-02-29 00:00:00.000000000,2008-02-29 00:00:00.000000000,2008-02-29 00:00:00.000000000,1980-01-01 00:00:00.000000000,1910-01-01 00:00:00.000000000,2007-12-16 00:00:00.000000000,2007-06-26 18:09:22.377600000,75 days 00:00:00.000000000,75 days 00:00:00.000000000,0 days 00:00:00.000000000
1691,2008-01-15 00:00:00.000000000,2008-01-15 00:00:00.000000000,2008-01-15 00:00:00.000000000,1980-01-01 00:00:00.000000000,1910-01-01 00:00:00.000000000,2007-10-22 10:00:00.028800000,2007-05-03 04:09:22.406400000,84 days 13:59:59.971200000,84 days 13:59:59.971200000,0 days 00:00:00.000000000
1692,2007-12-14 00:00:00.000000000,2007-12-14 00:00:00.000000000,2007-12-14 00:00:00.000000000,1980-01-01 00:00:00.000000000,1910-01-01 00:00:00.000000000,2007-11-01 07:59:59.971200000,2007-05-13 02:09:22.348800000,42 days 16:00:00.028800000,42 days 16:00:00.028800000,0 days 00:00:00.000000000
1693,2008-02-05 00:00:00.000000000,2008-02-05 00:00:00.000000000,2008-02-05 00:00:00.000000000,1980-01-01 00:00:00.000000000,1910-01-01 00:00:00.000000000,2007-08-31 09:36:00.000000000,2007-03-12 03:45:22.377600000,157 days 14:24:00.000000000,157 days 14:24:00.000000000,0 days 00:00:00.000000000
1694,2008-02-07 00:00:00.000000000,2008-02-07 00:00:00.000000000,2008-02-07 00:00:00.000000000,1980-01-01 00:00:00.000000000,1910-01-01 00:00:00.000000000,2007-12-13 16:21:49.075200000,2007-06-24 10:31:11.452800000,55 days 07:38:10.924800000,55 days 07:38:10.924800000,0 days 00:00:00.000000000
1695,2008-01-16 00:00:00.000000000,2008-01-16 00:00:00.000000000,2008-01-16 00:00:00.000000000,1980-01-01 00:00:00.000000000,1910-01-01 00:00:00.000000000,2007-10-24 19:02:04.099200000,2007-05-05 13:11:26.476800000,83 days 04:57:55.900800000,83 days 04:57:55.900800000,0 days 00:00:00.000000000
1696,2007-12-20 00:00:00.000000000,2008-01-16 00:00:00.000000000,2008-01-16 00:00:00.000000000,1980-01-01 00:00:00.000000000,1910-01-01 00:00:00.000000000,2007-11-07 07:59:59.971200000,2007-05-19 02:09:22.348800000,42 days 16:00:00.028800000,69 days 16:00:00.028800000,27 days 00:00:00.000000000
1697,2008-02-25 00:00:00.000000000,2008-02-25 00:00:00.000000000,2008-02-25 00:00:00.000000000,1980-01-01 00:00:00.000000000,1910-01-01 00:00:00.000000000,2007-10-18 05:19:59.980800000,2007-04-28 23:29:22.358400000,129 days 18:40:00.019200000,129 days 18:40:00.019200000,0 days 00:00:00.000000000
1698,2008-02-05 00:00:00.000000000,2008-02-05 00:00:00.000000000,2008-02-05 00:00:00.000000000,1980-01-01 00:00:00.000000000,1910-01-01 00:00:00.000000000,2007-11-10 15:31:45.897600000,2007-05-22 09:41:08.275200000,86 days 08:28:14.102400000,86 days 08:28:14.102400000,0 days 00:00:00.000000000
1699,2008-03-05 00:00:00.000000000,2008-03-05 00:00:00.000000000,2008-03-05 00:00:00.000000000,1980-01-01 00:00:00.000000000,1910-01-01 00:00:00.000000000,2007-09-29 09:36:00.000000000,2007-04-10 03:45:22.377600000,157 days 14:24:00.000000000,157 days 14:24:00.000000000,0 days 00:00:00.000000000
1700,2008-07-29 00:00:00.000000000,2008-07-29 00:00:00.000000000,2008-07-29 00:00:00.000000000,1980-01-01 00:00:00.000000000,1910-01-01 00:00:00.000000000,2008-05-05 10:00:00.028800000,2007-11-15 04:09:22.406400000,84 days 13:59:59.971200000,84 days 13:59:59.971200000,0 days 00:00:00.000000000
1701,2008-04-03 00:00:00.000000000,2008-04-03 00:00:00.000000000,2008-04-03 00:00:00.000000000,1980-01-01 00:00:00.000000000,1910-01-01 00:00:00.000000000,2008-01-03 17:41:03.148800000,2007-07-15 11:50:25.526400000,90 days 06:18:56.851200000,90 days 06:18:56.851200000,0 days 00:00:00.000000000
1702,2008-06-13 00:00:00.000000000,2008-06-13 00:00:00.000000000,2008-06-13 00:00:00.000000000,1980-01-01 00:00:00.000000000,1910-01-01 00:00:00.000000000,2008-03-14 17:41:03.148800000,2007-09-24 11:50:25.526400000,90 days 06:18:56.851200000,90 days 06:18:56.851200000,0 days 00:00:00.000000000
1703,2008-07-23 00:00:00.000000000,2008-07-23 00:00:00.000000000,2008-07-23 00:00:00.000000000,1980-01-01 00:00:00.000000000,1910-01-01 00:00:00.000000000,2008-04-29 10:00:00.028800000,2007-11-09 04:09:22.406400000,84 days 13:59:59.971200000,84 days 13:59:59.971200000,0 days 00:00:00.000000000
1704,2008-05-19 00:00:00.000000000,2008-05-19 00:00:00.000000000,2008-05-19 00:00:00.000000000,1980-01-01 00:00:00.000000000,1910-01-01 00:00:00.000000000,2008-02-28 05:37:49.785600000,2007-09-08 23:47:12.163200000,80 days 18:22:10.214400000,80 days 18:22:10.214400000,0 days 00:00:00.000000000
1705,2008-05-14 00:00:00.000000000,2008-05-14 00:00:00.000000000,2008-05-14 00:00:00.000000000,1980-01-01 00:00:00.000000000,1910-01-01 00:00:00.000000000,2008-02-20 19:02:04.099200000,2007-09-01 13:11:26.476800000,83 days 04:57:55.900800000,83 days 04:57:55.900800000,0 days 00:00:00.000000000
1706,2008-03-28 00:00:00.000000000,2008-03-28 00:00:00.000000000,2008-03-28 00:00:00.000000000,1980-01-01 00:00:00.000000000,1910-01-01 00:00:00.000000000,2007-11-19 05:19:59.980800000,2007-05-30 23:29:22.358400000,129 days 18:40:00.019200000,129 days 18:40:00.019200000,0 days 00:00:00.000000000
1707,2008-06-19 00:00:00.000000000,2008-06-19 00:00:00.000000000,2008-06-19 00:00:00.000000000,1980-01-01 00:00:00.000000000,1910-01-01 00:00:00.000000000,2008-03-27 19:02:04.099200000,2007-10-07 13:11:26.476800000,83 days 04:57:55.900800000,83 days 04:57:55.900800000,0 days 00:00:00.000000000
1708,2008-06-02 00:00:00.000000000,2008-06-02 00:00:00.000000000,2008-06-02 00:00:00.000000000,1980-01-01 00:00:00.000000000,1910-01-01 00:00:00.000000000,2008-03-03 17:41:03.148800000,2007-09-13 11:50:25.526400000,90 days 06:18:56.851200000,90 days 06:18:56.851200000,0 days 00:00:00.000000000
1709,2008-04-22 00:00:00.000000000,2008-04-23 00:00:00.000000000,2008-04-23 00:00:00.000000000,1980-01-01 00:00:00.000000000,1910-01-01 00:00:00.000000000,2007-12-14 05:19:59.980800000,2007-06-24 23:29:22.358400000,129 days 18:40:00.019200000,130 days 18:40:00.019200000,1 days 00:00:00.000000000
1710,2008-07-31 00:00:00.000000000,2008-07-31 00:00:00.000000000,2008-07-31 00:00:00.000000000,1980-01-01 00:00:00.000000000,1910-01-01 00:00:00.000000000,2008-05-08 19:02:04.099200000,2007-11-18 13:11:26.476800000,83 days 04:57:55.900800000,83 days 04:57:55.900800000,0 days 00:00:00.000000000
1711,2008-07-25 00:00:00.000000000,2008-07-25 00:00:00.000000000,2008-07-25 00:00:00.000000000,1980-01-01 00:00:00.000000000,1910-01-01 00:00:00.000000000,2008-04-30 16:00:00.028800000,2007-11-10 10:09:22.406400000,85 days 07:59:59.971200000,85 days 07:59:59.971200000,0 days 00:00:00.000000000
1712,2008-03-19 00:00:00.000000000,2008-03-19 00:00:00.000000000,2008-03-19 00:00:00.000000000,1980-01-01 00:00:00.000000000,1910-01-01 00:00:00.000000000,2007-12-25 13:42:51.465600000,2007-07-06 07:52:13.843200000,84 days 10:17:08.534400000,84 days 10:17:08.534400000,0 days 00:00:00.000000000
1713,2008-07-01 00:00:00.000000000,2008-07-01 00:00:00.000000000,2008-07-01 00:00:00.000000000,1980-01-01 00:00:00.000000000,1910-01-01 00:00:00.000000000,2008-04-01 17:41:03.148800000,2007-10-12 11:50:25.526400000,90 days 06:18:56.851200000,90 days 06:18:56.851200000,0 days 00:00:00.000000000
1714,2008-04-21 00:00:00.000000000,2008-04-21 00:00:00.000000000,2008-04-21 00:00:00.000000000,1980-01-01 00:00:00.000000000,1910-01-01 00:00:00.000000000,2008-01-28 19:02:04.099200000,2007-08-09 13:11:26.476800000,83 days 04:57:55.900800000,83 days 04:57:55.900800000,0 days 00:00:00.000000000
1715,2008-04-01 00:00:00.000000000,2008-04-01 00:00:00.000000000,2008-04-01 00:00:00.000000000,1980-01-01 00:00:00.000000000,1910-01-01 00:00:00.000000000,2007-11-23 05:19:59.980800000,2007-06-03 23:29:22.358400000,129 days 18:40:00.019200000,129 days 18:40:00.019200000,0 days 00:00:00.000000000
1716,2008-03-13 00:00:00.000000000,2008-03-13 00:00:00.000000000,2008-03-13 00:00:00.000000000,1980-01-01 00:00:00.000000000,1910-01-01 00:00:00.000000000,2007-12-17 15:31:45.897600000,2007-06-28 09:41:08.275200000,86 days 08:28:14.102400000,86 days 08:28:14.102400000,0 days 00:00:00.000000000
1717,2008-03-14 00:00:00.000000000,2008-03-14 00:00:00.000000000,2008-03-14 00:00:00.000000000,1980-01-01 00:00:00.000000000,1910-01-01 00:00:00.000000000,2008-02-02 02:10:54.537600000,2007-08-13 20:20:16.915200000,40 days 21:49:05.462400000,40 days 21:49:05.462400000,0 days 00:00:00.000000000
1718,2008-04-07 00:00:00.000000000,2008-04-07 00:00:00.000000000,2008-04-07 00:00:00.000000000,1980-01-01 00:00:00.000000000,1910-01-01 00:00:00.000000000,2008-01-13 13:42:51.465600000,2007-07-25 07:52:13.843200000,84 days 10:17:08.534400000,84 days 10:17:08.534400000,0 days 00:00:00.000000000
1719,2008-04-11 00:00:00.000000000,2008-04-11 00:00:00.000000000,2008-04-11 00:00:00.000000000,1980-01-01 00:00:00.000000000,1910-01-01 00:00:00.000000000,2008-01-11 17:41:03.148800000,2007-07-23 11:50:25.526400000,90 days 06:18:56.851200000,90 days 06:18:56.851200000,0 days 00:00:00.000000000
1720,2008-03-06 00:00:00.000000000,2008-03-06 00:00:00.000000000,2008-03-06 00:00:00.000000000,1980-01-01 00:00:00.000000000,1910-01-01 00:00:00.000000000,2008-01-10 16:21:49.075200000,2007-07-22 10:31:11.452800000,55 days 07:38:10.924800000,55 days 07:38:10.924800000,0 days 00:00:00.000000000
1721,2008-04-14 00:00:00.000000000,2008-04-14 00:00:00.000000000,2008-04-14 00:00:00.000000000,1980-01-01 00:00:00.000000000,1910-01-01 00:00:00.000000000,2008-01-14 17:41:03.148800000,2007-07-26 11:50:25.526400000,90 days 06:18:56.851200000,90 days 06:18:56.851200000,0 days 00:00:00.000000000
1722,2008-05-22 00:00:00.000000000,2008-05-22 00:00:00.000000000,2008-05-22 00:00:00.000000000,1980-01-01 00:00:00.000000000,1910-01-01 00:00:00.000000000,2008-02-16 02:10:54.537600000,2007-08-27 20:20:16.915200000,95 days 21:49:05.462400000,95 days 21:49:05.462400000,0 days 00:00:00.000000000
1723,2008-07-26 00:00:00.000000000,2008-07-26 00:00:00.000000000,2008-07-26 00:00:00.000000000,1980-01-01 00:00:00.000000000,1910-01-01 00:00:00.000000000,2008-02-19 09:36:00.000000000,2007-08-31 03:45:22.377600000,157 days 14:24:00.000000000,157 days 14:24:00.000000000,0 days 00:00:00.000000000
1724,2008-07-23 00:00:00.000000000,2008-07-23 00:00:00.000000000,2008-07-23 00:00:00.000000000,1980-01-01 00:00:00.000000000,1910-01-01 00:00:00.000000000,2008-04-29 10:00:00.028800000,2007-11-09 04:09:22.406400000,84 days 13:59:59.971200000,84 days 13:59:59.971200000,0 days 00:00:00.000000000
1725,2008-05-20 00:00:00.000000000,2008-05-20 00:00:00.000000000,2008-05-20 00:00:00.000000000,1980-01-01 00:00:00.000000000,1910-01-01 00:00:00.000000000,2008-02-24 16:00:00.028800000,2007-09-05 10:09:22.406400000,85 days 07:59:59.971200000,85 days 07:59:59.971200000,0 days 00:00:00.000000000
1726,2008-07-10 00:00:00.000000000,2008-07-10 00:00:00.000000000,2008-07-10 00:00:00.000000000,1980-01-01 00:00:00.000000000,1910-01-01 00:00:00.000000000,2008-03-02 05:19:59.980800000,2007-09-11 23:29:22.358400000,129 days 18:40:00.019200000,129 days 18:40:00.019200000,0 days 00:00:00.000000000
1727,2008-09-26 00:00:00.000000000,2008-09-26 00:00:00.000000000,2008-09-26 00:00:00.000000000,1980-01-01 00:00:00.000000000,1910-01-01 00:00:00.000000000,2008-05-19 05:19:59.980800000,2007-11-28 23:29:22.358400000,129 days 18:40:00.019200000,129 days 18:40:00.019200000,0 days 00:00:00.000000000
1728,2008-11-11 00:00:00.000000000,2008-11-11 00:00:00.000000000,2008-11-11 00:00:00.000000000,1980-01-01 00:00:00.000000000,1910-01-01 00:00:00.000000000,2008-09-16 16:21:49.075200000,2008-03-28 10:31:11.452800000,55 days 07:38:10.924800000,55 days 07:38:10.924800000,0 days 00:00:00.000000000
1729,2008-11-19 00:00:00.000000000,2008-11-19 00:00:00.000000000,2008-11-19 00:00:00.000000000,1980-01-01 00:00:00.000000000,1910-01-01 00:00:00.000000000,2008-06-14 09:36:00.000000000,2007-12-25 03:45:22.377600000,157 days 14:24:00.000000000,157 days 14:24:00.000000000,0 days 00:00:00.000000000
1730,2008-12-11 00:00:00.000000000,2008-12-11 00:00:00.000000000,2008-12-11 00:00:00.000000000,1980-01-01 00:00:00.000000000,1910-01-01 00:00:00.000000000,2008-09-17 10:00:00.028800000,2008-03-29 04:09:22.406400000,84 days 13:59:59.971200000,84 days 13:59:59.971200000,0 days 00:00:00.000000000
1731,2008-10-23 00:00:00.000000000,2008-10-23 00:00:00.000000000,2008-10-23 00:00:00.000000000,1980-01-01 00:00:00.000000000,1910-01-01 00:00:00.000000000,2008-08-03 05:37:49.785600000,2008-02-12 23:47:12.163200000,80 days 18:22:10.214400000,80 days 18:22:10.214400000,0 days 00:00:00.000000000
1732,2008-11-21 00:00:00.000000000,2008-11-21 00:00:00.000000000,2008-11-21 00:00:00.000000000,1980-01-01 00:00:00.000000000,1910-01-01 00:00:00.000000000,2008-08-27 16:00:00.028800000,2008-03-08 10:09:22.406400000,85 days 07:59:59.971200000,85 days 07:59:59.971200000,0 days 00:00:00.000000000
1733,2009-03-03 00:00:00.000000000,2009-03-03 00:00:00.000000000,2009-03-03 00:00:00.000000000,1980-01-01 00:00:00.000000000,1910-01-01 00:00:00.000000000,2009-01-11 07:12:00.000000000,2008-07-23 01:21:22.377600000,50 days 16:48:00.000000000,50 days 16:48:00.000000000,0 days 00:00:00.000000000
1734,2008-10-21 00:00:00.000000000,2008-10-21 00:00:00.000000000,2008-10-21 00:00:00.000000000,1980-01-01 00:00:00.000000000,1910-01-01 00:00:00.000000000,2008-07-28 10:00:00.028800000,2008-02-07 04:09:22.406400000,84 days 13:59:59.971200000,84 days 13:59:59.971200000,0 days 00:00:00.000000000
1735,2008-12-15 00:00:00.000000000,2008-12-15 00:00:00.000000000,2008-12-15 00:00:00.000000000,1980-01-01 00:00:00.000000000,1910-01-01 00:00:00.000000000,2008-09-21 13:42:51.465600000,2008-04-02 07:52:13.843200000,84 days 10:17:08.534400000,84 days 10:17:08.534400000,0 days 00:00:00.000000000
1736,2009-03-06 00:00:00.000000000,2009-03-06 00:00:00.000000000,2009-03-06 00:00:00.000000000,1980-01-01 00:00:00.000000000,1910-01-01 00:00:00.000000000,2008-11-30 07:38:10.924800000,2008-06-11 01:47:33.302400000,95 days 16:21:49.075200000,95 days 16:21:49.075200000,0 days 00:00:00.000000000
1737,2008-11-17 00:00:00.000000000,2008-11-17 00:00:00.000000000,2008-11-17 00:00:00.000000000,1980-01-01 00:00:00.000000000,1910-01-01 00:00:00.000000000,2008-08-25 19:02:04.099200000,2008-03-06 13:11:26.476800000,83 days 04:57:55.900800000,83 days 04:57:55.900800000,0 days 00:00:00.000000000
1738,2008-11-17 00:00:00.000000000,2008-11-17 00:00:00.000000000,2008-11-17 00:00:00.000000000,1980-01-01 00:00:00.000000000,1910-01-01 00:00:00.000000000,2008-08-25 19:02:04.099200000,2008-03-06 13:11:26.476800000,83 days 04:57:55.900800000,83 days 04:57:55.900800000,0 days 00:00:00.000000000
1739,2008-11-17 00:00:00.000000000,2008-11-17 00:00:00.000000000,2008-11-17 00:00:00.000000000,1980-01-01 00:00:00.000000000,1910-01-01 00:00:00.000000000,2008-08-25 19:02:04.099200000,2008-03-06 13:11:26.476800000,83 days 04:57:55.900800000,83 days 04:57:55.900800000,0 days 00:00:00.000000000
1740,2008-11-17 00:00:00.000000000,2008-11-17 00:00:00.000000000,2008-11-17 00:00:00.000000000,1980-01-01 00:00:00.000000000,1910-01-01 00:00:00.000000000,2008-08-25 19:02:04.099200000,2008-03-06 13:11:26.476800000,83 days 04:57:55.900800000,83 days 04:57:55.900800000,0 days 00:00:00.000000000
1741,2008-11-26 00:00:00.000000000,2008-11-26 00:00:00.000000000,2008-11-26 00:00:00.000000000,1980-01-01 00:00:00.000000000,1910-01-01 00:00:00.000000000,2008-09-03 19:02:04.099200000,2008-03-15 13:11:26.476800000,83 days 04:57:55.900800000,83 days 04:57:55.900800000,0 days 00:00:00.000000000
1742,2008-09-23 00:00:00.000000000,2008-09-23 00:00:00.000000000,2008-09-23 00:00:00.000000000,1980-01-01 00:00:00.000000000,1910-01-01 00:00:00.000000000,2008-06-30 10:00:00.028800000,2008-01-10 04:09:22.406400000,84 days 13:59:59.971200000,84 days 13:59:59.971200000,0 days 00:00:00.000000000
1743,2008-09-12 00:00:00.000000000,2008-09-12 00:00:00.000000000,2008-09-12 00:00:00.000000000,1980-01-01 00:00:00.000000000,1910-01-01 00:00:00.000000000,2008-04-07 09:36:00.000000000,2007-10-18 03:45:22.377600000,157 days 14:24:00.000000000,157 days 14:24:00.000000000,0 days 00:00:00.000000000
1744,2008-09-12 00:00:00.000000000,2008-09-12 00:00:00.000000000,2008-09-12 00:00:00.000000000,1980-01-01 00:00:00.000000000,1910-01-01 00:00:00.000000000,2008-06-20 19:02:04.099200000,2007-12-31 13:11:26.476800000,83 days 04:57:55.900800000,83 days 04:57:55.900800000,0 days 00:00:00.000000000
1745,2008-12-10 00:00:00.000000000,2008-12-10 00:00:00.000000000,2008-12-10 00:00:00.000000000,1980-01-01 00:00:00.000000000,1910-01-01 00:00:00.000000000,2008-09-10 17:41:03.148800000,2008-03-22 11:50:25.526400000,90 days 06:18:56.851200000,90 days 06:18:56.851200000,0 days 00:00:00.000000000
1746,2008-11-07 00:00:00.000000000,2008-11-07 00:00:00.000000000,2008-11-07 00:00:00.000000000,1980-01-01 00:00:00.000000000,1910-01-01 00:00:00.000000000,2008-08-14 10:00:00.028800000,2008-02-24 04:09:22.406400000,84 days 13:59:59.971200000,84 days 13:59:59.971200000,0 days 00:00:00.000000000
1747,2008-12-18 00:00:00.000000000,2008-12-18 00:00:00.000000000,2008-12-18 00:00:00.000000000,1980-01-01 00:00:00.000000000,1910-01-01 00:00:00.000000000,2008-09-13 02:10:54.537600000,2008-03-24 20:20:16.915200000,95 days 21:49:05.462400000,95 days 21:49:05.462400000,0 days 00:00:00.000000000
1748,2008-10-31 00:00:00.000000000,2008-10-31 00:00:00.000000000,2008-10-31 00:00:00.000000000,1980-01-01 00:00:00.000000000,1910-01-01 00:00:00.000000000,2008-08-11 05:37:49.785600000,2008-02-20 23:47:12.163200000,80 days 18:22:10.214400000,80 days 18:22:10.214400000,0 days 00:00:00.000000000
1749,2008-10-30 00:00:00.000000000,2008-10-30 00:00:00.000000000,2008-10-30 00:00:00.000000000,1980-01-01 00:00:00.000000000,1910-01-01 00:00:00.000000000,2008-09-19 02:10:54.537600000,2008-03-30 20:20:16.915200000,40 days 21:49:05.462400000,40 days 21:49:05.462400000,0 days 00:00:00.000000000
1750,2008-10-30 00:00:00.000000000,2008-10-30 00:00:00.000000000,2008-10-30 00:00:00.000000000,1980-01-01 00:00:00.000000000,1910-01-01 00:00:00.000000000,2008-09-19 02:10:54.537600000,2008-03-30 20:20:16.915200000,40 days 21:49:05.462400000,40 days 21:49:05.462400000,0 days 00:00:00.000000000
1751,2009-03-04 00:00:00.000000000,2009-03-04 00:00:00.000000000,2009-03-04 00:00:00.000000000,1980-01-01 00:00:00.000000000,1910-01-01 00:00:00.000000000,2008-12-12 13:05:27.312000000,2008-06-23 07:14:49.689600000,81 days 10:54:32.688000000,81 days 10:54:32.688000000,0 days 00:00:00.000000000
1752,2008-12-01 00:00:00.000000000,2008-12-01 00:00:00.000000000,2008-12-01 00:00:00.000000000,1980-01-01 00:00:00.000000000,1910-01-01 00:00:00.000000000,2008-09-05 15:31:45.897600000,2008-03-17 09:41:08.275200000,86 days 08:28:14.102400000,86 days 08:28:14.102400000,0 days 00:00:00.000000000
1753,2008-12-03 00:00:00.000000000,2008-12-03 00:00:00.000000000,2008-12-03 00:00:00.000000000,1980-01-01 00:00:00.000000000,1910-01-01 00:00:00.000000000,2008-09-07 15:31:45.897600000,2008-03-19 09:41:08.275200000,86 days 08:28:14.102400000,86 days 08:28:14.102400000,0 days 00:00:00.000000000
1754,2008-12-09 00:00:00.000000000,2008-12-09 00:00:00.000000000,2008-12-09 00:00:00.000000000,1980-01-01 00:00:00.000000000,1910-01-01 00:00:00.000000000,2008-09-15 13:42:51.465600000,2008-03-27 07:52:13.843200000,84 days 10:17:08.534400000,84 days 10:17:08.534400000,0 days 00:00:00.000000000
1755,2008-11-04 00:00:00.000000000,2008-11-04 00:00:00.000000000,2008-11-04 00:00:00.000000000,1980-01-01 00:00:00.000000000,1910-01-01 00:00:00.000000000,2008-08-11 13:42:51.465600000,2008-02-21 07:52:13.843200000,84 days 10:17:08.534400000,84 days 10:17:08.534400000,0 days 00:00:00.000000000
1756,2008-11-04 00:00:00.000000000,2008-11-04 00:00:00.000000000,2008-11-04 00:00:00.000000000,1980-01-01 00:00:00.000000000,1910-01-01 00:00:00.000000000,2008-08-11 13:42:51.465600000,2008-02-21 07:52:13.843200000,84 days 10:17:08.534400000,84 days 10:17:08.534400000,0 days 00:00:00.000000000
1757,2009-03-17 00:00:00.000000000,2009-03-17 00:00:00.000000000,2009-03-17 00:00:00.000000000,1980-01-01 00:00:00.000000000,1910-01-01 00:00:00.000000000,2008-11-27 21:36:00.000000000,2008-06-08 15:45:22.377600000,109 days 02:24:00.000000000,109 days 02:24:00.000000000,0 days 00:00:00.000000000
1758,2008-09-15 00:00:00.000000000,2008-09-15 00:00:00.000000000,2008-09-15 00:00:00.000000000,1980-01-01 00:00:00.000000000,1910-01-01 00:00:00.000000000,2008-05-08 05:19:59.980800000,2007-11-17 23:29:22.358400000,129 days 18:40:00.019200000,129 days 18:40:00.019200000,0 days 00:00:00.000000000
1759,2009-02-21 00:00:00.000000000,2009-02-21 00:00:00.000000000,2009-02-21 00:00:00.000000000,1980-01-01 00:00:00.000000000,1910-01-01 00:00:00.000000000,2008-10-28 09:13:50.736000000,2008-05-09 03:23:13.113600000,115 days 14:46:09.264000000,115 days 14:46:09.264000000,0 days 00:00:00.000000000
1760,2008-09-05 00:00:00.000000000,2008-09-05 00:00:00.000000000,2008-09-05 00:00:00.000000000,1980-01-01 00:00:00.000000000,1910-01-01 00:00:00.000000000,2008-06-01 02:10:54.537600000,2007-12-11 20:20:16.915200000,95 days 21:49:05.462400000,95 days 21:49:05.462400000,0 days 00:00:00.000000000
1761,2009-02-26 00:00:00.000000000,2009-02-26 00:00:00.000000000,2009-02-26 00:00:00.000000000,1980-01-01 00:00:00.000000000,1910-01-01 00:00:00.000000000,2008-11-02 09:13:50.736000000,2008-05-14 03:23:13.113600000,115 days 14:46:09.264000000,115 days 14:46:09.264000000,0 days 00:00:00.000000000
1762,2008-12-01 00:00:00.000000000,2008-12-01 00:00:00.000000000,2008-12-01 00:00:00.000000000,1980-01-01 00:00:00.000000000,1910-01-01 00:00:00.000000000,2008-09-05 15:31:45.897600000,2008-03-17 09:41:08.275200000,86 days 08:28:14.102400000,86 days 08:28:14.102400000,0 days 00:00:00.000000000
1763,2009-01-09 00:00:00.000000000,2009-01-09 00:00:00.000000000,2009-01-09 00:00:00.000000000,1980-01-01 00:00:00.000000000,1910-01-01 00:00:00.000000000,2008-11-19 07:12:00.000000000,2008-05-31 01:21:22.377600000,50 days 16:48:00.000000000,50 days 16:48:00.000000000,0 days 00:00:00.000000000
1764,2009-03-03 00:00:00.000000000,2009-03-03 00:00:00.000000000,2009-03-03 00:00:00.000000000,1980-01-01 00:00:00.000000000,1910-01-01 00:00:00.000000000,2008-12-11 13:05:27.312000000,2008-06-22 07:14:49.689600000,81 days 10:54:32.688000000,81 days 10:54:32.688000000,0 days 00:00:00.000000000
1765,2008-09-25 00:00:00.000000000,2008-09-25 00:00:00.000000000,2008-09-25 00:00:00.000000000,1980-01-01 00:00:00.000000000,1910-01-01 00:00:00.000000000,2008-07-02 13:42:51.465600000,2008-01-12 07:52:13.843200000,84 days 10:17:08.534400000,84 days 10:17:08.534400000,0 days 00:00:00.000000000
1766,2008-09-26 00:00:00.000000000,2008-09-26 00:00:00.000000000,2008-09-26 00:00:00.000000000,1980-01-01 00:00:00.000000000,1910-01-01 00:00:00.000000000,2008-05-19 05:19:59.980800000,2007-11-28 23:29:22.358400000,129 days 18:40:00.019200000,129 days 18:40:00.019200000,0 days 00:00:00.000000000
1767,2009-03-05 00:00:00.000000000,2009-03-05 00:00:00.000000000,2009-03-05 00:00:00.000000000,1980-01-01 00:00:00.000000000,1910-01-01 00:00:00.000000000,2009-01-13 07:12:00.000000000,2008-07-25 01:21:22.377600000,50 days 16:48:00.000000000,50 days 16:48:00.000000000,0 days 00:00:00.000000000
1768,2009-03-03 00:00:00.000000000,2009-03-03 00:00:00.000000000,2009-03-03 00:00:00.000000000,1980-01-01 00:00:00.000000000,1910-01-01 00:00:00.000000000,2008-12-11 13:05:27.312000000,2008-06-22 07:14:49.689600000,81 days 10:54:32.688000000,81 days 10:54:32.688000000,0 days 00:00:00.000000000
1769,2009-03-03 00:00:00.000000000,2009-03-03 00:00:00.000000000,2009-03-03 00:00:00.000000000,1980-01-01 00:00:00.000000000,1910-01-01 00:00:00.000000000,2008-12-11 13:05:27.312000000,2008-06-22 07:14:49.689600000,81 days 10:54:32.688000000,81 days 10:54:32.688000000,0 days 00:00:00.000000000
1770,2009-04-01 00:00:00.000000000,2009-04-01 00:00:00.000000000,2009-04-01 00:00:00.000000000,1980-01-01 00:00:00.000000000,1910-01-01 00:00:00.000000000,2009-01-13 05:11:48.624000000,2008-07-24 23:21:11.001600000,77 days 18:48:11.376000000,77 days 18:48:11.376000000,0 days 00:00:00.000000000
1771,2008-08-27 00:00:00.000000000,2008-08-27 00:00:00.000000000,2008-08-27 00:00:00.000000000,1980-01-01 00:00:00.000000000,1910-01-01 00:00:00.000000000,2008-06-03 10:00:00.028800000,2007-12-14 04:09:22.406400000,84 days 13:59:59.971200000,84 days 13:59:59.971200000,0 days 00:00:00.000000000
1772,2008-08-24 00:00:00.000000000,2008-08-24 00:00:00.000000000,2008-08-24 00:00:00.000000000,1980-01-01 00:00:00.000000000,1910-01-01 00:00:00.000000000,2008-06-01 19:02:04.099200000,2007-12-12 13:11:26.476800000,83 days 04:57:55.900800000,83 days 04:57:55.900800000,0 days 00:00:00.000000000
1773,2008-11-04 00:00:00.000000000,2008-11-04 00:00:00.000000000,2008-11-04 00:00:00.000000000,1980-01-01 00:00:00.000000000,1910-01-01 00:00:00.000000000,2008-08-05 17:41:03.148800000,2008-02-15 11:50:25.526400000,90 days 06:18:56.851200000,90 days 06:18:56.851200000,0 days 00:00:00.000000000
1774,2009-01-19 00:00:00.000000000,2009-01-19 00:00:00.000000000,2009-01-19 00:00:00.000000000,1980-01-01 00:00:00.000000000,1910-01-01 00:00:00.000000000,2008-10-02 14:36:31.334400000,2008-04-13 08:45:53.712000000,108 days 09:23:28.665600000,108 days 09:23:28.665600000,0 days 00:00:00.000000000
1775,2009-01-09 00:00:00.000000000,2009-01-09 00:00:00.000000000,2009-01-09 00:00:00.000000000,1980-01-01 00:00:00.000000000,1910-01-01 00:00:00.000000000,2008-11-19 07:12:00.000000000,2008-05-31 01:21:22.377600000,50 days 16:48:00.000000000,50 days 16:48:00.000000000,0 days 00:00:00.000000000
1776,2009-01-09 00:00:00.000000000,2009-01-09 00:00:00.000000000,2009-01-09 00:00:00.000000000,1980-01-01 00:00:00.000000000,1910-01-01 00:00:00.000000000,2008-11-19 07:12:00.000000000,2008-05-31 01:21:22.377600000,50 days 16:48:00.000000000,50 days 16:48:00.000000000,0 days 00:00:00.000000000
1777,2009-02-18 00:00:00.000000000,2009-02-18 00:00:00.000000000,2009-02-18 00:00:00.000000000,1980-01-01 00:00:00.000000000,1910-01-01 00:00:00.000000000,2008-11-28 13:05:27.312000000,2008-06-09 07:14:49.689600000,81 days 10:54:32.688000000,81 days 10:54:32.688000000,0 days 00:00:00.000000000
1778,2009-03-04 00:00:00.000000000,2009-03-04 00:00:00.000000000,2009-03-04 00:00:00.000000000,1980-01-01 00:00:00.000000000,1910-01-01 00:00:00.000000000,2008-12-12 13:05:27.312000000,2008-06-23 07:14:49.689600000,81 days 10:54:32.688000000,81 days 10:54:32.688000000,0 days 00:00:00.000000000
1779,2009-03-19 00:00:00.000000000,2009-03-19 00:00:00.000000000,2009-03-19 00:00:00.000000000,1980-01-01 00:00:00.000000000,1910-01-01 00:00:00.000000000,2008-11-30 14:36:31.334400000,2008-06-11 08:45:53.712000000,108 days 09:23:28.665600000,108 days 09:23:28.665600000,0 days 00:00:00.000000000
1780,2009-03-24 00:00:00.000000000,2009-03-24 00:00:00.000000000,2009-03-24 00:00:00.000000000,1980-01-01 00:00:00.000000000,1910-01-01 00:00:00.000000000,2008-12-05 14:36:31.334400000,2008-06-16 08:45:53.712000000,108 days 09:23:28.665600000,108 days 09:23:28.665600000,0 days 00:00:00.000000000
1781,2009-03-24 00:00:00.000000000,2009-03-24 00:00:00.000000000,2009-03-24 00:00:00.000000000,1980-01-01 00:00:00.000000000,1910-01-01 00:00:00.000000000,2008-12-05 14:36:31.334400000,2008-06-16 08:45:53.712000000,108 days 09:23:28.665600000,108 days 09:23:28.665600000,0 days 00:00:00.000000000
1782,2009-03-24 00:00:00.000000000,2009-03-24 00:00:00.000000000,2009-03-24 00:00:00.000000000,1980-01-01 00:00:00.000000000,1910-01-01 00:00:00.000000000,2008-12-05 14:36:31.334400000,2008-06-16 08:45:53.712000000,108 days 09:23:28.665600000,108 days 09:23:28.665600000,0 days 00:00:00.000000000
1783,2008-10-28 00:00:00.000000000,2008-10-28 00:00:00.000000000,2008-10-28 00:00:00.000000000,1980-01-01 00:00:00.000000000,1910-01-01 00:00:00.000000000,2008-08-14 00:00:00.000000000,2008-02-23 18:09:22.377600000,75 days 00:00:00.000000000,75 days 00:00:00.000000000,0 days 00:00:00.000000000
1784,2009-01-19 00:00:00.000000000,2009-01-19 00:00:00.000000000,2009-01-19 00:00:00.000000000,1980-01-01 00:00:00.000000000,1910-01-01 00:00:00.000000000,2008-10-02 14:36:31.334400000,2008-04-13 08:45:53.712000000,108 days 09:23:28.665600000,108 days 09:23:28.665600000,0 days 00:00:00.000000000
1785,2008-11-14 00:00:00.000000000,2008-11-14 00:00:00.000000000,2008-11-14 00:00:00.000000000,1980-01-01 00:00:00.000000000,1910-01-01 00:00:00.000000000,2008-08-10 02:10:54.537600000,2008-02-19 20:20:16.915200000,95 days 21:49:05.462400000,95 days 21:49:05.462400000,0 days 00:00:00.000000000
1786,2009-04-02 00:00:00.000000000,2009-04-02 00:00:00.000000000,2009-04-02 00:00:00.000000000,1980-01-01 00:00:00.000000000,1910-01-01 00:00:00.000000000,2008-12-14 14:36:31.334400000,2008-06-25 08:45:53.712000000,108 days 09:23:28.665600000,108 days 09:23:28.665600000,0 days 00:00:00.000000000
1787,2009-04-30 00:00:00.000000000,2009-04-30 00:00:00.000000000,2009-04-30 00:00:00.000000000,1980-01-01 00:00:00.000000000,1910-01-01 00:00:00.000000000,2009-01-11 14:36:31.334400000,2008-07-23 08:45:53.712000000,108 days 09:23:28.665600000,108 days 09:23:28.665600000,0 days 00:00:00.000000000
1788,2009-05-19 00:00:00.000000000,2009-05-19 00:00:00.000000000,2009-05-19 00:00:00.000000000,1980-01-01 00:00:00.000000000,1910-01-01 00:00:00.000000000,2009-03-03 23:06:40.003200000,2008-09-12 17:16:02.380800000,76 days 00:53:19.996800000,76 days 00:53:19.996800000,0 days 00:00:00.000000000
1789,2009-05-08 00:00:00.000000000,2009-05-08 00:00:00.000000000,2009-05-08 00:00:00.000000000,1980-01-01 00:00:00.000000000,1910-01-01 00:00:00.000000000,2009-01-19 14:36:31.334400000,2008-07-31 08:45:53.712000000,108 days 09:23:28.665600000,108 days 09:23:28.665600000,0 days 00:00:00.000000000
1790,2009-05-22 00:00:00.000000000,2009-05-22 00:00:00.000000000,2009-05-22 00:00:00.000000000,1980-01-01 00:00:00.000000000,1910-01-01 00:00:00.000000000,2009-03-06 23:06:40.003200000,2008-09-15 17:16:02.380800000,76 days 00:53:19.996800000,76 days 00:53:19.996800000,0 days 00:00:00.000000000
1791,2009-06-01 00:00:00.000000000,2009-06-01 00:00:00.000000000,2009-06-01 00:00:00.000000000,1980-01-01 00:00:00.000000000,1910-01-01 00:00:00.000000000,2009-04-11 07:12:00.000000000,2008-10-21 01:21:22.377600000,50 days 16:48:00.000000000,50 days 16:48:00.000000000,0 days 00:00:00.000000000
1792,2009-06-08 00:00:00.000000000,2009-06-08 00:00:00.000000000,2009-06-08 00:00:00.000000000,1980-01-01 00:00:00.000000000,1910-01-01 00:00:00.000000000,2009-02-18 21:36:00.000000000,2008-08-30 15:45:22.377600000,109 days 02:24:00.000000000,109 days 02:24:00.000000000,0 days 00:00:00.000000000
1793,2009-06-28 00:00:00.000000000,2009-06-28 00:00:00.000000000,2009-06-28 00:00:00.000000000,1980-01-01 00:00:00.000000000,1910-01-01 00:00:00.000000000,2009-03-04 09:13:50.736000000,2008-09-13 03:23:13.113600000,115 days 14:46:09.264000000,115 days 14:46:09.264000000,0 days 00:00:00.000000000
1794,2009-08-12 00:00:00.000000000,2009-08-12 00:00:00.000000000,2009-08-12 00:00:00.000000000,1970-01-01 00:00:00.000000000,1910-01-01 00:00:00.000000000,2009-05-26 05:11:48.624000000,2008-12-04 23:21:11.001600000,77 days 18:48:11.376000000,77 days 18:48:11.376000000,0 days 00:00:00.000000000
1795,2009-08-12 00:00:00.000000000,2009-08-12 00:00:00.000000000,2009-08-12 00:00:00.000000000,1970-01-01 00:00:00.000000000,1910-01-01 00:00:00.000000000,2009-05-26 05:11:48.624000000,2008-12-04 23:21:11.001600000,77 days 18:48:11.376000000,77 days 18:48:11.376000000,0 days 00:00:00.000000000
1796,2009-06-23 00:00:00.000000000,2009-06-23 00:00:00.000000000,2009-06-23 00:00:00.000000000,1980-01-01 00:00:00.000000000,1910-01-01 00:00:00.000000000,2009-05-03 07:12:00.000000000,2008-11-12 01:21:22.377600000,50 days 16:48:00.000000000,50 days 16:48:00.000000000,0 days 00:00:00.000000000
1797,2009-06-16 00:00:00.000000000,2009-06-16 00:00:00.000000000,2009-06-16 00:00:00.000000000,1980-01-01 00:00:00.000000000,1910-01-01 00:00:00.000000000,2009-02-27 14:36:31.334400000,2008-09-08 08:45:53.712000000,108 days 09:23:28.665600000,108 days 09:23:28.665600000,0 days 00:00:00.000000000
1798,2009-06-18 00:00:00.000000000,2009-06-18 00:00:00.000000000,2009-06-18 00:00:00.000000000,1980-01-01 00:00:00.000000000,1910-01-01 00:00:00.000000000,2009-04-02 23:06:40.003200000,2008-10-12 17:16:02.380800000,76 days 00:53:19.996800000,76 days 00:53:19.996800000,0 days 00:00:00.000000000
1799,2009-06-18 00:00:00.000000000,2009-06-18 00:00:00.000000000,2009-06-18 00:00:00.000000000,1980-01-01 00:00:00.000000000,1910-01-01 00:00:00.000000000,2009-04-02 23:06:40.003200000,2008-10-12 17:16:02.380800000,76 days 00:53:19.996800000,76 days 00:53:19.996800000,0 days 00:00:00.000000000
1800,2009-06-23 00:00:00.000000000,2009-06-23 00:00:00.000000000,2009-06-23 00:00:00.000000000,1980-01-01 00:00:00.000000000,1910-01-01 00:00:00.000000000,2009-05-03 07:12:00.000000000,2008-11-12 01:21:22.377600000,50 days 16:48:00.000000000,50 days 16:48:00.000000000,0 days 00:00:00.000000000
1801,2009-06-22 00:00:00.000000000,2009-06-22 00:00:00.000000000,2009-06-22 00:00:00.000000000,1980-01-01 00:00:00.000000000,1910-01-01 00:00:00.000000000,2009-05-02 07:12:00.000000000,2008-11-11 01:21:22.377600000,50 days 16:48:00.000000000,50 days 16:48:00.000000000,0 days 00:00:00.000000000
1802,2009-06-22 00:00:00.000000000,2009-06-22 00:00:00.000000000,2009-06-22 00:00:00.000000000,1980-01-01 00:00:00.000000000,1910-01-01 00:00:00.000000000,2009-02-15 14:24:00.000000000,2008-08-27 08:33:22.377600000,126 days 09:36:00.000000000,126 days 09:36:00.000000000,0 days 00:00:00.000000000
1803,2009-07-08 00:00:00.000000000,2009-07-08 00:00:00.000000000,2009-07-08 00:00:00.000000000,1970-01-01 00:00:00.000000000,1910-01-01 00:00:00.000000000,2009-03-19 04:55:23.059200000,2008-09-27 23:04:45.436800000,110 days 19:04:36.940800000,110 days 19:04:36.940800000,0 days 00:00:00.000000000
1804,2009-07-14 00:00:00.000000000,2009-07-14 00:00:00.000000000,2009-07-14 00:00:00.000000000,1970-01-01 00:00:00.000000000,1910-01-01 00:00:00.000000000,2009-03-25 04:55:23.059200000,2008-10-03 23:04:45.436800000,110 days 19:04:36.940800000,110 days 19:04:36.940800000,0 days 00:00:00.000000000
1805,2009-08-14 00:00:00.000000000,2009-08-14 00:00:00.000000000,2009-08-14 00:00:00.000000000,1970-01-01 00:00:00.000000000,1910-01-01 00:00:00.000000000,2009-06-24 07:12:00.000000000,2009-01-03 01:21:22.377600000,50 days 16:48:00.000000000,50 days 16:48:00.000000000,0 days 00:00:00.000000000
1806,2009-09-04 00:00:00.000000000,2009-09-04 00:00:00.000000000,2009-09-04 00:00:00.000000000,1970-01-01 00:00:00.000000000,1910-01-01 00:00:00.000000000,2009-05-17 21:36:00.000000000,2008-11-26 15:45:22.377600000,109 days 02:24:00.000000000,109 days 02:24:00.000000000,0 days 00:00:00.000000000
1807,2009-08-27 00:00:00.000000000,2009-08-27 00:00:00.000000000,2009-08-27 00:00:00.000000000,1970-01-01 00:00:00.000000000,1910-01-01 00:00:00.000000000,2009-05-03 09:13:50.736000000,2008-11-12 03:23:13.113600000,115 days 14:46:09.264000000,115 days 14:46:09.264000000,0 days 00:00:00.000000000
1808,2009-09-03 00:00:00.000000000,2009-09-03 00:00:00.000000000,2009-09-03 00:00:00.000000000,1970-01-01 00:00:00.000000000,1910-01-01 00:00:00.000000000,2009-05-10 09:13:50.736000000,2008-11-19 03:23:13.113600000,115 days 14:46:09.264000000,115 days 14:46:09.264000000,0 days 00:00:00.000000000
1809,2009-08-04 00:00:00.000000000,2009-08-04 00:00:00.000000000,2009-08-04 00:00:00.000000000,1970-01-01 00:00:00.000000000,1910-01-01 00:00:00.000000000,2009-04-17 14:36:31.334400000,2008-10-27 08:45:53.712000000,108 days 09:23:28.665600000,108 days 09:23:28.665600000,0 days 00:00:00.000000000
1810,2009-08-04 00:00:00.000000000,2009-08-04 00:00:00.000000000,2009-08-04 00:00:00.000000000,1970-01-01 00:00:00.000000000,1910-01-01 00:00:00.000000000,2009-04-17 14:36:31.334400000,2008-10-27 08:45:53.712000000,108 days 09:23:28.665600000,108 days 09:23:28.665600000,0 days 00:00:00.000000000
1811,2009-08-04 00:00:00.000000000,2009-08-04 00:00:00.000000000,2009-08-04 00:00:00.000000000,1970-01-01 00:00:00.000000000,1910-01-01 00:00:00.000000000,2009-04-17 14:36:31.334400000,2008-10-27 08:45:53.712000000,108 days 09:23:28.665600000,108 days 09:23:28.665600000,0 days 00:00:00.000000000
1812,2009-08-04 00:00:00.000000000,2009-08-04 00:00:00.000000000,2009-08-04 00:00:00.000000000,1970-01-01 00:00:00.000000000,1910-01-01 00:00:00.000000000,2009-04-15 04:55:23.059200000,2008-10-24 23:04:45.436800000,110 days 19:04:36.940800000,110 days 19:04:36.940800000,0 days 00:00:00.000000000
1813,2009-09-15 00:00:00.000000000,2009-09-15 00:00:00.000000000,2009-09-15 00:00:00.000000000,1970-01-01 00:00:00.000000000,1910-01-01 00:00:00.000000000,2009-07-26 07:12:00.000000000,2009-02-04 01:21:22.377600000,50 days 16:48:00.000000000,50 days 16:48:00.000000000,0 days 00:00:00.000000000
1814,2009-07-31 00:00:00.000000000,2009-07-31 00:00:00.000000000,2009-07-31 00:00:00.000000000,1970-01-01 00:00:00.000000000,1910-01-01 00:00:00.000000000,2009-05-15 23:06:40.003200000,2008-11-24 17:16:02.380800000,76 days 00:53:19.996800000,76 days 00:53:19.996800000,0 days 00:00:00.000000000
1815,2009-08-17 00:00:00.000000000,2009-08-17 00:00:00.000000000,2009-08-17 00:00:00.000000000,1970-01-01 00:00:00.000000000,1910-01-01 00:00:00.000000000,2009-04-29 21:36:00.000000000,2008-11-08 15:45:22.377600000,109 days 02:24:00.000000000,109 days 02:24:00.000000000,0 days 00:00:00.000000000
1816,2009-09-15 00:00:00.000000000,2009-09-15 00:00:00.000000000,2009-09-15 00:00:00.000000000,1970-01-01 00:00:00.000000000,1910-01-01 00:00:00.000000000,2009-05-28 21:36:00.000000000,2008-12-07 15:45:22.377600000,109 days 02:24:00.000000000,109 days 02:24:00.000000000,0 days 00:00:00.000000000
1817,2009-08-25 00:00:00.000000000,2009-08-25 00:00:00.000000000,2009-08-25 00:00:00.000000000,1970-01-01 00:00:00.000000000,1910-01-01 00:00:00.000000000,2009-05-06 04:55:23.059200000,2008-11-14 23:04:45.436800000,110 days 19:04:36.940800000,110 days 19:04:36.940800000,0 days 00:00:00.000000000
1818,2009-08-25 00:00:00.000000000,2009-08-25 00:00:00.000000000,2009-08-25 00:00:00.000000000,1970-01-01 00:00:00.000000000,1910-01-01 00:00:00.000000000,2009-05-06 04:55:23.059200000,2008-11-14 23:04:45.436800000,110 days 19:04:36.940800000,110 days 19:04:36.940800000,0 days 00:00:00.000000000
1819,2009-08-21 00:00:00.000000000,2009-08-21 00:00:00.000000000,2009-08-21 00:00:00.000000000,1970-01-01 00:00:00.000000000,1910-01-01 00:00:00.000000000,2009-05-03 21:36:00.000000000,2008-11-12 15:45:22.377600000,109 days 02:24:00.000000000,109 days 02:24:00.000000000,0 days 00:00:00.000000000
1820,2009-08-24 00:00:00.000000000,2009-08-24 00:00:00.000000000,2009-08-24 00:00:00.000000000,1970-01-01 00:00:00.000000000,1910-01-01 00:00:00.000000000,2009-07-04 07:12:00.000000000,2009-01-13 01:21:22.377600000,50 days 16:48:00.000000000,50 days 16:48:00.000000000,0 days 00:00:00.000000000
1821,2009-09-08 00:00:00.000000000,2009-09-08 00:00:00.000000000,2009-09-08 00:00:00.000000000,1970-01-01 00:00:00.000000000,1910-01-01 00:00:00.000000000,2009-05-20 04:55:23.059200000,2008-11-28 23:04:45.436800000,110 days 19:04:36.940800000,110 days 19:04:36.940800000,0 days 00:00:00.000000000
1822,2009-09-11 00:00:00.000000000,2009-09-11 00:00:00.000000000,2009-09-11 00:00:00.000000000,1970-01-01 00:00:00.000000000,1910-01-01 00:00:00.000000000,2009-07-22 07:12:00.000000000,2009-01-31 01:21:22.377600000,50 days 16:48:00.000000000,50 days 16:48:00.000000000,0 days 00:00:00.000000000
1823,2009-10-19 00:00:00.000000000,2009-10-19 00:00:00.000000000,2009-10-19 00:00:00.000000000,1970-01-01 00:00:00.000000000,1910-01-01 00:00:00.000000000,2009-07-01 21:36:00.000000000,2009-01-10 15:45:22.377600000,109 days 02:24:00.000000000,109 days 02:24:00.000000000,0 days 00:00:00.000000000
1824,2009-09-16 00:00:00.000000000,2009-09-16 00:00:00.000000000,2009-09-16 00:00:00.000000000,1970-01-01 00:00:00.000000000,1910-01-01 00:00:00.000000000,2009-05-28 04:55:23.059200000,2008-12-06 23:04:45.436800000,110 days 19:04:36.940800000,110 days 19:04:36.940800000,0 days 00:00:00.000000000
1825,2009-09-25 00:00:00.000000000,2009-09-25 00:00:00.000000000,2009-09-25 00:00:00.000000000,1970-01-01 00:00:00.000000000,1910-01-01 00:00:00.000000000,2009-06-06 04:55:23.059200000,2008-12-15 23:04:45.436800000,110 days 19:04:36.940800000,110 days 19:04:36.940800000,0 days 00:00:00.000000000
1826,2009-10-20 00:00:00.000000000,2009-10-20 00:00:00.000000000,2009-10-20 00:00:00.000000000,1970-01-01 00:00:00.000000000,1910-01-01 00:00:00.000000000,2009-07-03 14:36:31.334400000,2009-01-12 08:45:53.712000000,108 days 09:23:28.665600000,108 days 09:23:28.665600000,0 days 00:00:00.000000000
1827,2009-10-20 00:00:00.000000000,2009-10-20 00:00:00.000000000,2009-10-20 00:00:00.000000000,1970-01-01 00:00:00.000000000,1910-01-01 00:00:00.000000000,2009-07-03 14:36:31.334400000,2009-01-12 08:45:53.712000000,108 days 09:23:28.665600000,108 days 09:23:28.665600000,0 days 00:00:00.000000000
1828,2009-10-07 00:00:00.000000000,2009-10-07 00:00:00.000000000,2009-10-07 00:00:00.000000000,1970-01-01 00:00:00.000000000,1910-01-01 00:00:00.000000000,2009-06-13 09:13:50.736000000,2008-12-23 03:23:13.113600000,115 days 14:46:09.264000000,115 days 14:46:09.264000000,0 days 00:00:00.000000000
1829,2009-11-07 00:00:00.000000000,2009-11-07 00:00:00.000000000,2009-11-07 00:00:00.000000000,1970-01-01 00:00:00.000000000,1910-01-01 00:00:00.000000000,2009-07-14 09:13:50.736000000,2009-01-23 03:23:13.113600000,115 days 14:46:09.264000000,115 days 14:46:09.264000000,0 days 00:00:00.000000000
1830,2009-10-12 00:00:00.000000000,2009-10-12 00:00:00.000000000,2009-10-12 00:00:00.000000000,1970-01-01 00:00:00.000000000,1910-01-01 00:00:00.000000000,2009-08-22 07:12:00.000000000,2009-03-03 01:21:22.377600000,50 days 16:48:00.000000000,50 days 16:48:00.000000000,0 days 00:00:00.000000000
1831,2009-10-26 00:00:00.000000000,2009-10-26 00:00:00.000000000,2009-10-26 00:00:00.000000000,1970-01-01 00:00:00.000000000,1910-01-01 00:00:00.000000000,2009-07-08 01:32:54.182400000,2009-01-16 19:42:16.560000000,109 days 22:27:05.817600000,109 days 22:27:05.817600000,0 days 00:00:00.000000000
1832,2009-10-20 00:00:00.000000000,2009-10-20 00:00:00.000000000,2009-10-20 00:00:00.000000000,1970-01-01 00:00:00.000000000,1910-01-01 00:00:00.000000000,2009-07-30 13:05:27.312000000,2009-02-08 07:14:49.689600000,81 days 10:54:32.688000000,81 days 10:54:32.688000000,0 days 00:00:00.000000000
1833,2009-12-18 00:00:00.000000000,2009-12-18 00:00:00.000000000,2009-12-18 00:00:00.000000000,1970-01-01 00:00:00.000000000,1910-01-01 00:00:00.000000000,2009-08-31 14:36:31.334400000,2009-03-12 08:45:53.712000000,108 days 09:23:28.665600000,108 days 09:23:28.665600000,0 days 00:00:00.000000000
1834,2009-11-18 00:00:00.000000000,2009-11-18 00:00:00.000000000,2009-11-18 00:00:00.000000000,1970-01-01 00:00:00.000000000,1910-01-01 00:00:00.000000000,2009-09-01 05:11:48.624000000,2009-03-12 23:21:11.001600000,77 days 18:48:11.376000000,77 days 18:48:11.376000000,0 days 00:00:00.000000000
1835,2009-11-24 00:00:00.000000000,2009-11-24 00:00:00.000000000,2009-11-24 00:00:00.000000000,1970-01-01 00:00:00.000000000,1910-01-01 00:00:00.000000000,2009-09-07 05:11:48.624000000,2009-03-18 23:21:11.001600000,77 days 18:48:11.376000000,77 days 18:48:11.376000000,0 days 00:00:00.000000000
1836,2009-10-29 00:00:00.000000000,2009-10-29 00:00:00.000000000,2009-10-29 00:00:00.000000000,1970-01-01 00:00:00.000000000,1910-01-01 00:00:00.000000000,2009-07-11 21:36:00.000000000,2009-01-20 15:45:22.377600000,109 days 02:24:00.000000000,109 days 02:24:00.000000000,0 days 00:00:00.000000000
1837,2009-11-26 00:00:00.000000000,2009-11-26 00:00:00.000000000,2009-11-26 00:00:00.000000000,1970-01-01 00:00:00.000000000,1910-01-01 00:00:00.000000000,2009-09-05 13:05:27.312000000,2009-03-17 07:14:49.689600000,81 days 10:54:32.688000000,81 days 10:54:32.688000000,0 days 00:00:00.000000000
1838,2007-02-01 00:00:00.000000000,2007-02-01 00:00:00.000000000,2007-02-01 00:00:00.000000000,1980-01-01 00:00:00.000000000,1910-01-01 00:00:00.000000000,2006-10-18 00:00:00.000000000,2006-04-28 18:09:22.377600000,106 days 00:00:00.000000000,106 days 00:00:00.000000000,0 days 00:00:00.000000000
1839,2007-02-22 00:00:00.000000000,2007-02-22 00:00:00.000000000,2007-02-22 00:00:00.000000000,1980-01-01 00:00:00.000000000,1910-01-01 00:00:00.000000000,2006-12-03 04:48:00.000000000,2006-06-13 22:57:22.377600000,80 days 19:12:00.000000000,80 days 19:12:00.000000000,0 days 00:00:00.000000000
1840,2007-03-08 00:00:00.000000000,2007-03-08 00:00:00.000000000,2007-03-08 00:00:00.000000000,1980-01-01 00:00:00.000000000,1910-01-01 00:00:00.000000000,2007-02-02 13:05:27.312000000,2006-08-14 07:14:49.689600000,33 days 10:54:32.688000000,33 days 10:54:32.688000000,0 days 00:00:00.000000000
1841,2007-05-03 00:00:00.000000000,2007-05-03 00:00:00.000000000,2007-05-03 00:00:00.000000000,1980-01-01 00:00:00.000000000,1910-01-01 00:00:00.000000000,2007-02-07 12:00:00.000000000,2006-08-19 06:09:22.377600000,84 days 12:00:00.000000000,84 days 12:00:00.000000000,0 days 00:00:00.000000000
1842,2007-05-04 00:00:00.000000000,2007-05-04 00:00:00.000000000,2007-05-04 00:00:00.000000000,1980-01-01 00:00:00.000000000,1910-01-01 00:00:00.000000000,2007-01-18 00:00:00.000000000,2006-07-29 18:09:22.377600000,106 days 00:00:00.000000000,106 days 00:00:00.000000000,0 days 00:00:00.000000000
1843,2007-04-17 00:00:00.000000000,2007-04-17 00:00:00.000000000,2007-04-17 00:00:00.000000000,1980-01-01 00:00:00.000000000,1910-01-01 00:00:00.000000000,2007-03-09 14:24:00.000000000,2006-09-18 08:33:22.377600000,38 days 09:36:00.000000000,38 days 09:36:00.000000000,0 days 00:00:00.000000000
1844,2007-04-17 00:00:00.000000000,2007-04-17 00:00:00.000000000,2007-04-17 00:00:00.000000000,1980-01-01 00:00:00.000000000,1910-01-01 00:00:00.000000000,2007-03-09 14:24:00.000000000,2006-09-18 08:33:22.377600000,38 days 09:36:00.000000000,38 days 09:36:00.000000000,0 days 00:00:00.000000000
1845,2007-05-11 00:00:00.000000000,2007-05-11 00:00:00.000000000,2007-05-11 00:00:00.000000000,1980-01-01 00:00:00.000000000,1910-01-01 00:00:00.000000000,2007-04-16 12:00:00.000000000,2006-10-26 06:09:22.377600000,24 days 12:00:00.000000000,24 days 12:00:00.000000000,0 days 00:00:00.000000000
1846,2007-05-08 00:00:00.000000000,2007-05-08 00:00:00.000000000,2007-05-08 00:00:00.000000000,1980-01-01 00:00:00.000000000,1910-01-01 00:00:00.000000000,2007-04-13 12:00:00.000000000,2006-10-23 06:09:22.377600000,24 days 12:00:00.000000000,24 days 12:00:00.000000000,0 days 00:00:00.000000000
1847,2007-05-04 00:00:00.000000000,2007-05-04 00:00:00.000000000,2007-05-04 00:00:00.000000000,1980-01-01 00:00:00.000000000,1910-01-01 00:00:00.000000000,2007-02-12 04:48:00.000000000,2006-08-23 22:57:22.377600000,80 days 19:12:00.000000000,80 days 19:12:00.000000000,0 days 00:00:00.000000000
1848,2007-04-30 00:00:00.000000000,2007-04-30 00:00:00.000000000,2007-04-30 00:00:00.000000000,1980-01-01 00:00:00.000000000,1910-01-01 00:00:00.000000000,2007-02-08 04:48:00.000000000,2006-08-19 22:57:22.377600000,80 days 19:12:00.000000000,80 days 19:12:00.000000000,0 days 00:00:00.000000000
1849,2007-06-07 00:00:00.000000000,2007-06-07 00:00:00.000000000,2007-06-07 00:00:00.000000000,1980-01-01 00:00:00.000000000,1910-01-01 00:00:00.000000000,2007-05-04 13:05:27.312000000,2006-11-13 07:14:49.689600000,33 days 10:54:32.688000000,33 days 10:54:32.688000000,0 days 00:00:00.000000000
1850,2007-04-30 00:00:00.000000000,2007-04-30 00:00:00.000000000,2007-04-30 00:00:00.000000000,1980-01-01 00:00:00.000000000,1910-01-01 00:00:00.000000000,2007-03-22 14:24:00.000000000,2006-10-01 08:33:22.377600000,38 days 09:36:00.000000000,38 days 09:36:00.000000000,0 days 00:00:00.000000000
1851,2007-04-30 00:00:00.000000000,2007-04-30 00:00:00.000000000,2007-04-30 00:00:00.000000000,1980-01-01 00:00:00.000000000,1910-01-01 00:00:00.000000000,2007-02-08 04:48:00.000000000,2006-08-19 22:57:22.377600000,80 days 19:12:00.000000000,80 days 19:12:00.000000000,0 days 00:00:00.000000000
1852,2007-04-17 00:00:00.000000000,2007-04-17 00:00:00.000000000,2007-04-17 00:00:00.000000000,1980-01-01 00:00:00.000000000,1910-01-01 00:00:00.000000000,2007-01-01 00:00:00.000000000,2006-07-12 18:09:22.377600000,106 days 00:00:00.000000000,106 days 00:00:00.000000000,0 days 00:00:00.000000000
1853,2007-05-04 00:00:00.000000000,2007-05-04 00:00:00.000000000,2007-05-04 00:00:00.000000000,1980-01-01 00:00:00.000000000,1910-01-01 00:00:00.000000000,2007-02-12 04:48:00.000000000,2006-08-23 22:57:22.377600000,80 days 19:12:00.000000000,80 days 19:12:00.000000000,0 days 00:00:00.000000000
1854,2007-04-30 00:00:00.000000000,2007-04-30 00:00:00.000000000,2007-04-30 00:00:00.000000000,1980-01-01 00:00:00.000000000,1910-01-01 00:00:00.000000000,2007-02-08 04:48:00.000000000,2006-08-19 22:57:22.377600000,80 days 19:12:00.000000000,80 days 19:12:00.000000000,0 days 00:00:00.000000000
1855,2007-04-30 00:00:00.000000000,2007-04-30 00:00:00.000000000,2007-04-30 00:00:00.000000000,1980-01-01 00:00:00.000000000,1910-01-01 00:00:00.000000000,2007-02-08 04:48:00.000000000,2006-08-19 22:57:22.377600000,80 days 19:12:00.000000000,80 days 19:12:00.000000000,0 days 00:00:00.000000000
1856,2007-06-12 00:00:00.000000000,2007-06-12 00:00:00.000000000,2007-06-12 00:00:00.000000000,1980-01-01 00:00:00.000000000,1910-01-01 00:00:00.000000000,2007-04-16 16:00:00.028800000,2006-10-26 10:09:22.406400000,56 days 07:59:59.971200000,56 days 07:59:59.971200000,0 days 00:00:00.000000000
1857,2007-06-26 00:00:00.000000000,2007-06-26 00:00:00.000000000,2007-06-26 00:00:00.000000000,1980-01-01 00:00:00.000000000,1910-01-01 00:00:00.000000000,2007-04-02 12:00:00.000000000,2006-10-12 06:09:22.377600000,84 days 12:00:00.000000000,84 days 12:00:00.000000000,0 days 00:00:00.000000000
1858,2007-07-05 00:00:00.000000000,2007-07-05 00:00:00.000000000,2007-07-05 00:00:00.000000000,1980-01-01 00:00:00.000000000,1910-01-01 00:00:00.000000000,2007-04-15 04:48:00.000000000,2006-10-24 22:57:22.377600000,80 days 19:12:00.000000000,80 days 19:12:00.000000000,0 days 00:00:00.000000000
1859,2007-07-06 00:00:00.000000000,2007-07-06 00:00:00.000000000,2007-07-06 00:00:00.000000000,1980-01-01 00:00:00.000000000,1910-01-01 00:00:00.000000000,2007-05-11 00:00:00.000000000,2006-11-19 18:09:22.377600000,56 days 00:00:00.000000000,56 days 00:00:00.000000000,0 days 00:00:00.000000000
1860,2007-06-26 00:00:00.000000000,2007-06-26 00:00:00.000000000,2007-06-26 00:00:00.000000000,1980-01-01 00:00:00.000000000,1910-01-01 00:00:00.000000000,2007-05-18 14:24:00.000000000,2006-11-27 08:33:22.377600000,38 days 09:36:00.000000000,38 days 09:36:00.000000000,0 days 00:00:00.000000000
1861,2007-05-20 00:00:00.000000000,2007-05-20 00:00:00.000000000,2007-05-20 00:00:00.000000000,1980-01-01 00:00:00.000000000,1910-01-01 00:00:00.000000000,2007-03-24 16:00:00.028800000,2006-10-03 10:09:22.406400000,56 days 07:59:59.971200000,56 days 07:59:59.971200000,0 days 00:00:00.000000000
1862,2007-10-15 00:00:00.000000000,2007-10-15 00:00:00.000000000,2007-10-15 00:00:00.000000000,1980-01-01 00:00:00.000000000,1910-01-01 00:00:00.000000000,2007-08-03 15:55:14.822400000,2007-02-12 10:04:37.200000000,72 days 08:04:45.177600000,72 days 08:04:45.177600000,0 days 00:00:00.000000000
1863,2007-08-17 00:00:00.000000000,2007-08-17 00:00:00.000000000,2007-08-17 00:00:00.000000000,1980-01-01 00:00:00.000000000,1910-01-01 00:00:00.000000000,2007-06-21 16:00:00.028800000,2006-12-31 10:09:22.406400000,56 days 07:59:59.971200000,56 days 07:59:59.971200000,0 days 00:00:00.000000000
1864,2007-08-17 00:00:00.000000000,2007-08-17 00:00:00.000000000,2007-08-17 00:00:00.000000000,1980-01-01 00:00:00.000000000,1910-01-01 00:00:00.000000000,2007-06-21 16:00:00.028800000,2006-12-31 10:09:22.406400000,56 days 07:59:59.971200000,56 days 07:59:59.971200000,0 days 00:00:00.000000000
1865,2007-07-19 00:00:00.000000000,2007-07-19 00:00:00.000000000,2007-07-19 00:00:00.000000000,1980-01-01 00:00:00.000000000,1910-01-01 00:00:00.000000000,2007-05-24 00:00:00.000000000,2006-12-02 18:09:22.377600000,56 days 00:00:00.000000000,56 days 00:00:00.000000000,0 days 00:00:00.000000000
1866,2007-08-22 00:00:00.000000000,2007-08-22 00:00:00.000000000,2007-08-22 00:00:00.000000000,1980-01-01 00:00:00.000000000,1910-01-01 00:00:00.000000000,2007-06-27 00:00:00.000000000,2007-01-05 18:09:22.377600000,56 days 00:00:00.000000000,56 days 00:00:00.000000000,0 days 00:00:00.000000000
1867,2007-08-22 00:00:00.000000000,2007-08-22 00:00:00.000000000,2007-08-22 00:00:00.000000000,1980-01-01 00:00:00.000000000,1910-01-01 00:00:00.000000000,2007-06-27 00:00:00.000000000,2007-01-05 18:09:22.377600000,56 days 00:00:00.000000000,56 days 00:00:00.000000000,0 days 00:00:00.000000000
1868,2007-08-07 00:00:00.000000000,2007-08-07 00:00:00.000000000,2007-08-07 00:00:00.000000000,1980-01-01 00:00:00.000000000,1910-01-01 00:00:00.000000000,2007-05-14 12:00:00.000000000,2006-11-23 06:09:22.377600000,84 days 12:00:00.000000000,84 days 12:00:00.000000000,0 days 00:00:00.000000000
1869,2007-07-30 00:00:00.000000000,2007-07-30 00:00:00.000000000,2007-07-30 00:00:00.000000000,1980-01-01 00:00:00.000000000,1910-01-01 00:00:00.000000000,2007-06-04 00:00:00.000000000,2006-12-13 18:09:22.377600000,56 days 00:00:00.000000000,56 days 00:00:00.000000000,0 days 00:00:00.000000000
1870,2007-07-09 00:00:00.000000000,2007-07-09 00:00:00.000000000,2007-07-09 00:00:00.000000000,1980-01-01 00:00:00.000000000,1910-01-01 00:00:00.000000000,2007-04-15 12:00:00.000000000,2006-10-25 06:09:22.377600000,84 days 12:00:00.000000000,84 days 12:00:00.000000000,0 days 00:00:00.000000000
1871,2007-07-30 00:00:00.000000000,2007-07-30 00:00:00.000000000,2007-07-30 00:00:00.000000000,1980-01-01 00:00:00.000000000,1910-01-01 00:00:00.000000000,2007-06-04 00:00:00.000000000,2006-12-13 18:09:22.377600000,56 days 00:00:00.000000000,56 days 00:00:00.000000000,0 days 00:00:00.000000000
1872,2007-07-18 00:00:00.000000000,2007-07-18 00:00:00.000000000,2007-07-18 00:00:00.000000000,1980-01-01 00:00:00.000000000,1910-01-01 00:00:00.000000000,2007-05-23 00:00:00.000000000,2006-12-01 18:09:22.377600000,56 days 00:00:00.000000000,56 days 00:00:00.000000000,0 days 00:00:00.000000000
1873,2007-07-27 00:00:00.000000000,2007-07-27 00:00:00.000000000,2007-07-27 00:00:00.000000000,1980-01-01 00:00:00.000000000,1910-01-01 00:00:00.000000000,2007-05-03 12:00:00.000000000,2006-11-12 06:09:22.377600000,84 days 12:00:00.000000000,84 days 12:00:00.000000000,0 days 00:00:00.000000000
1874,2007-08-15 00:00:00.000000000,2007-08-15 00:00:00.000000000,2007-08-15 00:00:00.000000000,1980-01-01 00:00:00.000000000,1910-01-01 00:00:00.000000000,2007-05-01 00:00:00.000000000,2006-11-09 18:09:22.377600000,106 days 00:00:00.000000000,106 days 00:00:00.000000000,0 days 00:00:00.000000000
1875,2007-09-10 00:00:00.000000000,2007-09-10 00:00:00.000000000,2007-09-10 00:00:00.000000000,1980-01-01 00:00:00.000000000,1910-01-01 00:00:00.000000000,2007-07-16 00:00:00.000000000,2007-01-24 18:09:22.377600000,56 days 00:00:00.000000000,56 days 00:00:00.000000000,0 days 00:00:00.000000000
1876,2007-09-26 00:00:00.000000000,2007-09-26 00:00:00.000000000,2007-09-26 00:00:00.000000000,1980-01-01 00:00:00.000000000,1910-01-01 00:00:00.000000000,2007-08-01 00:00:00.000000000,2007-02-09 18:09:22.377600000,56 days 00:00:00.000000000,56 days 00:00:00.000000000,0 days 00:00:00.000000000
1877,2007-09-21 00:00:00.000000000,2007-09-21 00:00:00.000000000,2007-09-21 00:00:00.000000000,1980-01-01 00:00:00.000000000,1910-01-01 00:00:00.000000000,2007-06-07 00:00:00.000000000,2006-12-16 18:09:22.377600000,106 days 00:00:00.000000000,106 days 00:00:00.000000000,0 days 00:00:00.000000000
1878,2007-09-21 00:00:00.000000000,2007-09-21 00:00:00.000000000,2007-09-21 00:00:00.000000000,1980-01-01 00:00:00.000000000,1910-01-01 00:00:00.000000000,2007-06-07 00:00:00.000000000,2006-12-16 18:09:22.377600000,106 days 00:00:00.000000000,106 days 00:00:00.000000000,0 days 00:00:00.000000000
1879,2007-08-24 00:00:00.000000000,2007-08-24 00:00:00.000000000,2007-08-24 00:00:00.000000000,1980-01-01 00:00:00.000000000,1910-01-01 00:00:00.000000000,2007-06-04 04:48:00.000000000,2006-12-13 22:57:22.377600000,80 days 19:12:00.000000000,80 days 19:12:00.000000000,0 days 00:00:00.000000000
1880,2007-08-24 00:00:00.000000000,2007-08-24 00:00:00.000000000,2007-08-24 00:00:00.000000000,1980-01-01 00:00:00.000000000,1910-01-01 00:00:00.000000000,2007-06-04 04:48:00.000000000,2006-12-13 22:57:22.377600000,80 days 19:12:00.000000000,80 days 19:12:00.000000000,0 days 00:00:00.000000000
1881,2007-08-24 00:00:00.000000000,2007-08-24 00:00:00.000000000,2007-08-24 00:00:00.000000000,1980-01-01 00:00:00.000000000,1910-01-01 00:00:00.000000000,2007-06-28 16:00:00.028800000,2007-01-07 10:09:22.406400000,56 days 07:59:59.971200000,56 days 07:59:59.971200000,0 days 00:00:00.000000000
1882,2007-08-28 00:00:00.000000000,2007-08-28 00:00:00.000000000,2007-08-28 00:00:00.000000000,1980-01-01 00:00:00.000000000,1910-01-01 00:00:00.000000000,2007-07-02 16:00:00.028800000,2007-01-11 10:09:22.406400000,56 days 07:59:59.971200000,56 days 07:59:59.971200000,0 days 00:00:00.000000000
1883,2007-08-28 00:00:00.000000000,2007-08-28 00:00:00.000000000,2007-08-28 00:00:00.000000000,1980-01-01 00:00:00.000000000,1910-01-01 00:00:00.000000000,2007-07-02 16:00:00.028800000,2007-01-11 10:09:22.406400000,56 days 07:59:59.971200000,56 days 07:59:59.971200000,0 days 00:00:00.000000000
1884,2007-08-29 00:00:00.000000000,2007-08-29 00:00:00.000000000,2007-08-29 00:00:00.000000000,1980-01-01 00:00:00.000000000,1910-01-01 00:00:00.000000000,2007-06-05 12:00:00.000000000,2006-12-15 06:09:22.377600000,84 days 12:00:00.000000000,84 days 12:00:00.000000000,0 days 00:00:00.000000000
1885,2007-08-30 00:00:00.000000000,2007-08-30 00:00:00.000000000,2007-08-30 00:00:00.000000000,1980-01-01 00:00:00.000000000,1910-01-01 00:00:00.000000000,2007-06-10 04:48:00.000000000,2006-12-19 22:57:22.377600000,80 days 19:12:00.000000000,80 days 19:12:00.000000000,0 days 00:00:00.000000000
1886,2007-08-30 00:00:00.000000000,2007-08-30 00:00:00.000000000,2007-08-30 00:00:00.000000000,1980-01-01 00:00:00.000000000,1910-01-01 00:00:00.000000000,2007-06-10 04:48:00.000000000,2006-12-19 22:57:22.377600000,80 days 19:12:00.000000000,80 days 19:12:00.000000000,0 days 00:00:00.000000000
1887,2007-09-21 00:00:00.000000000,2007-09-21 00:00:00.000000000,2007-09-21 00:00:00.000000000,1980-01-01 00:00:00.000000000,1910-01-01 00:00:00.000000000,2007-08-23 00:00:00.000000000,2007-03-03 18:09:22.377600000,29 days 00:00:00.000000000,29 days 00:00:00.000000000,0 days 00:00:00.000000000
1888,2007-08-31 00:00:00.000000000,2007-08-31 00:00:00.000000000,2007-08-31 00:00:00.000000000,1980-01-01 00:00:00.000000000,1910-01-01 00:00:00.000000000,2007-06-11 04:48:00.000000000,2006-12-20 22:57:22.377600000,80 days 19:12:00.000000000,80 days 19:12:00.000000000,0 days 00:00:00.000000000
1889,2007-09-20 00:00:00.000000000,2007-09-20 00:00:00.000000000,2007-09-20 00:00:00.000000000,1980-01-01 00:00:00.000000000,1910-01-01 00:00:00.000000000,2007-07-25 16:00:00.028800000,2007-02-03 10:09:22.406400000,56 days 07:59:59.971200000,56 days 07:59:59.971200000,0 days 00:00:00.000000000
1890,2007-10-15 00:00:00.000000000,2007-10-15 00:00:00.000000000,2007-10-15 00:00:00.000000000,1980-01-01 00:00:00.000000000,1910-01-01 00:00:00.000000000,2007-07-26 04:48:00.000000000,2007-02-03 22:57:22.377600000,80 days 19:12:00.000000000,80 days 19:12:00.000000000,0 days 00:00:00.000000000
1891,2007-10-29 00:00:00.000000000,2007-10-29 00:00:00.000000000,2007-10-29 00:00:00.000000000,1980-01-01 00:00:00.000000000,1910-01-01 00:00:00.000000000,2007-08-05 12:00:00.000000000,2007-02-14 06:09:22.377600000,84 days 12:00:00.000000000,84 days 12:00:00.000000000,0 days 00:00:00.000000000
1892,2007-10-29 00:00:00.000000000,2007-10-29 00:00:00.000000000,2007-10-29 00:00:00.000000000,1980-01-01 00:00:00.000000000,1910-01-01 00:00:00.000000000,2007-08-05 12:00:00.000000000,2007-02-14 06:09:22.377600000,84 days 12:00:00.000000000,84 days 12:00:00.000000000,0 days 00:00:00.000000000
1893,2007-12-04 00:00:00.000000000,2007-12-04 00:00:00.000000000,2007-12-04 00:00:00.000000000,1980-01-01 00:00:00.000000000,1910-01-01 00:00:00.000000000,2007-10-09 00:00:00.000000000,2007-04-19 18:09:22.377600000,56 days 00:00:00.000000000,56 days 00:00:00.000000000,0 days 00:00:00.000000000
1894,2007-11-22 00:00:00.000000000,2007-11-22 00:00:00.000000000,2007-11-22 00:00:00.000000000,1980-01-01 00:00:00.000000000,1910-01-01 00:00:00.000000000,2007-09-02 04:48:00.000000000,2007-03-13 22:57:22.377600000,80 days 19:12:00.000000000,80 days 19:12:00.000000000,0 days 00:00:00.000000000
1895,2007-12-14 00:00:00.000000000,2007-12-14 00:00:00.000000000,2007-12-14 00:00:00.000000000,1980-01-01 00:00:00.000000000,1910-01-01 00:00:00.000000000,2007-09-24 04:48:00.000000000,2007-04-04 22:57:22.377600000,80 days 19:12:00.000000000,80 days 19:12:00.000000000,0 days 00:00:00.000000000
1896,2007-11-13 00:00:00.000000000,2007-11-13 00:00:00.000000000,2007-11-13 00:00:00.000000000,1980-01-01 00:00:00.000000000,1910-01-01 00:00:00.000000000,2007-08-20 12:00:00.000000000,2007-03-01 06:09:22.377600000,84 days 12:00:00.000000000,84 days 12:00:00.000000000,0 days 00:00:00.000000000
1897,2007-11-29 00:00:00.000000000,2007-11-29 00:00:00.000000000,2007-11-29 00:00:00.000000000,1980-01-01 00:00:00.000000000,1910-01-01 00:00:00.000000000,2007-08-15 00:00:00.000000000,2007-02-23 18:09:22.377600000,106 days 00:00:00.000000000,106 days 00:00:00.000000000,0 days 00:00:00.000000000
1898,2007-11-29 00:00:00.000000000,2007-11-29 00:00:00.000000000,2007-11-29 00:00:00.000000000,1980-01-01 00:00:00.000000000,1910-01-01 00:00:00.000000000,2007-08-15 00:00:00.000000000,2007-02-23 18:09:22.377600000,106 days 00:00:00.000000000,106 days 00:00:00.000000000,0 days 00:00:00.000000000
1899,2007-11-12 00:00:00.000000000,2007-11-12 00:00:00.000000000,2007-11-12 00:00:00.000000000,1980-01-01 00:00:00.000000000,1910-01-01 00:00:00.000000000,2007-08-19 12:00:00.000000000,2007-02-28 06:09:22.377600000,84 days 12:00:00.000000000,84 days 12:00:00.000000000,0 days 00:00:00.000000000
1900,2007-11-09 00:00:00.000000000,2007-11-09 00:00:00.000000000,2007-11-09 00:00:00.000000000,1980-01-01 00:00:00.000000000,1910-01-01 00:00:00.000000000,2007-10-01 14:24:00.000000000,2007-04-12 08:33:22.377600000,38 days 09:36:00.000000000,38 days 09:36:00.000000000,0 days 00:00:00.000000000
1901,2007-11-16 00:00:00.000000000,2007-11-16 00:00:00.000000000,2007-11-16 00:00:00.000000000,1980-01-01 00:00:00.000000000,1910-01-01 00:00:00.000000000,2007-09-20 16:00:00.028800000,2007-04-01 10:09:22.406400000,56 days 07:59:59.971200000,56 days 07:59:59.971200000,0 days 00:00:00.000000000
1902,2007-11-22 00:00:00.000000000,2007-11-22 00:00:00.000000000,2007-11-22 00:00:00.000000000,1980-01-01 00:00:00.000000000,1910-01-01 00:00:00.000000000,2007-09-02 04:48:00.000000000,2007-03-13 22:57:22.377600000,80 days 19:12:00.000000000,80 days 19:12:00.000000000,0 days 00:00:00.000000000
1903,2007-11-22 00:00:00.000000000,2007-11-22 00:00:00.000000000,2007-11-22 00:00:00.000000000,1980-01-01 00:00:00.000000000,1910-01-01 00:00:00.000000000,2007-09-02 04:48:00.000000000,2007-03-13 22:57:22.377600000,80 days 19:12:00.000000000,80 days 19:12:00.000000000,0 days 00:00:00.000000000
1904,2007-11-22 00:00:00.000000000,2007-11-22 00:00:00.000000000,2007-11-22 00:00:00.000000000,1980-01-01 00:00:00.000000000,1910-01-01 00:00:00.000000000,2007-09-02 04:48:00.000000000,2007-03-13 22:57:22.377600000,80 days 19:12:00.000000000,80 days 19:12:00.000000000,0 days 00:00:00.000000000
1905,2007-12-05 00:00:00.000000000,2007-12-05 00:00:00.000000000,2007-12-05 00:00:00.000000000,1980-01-01 00:00:00.000000000,1910-01-01 00:00:00.000000000,2007-11-10 12:00:00.000000000,2007-05-22 06:09:22.377600000,24 days 12:00:00.000000000,24 days 12:00:00.000000000,0 days 00:00:00.000000000
1906,2007-11-16 00:00:00.000000000,2007-11-16 00:00:00.000000000,2007-11-16 00:00:00.000000000,1980-01-01 00:00:00.000000000,1910-01-01 00:00:00.000000000,2007-08-27 04:48:00.000000000,2007-03-07 22:57:22.377600000,80 days 19:12:00.000000000,80 days 19:12:00.000000000,0 days 00:00:00.000000000
1907,2008-01-25 00:00:00.000000000,2008-01-25 00:00:00.000000000,2008-01-25 00:00:00.000000000,1980-01-01 00:00:00.000000000,1910-01-01 00:00:00.000000000,2007-10-30 15:31:45.897600000,2007-05-11 09:41:08.275200000,86 days 08:28:14.102400000,86 days 08:28:14.102400000,0 days 00:00:00.000000000
1908,2008-02-22 00:00:00.000000000,2008-02-22 00:00:00.000000000,2008-02-22 00:00:00.000000000,1980-01-01 00:00:00.000000000,1910-01-01 00:00:00.000000000,2007-11-29 10:00:00.028800000,2007-06-10 04:09:22.406400000,84 days 13:59:59.971200000,84 days 13:59:59.971200000,0 days 00:00:00.000000000
1909,2007-12-05 00:00:00.000000000,2007-12-05 00:00:00.000000000,2007-12-05 00:00:00.000000000,1980-01-01 00:00:00.000000000,1910-01-01 00:00:00.000000000,2007-10-22 02:39:59.990400000,2007-05-02 20:49:22.368000000,43 days 21:20:00.009600000,43 days 21:20:00.009600000,0 days 00:00:00.000000000
1910,2007-12-20 00:00:00.000000000,2007-12-20 00:00:00.000000000,2007-12-20 00:00:00.000000000,1980-01-01 00:00:00.000000000,1910-01-01 00:00:00.000000000,2007-11-07 07:59:59.971200000,2007-05-19 02:09:22.348800000,42 days 16:00:00.028800000,42 days 16:00:00.028800000,0 days 00:00:00.000000000
1911,2008-01-02 00:00:00.000000000,2008-01-02 00:00:00.000000000,2008-01-02 00:00:00.000000000,1980-01-01 00:00:00.000000000,1910-01-01 00:00:00.000000000,2007-10-09 10:00:00.028800000,2007-04-20 04:09:22.406400000,84 days 13:59:59.971200000,84 days 13:59:59.971200000,0 days 00:00:00.000000000
1912,2007-12-17 00:00:00.000000000,2007-12-17 00:00:00.000000000,2007-12-17 00:00:00.000000000,1980-01-01 00:00:00.000000000,1910-01-01 00:00:00.000000000,2007-11-08 14:24:00.000000000,2007-05-20 08:33:22.377600000,38 days 09:36:00.000000000,38 days 09:36:00.000000000,0 days 00:00:00.000000000
1913,2008-01-09 00:00:00.000000000,2008-01-09 00:00:00.000000000,2008-01-09 00:00:00.000000000,1980-01-01 00:00:00.000000000,1910-01-01 00:00:00.000000000,2007-10-17 19:02:04.099200000,2007-04-28 13:11:26.476800000,83 days 04:57:55.900800000,83 days 04:57:55.900800000,0 days 00:00:00.000000000
1914,2007-12-10 00:00:00.000000000,2007-12-10 00:00:00.000000000,2007-12-10 00:00:00.000000000,1980-01-01 00:00:00.000000000,1910-01-01 00:00:00.000000000,2007-11-15 12:00:00.000000000,2007-05-27 06:09:22.377600000,24 days 12:00:00.000000000,24 days 12:00:00.000000000,0 days 00:00:00.000000000
1915,2007-12-20 00:00:00.000000000,2007-12-20 00:00:00.000000000,2007-12-20 00:00:00.000000000,1980-01-01 00:00:00.000000000,1910-01-01 00:00:00.000000000,2007-11-07 07:59:59.971200000,2007-05-19 02:09:22.348800000,42 days 16:00:00.028800000,42 days 16:00:00.028800000,0 days 00:00:00.000000000
1916,2008-01-14 00:00:00.000000000,2008-01-14 00:00:00.000000000,2008-01-14 00:00:00.000000000,1980-01-01 00:00:00.000000000,1910-01-01 00:00:00.000000000,2007-08-09 09:36:00.000000000,2007-02-18 03:45:22.377600000,157 days 14:24:00.000000000,157 days 14:24:00.000000000,0 days 00:00:00.000000000
1917,2008-01-15 00:00:00.000000000,2008-01-15 00:00:00.000000000,2008-01-15 00:00:00.000000000,1980-01-01 00:00:00.000000000,1910-01-01 00:00:00.000000000,2007-10-22 13:42:51.465600000,2007-05-03 07:52:13.843200000,84 days 10:17:08.534400000,84 days 10:17:08.534400000,0 days 00:00:00.000000000
1918,2008-01-31 00:00:00.000000000,2008-01-31 00:00:00.000000000,2008-01-31 00:00:00.000000000,1980-01-01 00:00:00.000000000,1910-01-01 00:00:00.000000000,2007-11-17 00:00:00.000000000,2007-05-28 18:09:22.377600000,75 days 00:00:00.000000000,75 days 00:00:00.000000000,0 days 00:00:00.000000000
1919,2008-01-09 00:00:00.000000000,2008-01-09 00:00:00.000000000,2008-01-09 00:00:00.000000000,1980-01-01 00:00:00.000000000,1910-01-01 00:00:00.000000000,2007-10-17 19:02:04.099200000,2007-04-28 13:11:26.476800000,83 days 04:57:55.900800000,83 days 04:57:55.900800000,0 days 00:00:00.000000000
1920,2008-01-29 00:00:00.000000000,2008-01-29 00:00:00.000000000,2008-01-29 00:00:00.000000000,1980-01-01 00:00:00.000000000,1910-01-01 00:00:00.000000000,2007-11-03 15:31:45.897600000,2007-05-15 09:41:08.275200000,86 days 08:28:14.102400000,86 days 08:28:14.102400000,0 days 00:00:00.000000000
1921,2008-01-28 00:00:00.000000000,2008-01-28 00:00:00.000000000,2008-01-28 00:00:00.000000000,1980-01-01 00:00:00.000000000,1910-01-01 00:00:00.000000000,2007-11-14 00:00:00.000000000,2007-05-25 18:09:22.377600000,75 days 00:00:00.000000000,75 days 00:00:00.000000000,0 days 00:00:00.000000000
1922,2008-01-21 00:00:00.000000000,2007-11-26 00:00:00.000000000,2007-11-26 00:00:00.000000000,1980-01-01 00:00:00.000000000,1910-01-01 00:00:00.000000000,2007-10-28 10:00:00.028800000,2007-05-09 04:09:22.406400000,84 days 13:59:59.971200000,28 days 13:59:59.971200000,-56 days +00:00:00.000000000
1923,2008-01-15 00:00:00.000000000,2008-01-15 00:00:00.000000000,2008-01-15 00:00:00.000000000,1980-01-01 00:00:00.000000000,1910-01-01 00:00:00.000000000,2007-10-20 15:31:45.897600000,2007-05-01 09:41:08.275200000,86 days 08:28:14.102400000,86 days 08:28:14.102400000,0 days 00:00:00.000000000
1924,2007-12-28 00:00:00.000000000,2008-01-15 00:00:00.000000000,2008-01-15 00:00:00.000000000,1980-01-01 00:00:00.000000000,1910-01-01 00:00:00.000000000,2007-10-08 04:48:00.000000000,2007-04-18 22:57:22.377600000,80 days 19:12:00.000000000,98 days 19:12:00.000000000,18 days 00:00:00.000000000
1925,2008-02-01 00:00:00.000000000,2008-02-01 00:00:00.000000000,2008-02-01 00:00:00.000000000,1980-01-01 00:00:00.000000000,1910-01-01 00:00:00.000000000,2007-12-07 16:21:49.075200000,2007-06-18 10:31:11.452800000,55 days 07:38:10.924800000,55 days 07:38:10.924800000,0 days 00:00:00.000000000
1926,2008-03-11 00:00:00.000000000,2008-03-11 00:00:00.000000000,2008-03-11 00:00:00.000000000,1980-01-01 00:00:00.000000000,1910-01-01 00:00:00.000000000,2007-12-17 13:42:51.465600000,2007-06-28 07:52:13.843200000,84 days 10:17:08.534400000,84 days 10:17:08.534400000,0 days 00:00:00.000000000
1927,2008-03-11 00:00:00.000000000,2008-03-11 00:00:00.000000000,2008-03-11 00:00:00.000000000,1980-01-01 00:00:00.000000000,1910-01-01 00:00:00.000000000,2007-12-17 13:42:51.465600000,2007-06-28 07:52:13.843200000,84 days 10:17:08.534400000,84 days 10:17:08.534400000,0 days 00:00:00.000000000
1928,2008-01-29 00:00:00.000000000,2008-01-29 00:00:00.000000000,2008-01-29 00:00:00.000000000,1980-01-01 00:00:00.000000000,1910-01-01 00:00:00.000000000,2007-12-04 16:21:49.075200000,2007-06-15 10:31:11.452800000,55 days 07:38:10.924800000,55 days 07:38:10.924800000,0 days 00:00:00.000000000
1929,2008-02-25 00:00:00.000000000,2008-02-25 00:00:00.000000000,2008-02-25 00:00:00.000000000,1980-01-01 00:00:00.000000000,1910-01-01 00:00:00.000000000,2007-10-18 05:19:59.980800000,2007-04-28 23:29:22.358400000,129 days 18:40:00.019200000,129 days 18:40:00.019200000,0 days 00:00:00.000000000
1930,2008-02-05 00:00:00.000000000,2008-02-05 00:00:00.000000000,2008-02-05 00:00:00.000000000,1980-01-01 00:00:00.000000000,1910-01-01 00:00:00.000000000,2007-11-10 15:31:45.897600000,2007-05-22 09:41:08.275200000,86 days 08:28:14.102400000,86 days 08:28:14.102400000,0 days 00:00:00.000000000
1931,2007-12-28 00:00:00.000000000,2007-12-28 00:00:00.000000000,2007-12-28 00:00:00.000000000,1980-01-01 00:00:00.000000000,1910-01-01 00:00:00.000000000,2007-10-04 12:00:00.000000000,2007-04-15 06:09:22.377600000,84 days 12:00:00.000000000,84 days 12:00:00.000000000,0 days 00:00:00.000000000
1932,2008-03-05 00:00:00.000000000,2008-03-05 00:00:00.000000000,2008-03-05 00:00:00.000000000,1980-01-01 00:00:00.000000000,1910-01-01 00:00:00.000000000,2007-09-29 09:36:00.000000000,2007-04-10 03:45:22.377600000,157 days 14:24:00.000000000,157 days 14:24:00.000000000,0 days 00:00:00.000000000
1933,2008-03-05 00:00:00.000000000,2008-03-05 00:00:00.000000000,2008-03-05 00:00:00.000000000,1980-01-01 00:00:00.000000000,1910-01-01 00:00:00.000000000,2007-09-29 09:36:00.000000000,2007-04-10 03:45:22.377600000,157 days 14:24:00.000000000,157 days 14:24:00.000000000,0 days 00:00:00.000000000
1934,2008-03-31 00:00:00.000000000,2008-03-31 00:00:00.000000000,2008-03-31 00:00:00.000000000,1980-01-01 00:00:00.000000000,1910-01-01 00:00:00.000000000,2007-12-31 17:41:03.148800000,2007-07-12 11:50:25.526400000,90 days 06:18:56.851200000,90 days 06:18:56.851200000,0 days 00:00:00.000000000
1935,2008-04-18 00:00:00.000000000,2008-04-18 00:00:00.000000000,2008-04-18 00:00:00.000000000,1980-01-01 00:00:00.000000000,1910-01-01 00:00:00.000000000,2008-01-25 19:02:04.099200000,2007-08-06 13:11:26.476800000,83 days 04:57:55.900800000,83 days 04:57:55.900800000,0 days 00:00:00.000000000
1936,2008-07-23 00:00:00.000000000,2008-07-23 00:00:00.000000000,2008-07-23 00:00:00.000000000,1980-01-01 00:00:00.000000000,1910-01-01 00:00:00.000000000,2008-04-29 10:00:00.028800000,2007-11-09 04:09:22.406400000,84 days 13:59:59.971200000,84 days 13:59:59.971200000,0 days 00:00:00.000000000
1937,2008-06-18 00:00:00.000000000,2008-06-18 00:00:00.000000000,2008-06-18 00:00:00.000000000,1980-01-01 00:00:00.000000000,1910-01-01 00:00:00.000000000,2008-03-19 17:41:03.148800000,2007-09-29 11:50:25.526400000,90 days 06:18:56.851200000,90 days 06:18:56.851200000,0 days 00:00:00.000000000
1938,2008-05-14 00:00:00.000000000,2008-05-14 00:00:00.000000000,2008-05-14 00:00:00.000000000,1980-01-01 00:00:00.000000000,1910-01-01 00:00:00.000000000,2008-02-20 19:02:04.099200000,2007-09-01 13:11:26.476800000,83 days 04:57:55.900800000,83 days 04:57:55.900800000,0 days 00:00:00.000000000
1939,2008-05-14 00:00:00.000000000,2008-05-14 00:00:00.000000000,2008-05-14 00:00:00.000000000,1980-01-01 00:00:00.000000000,1910-01-01 00:00:00.000000000,2008-02-20 19:02:04.099200000,2007-09-01 13:11:26.476800000,83 days 04:57:55.900800000,83 days 04:57:55.900800000,0 days 00:00:00.000000000
1940,2008-05-20 00:00:00.000000000,2008-05-20 00:00:00.000000000,2008-05-20 00:00:00.000000000,1980-01-01 00:00:00.000000000,1910-01-01 00:00:00.000000000,2008-02-26 19:02:04.099200000,2007-09-07 13:11:26.476800000,83 days 04:57:55.900800000,83 days 04:57:55.900800000,0 days 00:00:00.000000000
1941,2008-05-29 00:00:00.000000000,2008-05-29 00:00:00.000000000,2008-05-29 00:00:00.000000000,1980-01-01 00:00:00.000000000,1910-01-01 00:00:00.000000000,2008-03-05 10:00:00.028800000,2007-09-15 04:09:22.406400000,84 days 13:59:59.971200000,84 days 13:59:59.971200000,0 days 00:00:00.000000000
1942,2008-05-27 00:00:00.000000000,2008-05-27 00:00:00.000000000,2008-05-27 00:00:00.000000000,1980-01-01 00:00:00.000000000,1910-01-01 00:00:00.000000000,2008-03-04 19:02:04.099200000,2007-09-14 13:11:26.476800000,83 days 04:57:55.900800000,83 days 04:57:55.900800000,0 days 00:00:00.000000000
1943,2008-06-11 00:00:00.000000000,2008-06-11 00:00:00.000000000,2008-06-11 00:00:00.000000000,1980-01-01 00:00:00.000000000,1910-01-01 00:00:00.000000000,2008-01-05 09:36:00.000000000,2007-07-17 03:45:22.377600000,157 days 14:24:00.000000000,157 days 14:24:00.000000000,0 days 00:00:00.000000000
1944,2008-06-02 00:00:00.000000000,2008-06-02 00:00:00.000000000,2008-06-02 00:00:00.000000000,1980-01-01 00:00:00.000000000,1910-01-01 00:00:00.000000000,2008-03-07 15:31:45.897600000,2007-09-17 09:41:08.275200000,86 days 08:28:14.102400000,86 days 08:28:14.102400000,0 days 00:00:00.000000000
1945,2008-06-17 00:00:00.000000000,2008-06-17 00:00:00.000000000,2008-06-17 00:00:00.000000000,1980-01-01 00:00:00.000000000,1910-01-01 00:00:00.000000000,2008-03-24 10:00:00.028800000,2007-10-04 04:09:22.406400000,84 days 13:59:59.971200000,84 days 13:59:59.971200000,0 days 00:00:00.000000000
1946,2008-03-31 00:00:00.000000000,2008-03-31 00:00:00.000000000,2008-03-31 00:00:00.000000000,1980-01-01 00:00:00.000000000,1910-01-01 00:00:00.000000000,2007-12-26 02:10:54.537600000,2007-07-06 20:20:16.915200000,95 days 21:49:05.462400000,95 days 21:49:05.462400000,0 days 00:00:00.000000000
1947,2008-02-21 00:00:00.000000000,2008-02-21 00:00:00.000000000,2008-02-21 00:00:00.000000000,1980-01-01 00:00:00.000000000,1910-01-01 00:00:00.000000000,2007-11-27 16:00:00.028800000,2007-06-08 10:09:22.406400000,85 days 07:59:59.971200000,85 days 07:59:59.971200000,0 days 00:00:00.000000000
1948,2008-03-27 00:00:00.000000000,2008-03-27 00:00:00.000000000,2008-03-27 00:00:00.000000000,1980-01-01 00:00:00.000000000,1910-01-01 00:00:00.000000000,2007-12-31 15:31:45.897600000,2007-07-12 09:41:08.275200000,86 days 08:28:14.102400000,86 days 08:28:14.102400000,0 days 00:00:00.000000000
1949,2008-03-27 00:00:00.000000000,2008-03-27 00:00:00.000000000,2008-03-27 00:00:00.000000000,1980-01-01 00:00:00.000000000,1910-01-01 00:00:00.000000000,2007-12-31 15:31:45.897600000,2007-07-12 09:41:08.275200000,86 days 08:28:14.102400000,86 days 08:28:14.102400000,0 days 00:00:00.000000000
1950,2008-06-19 00:00:00.000000000,2008-06-19 00:00:00.000000000,2008-06-19 00:00:00.000000000,1980-01-01 00:00:00.000000000,1910-01-01 00:00:00.000000000,2008-03-27 19:02:04.099200000,2007-10-07 13:11:26.476800000,83 days 04:57:55.900800000,83 days 04:57:55.900800000,0 days 00:00:00.000000000
1951,2008-06-02 00:00:00.000000000,2008-06-02 00:00:00.000000000,2008-06-02 00:00:00.000000000,1980-01-01 00:00:00.000000000,1910-01-01 00:00:00.000000000,2008-03-03 17:41:03.148800000,2007-09-13 11:50:25.526400000,90 days 06:18:56.851200000,90 days 06:18:56.851200000,0 days 00:00:00.000000000
1952,2008-06-27 00:00:00.000000000,2008-06-27 00:00:00.000000000,2008-06-27 00:00:00.000000000,1980-01-01 00:00:00.000000000,1910-01-01 00:00:00.000000000,2008-04-04 19:02:04.099200000,2007-10-15 13:11:26.476800000,83 days 04:57:55.900800000,83 days 04:57:55.900800000,0 days 00:00:00.000000000
1953,2008-03-28 00:00:00.000000000,2008-03-28 00:00:00.000000000,2008-03-28 00:00:00.000000000,1980-01-01 00:00:00.000000000,1910-01-01 00:00:00.000000000,2008-01-03 10:00:00.028800000,2007-07-15 04:09:22.406400000,84 days 13:59:59.971200000,84 days 13:59:59.971200000,0 days 00:00:00.000000000
1954,2008-07-16 00:00:00.000000000,2008-07-16 00:00:00.000000000,2008-07-16 00:00:00.000000000,1980-01-01 00:00:00.000000000,1910-01-01 00:00:00.000000000,2008-04-23 19:02:04.099200000,2007-11-03 13:11:26.476800000,83 days 04:57:55.900800000,83 days 04:57:55.900800000,0 days 00:00:00.000000000
1955,2008-05-26 00:00:00.000000000,2008-05-26 00:00:00.000000000,2008-05-26 00:00:00.000000000,1980-01-01 00:00:00.000000000,1910-01-01 00:00:00.000000000,2008-02-25 17:41:03.148800000,2007-09-06 11:50:25.526400000,90 days 06:18:56.851200000,90 days 06:18:56.851200000,0 days 00:00:00.000000000
1956,2008-06-02 00:00:00.000000000,2008-06-02 00:00:00.000000000,2008-06-02 00:00:00.000000000,1980-01-01 00:00:00.000000000,1910-01-01 00:00:00.000000000,2008-03-07 15:31:45.897600000,2007-09-17 09:41:08.275200000,86 days 08:28:14.102400000,86 days 08:28:14.102400000,0 days 00:00:00.000000000
1957,2008-06-09 00:00:00.000000000,2008-06-09 00:00:00.000000000,2008-06-09 00:00:00.000000000,1980-01-01 00:00:00.000000000,1910-01-01 00:00:00.000000000,2008-01-03 09:36:00.000000000,2007-07-15 03:45:22.377600000,157 days 14:24:00.000000000,157 days 14:24:00.000000000,0 days 00:00:00.000000000
1958,2008-04-23 00:00:00.000000000,2008-04-23 00:00:00.000000000,2008-04-23 00:00:00.000000000,1980-01-01 00:00:00.000000000,1910-01-01 00:00:00.000000000,2007-12-15 05:19:59.980800000,2007-06-25 23:29:22.358400000,129 days 18:40:00.019200000,129 days 18:40:00.019200000,0 days 00:00:00.000000000
1959,2008-04-08 00:00:00.000000000,2008-04-08 00:00:00.000000000,2008-04-08 00:00:00.000000000,1980-01-01 00:00:00.000000000,1910-01-01 00:00:00.000000000,2008-01-12 15:31:45.897600000,2007-07-24 09:41:08.275200000,86 days 08:28:14.102400000,86 days 08:28:14.102400000,0 days 00:00:00.000000000
1960,2008-07-11 00:00:00.000000000,2008-07-11 00:00:00.000000000,2008-07-11 00:00:00.000000000,1980-01-01 00:00:00.000000000,1910-01-01 00:00:00.000000000,2008-04-17 13:42:51.465600000,2007-10-28 07:52:13.843200000,84 days 10:17:08.534400000,84 days 10:17:08.534400000,0 days 00:00:00.000000000
1961,2008-03-04 00:00:00.000000000,2008-03-04 00:00:00.000000000,2008-03-04 00:00:00.000000000,1980-01-01 00:00:00.000000000,1910-01-01 00:00:00.000000000,2007-12-04 17:41:03.148800000,2007-06-15 11:50:25.526400000,90 days 06:18:56.851200000,90 days 06:18:56.851200000,0 days 00:00:00.000000000
1962,2008-04-17 00:00:00.000000000,2008-04-17 00:00:00.000000000,2008-04-17 00:00:00.000000000,1980-01-01 00:00:00.000000000,1910-01-01 00:00:00.000000000,2008-01-21 15:31:45.897600000,2007-08-02 09:41:08.275200000,86 days 08:28:14.102400000,86 days 08:28:14.102400000,0 days 00:00:00.000000000
1963,2008-06-23 00:00:00.000000000,2008-06-23 00:00:00.000000000,2008-06-23 00:00:00.000000000,1980-01-01 00:00:00.000000000,1910-01-01 00:00:00.000000000,2008-03-19 02:10:54.537600000,2007-09-28 20:20:16.915200000,95 days 21:49:05.462400000,95 days 21:49:05.462400000,0 days 00:00:00.000000000
1964,2008-04-23 00:00:00.000000000,2008-04-23 00:00:00.000000000,2008-04-23 00:00:00.000000000,1980-01-01 00:00:00.000000000,1910-01-01 00:00:00.000000000,2007-12-15 05:19:59.980800000,2007-06-25 23:29:22.358400000,129 days 18:40:00.019200000,129 days 18:40:00.019200000,0 days 00:00:00.000000000
1965,2008-03-21 00:00:00.000000000,2008-03-21 00:00:00.000000000,2008-03-21 00:00:00.000000000,1980-01-01 00:00:00.000000000,1910-01-01 00:00:00.000000000,2008-01-25 16:21:49.075200000,2007-08-06 10:31:11.452800000,55 days 07:38:10.924800000,55 days 07:38:10.924800000,0 days 00:00:00.000000000
1966,2008-03-12 00:00:00.000000000,2008-03-12 00:00:00.000000000,2008-03-12 00:00:00.000000000,1980-01-01 00:00:00.000000000,1910-01-01 00:00:00.000000000,2007-10-06 09:36:00.000000000,2007-04-17 03:45:22.377600000,157 days 14:24:00.000000000,157 days 14:24:00.000000000,0 days 00:00:00.000000000
1967,2008-05-09 00:00:00.000000000,2008-05-09 00:00:00.000000000,2008-05-09 00:00:00.000000000,1980-01-01 00:00:00.000000000,1910-01-01 00:00:00.000000000,2008-02-15 19:02:04.099200000,2007-08-27 13:11:26.476800000,83 days 04:57:55.900800000,83 days 04:57:55.900800000,0 days 00:00:00.000000000
1968,2008-04-17 00:00:00.000000000,2008-04-17 00:00:00.000000000,2008-04-17 00:00:00.000000000,1980-01-01 00:00:00.000000000,1910-01-01 00:00:00.000000000,2008-03-07 02:10:54.537600000,2007-09-16 20:20:16.915200000,40 days 21:49:05.462400000,40 days 21:49:05.462400000,0 days 00:00:00.000000000
1969,2008-04-14 00:00:00.000000000,2008-04-14 00:00:00.000000000,2008-04-14 00:00:00.000000000,1980-01-01 00:00:00.000000000,1910-01-01 00:00:00.000000000,2008-01-14 17:41:03.148800000,2007-07-26 11:50:25.526400000,90 days 06:18:56.851200000,90 days 06:18:56.851200000,0 days 00:00:00.000000000
1970,2008-04-08 00:00:00.000000000,2008-04-08 00:00:00.000000000,2008-04-08 00:00:00.000000000,1980-01-01 00:00:00.000000000,1910-01-01 00:00:00.000000000,2008-01-18 05:37:49.785600000,2007-07-29 23:47:12.163200000,80 days 18:22:10.214400000,80 days 18:22:10.214400000,0 days 00:00:00.000000000
1971,2008-06-03 00:00:00.000000000,2008-06-03 00:00:00.000000000,2008-06-03 00:00:00.000000000,1980-01-01 00:00:00.000000000,1910-01-01 00:00:00.000000000,2008-03-11 19:02:04.099200000,2007-09-21 13:11:26.476800000,83 days 04:57:55.900800000,83 days 04:57:55.900800000,0 days 00:00:00.000000000
1972,2008-09-09 00:00:00.000000000,2008-09-09 00:00:00.000000000,2008-09-09 00:00:00.000000000,1980-01-01 00:00:00.000000000,1910-01-01 00:00:00.000000000,2008-06-10 17:41:03.148800000,2007-12-21 11:50:25.526400000,90 days 06:18:56.851200000,90 days 06:18:56.851200000,0 days 00:00:00.000000000
1973,2008-10-20 00:00:00.000000000,2008-10-20 00:00:00.000000000,2008-10-20 00:00:00.000000000,1980-01-01 00:00:00.000000000,1910-01-01 00:00:00.000000000,2008-07-21 17:41:03.148800000,2008-01-31 11:50:25.526400000,90 days 06:18:56.851200000,90 days 06:18:56.851200000,0 days 00:00:00.000000000
1974,2008-11-19 00:00:00.000000000,2008-11-19 00:00:00.000000000,2008-11-19 00:00:00.000000000,1980-01-01 00:00:00.000000000,1910-01-01 00:00:00.000000000,2008-06-14 09:36:00.000000000,2007-12-25 03:45:22.377600000,157 days 14:24:00.000000000,157 days 14:24:00.000000000,0 days 00:00:00.000000000
1975,2008-12-15 00:00:00.000000000,2008-12-15 00:00:00.000000000,2008-12-15 00:00:00.000000000,1980-01-01 00:00:00.000000000,1910-01-01 00:00:00.000000000,2008-09-21 13:42:51.465600000,2008-04-02 07:52:13.843200000,84 days 10:17:08.534400000,84 days 10:17:08.534400000,0 days 00:00:00.000000000
1976,2008-08-07 00:00:00.000000000,2008-08-07 00:00:00.000000000,2008-08-07 00:00:00.000000000,1980-01-01 00:00:00.000000000,1910-01-01 00:00:00.000000000,2008-05-08 17:41:03.148800000,2007-11-18 11:50:25.526400000,90 days 06:18:56.851200000,90 days 06:18:56.851200000,0 days 00:00:00.000000000
1977,2008-08-07 00:00:00.000000000,2008-08-07 00:00:00.000000000,2008-08-07 00:00:00.000000000,1980-01-01 00:00:00.000000000,1910-01-01 00:00:00.000000000,2008-05-08 17:41:03.148800000,2007-11-18 11:50:25.526400000,90 days 06:18:56.851200000,90 days 06:18:56.851200000,0 days 00:00:00.000000000
1978,2008-08-18 00:00:00.000000000,2008-08-18 00:00:00.000000000,2008-08-18 00:00:00.000000000,1980-01-01 00:00:00.000000000,1910-01-01 00:00:00.000000000,2008-05-26 19:02:04.099200000,2007-12-06 13:11:26.476800000,83 days 04:57:55.900800000,83 days 04:57:55.900800000,0 days 00:00:00.000000000
1979,2008-08-31 00:00:00.000000000,2008-08-31 00:00:00.000000000,2008-08-31 00:00:00.000000000,1980-01-01 00:00:00.000000000,1910-01-01 00:00:00.000000000,2008-06-08 19:02:04.099200000,2007-12-19 13:11:26.476800000,83 days 04:57:55.900800000,83 days 04:57:55.900800000,0 days 00:00:00.000000000
1980,2009-03-20 00:00:00.000000000,2009-03-20 00:00:00.000000000,2009-03-20 00:00:00.000000000,1980-01-01 00:00:00.000000000,1910-01-01 00:00:00.000000000,2008-12-28 13:05:27.312000000,2008-07-09 07:14:49.689600000,81 days 10:54:32.688000000,81 days 10:54:32.688000000,0 days 00:00:00.000000000
1981,2008-08-26 00:00:00.000000000,2008-08-26 00:00:00.000000000,2008-08-26 00:00:00.000000000,1980-01-01 00:00:00.000000000,1910-01-01 00:00:00.000000000,2008-06-06 05:37:49.785600000,2007-12-16 23:47:12.163200000,80 days 18:22:10.214400000,80 days 18:22:10.214400000,0 days 00:00:00.000000000
1982,2008-11-17 00:00:00.000000000,2008-11-17 00:00:00.000000000,2008-11-17 00:00:00.000000000,1980-01-01 00:00:00.000000000,1910-01-01 00:00:00.000000000,2008-08-28 05:37:49.785600000,2008-03-08 23:47:12.163200000,80 days 18:22:10.214400000,80 days 18:22:10.214400000,0 days 00:00:00.000000000
1983,2008-09-28 00:00:00.000000000,2008-09-28 00:00:00.000000000,2008-09-28 00:00:00.000000000,1980-01-01 00:00:00.000000000,1910-01-01 00:00:00.000000000,2008-07-06 19:02:04.099200000,2008-01-16 13:11:26.476800000,83 days 04:57:55.900800000,83 days 04:57:55.900800000,0 days 00:00:00.000000000
1984,2008-10-10 00:00:00.000000000,2008-10-10 00:00:00.000000000,2008-10-10 00:00:00.000000000,1980-01-01 00:00:00.000000000,1910-01-01 00:00:00.000000000,2008-07-11 17:41:03.148800000,2008-01-21 11:50:25.526400000,90 days 06:18:56.851200000,90 days 06:18:56.851200000,0 days 00:00:00.000000000
1985,2008-12-01 00:00:00.000000000,2008-12-01 00:00:00.000000000,2008-12-01 00:00:00.000000000,1980-01-01 00:00:00.000000000,1910-01-01 00:00:00.000000000,2008-09-07 10:00:00.028800000,2008-03-19 04:09:22.406400000,84 days 13:59:59.971200000,84 days 13:59:59.971200000,0 days 00:00:00.000000000
1986,2008-11-05 00:00:00.000000000,2008-11-05 00:00:00.000000000,2008-11-05 00:00:00.000000000,1980-01-01 00:00:00.000000000,1910-01-01 00:00:00.000000000,2008-08-22 00:00:00.000000000,2008-03-02 18:09:22.377600000,75 days 00:00:00.000000000,75 days 00:00:00.000000000,0 days 00:00:00.000000000
1987,2008-09-22 00:00:00.000000000,2008-09-22 00:00:00.000000000,2008-09-22 00:00:00.000000000,1980-01-01 00:00:00.000000000,1910-01-01 00:00:00.000000000,2008-06-30 19:02:04.099200000,2008-01-10 13:11:26.476800000,83 days 04:57:55.900800000,83 days 04:57:55.900800000,0 days 00:00:00.000000000
1988,2009-02-14 00:00:00.000000000,2009-02-14 00:00:00.000000000,2009-02-14 00:00:00.000000000,1980-01-01 00:00:00.000000000,1910-01-01 00:00:00.000000000,2008-10-26 04:55:23.059200000,2008-05-06 23:04:45.436800000,110 days 19:04:36.940800000,110 days 19:04:36.940800000,0 days 00:00:00.000000000
1989,2009-02-06 00:00:00.000000000,2009-02-06 00:00:00.000000000,2009-02-06 00:00:00.000000000,1980-01-01 00:00:00.000000000,1910-01-01 00:00:00.000000000,2008-11-02 07:38:10.924800000,2008-05-14 01:47:33.302400000,95 days 16:21:49.075200000,95 days 16:21:49.075200000,0 days 00:00:00.000000000
1990,2008-09-15 00:00:00.000000000,2008-09-15 00:00:00.000000000,2008-09-15 00:00:00.000000000,1980-01-01 00:00:00.000000000,1910-01-01 00:00:00.000000000,2008-05-08 05:19:59.980800000,2007-11-17 23:29:22.358400000,129 days 18:40:00.019200000,129 days 18:40:00.019200000,0 days 00:00:00.000000000
1991,2009-02-21 00:00:00.000000000,2009-02-21 00:00:00.000000000,2009-02-21 00:00:00.000000000,1980-01-01 00:00:00.000000000,1910-01-01 00:00:00.000000000,2008-10-28 09:13:50.736000000,2008-05-09 03:23:13.113600000,115 days 14:46:09.264000000,115 days 14:46:09.264000000,0 days 00:00:00.000000000
1992,2008-08-22 00:00:00.000000000,2008-08-22 00:00:00.000000000,2008-08-22 00:00:00.000000000,1980-01-01 00:00:00.000000000,1910-01-01 00:00:00.000000000,2008-06-02 05:37:49.785600000,2007-12-12 23:47:12.163200000,80 days 18:22:10.214400000,80 days 18:22:10.214400000,0 days 00:00:00.000000000
1993,2009-03-02 00:00:00.000000000,2009-03-02 00:00:00.000000000,2009-03-02 00:00:00.000000000,1980-01-01 00:00:00.000000000,1910-01-01 00:00:00.000000000,2008-11-11 04:55:23.059200000,2008-05-22 23:04:45.436800000,110 days 19:04:36.940800000,110 days 19:04:36.940800000,0 days 00:00:00.000000000
1994,2009-03-24 00:00:00.000000000,2009-03-24 00:00:00.000000000,2009-03-24 00:00:00.000000000,1980-01-01 00:00:00.000000000,1910-01-01 00:00:00.000000000,2008-12-05 14:36:31.334400000,2008-06-16 08:45:53.712000000,108 days 09:23:28.665600000,108 days 09:23:28.665600000,0 days 00:00:00.000000000
1995,2008-09-24 00:00:00.000000000,2008-09-24 00:00:00.000000000,2008-09-24 00:00:00.000000000,1980-01-01 00:00:00.000000000,1910-01-01 00:00:00.000000000,2008-07-02 19:02:04.099200000,2008-01-12 13:11:26.476800000,83 days 04:57:55.900800000,83 days 04:57:55.900800000,0 days 00:00:00.000000000
1996,2008-09-24 00:00:00.000000000,2008-09-24 00:00:00.000000000,2008-09-24 00:00:00.000000000,1980-01-01 00:00:00.000000000,1910-01-01 00:00:00.000000000,2008-07-02 19:02:04.099200000,2008-01-12 13:11:26.476800000,83 days 04:57:55.900800000,83 days 04:57:55.900800000,0 days 00:00:00.000000000
1997,2008-09-24 00:00:00.000000000,2008-09-24 00:00:00.000000000,2008-09-24 00:00:00.000000000,1980-01-01 00:00:00.000000000,1910-01-01 00:00:00.000000000,2008-07-02 19:02:04.099200000,2008-01-12 13:11:26.476800000,83 days 04:57:55.900800000,83 days 04:57:55.900800000,0 days 00:00:00.000000000
1998,2008-11-04 00:00:00.000000000,2008-11-04 00:00:00.000000000,2008-11-04 00:00:00.000000000,1980-01-01 00:00:00.000000000,1910-01-01 00:00:00.000000000,2008-08-05 17:41:03.148800000,2008-02-15 11:50:25.526400000,90 days 06:18:56.851200000,90 days 06:18:56.851200000,0 days 00:00:00.000000000
1999,2008-11-04 00:00:00.000000000,2008-11-04 00:00:00.000000000,2008-11-04 00:00:00.000000000,1980-01-01 00:00:00.000000000,1910-01-01 00:00:00.000000000,2008-08-05 17:41:03.148800000,2008-02-15 11:50:25.526400000,90 days 06:18:56.851200000,90 days 06:18:56.851200000,0 days 00:00:00.000000000
2000,2009-03-10 00:00:00.000000000,2009-03-10 00:00:00.000000000,2009-03-10 00:00:00.000000000,1980-01-01 00:00:00.000000000,1910-01-01 00:00:00.000000000,2008-12-23 23:06:40.003200000,2008-07-04 17:16:02.380800000,76 days 00:53:19.996800000,76 days 00:53:19.996800000,0 days 00:00:00.000000000
2001,2008-07-24 00:00:00.000000000,2008-07-24 00:00:00.000000000,2008-07-24 00:00:00.000000000,1980-01-01 00:00:00.000000000,1910-01-01 00:00:00.000000000,2008-05-01 19:02:04.099200000,2007-11-11 13:11:26.476800000,83 days 04:57:55.900800000,83 days 04:57:55.900800000,0 days 00:00:00.000000000
2002,2008-08-29 00:00:00.000000000,2008-08-29 00:00:00.000000000,2008-08-29 00:00:00.000000000,1980-01-01 00:00:00.000000000,1910-01-01 00:00:00.000000000,2008-04-21 05:19:59.980800000,2007-10-31 23:29:22.358400000,129 days 18:40:00.019200000,129 days 18:40:00.019200000,0 days 00:00:00.000000000
2003,2008-10-27 00:00:00.000000000,2008-10-27 00:00:00.000000000,2008-10-27 00:00:00.000000000,1980-01-01 00:00:00.000000000,1910-01-01 00:00:00.000000000,2008-07-28 17:41:03.148800000,2008-02-07 11:50:25.526400000,90 days 06:18:56.851200000,90 days 06:18:56.851200000,0 days 00:00:00.000000000
2004,2008-10-27 00:00:00.000000000,2008-10-27 00:00:00.000000000,2008-10-27 00:00:00.000000000,1980-01-01 00:00:00.000000000,1910-01-01 00:00:00.000000000,2008-07-28 17:41:03.148800000,2008-02-07 11:50:25.526400000,90 days 06:18:56.851200000,90 days 06:18:56.851200000,0 days 00:00:00.000000000
2005,2009-02-18 00:00:00.000000000,2009-02-18 00:00:00.000000000,2009-02-18 00:00:00.000000000,1980-01-01 00:00:00.000000000,1910-01-01 00:00:00.000000000,2008-11-28 13:05:27.312000000,2008-06-09 07:14:49.689600000,81 days 10:54:32.688000000,81 days 10:54:32.688000000,0 days 00:00:00.000000000
2006,2008-10-30 00:00:00.000000000,2008-10-30 00:00:00.000000000,2008-10-30 00:00:00.000000000,1980-01-01 00:00:00.000000000,1910-01-01 00:00:00.000000000,2008-08-07 19:02:04.099200000,2008-02-17 13:11:26.476800000,83 days 04:57:55.900800000,83 days 04:57:55.900800000,0 days 00:00:00.000000000
2007,2008-10-30 00:00:00.000000000,2008-10-30 00:00:00.000000000,2008-10-30 00:00:00.000000000,1980-01-01 00:00:00.000000000,1910-01-01 00:00:00.000000000,2008-08-07 19:02:04.099200000,2008-02-17 13:11:26.476800000,83 days 04:57:55.900800000,83 days 04:57:55.900800000,0 days 00:00:00.000000000
2008,2008-10-30 00:00:00.000000000,2008-10-30 00:00:00.000000000,2008-10-30 00:00:00.000000000,1980-01-01 00:00:00.000000000,1910-01-01 00:00:00.000000000,2008-08-07 19:02:04.099200000,2008-02-17 13:11:26.476800000,83 days 04:57:55.900800000,83 days 04:57:55.900800000,0 days 00:00:00.000000000
2009,2008-11-25 00:00:00.000000000,2008-11-25 00:00:00.000000000,2008-11-25 00:00:00.000000000,1980-01-01 00:00:00.000000000,1910-01-01 00:00:00.000000000,2008-09-01 10:00:00.028800000,2008-03-13 04:09:22.406400000,84 days 13:59:59.971200000,84 days 13:59:59.971200000,0 days 00:00:00.000000000
2010,2009-03-19 00:00:00.000000000,2009-03-19 00:00:00.000000000,2009-03-19 00:00:00.000000000,1980-01-01 00:00:00.000000000,1910-01-01 00:00:00.000000000,2008-11-30 14:36:31.334400000,2008-06-11 08:45:53.712000000,108 days 09:23:28.665600000,108 days 09:23:28.665600000,0 days 00:00:00.000000000
2011,2009-01-05 00:00:00.000000000,2009-01-05 00:00:00.000000000,2009-01-05 00:00:00.000000000,1980-01-01 00:00:00.000000000,1910-01-01 00:00:00.000000000,2008-09-16 04:55:23.059200000,2008-03-27 23:04:45.436800000,110 days 19:04:36.940800000,110 days 19:04:36.940800000,0 days 00:00:00.000000000
2012,2009-03-05 00:00:00.000000000,2009-03-05 00:00:00.000000000,2009-03-05 00:00:00.000000000,1980-01-01 00:00:00.000000000,1910-01-01 00:00:00.000000000,2008-11-14 04:55:23.059200000,2008-05-25 23:04:45.436800000,110 days 19:04:36.940800000,110 days 19:04:36.940800000,0 days 00:00:00.000000000
2013,2008-10-06 00:00:00.000000000,2008-10-06 00:00:00.000000000,2008-10-06 00:00:00.000000000,1980-01-01 00:00:00.000000000,1910-01-01 00:00:00.000000000,2008-07-13 10:00:00.028800000,2008-01-23 04:09:22.406400000,84 days 13:59:59.971200000,84 days 13:59:59.971200000,0 days 00:00:00.000000000
2014,2008-12-01 00:00:00.000000000,2008-12-01 00:00:00.000000000,2008-12-01 00:00:00.000000000,1980-01-01 00:00:00.000000000,1910-01-01 00:00:00.000000000,2008-09-05 15:31:45.897600000,2008-03-17 09:41:08.275200000,86 days 08:28:14.102400000,86 days 08:28:14.102400000,0 days 00:00:00.000000000
2015,2009-03-19 00:00:00.000000000,2009-03-19 00:00:00.000000000,2009-03-19 00:00:00.000000000,1980-01-01 00:00:00.000000000,1910-01-01 00:00:00.000000000,2008-11-30 14:36:31.334400000,2008-06-11 08:45:53.712000000,108 days 09:23:28.665600000,108 days 09:23:28.665600000,0 days 00:00:00.000000000
2016,2009-03-19 00:00:00.000000000,2009-03-19 00:00:00.000000000,2009-03-19 00:00:00.000000000,1980-01-01 00:00:00.000000000,1910-01-01 00:00:00.000000000,2008-11-30 14:36:31.334400000,2008-06-11 08:45:53.712000000,108 days 09:23:28.665600000,108 days 09:23:28.665600000,0 days 00:00:00.000000000
2017,2009-03-20 00:00:00.000000000,2009-03-20 00:00:00.000000000,2009-03-20 00:00:00.000000000,1980-01-01 00:00:00.000000000,1910-01-01 00:00:00.000000000,2008-11-29 04:55:23.059200000,2008-06-09 23:04:45.436800000,110 days 19:04:36.940800000,110 days 19:04:36.940800000,0 days 00:00:00.000000000
2018,2009-03-20 00:00:00.000000000,2009-03-20 00:00:00.000000000,2009-03-20 00:00:00.000000000,1980-01-01 00:00:00.000000000,1910-01-01 00:00:00.000000000,2008-11-29 04:55:23.059200000,2008-06-09 23:04:45.436800000,110 days 19:04:36.940800000,110 days 19:04:36.940800000,0 days 00:00:00.000000000
2019,2008-11-14 00:00:00.000000000,2008-11-14 00:00:00.000000000,2008-11-14 00:00:00.000000000,1980-01-01 00:00:00.000000000,1910-01-01 00:00:00.000000000,2008-08-10 02:10:54.537600000,2008-02-19 20:20:16.915200000,95 days 21:49:05.462400000,95 days 21:49:05.462400000,0 days 00:00:00.000000000
2020,2009-03-23 00:00:00.000000000,2009-03-23 00:00:00.000000000,2009-03-23 00:00:00.000000000,1980-01-01 00:00:00.000000000,1910-01-01 00:00:00.000000000,2008-12-02 04:55:23.059200000,2008-06-12 23:04:45.436800000,110 days 19:04:36.940800000,110 days 19:04:36.940800000,0 days 00:00:00.000000000
2021,2009-03-24 00:00:00.000000000,2009-03-24 00:00:00.000000000,2009-03-24 00:00:00.000000000,1980-01-01 00:00:00.000000000,1910-01-01 00:00:00.000000000,2008-12-03 04:55:23.059200000,2008-06-13 23:04:45.436800000,110 days 19:04:36.940800000,110 days 19:04:36.940800000,0 days 00:00:00.000000000
2022,2009-05-12 00:00:00.000000000,2009-05-12 00:00:00.000000000,2009-05-12 00:00:00.000000000,1980-01-01 00:00:00.000000000,1910-01-01 00:00:00.000000000,2009-01-21 04:55:23.059200000,2008-08-01 23:04:45.436800000,110 days 19:04:36.940800000,110 days 19:04:36.940800000,0 days 00:00:00.000000000
2023,2009-04-14 00:00:00.000000000,2009-04-14 00:00:00.000000000,2009-04-14 00:00:00.000000000,1980-01-01 00:00:00.000000000,1910-01-01 00:00:00.000000000,2009-01-27 23:06:40.003200000,2008-08-08 17:16:02.380800000,76 days 00:53:19.996800000,76 days 00:53:19.996800000,0 days 00:00:00.000000000
2024,2009-06-08 00:00:00.000000000,2009-06-08 00:00:00.000000000,2009-06-08 00:00:00.000000000,1980-01-01 00:00:00.000000000,1910-01-01 00:00:00.000000000,2009-02-12 09:13:50.736000000,2008-08-24 03:23:13.113600000,115 days 14:46:09.264000000,115 days 14:46:09.264000000,0 days 00:00:00.000000000
2025,2009-04-23 00:00:00.000000000,2009-04-23 00:00:00.000000000,2009-04-23 00:00:00.000000000,1980-01-01 00:00:00.000000000,1910-01-01 00:00:00.000000000,2009-02-13 06:00:00.000000000,2008-08-25 00:09:22.377600000,68 days 18:00:00.000000000,68 days 18:00:00.000000000,0 days 00:00:00.000000000
2026,2009-04-30 00:00:00.000000000,2009-04-30 00:00:00.000000000,2009-04-30 00:00:00.000000000,1980-01-01 00:00:00.000000000,1910-01-01 00:00:00.000000000,2009-01-11 14:36:31.334400000,2008-07-23 08:45:53.712000000,108 days 09:23:28.665600000,108 days 09:23:28.665600000,0 days 00:00:00.000000000
2027,2009-05-22 00:00:00.000000000,2009-05-22 00:00:00.000000000,2009-05-22 00:00:00.000000000,1980-01-01 00:00:00.000000000,1910-01-01 00:00:00.000000000,2009-03-06 23:06:40.003200000,2008-09-15 17:16:02.380800000,76 days 00:53:19.996800000,76 days 00:53:19.996800000,0 days 00:00:00.000000000
2028,2009-06-28 00:00:00.000000000,2009-06-28 00:00:00.000000000,2009-06-28 00:00:00.000000000,1980-01-01 00:00:00.000000000,1910-01-01 00:00:00.000000000,2009-03-04 09:13:50.736000000,2008-09-13 03:23:13.113600000,115 days 14:46:09.264000000,115 days 14:46:09.264000000,0 days 00:00:00.000000000
2029,2009-06-11 00:00:00.000000000,2009-06-11 00:00:00.000000000,2009-06-11 00:00:00.000000000,1980-01-01 00:00:00.000000000,1910-01-01 00:00:00.000000000,2009-02-20 04:55:23.059200000,2008-08-31 23:04:45.436800000,110 days 19:04:36.940800000,110 days 19:04:36.940800000,0 days 00:00:00.000000000
2030,2009-05-21 00:00:00.000000000,2009-05-21 00:00:00.000000000,2009-05-21 00:00:00.000000000,1980-01-01 00:00:00.000000000,1910-01-01 00:00:00.000000000,2009-03-04 05:11:48.624000000,2008-09-12 23:21:11.001600000,77 days 18:48:11.376000000,77 days 18:48:11.376000000,0 days 00:00:00.000000000
2031,2009-05-21 00:00:00.000000000,2009-05-21 00:00:00.000000000,2009-05-21 00:00:00.000000000,1980-01-01 00:00:00.000000000,1910-01-01 00:00:00.000000000,2009-03-04 05:11:48.624000000,2008-09-12 23:21:11.001600000,77 days 18:48:11.376000000,77 days 18:48:11.376000000,0 days 00:00:00.000000000
2032,2009-05-20 00:00:00.000000000,2009-05-20 00:00:00.000000000,2009-05-20 00:00:00.000000000,1980-01-01 00:00:00.000000000,1910-01-01 00:00:00.000000000,2009-01-24 09:13:50.736000000,2008-08-05 03:23:13.113600000,115 days 14:46:09.264000000,115 days 14:46:09.264000000,0 days 00:00:00.000000000
2033,2009-05-20 00:00:00.000000000,2009-05-20 00:00:00.000000000,2009-05-20 00:00:00.000000000,1980-01-01 00:00:00.000000000,1910-01-01 00:00:00.000000000,2009-01-24 09:13:50.736000000,2008-08-05 03:23:13.113600000,115 days 14:46:09.264000000,115 days 14:46:09.264000000,0 days 00:00:00.000000000
2034,2009-06-10 00:00:00.000000000,2009-06-10 00:00:00.000000000,2009-06-10 00:00:00.000000000,1980-01-01 00:00:00.000000000,1910-01-01 00:00:00.000000000,2009-02-20 21:36:00.000000000,2008-09-01 15:45:22.377600000,109 days 02:24:00.000000000,109 days 02:24:00.000000000,0 days 00:00:00.000000000
2035,2009-06-16 00:00:00.000000000,2009-06-16 00:00:00.000000000,2009-06-16 00:00:00.000000000,1980-01-01 00:00:00.000000000,1910-01-01 00:00:00.000000000,2009-02-27 14:36:31.334400000,2008-09-08 08:45:53.712000000,108 days 09:23:28.665600000,108 days 09:23:28.665600000,0 days 00:00:00.000000000
2036,2009-06-15 00:00:00.000000000,2009-06-15 00:00:00.000000000,2009-06-15 00:00:00.000000000,1980-01-01 00:00:00.000000000,1910-01-01 00:00:00.000000000,2009-02-25 21:36:00.000000000,2008-09-06 15:45:22.377600000,109 days 02:24:00.000000000,109 days 02:24:00.000000000,0 days 00:00:00.000000000
2037,2009-06-16 00:00:00.000000000,2009-06-16 00:00:00.000000000,2009-06-16 00:00:00.000000000,1980-01-01 00:00:00.000000000,1910-01-01 00:00:00.000000000,2009-02-27 14:36:31.334400000,2008-09-08 08:45:53.712000000,108 days 09:23:28.665600000,108 days 09:23:28.665600000,0 days 00:00:00.000000000
2038,2009-06-25 00:00:00.000000000,2009-06-25 00:00:00.000000000,2009-06-25 00:00:00.000000000,1980-01-01 00:00:00.000000000,1910-01-01 00:00:00.000000000,2009-04-09 23:06:40.003200000,2008-10-19 17:16:02.380800000,76 days 00:53:19.996800000,76 days 00:53:19.996800000,0 days 00:00:00.000000000
2039,2009-06-22 00:00:00.000000000,2009-06-22 00:00:00.000000000,2009-06-22 00:00:00.000000000,1980-01-01 00:00:00.000000000,1910-01-01 00:00:00.000000000,2009-02-15 14:24:00.000000000,2008-08-27 08:33:22.377600000,126 days 09:36:00.000000000,126 days 09:36:00.000000000,0 days 00:00:00.000000000
2040,2009-07-14 00:00:00.000000000,2009-07-14 00:00:00.000000000,2009-07-14 00:00:00.000000000,1970-01-01 00:00:00.000000000,1910-01-01 00:00:00.000000000,2009-03-25 04:55:23.059200000,2008-10-03 23:04:45.436800000,110 days 19:04:36.940800000,110 days 19:04:36.940800000,0 days 00:00:00.000000000
2041,2009-08-14 00:00:00.000000000,2009-08-14 00:00:00.000000000,2009-08-14 00:00:00.000000000,1970-01-01 00:00:00.000000000,1910-01-01 00:00:00.000000000,2009-06-24 07:12:00.000000000,2009-01-03 01:21:22.377600000,50 days 16:48:00.000000000,50 days 16:48:00.000000000,0 days 00:00:00.000000000
2042,2009-08-14 00:00:00.000000000,2009-08-14 00:00:00.000000000,2009-08-14 00:00:00.000000000,1970-01-01 00:00:00.000000000,1910-01-01 00:00:00.000000000,2009-06-24 07:12:00.000000000,2009-01-03 01:21:22.377600000,50 days 16:48:00.000000000,50 days 16:48:00.000000000,0 days 00:00:00.000000000
2043,2009-07-17 00:00:00.000000000,2009-07-17 00:00:00.000000000,2009-07-17 00:00:00.000000000,1970-01-01 00:00:00.000000000,1910-01-01 00:00:00.000000000,2009-05-27 07:12:00.000000000,2008-12-06 01:21:22.377600000,50 days 16:48:00.000000000,50 days 16:48:00.000000000,0 days 00:00:00.000000000
2044,2009-09-04 00:00:00.000000000,2009-09-04 00:00:00.000000000,2009-09-04 00:00:00.000000000,1970-01-01 00:00:00.000000000,1910-01-01 00:00:00.000000000,2009-05-17 21:36:00.000000000,2008-11-26 15:45:22.377600000,109 days 02:24:00.000000000,109 days 02:24:00.000000000,0 days 00:00:00.000000000
2045,2009-09-04 00:00:00.000000000,2009-09-04 00:00:00.000000000,2009-09-04 00:00:00.000000000,1970-01-01 00:00:00.000000000,1910-01-01 00:00:00.000000000,2009-05-17 21:36:00.000000000,2008-11-26 15:45:22.377600000,109 days 02:24:00.000000000,109 days 02:24:00.000000000,0 days 00:00:00.000000000
2046,2009-08-04 00:00:00.000000000,2009-08-04 00:00:00.000000000,2009-08-04 00:00:00.000000000,1970-01-01 00:00:00.000000000,1910-01-01 00:00:00.000000000,2009-04-17 14:36:31.334400000,2008-10-27 08:45:53.712000000,108 days 09:23:28.665600000,108 days 09:23:28.665600000,0 days 00:00:00.000000000
2047,2009-08-04 00:00:00.000000000,2009-08-04 00:00:00.000000000,2009-08-04 00:00:00.000000000,1970-01-01 00:00:00.000000000,1910-01-01 00:00:00.000000000,2009-04-17 14:36:31.334400000,2008-10-27 08:45:53.712000000,108 days 09:23:28.665600000,108 days 09:23:28.665600000,0 days 00:00:00.000000000
2048,2009-07-31 00:00:00.000000000,2009-07-31 00:00:00.000000000,2009-07-31 00:00:00.000000000,1970-01-01 00:00:00.000000000,1910-01-01 00:00:00.000000000,2009-05-15 23:06:40.003200000,2008-11-24 17:16:02.380800000,76 days 00:53:19.996800000,76 days 00:53:19.996800000,0 days 00:00:00.000000000
2049,2009-07-31 00:00:00.000000000,2009-07-31 00:00:00.000000000,2009-07-31 00:00:00.000000000,1970-01-01 00:00:00.000000000,1910-01-01 00:00:00.000000000,2009-05-15 23:06:40.003200000,2008-11-24 17:16:02.380800000,76 days 00:53:19.996800000,76 days 00:53:19.996800000,0 days 00:00:00.000000000
2050,2009-09-17 00:00:00.000000000,2009-09-17 00:00:00.000000000,2009-09-17 00:00:00.000000000,1970-01-01 00:00:00.000000000,1910-01-01 00:00:00.000000000,2009-05-24 09:13:50.736000000,2008-12-03 03:23:13.113600000,115 days 14:46:09.264000000,115 days 14:46:09.264000000,0 days 00:00:00.000000000
2051,2009-09-15 00:00:00.000000000,2009-09-15 00:00:00.000000000,2009-09-15 00:00:00.000000000,1970-01-01 00:00:00.000000000,1910-01-01 00:00:00.000000000,2009-05-28 21:36:00.000000000,2008-12-07 15:45:22.377600000,109 days 02:24:00.000000000,109 days 02:24:00.000000000,0 days 00:00:00.000000000
2052,2009-09-08 00:00:00.000000000,2009-09-08 00:00:00.000000000,2009-09-08 00:00:00.000000000,1970-01-01 00:00:00.000000000,1910-01-01 00:00:00.000000000,2009-05-20 04:55:23.059200000,2008-11-28 23:04:45.436800000,110 days 19:04:36.940800000,110 days 19:04:36.940800000,0 days 00:00:00.000000000
2053,2009-09-09 00:00:00.000000000,2009-09-09 00:00:00.000000000,2009-09-09 00:00:00.000000000,1970-01-01 00:00:00.000000000,1910-01-01 00:00:00.000000000,2009-07-20 07:12:00.000000000,2009-01-29 01:21:22.377600000,50 days 16:48:00.000000000,50 days 16:48:00.000000000,0 days 00:00:00.000000000
2054,2009-09-22 00:00:00.000000000,2009-09-22 00:00:00.000000000,2009-09-22 00:00:00.000000000,1970-01-01 00:00:00.000000000,1910-01-01 00:00:00.000000000,2009-06-04 21:36:00.000000000,2008-12-14 15:45:22.377600000,109 days 02:24:00.000000000,109 days 02:24:00.000000000,0 days 00:00:00.000000000
2055,2009-09-22 00:00:00.000000000,2009-09-22 00:00:00.000000000,2009-09-22 00:00:00.000000000,1970-01-01 00:00:00.000000000,1910-01-01 00:00:00.000000000,2009-05-18 14:24:00.000000000,2008-11-27 08:33:22.377600000,126 days 09:36:00.000000000,126 days 09:36:00.000000000,0 days 00:00:00.000000000
2056,2009-09-14 00:00:00.000000000,2009-09-14 00:00:00.000000000,2009-09-14 00:00:00.000000000,1970-01-01 00:00:00.000000000,1910-01-01 00:00:00.000000000,2009-07-25 07:12:00.000000000,2009-02-03 01:21:22.377600000,50 days 16:48:00.000000000,50 days 16:48:00.000000000,0 days 00:00:00.000000000
2057,2009-09-16 00:00:00.000000000,2009-09-16 00:00:00.000000000,2009-09-16 00:00:00.000000000,1970-01-01 00:00:00.000000000,1910-01-01 00:00:00.000000000,2009-05-28 04:55:23.059200000,2008-12-06 23:04:45.436800000,110 days 19:04:36.940800000,110 days 19:04:36.940800000,0 days 00:00:00.000000000
2058,2009-09-25 00:00:00.000000000,2009-09-25 00:00:00.000000000,2009-09-25 00:00:00.000000000,1970-01-01 00:00:00.000000000,1910-01-01 00:00:00.000000000,2009-06-06 04:55:23.059200000,2008-12-15 23:04:45.436800000,110 days 19:04:36.940800000,110 days 19:04:36.940800000,0 days 00:00:00.000000000
2059,2009-10-20 00:00:00.000000000,2009-10-20 00:00:00.000000000,2009-10-20 00:00:00.000000000,1970-01-01 00:00:00.000000000,1910-01-01 00:00:00.000000000,2009-07-03 14:36:31.334400000,2009-01-12 08:45:53.712000000,108 days 09:23:28.665600000,108 days 09:23:28.665600000,0 days 00:00:00.000000000
2060,2009-10-13 00:00:00.000000000,2009-10-13 00:00:00.000000000,2009-10-13 00:00:00.000000000,1970-01-01 00:00:00.000000000,1910-01-01 00:00:00.000000000,2009-06-25 21:36:00.000000000,2009-01-04 15:45:22.377600000,109 days 02:24:00.000000000,109 days 02:24:00.000000000,0 days 00:00:00.000000000
2061,2009-10-21 00:00:00.000000000,2009-10-21 00:00:00.000000000,2009-10-21 00:00:00.000000000,1970-01-01 00:00:00.000000000,1910-01-01 00:00:00.000000000,2009-08-05 23:06:40.003200000,2009-02-14 17:16:02.380800000,76 days 00:53:19.996800000,76 days 00:53:19.996800000,0 days 00:00:00.000000000
2062,2009-10-06 00:00:00.000000000,2009-10-06 00:00:00.000000000,2009-10-06 00:00:00.000000000,1970-01-01 00:00:00.000000000,1910-01-01 00:00:00.000000000,2009-07-16 13:05:27.312000000,2009-01-25 07:14:49.689600000,81 days 10:54:32.688000000,81 days 10:54:32.688000000,0 days 00:00:00.000000000
2063,2009-11-18 00:00:00.000000000,2009-11-18 00:00:00.000000000,2009-11-18 00:00:00.000000000,1970-01-01 00:00:00.000000000,1910-01-01 00:00:00.000000000,2009-09-01 05:11:48.624000000,2009-03-12 23:21:11.001600000,77 days 18:48:11.376000000,77 days 18:48:11.376000000,0 days 00:00:00.000000000
2064,2009-10-29 00:00:00.000000000,2009-10-29 00:00:00.000000000,2009-10-29 00:00:00.000000000,1970-01-01 00:00:00.000000000,1910-01-01 00:00:00.000000000,2009-09-08 07:12:00.000000000,2009-03-20 01:21:22.377600000,50 days 16:48:00.000000000,50 days 16:48:00.000000000,0 days 00:00:00.000000000
2065,2009-10-29 00:00:00.000000000,2009-10-29 00:00:00.000000000,2009-10-29 00:00:00.000000000,1970-01-01 00:00:00.000000000,1910-01-01 00:00:00.000000000,2009-09-08 07:12:00.000000000,2009-03-20 01:21:22.377600000,50 days 16:48:00.000000000,50 days 16:48:00.000000000,0 days 00:00:00.000000000
2066,2009-12-08 00:00:00.000000000,2009-12-08 00:00:00.000000000,2009-12-08 00:00:00.000000000,1970-01-01 00:00:00.000000000,1910-01-01 00:00:00.000000000,2009-09-17 13:05:27.312000000,2009-03-29 07:14:49.689600000,81 days 10:54:32.688000000,81 days 10:54:32.688000000,0 days 00:00:00.000000000
2067,2010-01-13 00:00:00.000000000,2010-01-13 00:00:00.000000000,2010-01-13 00:00:00.000000000,1970-01-01 00:00:00.000000000,1910-01-01 00:00:00.000000000,2009-12-12 02:39:59.990400000,2009-06-22 20:49:22.368000000,31 days 21:20:00.009600000,31 days 21:20:00.009600000,0 days 00:00:00.000000000
2068,2007-02-22 00:00:00.000000000,2007-02-22 00:00:00.000000000,2007-02-22 00:00:00.000000000,1980-01-01 00:00:00.000000000,1910-01-01 00:00:00.000000000,2006-12-03 04:48:00.000000000,2006-06-13 22:57:22.377600000,80 days 19:12:00.000000000,80 days 19:12:00.000000000,0 days 00:00:00.000000000
2069,2007-02-22 00:00:00.000000000,2007-02-22 00:00:00.000000000,2007-02-22 00:00:00.000000000,1980-01-01 00:00:00.000000000,1910-01-01 00:00:00.000000000,2006-12-03 04:48:00.000000000,2006-06-13 22:57:22.377600000,80 days 19:12:00.000000000,80 days 19:12:00.000000000,0 days 00:00:00.000000000
2070,2007-03-29 00:00:00.000000000,2007-03-29 00:00:00.000000000,2007-03-29 00:00:00.000000000,1980-01-01 00:00:00.000000000,1910-01-01 00:00:00.000000000,2007-01-03 12:00:00.000000000,2006-07-15 06:09:22.377600000,84 days 12:00:00.000000000,84 days 12:00:00.000000000,0 days 00:00:00.000000000
2071,2007-04-17 00:00:00.000000000,2007-04-17 00:00:00.000000000,2007-04-17 00:00:00.000000000,1980-01-01 00:00:00.000000000,1910-01-01 00:00:00.000000000,2007-03-09 14:24:00.000000000,2006-09-18 08:33:22.377600000,38 days 09:36:00.000000000,38 days 09:36:00.000000000,0 days 00:00:00.000000000
2072,2007-05-18 00:00:00.000000000,2007-05-18 00:00:00.000000000,2007-05-18 00:00:00.000000000,1980-01-01 00:00:00.000000000,1910-01-01 00:00:00.000000000,2007-02-01 00:00:00.000000000,2006-08-12 18:09:22.377600000,106 days 00:00:00.000000000,106 days 00:00:00.000000000,0 days 00:00:00.000000000
2073,2007-05-04 00:00:00.000000000,2007-05-04 00:00:00.000000000,2007-05-04 00:00:00.000000000,1980-01-01 00:00:00.000000000,1910-01-01 00:00:00.000000000,2007-02-12 04:48:00.000000000,2006-08-23 22:57:22.377600000,80 days 19:12:00.000000000,80 days 19:12:00.000000000,0 days 00:00:00.000000000
2074,2007-05-04 00:00:00.000000000,2007-05-04 00:00:00.000000000,2007-05-04 00:00:00.000000000,1980-01-01 00:00:00.000000000,1910-01-01 00:00:00.000000000,2007-02-12 04:48:00.000000000,2006-08-23 22:57:22.377600000,80 days 19:12:00.000000000,80 days 19:12:00.000000000,0 days 00:00:00.000000000
2075,2007-05-14 00:00:00.000000000,2007-05-14 00:00:00.000000000,2007-05-14 00:00:00.000000000,1980-01-01 00:00:00.000000000,1910-01-01 00:00:00.000000000,2007-03-31 02:39:59.990400000,2006-10-09 20:49:22.368000000,43 days 21:20:00.009600000,43 days 21:20:00.009600000,0 days 00:00:00.000000000
2076,2007-04-30 00:00:00.000000000,2007-04-30 00:00:00.000000000,2007-04-30 00:00:00.000000000,1980-01-01 00:00:00.000000000,1910-01-01 00:00:00.000000000,2007-02-08 04:48:00.000000000,2006-08-19 22:57:22.377600000,80 days 19:12:00.000000000,80 days 19:12:00.000000000,0 days 00:00:00.000000000
2077,2007-05-04 00:00:00.000000000,2007-05-04 00:00:00.000000000,2007-05-04 00:00:00.000000000,1980-01-01 00:00:00.000000000,1910-01-01 00:00:00.000000000,2007-02-12 04:48:00.000000000,2006-08-23 22:57:22.377600000,80 days 19:12:00.000000000,80 days 19:12:00.000000000,0 days 00:00:00.000000000
2078,2007-04-30 00:00:00.000000000,2007-04-30 00:00:00.000000000,2007-04-30 00:00:00.000000000,1980-01-01 00:00:00.000000000,1910-01-01 00:00:00.000000000,2007-02-08 04:48:00.000000000,2006-08-19 22:57:22.377600000,80 days 19:12:00.000000000,80 days 19:12:00.000000000,0 days 00:00:00.000000000
2079,2007-04-30 00:00:00.000000000,2007-04-30 00:00:00.000000000,2007-04-30 00:00:00.000000000,1980-01-01 00:00:00.000000000,1910-01-01 00:00:00.000000000,2007-02-08 04:48:00.000000000,2006-08-19 22:57:22.377600000,80 days 19:12:00.000000000,80 days 19:12:00.000000000,0 days 00:00:00.000000000
2080,2007-04-30 00:00:00.000000000,2007-04-30 00:00:00.000000000,2007-04-30 00:00:00.000000000,1980-01-01 00:00:00.000000000,1910-01-01 00:00:00.000000000,2007-02-08 04:48:00.000000000,2006-08-19 22:57:22.377600000,80 days 19:12:00.000000000,80 days 19:12:00.000000000,0 days 00:00:00.000000000
2081,2007-07-03 00:00:00.000000000,2007-07-03 00:00:00.000000000,2007-07-03 00:00:00.000000000,1980-01-01 00:00:00.000000000,1910-01-01 00:00:00.000000000,2007-05-25 14:24:00.000000000,2006-12-04 08:33:22.377600000,38 days 09:36:00.000000000,38 days 09:36:00.000000000,0 days 00:00:00.000000000
2082,2007-07-03 00:00:00.000000000,2007-07-03 00:00:00.000000000,2007-07-03 00:00:00.000000000,1980-01-01 00:00:00.000000000,1910-01-01 00:00:00.000000000,2007-05-25 14:24:00.000000000,2006-12-04 08:33:22.377600000,38 days 09:36:00.000000000,38 days 09:36:00.000000000,0 days 00:00:00.000000000
2083,2007-07-06 00:00:00.000000000,2007-07-06 00:00:00.000000000,2007-07-06 00:00:00.000000000,1980-01-01 00:00:00.000000000,1910-01-01 00:00:00.000000000,2007-05-11 00:00:00.000000000,2006-11-19 18:09:22.377600000,56 days 00:00:00.000000000,56 days 00:00:00.000000000,0 days 00:00:00.000000000
2084,2007-07-04 00:00:00.000000000,2007-07-04 00:00:00.000000000,2007-07-04 00:00:00.000000000,1980-01-01 00:00:00.000000000,1910-01-01 00:00:00.000000000,2007-03-20 00:00:00.000000000,2006-09-28 18:09:22.377600000,106 days 00:00:00.000000000,106 days 00:00:00.000000000,0 days 00:00:00.000000000
2085,2007-07-11 00:00:00.000000000,2007-07-11 00:00:00.000000000,2007-07-11 00:00:00.000000000,1980-01-01 00:00:00.000000000,1910-01-01 00:00:00.000000000,2007-03-27 00:00:00.000000000,2006-10-05 18:09:22.377600000,106 days 00:00:00.000000000,106 days 00:00:00.000000000,0 days 00:00:00.000000000
2086,2007-06-13 00:00:00.000000000,2007-06-13 00:00:00.000000000,2007-06-13 00:00:00.000000000,1980-01-01 00:00:00.000000000,1910-01-01 00:00:00.000000000,2007-02-27 00:00:00.000000000,2006-09-07 18:09:22.377600000,106 days 00:00:00.000000000,106 days 00:00:00.000000000,0 days 00:00:00.000000000
2087,2007-06-13 00:00:00.000000000,2007-06-13 00:00:00.000000000,2007-06-13 00:00:00.000000000,1980-01-01 00:00:00.000000000,1910-01-01 00:00:00.000000000,2007-02-27 00:00:00.000000000,2006-09-07 18:09:22.377600000,106 days 00:00:00.000000000,106 days 00:00:00.000000000,0 days 00:00:00.000000000
2088,2007-06-26 00:00:00.000000000,2007-06-26 00:00:00.000000000,2007-06-26 00:00:00.000000000,1980-01-01 00:00:00.000000000,1910-01-01 00:00:00.000000000,2007-05-18 14:24:00.000000000,2006-11-27 08:33:22.377600000,38 days 09:36:00.000000000,38 days 09:36:00.000000000,0 days 00:00:00.000000000
2089,2007-06-26 00:00:00.000000000,2007-06-26 00:00:00.000000000,2007-06-26 00:00:00.000000000,1980-01-01 00:00:00.000000000,1910-01-01 00:00:00.000000000,2007-05-18 14:24:00.000000000,2006-11-27 08:33:22.377600000,38 days 09:36:00.000000000,38 days 09:36:00.000000000,0 days 00:00:00.000000000
2090,2007-06-26 00:00:00.000000000,2007-06-26 00:00:00.000000000,2007-06-26 00:00:00.000000000,1980-01-01 00:00:00.000000000,1910-01-01 00:00:00.000000000,2007-05-18 14:24:00.000000000,2006-11-27 08:33:22.377600000,38 days 09:36:00.000000000,38 days 09:36:00.000000000,0 days 00:00:00.000000000
2091,2007-05-20 00:00:00.000000000,2007-05-20 00:00:00.000000000,2007-05-20 00:00:00.000000000,1980-01-01 00:00:00.000000000,1910-01-01 00:00:00.000000000,2007-03-24 16:00:00.028800000,2006-10-03 10:09:22.406400000,56 days 07:59:59.971200000,56 days 07:59:59.971200000,0 days 00:00:00.000000000
2092,2007-06-20 00:00:00.000000000,2007-06-20 00:00:00.000000000,2007-06-20 00:00:00.000000000,1980-01-01 00:00:00.000000000,1910-01-01 00:00:00.000000000,2007-03-27 12:00:00.000000000,2006-10-06 06:09:22.377600000,84 days 12:00:00.000000000,84 days 12:00:00.000000000,0 days 00:00:00.000000000
2093,2007-07-03 00:00:00.000000000,2007-07-03 00:00:00.000000000,2007-07-03 00:00:00.000000000,1980-01-01 00:00:00.000000000,1910-01-01 00:00:00.000000000,2007-05-25 14:24:00.000000000,2006-12-04 08:33:22.377600000,38 days 09:36:00.000000000,38 days 09:36:00.000000000,0 days 00:00:00.000000000
2094,2007-07-30 00:00:00.000000000,2007-07-30 00:00:00.000000000,2007-07-30 00:00:00.000000000,1980-01-01 00:00:00.000000000,1910-01-01 00:00:00.000000000,2007-06-04 00:00:00.000000000,2006-12-13 18:09:22.377600000,56 days 00:00:00.000000000,56 days 00:00:00.000000000,0 days 00:00:00.000000000
2095,2007-08-14 00:00:00.000000000,2007-08-14 00:00:00.000000000,2007-08-14 00:00:00.000000000,1980-01-01 00:00:00.000000000,1910-01-01 00:00:00.000000000,2007-05-25 04:48:00.000000000,2006-12-03 22:57:22.377600000,80 days 19:12:00.000000000,80 days 19:12:00.000000000,0 days 00:00:00.000000000
2096,2007-07-16 00:00:00.000000000,2007-07-16 00:00:00.000000000,2007-07-16 00:00:00.000000000,1980-01-01 00:00:00.000000000,1910-01-01 00:00:00.000000000,2007-04-22 12:00:00.000000000,2006-11-01 06:09:22.377600000,84 days 12:00:00.000000000,84 days 12:00:00.000000000,0 days 00:00:00.000000000
2097,2007-08-21 00:00:00.000000000,2007-08-21 00:00:00.000000000,2007-08-21 00:00:00.000000000,1980-01-01 00:00:00.000000000,1910-01-01 00:00:00.000000000,2007-06-01 04:48:00.000000000,2006-12-10 22:57:22.377600000,80 days 19:12:00.000000000,80 days 19:12:00.000000000,0 days 00:00:00.000000000
2098,2007-08-06 00:00:00.000000000,2007-08-06 00:00:00.000000000,2007-08-06 00:00:00.000000000,1980-01-01 00:00:00.000000000,1910-01-01 00:00:00.000000000,2007-06-23 02:39:59.990400000,2007-01-01 20:49:22.368000000,43 days 21:20:00.009600000,43 days 21:20:00.009600000,0 days 00:00:00.000000000
2099,2007-08-06 00:00:00.000000000,2007-08-06 00:00:00.000000000,2007-08-06 00:00:00.000000000,1980-01-01 00:00:00.000000000,1910-01-01 00:00:00.000000000,2007-06-23 02:39:59.990400000,2007-01-01 20:49:22.368000000,43 days 21:20:00.009600000,43 days 21:20:00.009600000,0 days 00:00:00.000000000
2100,2007-08-17 00:00:00.000000000,2007-08-17 00:00:00.000000000,2007-08-17 00:00:00.000000000,1980-01-01 00:00:00.000000000,1910-01-01 00:00:00.000000000,2007-05-28 04:48:00.000000000,2006-12-06 22:57:22.377600000,80 days 19:12:00.000000000,80 days 19:12:00.000000000,0 days 00:00:00.000000000
2101,2007-07-13 00:00:00.000000000,2007-07-13 00:00:00.000000000,2007-07-13 00:00:00.000000000,1980-01-01 00:00:00.000000000,1910-01-01 00:00:00.000000000,2007-05-18 00:00:00.000000000,2006-11-26 18:09:22.377600000,56 days 00:00:00.000000000,56 days 00:00:00.000000000,0 days 00:00:00.000000000
2102,2007-08-29 00:00:00.000000000,2007-08-29 00:00:00.000000000,2007-08-29 00:00:00.000000000,1980-01-01 00:00:00.000000000,1910-01-01 00:00:00.000000000,2007-07-04 00:00:00.000000000,2007-01-12 18:09:22.377600000,56 days 00:00:00.000000000,56 days 00:00:00.000000000,0 days 00:00:00.000000000
2103,2007-09-21 00:00:00.000000000,2007-09-21 00:00:00.000000000,2007-09-21 00:00:00.000000000,1980-01-01 00:00:00.000000000,1910-01-01 00:00:00.000000000,2007-06-07 00:00:00.000000000,2006-12-16 18:09:22.377600000,106 days 00:00:00.000000000,106 days 00:00:00.000000000,0 days 00:00:00.000000000
2104,2007-09-21 00:00:00.000000000,2007-09-21 00:00:00.000000000,2007-09-21 00:00:00.000000000,1980-01-01 00:00:00.000000000,1910-01-01 00:00:00.000000000,2007-06-07 00:00:00.000000000,2006-12-16 18:09:22.377600000,106 days 00:00:00.000000000,106 days 00:00:00.000000000,0 days 00:00:00.000000000
2105,2007-09-21 00:00:00.000000000,2007-09-21 00:00:00.000000000,2007-09-21 00:00:00.000000000,1980-01-01 00:00:00.000000000,1910-01-01 00:00:00.000000000,2007-06-07 00:00:00.000000000,2006-12-16 18:09:22.377600000,106 days 00:00:00.000000000,106 days 00:00:00.000000000,0 days 00:00:00.000000000
2106,2007-09-21 00:00:00.000000000,2007-09-21 00:00:00.000000000,2007-09-21 00:00:00.000000000,1980-01-01 00:00:00.000000000,1910-01-01 00:00:00.000000000,2007-06-07 00:00:00.000000000,2006-12-16 18:09:22.377600000,106 days 00:00:00.000000000,106 days 00:00:00.000000000,0 days 00:00:00.000000000
2107,2007-09-21 00:00:00.000000000,2007-09-21 00:00:00.000000000,2007-09-21 00:00:00.000000000,1980-01-01 00:00:00.000000000,1910-01-01 00:00:00.000000000,2007-06-07 00:00:00.000000000,2006-12-16 18:09:22.377600000,106 days 00:00:00.000000000,106 days 00:00:00.000000000,0 days 00:00:00.000000000
2108,2007-09-21 00:00:00.000000000,2007-09-21 00:00:00.000000000,2007-09-21 00:00:00.000000000,1980-01-01 00:00:00.000000000,1910-01-01 00:00:00.000000000,2007-06-07 00:00:00.000000000,2006-12-16 18:09:22.377600000,106 days 00:00:00.000000000,106 days 00:00:00.000000000,0 days 00:00:00.000000000
2109,2007-09-21 00:00:00.000000000,2007-09-21 00:00:00.000000000,2007-09-21 00:00:00.000000000,1980-01-01 00:00:00.000000000,1910-01-01 00:00:00.000000000,2007-06-07 00:00:00.000000000,2006-12-16 18:09:22.377600000,106 days 00:00:00.000000000,106 days 00:00:00.000000000,0 days 00:00:00.000000000
2110,2007-10-16 00:00:00.000000000,2007-10-16 00:00:00.000000000,2007-10-16 00:00:00.000000000,1980-01-01 00:00:00.000000000,1910-01-01 00:00:00.000000000,2007-09-02 02:39:59.990400000,2007-03-13 20:49:22.368000000,43 days 21:20:00.009600000,43 days 21:20:00.009600000,0 days 00:00:00.000000000
2111,2007-09-07 00:00:00.000000000,2007-09-07 00:00:00.000000000,2007-09-07 00:00:00.000000000,1980-01-01 00:00:00.000000000,1910-01-01 00:00:00.000000000,2007-06-14 12:00:00.000000000,2006-12-24 06:09:22.377600000,84 days 12:00:00.000000000,84 days 12:00:00.000000000,0 days 00:00:00.000000000
2112,2007-09-04 00:00:00.000000000,2007-09-04 00:00:00.000000000,2007-09-04 00:00:00.000000000,1980-01-01 00:00:00.000000000,1910-01-01 00:00:00.000000000,2007-07-23 07:59:59.971200000,2007-02-01 02:09:22.348800000,42 days 16:00:00.028800000,42 days 16:00:00.028800000,0 days 00:00:00.000000000
2113,2007-09-04 00:00:00.000000000,2007-09-04 00:00:00.000000000,2007-09-04 00:00:00.000000000,1980-01-01 00:00:00.000000000,1910-01-01 00:00:00.000000000,2007-07-23 07:59:59.971200000,2007-02-01 02:09:22.348800000,42 days 16:00:00.028800000,42 days 16:00:00.028800000,0 days 00:00:00.000000000
2114,2007-09-14 00:00:00.000000000,2007-09-14 00:00:00.000000000,2007-09-14 00:00:00.000000000,1980-01-01 00:00:00.000000000,1910-01-01 00:00:00.000000000,2007-08-01 02:39:59.990400000,2007-02-09 20:49:22.368000000,43 days 21:20:00.009600000,43 days 21:20:00.009600000,0 days 00:00:00.000000000
2115,2007-09-20 00:00:00.000000000,2007-09-20 00:00:00.000000000,2007-09-20 00:00:00.000000000,1980-01-01 00:00:00.000000000,1910-01-01 00:00:00.000000000,2007-07-25 16:00:00.028800000,2007-02-03 10:09:22.406400000,56 days 07:59:59.971200000,56 days 07:59:59.971200000,0 days 00:00:00.000000000
2116,2007-11-30 00:00:00.000000000,2007-11-30 00:00:00.000000000,2007-11-30 00:00:00.000000000,1980-01-01 00:00:00.000000000,1910-01-01 00:00:00.000000000,2007-08-16 00:00:00.000000000,2007-02-24 18:09:22.377600000,106 days 00:00:00.000000000,106 days 00:00:00.000000000,0 days 00:00:00.000000000
2117,2007-11-13 00:00:00.000000000,2007-11-13 00:00:00.000000000,2007-11-13 00:00:00.000000000,1980-01-01 00:00:00.000000000,1910-01-01 00:00:00.000000000,2007-08-24 04:48:00.000000000,2007-03-04 22:57:22.377600000,80 days 19:12:00.000000000,80 days 19:12:00.000000000,0 days 00:00:00.000000000
2118,2007-11-16 00:00:00.000000000,2007-11-16 00:00:00.000000000,2007-11-16 00:00:00.000000000,1980-01-01 00:00:00.000000000,1910-01-01 00:00:00.000000000,2007-09-20 16:00:00.028800000,2007-04-01 10:09:22.406400000,56 days 07:59:59.971200000,56 days 07:59:59.971200000,0 days 00:00:00.000000000
2119,2007-11-07 00:00:00.000000000,2007-11-07 00:00:00.000000000,2007-11-07 00:00:00.000000000,1980-01-01 00:00:00.000000000,1910-01-01 00:00:00.000000000,2007-10-04 13:05:27.312000000,2007-04-15 07:14:49.689600000,33 days 10:54:32.688000000,33 days 10:54:32.688000000,0 days 00:00:00.000000000
2120,2007-12-05 00:00:00.000000000,2007-12-05 00:00:00.000000000,2007-12-05 00:00:00.000000000,1980-01-01 00:00:00.000000000,1910-01-01 00:00:00.000000000,2007-11-10 12:00:00.000000000,2007-05-22 06:09:22.377600000,24 days 12:00:00.000000000,24 days 12:00:00.000000000,0 days 00:00:00.000000000
2121,2007-11-22 00:00:00.000000000,2007-11-22 00:00:00.000000000,2007-11-22 00:00:00.000000000,1980-01-01 00:00:00.000000000,1910-01-01 00:00:00.000000000,2007-09-02 04:48:00.000000000,2007-03-13 22:57:22.377600000,80 days 19:12:00.000000000,80 days 19:12:00.000000000,0 days 00:00:00.000000000
2122,2008-01-25 00:00:00.000000000,2008-01-25 00:00:00.000000000,2008-01-25 00:00:00.000000000,1980-01-01 00:00:00.000000000,1910-01-01 00:00:00.000000000,2007-10-30 15:31:45.897600000,2007-05-11 09:41:08.275200000,86 days 08:28:14.102400000,86 days 08:28:14.102400000,0 days 00:00:00.000000000
2123,2008-01-22 00:00:00.000000000,2008-01-22 00:00:00.000000000,2008-01-22 00:00:00.000000000,1980-01-01 00:00:00.000000000,1910-01-01 00:00:00.000000000,2007-10-23 17:41:03.148800000,2007-05-04 11:50:25.526400000,90 days 06:18:56.851200000,90 days 06:18:56.851200000,0 days 00:00:00.000000000
2124,2007-12-03 00:00:00.000000000,2007-12-03 00:00:00.000000000,2007-12-03 00:00:00.000000000,1980-01-01 00:00:00.000000000,1910-01-01 00:00:00.000000000,2007-10-25 14:24:00.000000000,2007-05-06 08:33:22.377600000,38 days 09:36:00.000000000,38 days 09:36:00.000000000,0 days 00:00:00.000000000
2125,2007-12-03 00:00:00.000000000,2007-12-03 00:00:00.000000000,2007-12-03 00:00:00.000000000,1980-01-01 00:00:00.000000000,1910-01-01 00:00:00.000000000,2007-10-25 14:24:00.000000000,2007-05-06 08:33:22.377600000,38 days 09:36:00.000000000,38 days 09:36:00.000000000,0 days 00:00:00.000000000
2126,2007-11-30 00:00:00.000000000,2007-11-30 00:00:00.000000000,2007-11-30 00:00:00.000000000,1980-01-01 00:00:00.000000000,1910-01-01 00:00:00.000000000,2007-11-01 00:00:00.000000000,2007-05-12 18:09:22.377600000,29 days 00:00:00.000000000,29 days 00:00:00.000000000,0 days 00:00:00.000000000
2127,2007-12-12 00:00:00.000000000,2007-12-12 00:00:00.000000000,2007-12-12 00:00:00.000000000,1980-01-01 00:00:00.000000000,1910-01-01 00:00:00.000000000,2007-09-18 12:00:00.000000000,2007-03-30 06:09:22.377600000,84 days 12:00:00.000000000,84 days 12:00:00.000000000,0 days 00:00:00.000000000
2128,2007-12-20 00:00:00.000000000,2007-12-20 00:00:00.000000000,2007-12-20 00:00:00.000000000,1980-01-01 00:00:00.000000000,1910-01-01 00:00:00.000000000,2007-11-07 07:59:59.971200000,2007-05-19 02:09:22.348800000,42 days 16:00:00.028800000,42 days 16:00:00.028800000,0 days 00:00:00.000000000
2129,2007-12-20 00:00:00.000000000,2007-12-20 00:00:00.000000000,2007-12-20 00:00:00.000000000,1980-01-01 00:00:00.000000000,1910-01-01 00:00:00.000000000,2007-11-07 07:59:59.971200000,2007-05-19 02:09:22.348800000,42 days 16:00:00.028800000,42 days 16:00:00.028800000,0 days 00:00:00.000000000
2130,2007-12-10 00:00:00.000000000,2007-12-10 00:00:00.000000000,2007-12-10 00:00:00.000000000,1980-01-01 00:00:00.000000000,1910-01-01 00:00:00.000000000,2007-09-20 04:48:00.000000000,2007-03-31 22:57:22.377600000,80 days 19:12:00.000000000,80 days 19:12:00.000000000,0 days 00:00:00.000000000
2131,2007-12-20 00:00:00.000000000,2007-12-20 00:00:00.000000000,2007-12-20 00:00:00.000000000,1980-01-01 00:00:00.000000000,1910-01-01 00:00:00.000000000,2007-11-07 07:59:59.971200000,2007-05-19 02:09:22.348800000,42 days 16:00:00.028800000,42 days 16:00:00.028800000,0 days 00:00:00.000000000
2132,2008-04-08 00:00:00.000000000,2008-04-05 00:00:00.000000000,2008-04-05 00:00:00.000000000,1980-01-01 00:00:00.000000000,1910-01-01 00:00:00.000000000,2008-01-03 02:10:54.537600000,2007-07-14 20:20:16.915200000,95 days 21:49:05.462400000,92 days 21:49:05.462400000,-3 days +00:00:00.000000000
2133,2008-04-08 00:00:00.000000000,2008-04-05 00:00:00.000000000,2008-04-05 00:00:00.000000000,1980-01-01 00:00:00.000000000,1910-01-01 00:00:00.000000000,2008-01-03 02:10:54.537600000,2007-07-14 20:20:16.915200000,95 days 21:49:05.462400000,92 days 21:49:05.462400000,-3 days +00:00:00.000000000
2134,2008-01-14 00:00:00.000000000,2008-01-14 00:00:00.000000000,2008-01-14 00:00:00.000000000,1980-01-01 00:00:00.000000000,1910-01-01 00:00:00.000000000,2007-08-09 09:36:00.000000000,2007-02-18 03:45:22.377600000,157 days 14:24:00.000000000,157 days 14:24:00.000000000,0 days 00:00:00.000000000
2135,2008-01-14 00:00:00.000000000,2008-01-14 00:00:00.000000000,2008-01-14 00:00:00.000000000,1980-01-01 00:00:00.000000000,1910-01-01 00:00:00.000000000,2007-08-09 09:36:00.000000000,2007-02-18 03:45:22.377600000,157 days 14:24:00.000000000,157 days 14:24:00.000000000,0 days 00:00:00.000000000
2136,2008-01-15 00:00:00.000000000,2008-01-15 00:00:00.000000000,2008-01-15 00:00:00.000000000,1980-01-01 00:00:00.000000000,1910-01-01 00:00:00.000000000,2007-10-22 13:42:51.465600000,2007-05-03 07:52:13.843200000,84 days 10:17:08.534400000,84 days 10:17:08.534400000,0 days 00:00:00.000000000
2137,2007-12-07 00:00:00.000000000,2007-12-07 00:00:00.000000000,2007-12-07 00:00:00.000000000,1980-01-01 00:00:00.000000000,1910-01-01 00:00:00.000000000,2007-10-11 16:00:00.028800000,2007-04-22 10:09:22.406400000,56 days 07:59:59.971200000,56 days 07:59:59.971200000,0 days 00:00:00.000000000
2138,2008-02-14 00:00:00.000000000,2008-02-14 00:00:00.000000000,2008-02-14 00:00:00.000000000,1980-01-01 00:00:00.000000000,1910-01-01 00:00:00.000000000,2007-11-21 10:00:00.028800000,2007-06-02 04:09:22.406400000,84 days 13:59:59.971200000,84 days 13:59:59.971200000,0 days 00:00:00.000000000
2139,2008-03-04 00:00:00.000000000,2008-02-21 00:00:00.000000000,2008-02-21 00:00:00.000000000,1980-01-01 00:00:00.000000000,1910-01-01 00:00:00.000000000,2007-12-04 17:41:03.148800000,2007-06-15 11:50:25.526400000,90 days 06:18:56.851200000,78 days 06:18:56.851200000,-12 days +00:00:00.000000000
2140,2008-01-25 00:00:00.000000000,2008-01-25 00:00:00.000000000,2008-01-25 00:00:00.000000000,1980-01-01 00:00:00.000000000,1910-01-01 00:00:00.000000000,2007-11-01 10:00:00.028800000,2007-05-13 04:09:22.406400000,84 days 13:59:59.971200000,84 days 13:59:59.971200000,0 days 00:00:00.000000000
2141,2008-01-22 00:00:00.000000000,2008-01-22 00:00:00.000000000,2008-01-22 00:00:00.000000000,1980-01-01 00:00:00.000000000,1910-01-01 00:00:00.000000000,2007-10-23 17:41:03.148800000,2007-05-04 11:50:25.526400000,90 days 06:18:56.851200000,90 days 06:18:56.851200000,0 days 00:00:00.000000000
2142,2008-02-13 00:00:00.000000000,2008-02-13 00:00:00.000000000,2008-02-13 00:00:00.000000000,1980-01-01 00:00:00.000000000,1910-01-01 00:00:00.000000000,2008-01-03 02:10:54.537600000,2007-07-14 20:20:16.915200000,40 days 21:49:05.462400000,40 days 21:49:05.462400000,0 days 00:00:00.000000000
2143,2008-02-27 00:00:00.000000000,2008-02-01 00:00:00.000000000,2008-02-01 00:00:00.000000000,1980-01-01 00:00:00.000000000,1910-01-01 00:00:00.000000000,2007-12-08 05:37:49.785600000,2007-06-18 23:47:12.163200000,80 days 18:22:10.214400000,54 days 18:22:10.214400000,-26 days +00:00:00.000000000
2144,2008-04-18 00:00:00.000000000,2008-04-18 00:00:00.000000000,2008-04-18 00:00:00.000000000,1980-01-01 00:00:00.000000000,1910-01-01 00:00:00.000000000,2008-01-25 19:02:04.099200000,2007-08-06 13:11:26.476800000,83 days 04:57:55.900800000,83 days 04:57:55.900800000,0 days 00:00:00.000000000
2145,2008-06-11 00:00:00.000000000,2008-06-11 00:00:00.000000000,2008-06-11 00:00:00.000000000,1980-01-01 00:00:00.000000000,1910-01-01 00:00:00.000000000,2008-01-05 09:36:00.000000000,2007-07-17 03:45:22.377600000,157 days 14:24:00.000000000,157 days 14:24:00.000000000,0 days 00:00:00.000000000
2146,2008-07-16 00:00:00.000000000,2008-07-16 00:00:00.000000000,2008-07-16 00:00:00.000000000,1980-01-01 00:00:00.000000000,1910-01-01 00:00:00.000000000,2008-04-16 17:41:03.148800000,2007-10-27 11:50:25.526400000,90 days 06:18:56.851200000,90 days 06:18:56.851200000,0 days 00:00:00.000000000
2147,2008-02-21 00:00:00.000000000,2008-02-21 00:00:00.000000000,2008-02-21 00:00:00.000000000,1980-01-01 00:00:00.000000000,1910-01-01 00:00:00.000000000,2007-11-27 16:00:00.028800000,2007-06-08 10:09:22.406400000,85 days 07:59:59.971200000,85 days 07:59:59.971200000,0 days 00:00:00.000000000
2148,2008-02-14 00:00:00.000000000,2008-02-14 00:00:00.000000000,2008-02-14 00:00:00.000000000,1980-01-01 00:00:00.000000000,1910-01-01 00:00:00.000000000,2007-11-22 19:02:04.099200000,2007-06-03 13:11:26.476800000,83 days 04:57:55.900800000,83 days 04:57:55.900800000,0 days 00:00:00.000000000
2149,2008-04-01 00:00:00.000000000,2008-04-01 00:00:00.000000000,2008-04-01 00:00:00.000000000,1980-01-01 00:00:00.000000000,1910-01-01 00:00:00.000000000,2007-11-23 05:19:59.980800000,2007-06-03 23:29:22.358400000,129 days 18:40:00.019200000,129 days 18:40:00.019200000,0 days 00:00:00.000000000
2150,2008-06-02 00:00:00.000000000,2008-06-02 00:00:00.000000000,2008-06-02 00:00:00.000000000,1980-01-01 00:00:00.000000000,1910-01-01 00:00:00.000000000,2008-03-03 17:41:03.148800000,2007-09-13 11:50:25.526400000,90 days 06:18:56.851200000,90 days 06:18:56.851200000,0 days 00:00:00.000000000
2151,2008-05-09 00:00:00.000000000,2008-05-09 00:00:00.000000000,2008-05-09 00:00:00.000000000,1980-01-01 00:00:00.000000000,1910-01-01 00:00:00.000000000,2008-02-14 10:00:00.028800000,2007-08-26 04:09:22.406400000,84 days 13:59:59.971200000,84 days 13:59:59.971200000,0 days 00:00:00.000000000
2152,2008-06-02 00:00:00.000000000,2008-06-02 00:00:00.000000000,2008-06-02 00:00:00.000000000,1980-01-01 00:00:00.000000000,1910-01-01 00:00:00.000000000,2008-03-09 13:42:51.465600000,2007-09-19 07:52:13.843200000,84 days 10:17:08.534400000,84 days 10:17:08.534400000,0 days 00:00:00.000000000
2153,2008-07-16 00:00:00.000000000,2008-07-16 00:00:00.000000000,2008-07-16 00:00:00.000000000,1980-01-01 00:00:00.000000000,1910-01-01 00:00:00.000000000,2008-04-23 19:02:04.099200000,2007-11-03 13:11:26.476800000,83 days 04:57:55.900800000,83 days 04:57:55.900800000,0 days 00:00:00.000000000
2154,2008-07-16 00:00:00.000000000,2008-07-16 00:00:00.000000000,2008-07-16 00:00:00.000000000,1980-01-01 00:00:00.000000000,1910-01-01 00:00:00.000000000,2008-04-23 19:02:04.099200000,2007-11-03 13:11:26.476800000,83 days 04:57:55.900800000,83 days 04:57:55.900800000,0 days 00:00:00.000000000
2155,2008-08-04 00:00:00.000000000,2008-08-04 00:00:00.000000000,2008-08-04 00:00:00.000000000,1980-01-01 00:00:00.000000000,1910-01-01 00:00:00.000000000,2008-05-11 13:42:51.465600000,2007-11-21 07:52:13.843200000,84 days 10:17:08.534400000,84 days 10:17:08.534400000,0 days 00:00:00.000000000
2156,2008-03-17 00:00:00.000000000,2008-03-17 00:00:00.000000000,2008-03-17 00:00:00.000000000,1980-01-01 00:00:00.000000000,1910-01-01 00:00:00.000000000,2007-12-23 10:00:00.028800000,2007-07-04 04:09:22.406400000,84 days 13:59:59.971200000,84 days 13:59:59.971200000,0 days 00:00:00.000000000
2157,2008-08-01 00:00:00.000000000,2008-08-01 00:00:00.000000000,2008-08-01 00:00:00.000000000,1980-01-01 00:00:00.000000000,1910-01-01 00:00:00.000000000,2008-05-02 17:41:03.148800000,2007-11-12 11:50:25.526400000,90 days 06:18:56.851200000,90 days 06:18:56.851200000,0 days 00:00:00.000000000
2158,2008-08-03 00:00:00.000000000,2008-08-03 00:00:00.000000000,2008-08-03 00:00:00.000000000,1980-01-01 00:00:00.000000000,1910-01-01 00:00:00.000000000,2008-05-11 19:02:04.099200000,2007-11-21 13:11:26.476800000,83 days 04:57:55.900800000,83 days 04:57:55.900800000,0 days 00:00:00.000000000
2159,2008-08-20 00:00:00.000000000,2008-08-20 00:00:00.000000000,2008-08-20 00:00:00.000000000,1980-01-01 00:00:00.000000000,1910-01-01 00:00:00.000000000,2008-05-27 10:00:00.028800000,2007-12-07 04:09:22.406400000,84 days 13:59:59.971200000,84 days 13:59:59.971200000,0 days 00:00:00.000000000
2160,2008-08-03 00:00:00.000000000,2008-08-03 00:00:00.000000000,2008-08-03 00:00:00.000000000,1980-01-01 00:00:00.000000000,1910-01-01 00:00:00.000000000,2008-05-11 19:02:04.099200000,2007-11-21 13:11:26.476800000,83 days 04:57:55.900800000,83 days 04:57:55.900800000,0 days 00:00:00.000000000
2161,2008-08-03 00:00:00.000000000,2008-08-03 00:00:00.000000000,2008-08-03 00:00:00.000000000,1980-01-01 00:00:00.000000000,1910-01-01 00:00:00.000000000,2008-05-11 19:02:04.099200000,2007-11-21 13:11:26.476800000,83 days 04:57:55.900800000,83 days 04:57:55.900800000,0 days 00:00:00.000000000
2162,2008-07-25 00:00:00.000000000,2008-07-25 00:00:00.000000000,2008-07-25 00:00:00.000000000,1980-01-01 00:00:00.000000000,1910-01-01 00:00:00.000000000,2008-04-30 16:00:00.028800000,2007-11-10 10:09:22.406400000,85 days 07:59:59.971200000,85 days 07:59:59.971200000,0 days 00:00:00.000000000
2163,2008-06-19 00:00:00.000000000,2008-06-19 00:00:00.000000000,2008-06-19 00:00:00.000000000,1980-01-01 00:00:00.000000000,1910-01-01 00:00:00.000000000,2008-03-26 10:00:00.028800000,2007-10-06 04:09:22.406400000,84 days 13:59:59.971200000,84 days 13:59:59.971200000,0 days 00:00:00.000000000
2164,2008-06-16 00:00:00.000000000,2008-06-16 00:00:00.000000000,2008-06-16 00:00:00.000000000,1980-01-01 00:00:00.000000000,1910-01-01 00:00:00.000000000,2008-03-23 10:00:00.028800000,2007-10-03 04:09:22.406400000,84 days 13:59:59.971200000,84 days 13:59:59.971200000,0 days 00:00:00.000000000
2165,2008-03-21 00:00:00.000000000,2008-03-21 00:00:00.000000000,2008-03-21 00:00:00.000000000,1980-01-01 00:00:00.000000000,1910-01-01 00:00:00.000000000,2007-12-21 17:41:03.148800000,2007-07-02 11:50:25.526400000,90 days 06:18:56.851200000,90 days 06:18:56.851200000,0 days 00:00:00.000000000
2166,2008-03-21 00:00:00.000000000,2008-03-21 00:00:00.000000000,2008-03-21 00:00:00.000000000,1980-01-01 00:00:00.000000000,1910-01-01 00:00:00.000000000,2007-12-21 17:41:03.148800000,2007-07-02 11:50:25.526400000,90 days 06:18:56.851200000,90 days 06:18:56.851200000,0 days 00:00:00.000000000
2167,2008-03-21 00:00:00.000000000,2008-03-21 00:00:00.000000000,2008-03-21 00:00:00.000000000,1980-01-01 00:00:00.000000000,1910-01-01 00:00:00.000000000,2007-12-21 17:41:03.148800000,2007-07-02 11:50:25.526400000,90 days 06:18:56.851200000,90 days 06:18:56.851200000,0 days 00:00:00.000000000
2168,2008-07-22 00:00:00.000000000,2008-07-22 00:00:00.000000000,2008-07-22 00:00:00.000000000,1980-01-01 00:00:00.000000000,1910-01-01 00:00:00.000000000,2008-04-28 13:42:51.465600000,2007-11-08 07:52:13.843200000,84 days 10:17:08.534400000,84 days 10:17:08.534400000,0 days 00:00:00.000000000
2169,2008-03-19 00:00:00.000000000,2008-03-19 00:00:00.000000000,2008-03-19 00:00:00.000000000,1980-01-01 00:00:00.000000000,1910-01-01 00:00:00.000000000,2008-02-07 02:10:54.537600000,2007-08-18 20:20:16.915200000,40 days 21:49:05.462400000,40 days 21:49:05.462400000,0 days 00:00:00.000000000
2170,2008-04-21 00:00:00.000000000,2008-04-21 00:00:00.000000000,2008-04-21 00:00:00.000000000,1980-01-01 00:00:00.000000000,1910-01-01 00:00:00.000000000,2008-01-28 19:02:04.099200000,2007-08-09 13:11:26.476800000,83 days 04:57:55.900800000,83 days 04:57:55.900800000,0 days 00:00:00.000000000
2171,2008-03-28 00:00:00.000000000,2008-03-28 00:00:00.000000000,2008-03-28 00:00:00.000000000,1980-01-01 00:00:00.000000000,1910-01-01 00:00:00.000000000,2007-11-19 05:19:59.980800000,2007-05-30 23:29:22.358400000,129 days 18:40:00.019200000,129 days 18:40:00.019200000,0 days 00:00:00.000000000
2172,2008-08-07 00:00:00.000000000,2008-08-07 00:00:00.000000000,2008-08-07 00:00:00.000000000,1980-01-01 00:00:00.000000000,1910-01-01 00:00:00.000000000,2008-05-03 02:10:54.537600000,2007-11-12 20:20:16.915200000,95 days 21:49:05.462400000,95 days 21:49:05.462400000,0 days 00:00:00.000000000
2173,2008-04-10 00:00:00.000000000,2008-04-10 00:00:00.000000000,2008-04-10 00:00:00.000000000,1980-01-01 00:00:00.000000000,1910-01-01 00:00:00.000000000,2008-01-16 10:00:00.028800000,2007-07-28 04:09:22.406400000,84 days 13:59:59.971200000,84 days 13:59:59.971200000,0 days 00:00:00.000000000
2174,2008-06-23 00:00:00.000000000,2008-06-23 00:00:00.000000000,2008-06-23 00:00:00.000000000,1980-01-01 00:00:00.000000000,1910-01-01 00:00:00.000000000,2008-03-19 02:10:54.537600000,2007-09-28 20:20:16.915200000,95 days 21:49:05.462400000,95 days 21:49:05.462400000,0 days 00:00:00.000000000
2175,2008-03-25 00:00:00.000000000,2008-03-25 00:00:00.000000000,2008-03-25 00:00:00.000000000,1980-01-01 00:00:00.000000000,1910-01-01 00:00:00.000000000,2007-12-25 19:30:00.000000000,2007-07-06 13:39:22.377600000,90 days 04:30:00.000000000,90 days 04:30:00.000000000,0 days 00:00:00.000000000
2176,2008-03-25 00:00:00.000000000,2008-03-25 00:00:00.000000000,2008-03-25 00:00:00.000000000,1980-01-01 00:00:00.000000000,1910-01-01 00:00:00.000000000,2007-12-25 19:30:00.000000000,2007-07-06 13:39:22.377600000,90 days 04:30:00.000000000,90 days 04:30:00.000000000,0 days 00:00:00.000000000
2177,2008-03-25 00:00:00.000000000,2008-03-25 00:00:00.000000000,2008-03-25 00:00:00.000000000,1980-01-01 00:00:00.000000000,1910-01-01 00:00:00.000000000,2007-12-25 19:30:00.000000000,2007-07-06 13:39:22.377600000,90 days 04:30:00.000000000,90 days 04:30:00.000000000,0 days 00:00:00.000000000
2178,2008-03-31 00:00:00.000000000,2008-03-31 00:00:00.000000000,2008-03-31 00:00:00.000000000,1980-01-01 00:00:00.000000000,1910-01-01 00:00:00.000000000,2008-01-10 05:37:49.785600000,2007-07-21 23:47:12.163200000,80 days 18:22:10.214400000,80 days 18:22:10.214400000,0 days 00:00:00.000000000
2179,2008-05-09 00:00:00.000000000,2008-05-09 00:00:00.000000000,2008-05-09 00:00:00.000000000,1980-01-01 00:00:00.000000000,1910-01-01 00:00:00.000000000,2008-02-15 19:02:04.099200000,2007-08-27 13:11:26.476800000,83 days 04:57:55.900800000,83 days 04:57:55.900800000,0 days 00:00:00.000000000
2180,2008-04-21 00:00:00.000000000,2008-04-21 00:00:00.000000000,2008-04-21 00:00:00.000000000,1980-01-01 00:00:00.000000000,1910-01-01 00:00:00.000000000,2008-02-25 16:21:49.075200000,2007-09-06 10:31:11.452800000,55 days 07:38:10.924800000,55 days 07:38:10.924800000,0 days 00:00:00.000000000
2181,2008-04-17 00:00:00.000000000,2008-04-17 00:00:00.000000000,2008-04-17 00:00:00.000000000,1980-01-01 00:00:00.000000000,1910-01-01 00:00:00.000000000,2008-03-07 02:10:54.537600000,2007-09-16 20:20:16.915200000,40 days 21:49:05.462400000,40 days 21:49:05.462400000,0 days 00:00:00.000000000
2182,2008-03-11 00:00:00.000000000,2008-03-11 00:00:00.000000000,2008-03-11 00:00:00.000000000,1980-01-01 00:00:00.000000000,1910-01-01 00:00:00.000000000,2008-01-30 02:10:54.537600000,2007-08-10 20:20:16.915200000,40 days 21:49:05.462400000,40 days 21:49:05.462400000,0 days 00:00:00.000000000
2183,2008-05-26 00:00:00.000000000,2008-05-26 00:00:00.000000000,2008-05-26 00:00:00.000000000,1980-01-01 00:00:00.000000000,1910-01-01 00:00:00.000000000,2008-03-06 05:37:49.785600000,2007-09-15 23:47:12.163200000,80 days 18:22:10.214400000,80 days 18:22:10.214400000,0 days 00:00:00.000000000
2184,2008-08-21 00:00:00.000000000,2008-08-21 00:00:00.000000000,2008-08-21 00:00:00.000000000,1980-01-01 00:00:00.000000000,1910-01-01 00:00:00.000000000,2008-05-28 13:42:51.465600000,2007-12-08 07:52:13.843200000,84 days 10:17:08.534400000,84 days 10:17:08.534400000,0 days 00:00:00.000000000
2185,2009-03-31 00:00:00.000000000,2009-03-31 00:00:00.000000000,2009-03-31 00:00:00.000000000,1980-01-01 00:00:00.000000000,1910-01-01 00:00:00.000000000,2009-01-13 23:06:40.003200000,2008-07-25 17:16:02.380800000,76 days 00:53:19.996800000,76 days 00:53:19.996800000,0 days 00:00:00.000000000
2186,2008-11-19 00:00:00.000000000,2008-11-19 00:00:00.000000000,2008-11-19 00:00:00.000000000,1980-01-01 00:00:00.000000000,1910-01-01 00:00:00.000000000,2008-06-14 09:36:00.000000000,2007-12-25 03:45:22.377600000,157 days 14:24:00.000000000,157 days 14:24:00.000000000,0 days 00:00:00.000000000
2187,2009-01-05 00:00:00.000000000,2009-01-05 00:00:00.000000000,2009-01-05 00:00:00.000000000,1980-01-01 00:00:00.000000000,1910-01-01 00:00:00.000000000,2008-09-16 04:55:23.059200000,2008-03-27 23:04:45.436800000,110 days 19:04:36.940800000,110 days 19:04:36.940800000,0 days 00:00:00.000000000
2188,2009-02-10 00:00:00.000000000,2009-02-10 00:00:00.000000000,2009-02-10 00:00:00.000000000,1980-01-01 00:00:00.000000000,1910-01-01 00:00:00.000000000,2008-10-22 04:55:23.059200000,2008-05-02 23:04:45.436800000,110 days 19:04:36.940800000,110 days 19:04:36.940800000,0 days 00:00:00.000000000
2189,2009-01-19 00:00:00.000000000,2009-01-19 00:00:00.000000000,2009-01-19 00:00:00.000000000,1980-01-01 00:00:00.000000000,1910-01-01 00:00:00.000000000,2008-09-30 04:55:23.059200000,2008-04-10 23:04:45.436800000,110 days 19:04:36.940800000,110 days 19:04:36.940800000,0 days 00:00:00.000000000
2190,2009-04-02 00:00:00.000000000,2009-04-02 00:00:00.000000000,2009-04-02 00:00:00.000000000,1980-01-01 00:00:00.000000000,1910-01-01 00:00:00.000000000,2009-02-10 07:12:00.000000000,2008-08-22 01:21:22.377600000,50 days 16:48:00.000000000,50 days 16:48:00.000000000,0 days 00:00:00.000000000
2191,2008-10-21 00:00:00.000000000,2008-10-21 00:00:00.000000000,2008-10-21 00:00:00.000000000,1980-01-01 00:00:00.000000000,1910-01-01 00:00:00.000000000,2008-08-01 05:37:49.785600000,2008-02-10 23:47:12.163200000,80 days 18:22:10.214400000,80 days 18:22:10.214400000,0 days 00:00:00.000000000
2192,2009-03-03 00:00:00.000000000,2009-03-03 00:00:00.000000000,2009-03-03 00:00:00.000000000,1980-01-01 00:00:00.000000000,1910-01-01 00:00:00.000000000,2009-01-11 07:12:00.000000000,2008-07-23 01:21:22.377600000,50 days 16:48:00.000000000,50 days 16:48:00.000000000,0 days 00:00:00.000000000
2193,2009-03-03 00:00:00.000000000,2009-03-03 00:00:00.000000000,2009-03-03 00:00:00.000000000,1980-01-01 00:00:00.000000000,1910-01-01 00:00:00.000000000,2009-01-11 07:12:00.000000000,2008-07-23 01:21:22.377600000,50 days 16:48:00.000000000,50 days 16:48:00.000000000,0 days 00:00:00.000000000
2194,2008-08-18 00:00:00.000000000,2008-08-18 00:00:00.000000000,2008-08-18 00:00:00.000000000,1980-01-01 00:00:00.000000000,1910-01-01 00:00:00.000000000,2008-05-26 19:02:04.099200000,2007-12-06 13:11:26.476800000,83 days 04:57:55.900800000,83 days 04:57:55.900800000,0 days 00:00:00.000000000
2195,2008-09-28 00:00:00.000000000,2008-09-28 00:00:00.000000000,2008-09-28 00:00:00.000000000,1980-01-01 00:00:00.000000000,1910-01-01 00:00:00.000000000,2008-07-06 19:02:04.099200000,2008-01-16 13:11:26.476800000,83 days 04:57:55.900800000,83 days 04:57:55.900800000,0 days 00:00:00.000000000
2196,2008-08-27 00:00:00.000000000,2008-08-27 00:00:00.000000000,2008-08-27 00:00:00.000000000,1980-01-01 00:00:00.000000000,1910-01-01 00:00:00.000000000,2008-06-03 10:00:00.028800000,2007-12-14 04:09:22.406400000,84 days 13:59:59.971200000,84 days 13:59:59.971200000,0 days 00:00:00.000000000
2197,2008-09-28 00:00:00.000000000,2008-09-28 00:00:00.000000000,2008-09-28 00:00:00.000000000,1980-01-01 00:00:00.000000000,1910-01-01 00:00:00.000000000,2008-07-06 19:02:04.099200000,2008-01-16 13:11:26.476800000,83 days 04:57:55.900800000,83 days 04:57:55.900800000,0 days 00:00:00.000000000
2198,2009-02-21 00:00:00.000000000,2009-02-21 00:00:00.000000000,2009-02-21 00:00:00.000000000,1980-01-01 00:00:00.000000000,1910-01-01 00:00:00.000000000,2008-10-28 09:13:50.736000000,2008-05-09 03:23:13.113600000,115 days 14:46:09.264000000,115 days 14:46:09.264000000,0 days 00:00:00.000000000
2199,2009-02-21 00:00:00.000000000,2009-02-21 00:00:00.000000000,2009-02-21 00:00:00.000000000,1980-01-01 00:00:00.000000000,1910-01-01 00:00:00.000000000,2008-10-28 09:13:50.736000000,2008-05-09 03:23:13.113600000,115 days 14:46:09.264000000,115 days 14:46:09.264000000,0 days 00:00:00.000000000
2200,2009-02-16 00:00:00.000000000,2009-02-16 00:00:00.000000000,2009-02-16 00:00:00.000000000,1980-01-01 00:00:00.000000000,1910-01-01 00:00:00.000000000,2008-10-12 14:24:00.000000000,2008-04-23 08:33:22.377600000,126 days 09:36:00.000000000,126 days 09:36:00.000000000,0 days 00:00:00.000000000
2201,2008-08-20 00:00:00.000000000,2008-08-20 00:00:00.000000000,2008-08-20 00:00:00.000000000,1980-01-01 00:00:00.000000000,1910-01-01 00:00:00.000000000,2008-05-27 10:00:00.028800000,2007-12-07 04:09:22.406400000,84 days 13:59:59.971200000,84 days 13:59:59.971200000,0 days 00:00:00.000000000
2202,2008-08-20 00:00:00.000000000,2008-08-20 00:00:00.000000000,2008-08-20 00:00:00.000000000,1980-01-01 00:00:00.000000000,1910-01-01 00:00:00.000000000,2008-05-27 10:00:00.028800000,2007-12-07 04:09:22.406400000,84 days 13:59:59.971200000,84 days 13:59:59.971200000,0 days 00:00:00.000000000
2203,2008-09-05 00:00:00.000000000,2008-09-05 00:00:00.000000000,2008-09-05 00:00:00.000000000,1980-01-01 00:00:00.000000000,1910-01-01 00:00:00.000000000,2008-06-01 02:10:54.537600000,2007-12-11 20:20:16.915200000,95 days 21:49:05.462400000,95 days 21:49:05.462400000,0 days 00:00:00.000000000
2204,2008-09-10 00:00:00.000000000,2008-09-10 00:00:00.000000000,2008-09-10 00:00:00.000000000,1980-01-01 00:00:00.000000000,1910-01-01 00:00:00.000000000,2008-06-18 19:02:04.099200000,2007-12-29 13:11:26.476800000,83 days 04:57:55.900800000,83 days 04:57:55.900800000,0 days 00:00:00.000000000
2205,2009-02-03 00:00:00.000000000,2009-02-03 00:00:00.000000000,2009-02-03 00:00:00.000000000,1980-01-01 00:00:00.000000000,1910-01-01 00:00:00.000000000,2008-11-13 13:05:27.312000000,2008-05-25 07:14:49.689600000,81 days 10:54:32.688000000,81 days 10:54:32.688000000,0 days 00:00:00.000000000
2206,2009-03-09 00:00:00.000000000,2009-03-09 00:00:00.000000000,2009-03-09 00:00:00.000000000,1980-01-01 00:00:00.000000000,1910-01-01 00:00:00.000000000,2008-11-19 01:32:54.182400000,2008-05-30 19:42:16.560000000,109 days 22:27:05.817600000,109 days 22:27:05.817600000,0 days 00:00:00.000000000
2207,2009-02-27 00:00:00.000000000,2009-02-27 00:00:00.000000000,2009-02-27 00:00:00.000000000,1980-01-01 00:00:00.000000000,1910-01-01 00:00:00.000000000,2008-11-08 04:55:23.059200000,2008-05-19 23:04:45.436800000,110 days 19:04:36.940800000,110 days 19:04:36.940800000,0 days 00:00:00.000000000
2208,2009-02-03 00:00:00.000000000,2009-02-03 00:00:00.000000000,2009-02-03 00:00:00.000000000,1980-01-01 00:00:00.000000000,1910-01-01 00:00:00.000000000,2008-10-17 14:36:31.334400000,2008-04-28 08:45:53.712000000,108 days 09:23:28.665600000,108 days 09:23:28.665600000,0 days 00:00:00.000000000
2209,2008-08-08 00:00:00.000000000,2008-08-08 00:00:00.000000000,2008-08-08 00:00:00.000000000,1980-01-01 00:00:00.000000000,1910-01-01 00:00:00.000000000,2008-05-19 05:37:49.785600000,2007-11-28 23:47:12.163200000,80 days 18:22:10.214400000,80 days 18:22:10.214400000,0 days 00:00:00.000000000
2210,2009-02-16 00:00:00.000000000,2009-01-19 00:00:00.000000000,2009-01-19 00:00:00.000000000,1980-01-01 00:00:00.000000000,1910-01-01 00:00:00.000000000,2008-10-30 14:36:31.334400000,2008-05-11 08:45:53.712000000,108 days 09:23:28.665600000,80 days 09:23:28.665600000,-28 days +00:00:00.000000000
2211,2008-09-24 00:00:00.000000000,2008-09-24 00:00:00.000000000,2008-09-24 00:00:00.000000000,1980-01-01 00:00:00.000000000,1910-01-01 00:00:00.000000000,2008-07-02 19:02:04.099200000,2008-01-12 13:11:26.476800000,83 days 04:57:55.900800000,83 days 04:57:55.900800000,0 days 00:00:00.000000000
2212,2008-11-04 00:00:00.000000000,2008-11-04 00:00:00.000000000,2008-11-04 00:00:00.000000000,1980-01-01 00:00:00.000000000,1910-01-01 00:00:00.000000000,2008-08-05 17:41:03.148800000,2008-02-15 11:50:25.526400000,90 days 06:18:56.851200000,90 days 06:18:56.851200000,0 days 00:00:00.000000000
2213,2009-02-16 00:00:00.000000000,2009-02-16 00:00:00.000000000,2009-02-16 00:00:00.000000000,1980-01-01 00:00:00.000000000,1910-01-01 00:00:00.000000000,2008-10-29 21:36:00.000000000,2008-05-10 15:45:22.377600000,109 days 02:24:00.000000000,109 days 02:24:00.000000000,0 days 00:00:00.000000000
2214,2008-07-24 00:00:00.000000000,2008-07-24 00:00:00.000000000,2008-07-24 00:00:00.000000000,1980-01-01 00:00:00.000000000,1910-01-01 00:00:00.000000000,2008-05-01 19:02:04.099200000,2007-11-11 13:11:26.476800000,83 days 04:57:55.900800000,83 days 04:57:55.900800000,0 days 00:00:00.000000000
2215,2008-07-24 00:00:00.000000000,2008-07-24 00:00:00.000000000,2008-07-24 00:00:00.000000000,1980-01-01 00:00:00.000000000,1910-01-01 00:00:00.000000000,2008-05-01 19:02:04.099200000,2007-11-11 13:11:26.476800000,83 days 04:57:55.900800000,83 days 04:57:55.900800000,0 days 00:00:00.000000000
2216,2009-05-08 00:00:00.000000000,2009-05-08 00:00:00.000000000,2009-05-08 00:00:00.000000000,1980-01-01 00:00:00.000000000,1910-01-01 00:00:00.000000000,2009-01-19 14:36:31.334400000,2008-07-31 08:45:53.712000000,108 days 09:23:28.665600000,108 days 09:23:28.665600000,0 days 00:00:00.000000000
2217,2009-01-06 00:00:00.000000000,2009-01-06 00:00:00.000000000,2009-01-06 00:00:00.000000000,1980-01-01 00:00:00.000000000,1910-01-01 00:00:00.000000000,2008-11-16 07:12:00.000000000,2008-05-28 01:21:22.377600000,50 days 16:48:00.000000000,50 days 16:48:00.000000000,0 days 00:00:00.000000000
2218,2009-01-06 00:00:00.000000000,2009-01-06 00:00:00.000000000,2009-01-06 00:00:00.000000000,1980-01-01 00:00:00.000000000,1910-01-01 00:00:00.000000000,2008-11-16 07:12:00.000000000,2008-05-28 01:21:22.377600000,50 days 16:48:00.000000000,50 days 16:48:00.000000000,0 days 00:00:00.000000000
2219,2008-08-29 00:00:00.000000000,2008-08-29 00:00:00.000000000,2008-08-29 00:00:00.000000000,1980-01-01 00:00:00.000000000,1910-01-01 00:00:00.000000000,2008-04-21 05:19:59.980800000,2007-10-31 23:29:22.358400000,129 days 18:40:00.019200000,129 days 18:40:00.019200000,0 days 00:00:00.000000000
2220,2009-02-18 00:00:00.000000000,2009-02-18 00:00:00.000000000,2009-02-18 00:00:00.000000000,1980-01-01 00:00:00.000000000,1910-01-01 00:00:00.000000000,2008-11-28 13:05:27.312000000,2008-06-09 07:14:49.689600000,81 days 10:54:32.688000000,81 days 10:54:32.688000000,0 days 00:00:00.000000000
2221,2009-03-04 00:00:00.000000000,2009-03-04 00:00:00.000000000,2009-03-04 00:00:00.000000000,1980-01-01 00:00:00.000000000,1910-01-01 00:00:00.000000000,2008-12-12 13:05:27.312000000,2008-06-23 07:14:49.689600000,81 days 10:54:32.688000000,81 days 10:54:32.688000000,0 days 00:00:00.000000000
2222,2008-10-30 00:00:00.000000000,2008-10-30 00:00:00.000000000,2008-10-30 00:00:00.000000000,1980-01-01 00:00:00.000000000,1910-01-01 00:00:00.000000000,2008-08-07 19:02:04.099200000,2008-02-17 13:11:26.476800000,83 days 04:57:55.900800000,83 days 04:57:55.900800000,0 days 00:00:00.000000000
2223,2008-10-30 00:00:00.000000000,2008-10-30 00:00:00.000000000,2008-10-30 00:00:00.000000000,1980-01-01 00:00:00.000000000,1910-01-01 00:00:00.000000000,2008-08-07 19:02:04.099200000,2008-02-17 13:11:26.476800000,83 days 04:57:55.900800000,83 days 04:57:55.900800000,0 days 00:00:00.000000000
2224,2008-10-31 00:00:00.000000000,2008-10-31 00:00:00.000000000,2008-10-31 00:00:00.000000000,1980-01-01 00:00:00.000000000,1910-01-01 00:00:00.000000000,2008-08-08 19:02:04.099200000,2008-02-18 13:11:26.476800000,83 days 04:57:55.900800000,83 days 04:57:55.900800000,0 days 00:00:00.000000000
2225,2009-02-16 00:00:00.000000000,2009-02-16 00:00:00.000000000,2009-02-16 00:00:00.000000000,1980-01-01 00:00:00.000000000,1910-01-01 00:00:00.000000000,2008-10-30 14:36:31.334400000,2008-05-11 08:45:53.712000000,108 days 09:23:28.665600000,108 days 09:23:28.665600000,0 days 00:00:00.000000000
2226,2009-03-19 00:00:00.000000000,2009-03-19 00:00:00.000000000,2009-03-19 00:00:00.000000000,1980-01-01 00:00:00.000000000,1910-01-01 00:00:00.000000000,2008-11-30 14:36:31.334400000,2008-06-11 08:45:53.712000000,108 days 09:23:28.665600000,108 days 09:23:28.665600000,0 days 00:00:00.000000000
2227,2009-03-24 00:00:00.000000000,2009-03-24 00:00:00.000000000,2009-03-24 00:00:00.000000000,1980-01-01 00:00:00.000000000,1910-01-01 00:00:00.000000000,2008-12-05 14:36:31.334400000,2008-06-16 08:45:53.712000000,108 days 09:23:28.665600000,108 days 09:23:28.665600000,0 days 00:00:00.000000000
2228,2009-03-19 00:00:00.000000000,2009-03-19 00:00:00.000000000,2009-03-19 00:00:00.000000000,1980-01-01 00:00:00.000000000,1910-01-01 00:00:00.000000000,2008-11-30 14:36:31.334400000,2008-06-11 08:45:53.712000000,108 days 09:23:28.665600000,108 days 09:23:28.665600000,0 days 00:00:00.000000000
2229,2009-03-19 00:00:00.000000000,2009-03-19 00:00:00.000000000,2009-03-19 00:00:00.000000000,1980-01-01 00:00:00.000000000,1910-01-01 00:00:00.000000000,2008-11-30 14:36:31.334400000,2008-06-11 08:45:53.712000000,108 days 09:23:28.665600000,108 days 09:23:28.665600000,0 days 00:00:00.000000000
2230,2009-02-18 00:00:00.000000000,2009-02-18 00:00:00.000000000,2009-02-18 00:00:00.000000000,1980-01-01 00:00:00.000000000,1910-01-01 00:00:00.000000000,2008-11-28 13:05:27.312000000,2008-06-09 07:14:49.689600000,81 days 10:54:32.688000000,81 days 10:54:32.688000000,0 days 00:00:00.000000000
2231,2008-11-14 00:00:00.000000000,2008-11-14 00:00:00.000000000,2008-11-14 00:00:00.000000000,1980-01-01 00:00:00.000000000,1910-01-01 00:00:00.000000000,2008-08-10 02:10:54.537600000,2008-02-19 20:20:16.915200000,95 days 21:49:05.462400000,95 days 21:49:05.462400000,0 days 00:00:00.000000000
2232,2009-03-23 00:00:00.000000000,2009-03-23 00:00:00.000000000,2009-03-23 00:00:00.000000000,1980-01-01 00:00:00.000000000,1910-01-01 00:00:00.000000000,2008-12-02 04:55:23.059200000,2008-06-12 23:04:45.436800000,110 days 19:04:36.940800000,110 days 19:04:36.940800000,0 days 00:00:00.000000000
2233,2009-05-08 00:00:00.000000000,2009-05-08 00:00:00.000000000,2009-05-08 00:00:00.000000000,1980-01-01 00:00:00.000000000,1910-01-01 00:00:00.000000000,2009-01-19 14:36:31.334400000,2008-07-31 08:45:53.712000000,108 days 09:23:28.665600000,108 days 09:23:28.665600000,0 days 00:00:00.000000000
2234,2009-05-15 00:00:00.000000000,2009-05-15 00:00:00.000000000,2009-05-15 00:00:00.000000000,1980-01-01 00:00:00.000000000,1910-01-01 00:00:00.000000000,2009-01-19 09:13:50.736000000,2008-07-31 03:23:13.113600000,115 days 14:46:09.264000000,115 days 14:46:09.264000000,0 days 00:00:00.000000000
2235,2009-05-11 00:00:00.000000000,2009-05-11 00:00:00.000000000,2009-05-11 00:00:00.000000000,1980-01-01 00:00:00.000000000,1910-01-01 00:00:00.000000000,2009-01-21 01:32:54.182400000,2008-08-01 19:42:16.560000000,109 days 22:27:05.817600000,109 days 22:27:05.817600000,0 days 00:00:00.000000000
2236,2009-05-12 00:00:00.000000000,2009-05-12 00:00:00.000000000,2009-05-12 00:00:00.000000000,1980-01-01 00:00:00.000000000,1910-01-01 00:00:00.000000000,2009-01-05 14:24:00.000000000,2008-07-17 08:33:22.377600000,126 days 09:36:00.000000000,126 days 09:36:00.000000000,0 days 00:00:00.000000000
2237,2009-06-28 00:00:00.000000000,2009-06-28 00:00:00.000000000,2009-06-28 00:00:00.000000000,1980-01-01 00:00:00.000000000,1910-01-01 00:00:00.000000000,2009-03-04 09:13:50.736000000,2008-09-13 03:23:13.113600000,115 days 14:46:09.264000000,115 days 14:46:09.264000000,0 days 00:00:00.000000000
2238,2009-05-08 00:00:00.000000000,2009-05-08 00:00:00.000000000,2009-05-08 00:00:00.000000000,1980-01-01 00:00:00.000000000,1910-01-01 00:00:00.000000000,2009-01-19 14:36:31.334400000,2008-07-31 08:45:53.712000000,108 days 09:23:28.665600000,108 days 09:23:28.665600000,0 days 00:00:00.000000000
2239,2009-05-22 00:00:00.000000000,2009-05-22 00:00:00.000000000,2009-05-22 00:00:00.000000000,1980-01-01 00:00:00.000000000,1910-01-01 00:00:00.000000000,2009-03-06 23:06:40.003200000,2008-09-15 17:16:02.380800000,76 days 00:53:19.996800000,76 days 00:53:19.996800000,0 days 00:00:00.000000000
2240,2009-05-22 00:00:00.000000000,2009-05-22 00:00:00.000000000,2009-05-22 00:00:00.000000000,1980-01-01 00:00:00.000000000,1910-01-01 00:00:00.000000000,2009-03-06 23:06:40.003200000,2008-09-15 17:16:02.380800000,76 days 00:53:19.996800000,76 days 00:53:19.996800000,0 days 00:00:00.000000000
2241,2009-05-22 00:00:00.000000000,2009-05-22 00:00:00.000000000,2009-05-22 00:00:00.000000000,1980-01-01 00:00:00.000000000,1910-01-01 00:00:00.000000000,2009-04-01 07:12:00.000000000,2008-10-11 01:21:22.377600000,50 days 16:48:00.000000000,50 days 16:48:00.000000000,0 days 00:00:00.000000000
2242,2009-06-08 00:00:00.000000000,2009-06-08 00:00:00.000000000,2009-06-08 00:00:00.000000000,1980-01-01 00:00:00.000000000,1910-01-01 00:00:00.000000000,2009-02-18 21:36:00.000000000,2008-08-30 15:45:22.377600000,109 days 02:24:00.000000000,109 days 02:24:00.000000000,0 days 00:00:00.000000000
2243,2009-06-11 00:00:00.000000000,2009-06-11 00:00:00.000000000,2009-06-11 00:00:00.000000000,1980-01-01 00:00:00.000000000,1910-01-01 00:00:00.000000000,2009-02-20 04:55:23.059200000,2008-08-31 23:04:45.436800000,110 days 19:04:36.940800000,110 days 19:04:36.940800000,0 days 00:00:00.000000000
2244,2009-06-11 00:00:00.000000000,2009-06-11 00:00:00.000000000,2009-06-11 00:00:00.000000000,1980-01-01 00:00:00.000000000,1910-01-01 00:00:00.000000000,2009-02-20 04:55:23.059200000,2008-08-31 23:04:45.436800000,110 days 19:04:36.940800000,110 days 19:04:36.940800000,0 days 00:00:00.000000000
2245,2009-06-16 00:00:00.000000000,2009-06-16 00:00:00.000000000,2009-06-16 00:00:00.000000000,1980-01-01 00:00:00.000000000,1910-01-01 00:00:00.000000000,2009-02-27 14:36:31.334400000,2008-09-08 08:45:53.712000000,108 days 09:23:28.665600000,108 days 09:23:28.665600000,0 days 00:00:00.000000000
2246,2009-06-05 00:00:00.000000000,2009-06-05 00:00:00.000000000,2009-06-05 00:00:00.000000000,1980-01-01 00:00:00.000000000,1910-01-01 00:00:00.000000000,2009-02-16 14:36:31.334400000,2008-08-28 08:45:53.712000000,108 days 09:23:28.665600000,108 days 09:23:28.665600000,0 days 00:00:00.000000000
2247,2009-06-16 00:00:00.000000000,2009-06-16 00:00:00.000000000,2009-06-16 00:00:00.000000000,1980-01-01 00:00:00.000000000,1910-01-01 00:00:00.000000000,2009-02-27 14:36:31.334400000,2008-09-08 08:45:53.712000000,108 days 09:23:28.665600000,108 days 09:23:28.665600000,0 days 00:00:00.000000000
2248,2009-05-28 00:00:00.000000000,2009-05-28 00:00:00.000000000,2009-05-28 00:00:00.000000000,1980-01-01 00:00:00.000000000,1910-01-01 00:00:00.000000000,2009-03-20 06:00:00.000000000,2008-09-29 00:09:22.377600000,68 days 18:00:00.000000000,68 days 18:00:00.000000000,0 days 00:00:00.000000000
2249,2009-06-18 00:00:00.000000000,2009-06-18 00:00:00.000000000,2009-06-18 00:00:00.000000000,1980-01-01 00:00:00.000000000,1910-01-01 00:00:00.000000000,2009-04-02 23:06:40.003200000,2008-10-12 17:16:02.380800000,76 days 00:53:19.996800000,76 days 00:53:19.996800000,0 days 00:00:00.000000000
2250,2009-06-16 00:00:00.000000000,2009-06-16 00:00:00.000000000,2009-06-16 00:00:00.000000000,1980-01-01 00:00:00.000000000,1910-01-01 00:00:00.000000000,2009-02-27 14:36:31.334400000,2008-09-08 08:45:53.712000000,108 days 09:23:28.665600000,108 days 09:23:28.665600000,0 days 00:00:00.000000000
2251,2009-06-29 00:00:00.000000000,2009-06-29 00:00:00.000000000,2009-06-29 00:00:00.000000000,1980-01-01 00:00:00.000000000,1910-01-01 00:00:00.000000000,2009-05-09 07:12:00.000000000,2008-11-18 01:21:22.377600000,50 days 16:48:00.000000000,50 days 16:48:00.000000000,0 days 00:00:00.000000000
2252,2009-06-16 00:00:00.000000000,2009-06-16 00:00:00.000000000,2009-06-16 00:00:00.000000000,1980-01-01 00:00:00.000000000,1910-01-01 00:00:00.000000000,2009-02-27 14:36:31.334400000,2008-09-08 08:45:53.712000000,108 days 09:23:28.665600000,108 days 09:23:28.665600000,0 days 00:00:00.000000000
2253,2009-09-29 00:00:00.000000000,2009-09-29 00:00:00.000000000,2009-09-29 00:00:00.000000000,1970-01-01 00:00:00.000000000,1910-01-01 00:00:00.000000000,2009-06-11 21:36:00.000000000,2008-12-21 15:45:22.377600000,109 days 02:24:00.000000000,109 days 02:24:00.000000000,0 days 00:00:00.000000000
2254,2009-08-27 00:00:00.000000000,2009-08-27 00:00:00.000000000,2009-08-27 00:00:00.000000000,1970-01-01 00:00:00.000000000,1910-01-01 00:00:00.000000000,2009-05-03 09:13:50.736000000,2008-11-12 03:23:13.113600000,115 days 14:46:09.264000000,115 days 14:46:09.264000000,0 days 00:00:00.000000000
2255,2009-08-04 00:00:00.000000000,2009-08-04 00:00:00.000000000,2009-08-04 00:00:00.000000000,1970-01-01 00:00:00.000000000,1910-01-01 00:00:00.000000000,2009-04-17 14:36:31.334400000,2008-10-27 08:45:53.712000000,108 days 09:23:28.665600000,108 days 09:23:28.665600000,0 days 00:00:00.000000000
2256,2009-08-04 00:00:00.000000000,2009-08-04 00:00:00.000000000,2009-08-04 00:00:00.000000000,1970-01-01 00:00:00.000000000,1910-01-01 00:00:00.000000000,2009-04-17 14:36:31.334400000,2008-10-27 08:45:53.712000000,108 days 09:23:28.665600000,108 days 09:23:28.665600000,0 days 00:00:00.000000000
2257,2009-08-11 00:00:00.000000000,2009-08-11 00:00:00.000000000,2009-08-11 00:00:00.000000000,1970-01-01 00:00:00.000000000,1910-01-01 00:00:00.000000000,2009-04-22 04:55:23.059200000,2008-10-31 23:04:45.436800000,110 days 19:04:36.940800000,110 days 19:04:36.940800000,0 days 00:00:00.000000000
2258,2009-08-04 00:00:00.000000000,2009-08-04 00:00:00.000000000,2009-08-04 00:00:00.000000000,1970-01-01 00:00:00.000000000,1910-01-01 00:00:00.000000000,2009-04-17 14:36:31.334400000,2008-10-27 08:45:53.712000000,108 days 09:23:28.665600000,108 days 09:23:28.665600000,0 days 00:00:00.000000000
2259,2009-07-31 00:00:00.000000000,2009-07-31 00:00:00.000000000,2009-07-31 00:00:00.000000000,1970-01-01 00:00:00.000000000,1910-01-01 00:00:00.000000000,2009-05-15 23:06:40.003200000,2008-11-24 17:16:02.380800000,76 days 00:53:19.996800000,76 days 00:53:19.996800000,0 days 00:00:00.000000000
2260,2009-09-17 00:00:00.000000000,2009-09-17 00:00:00.000000000,2009-09-17 00:00:00.000000000,1970-01-01 00:00:00.000000000,1910-01-01 00:00:00.000000000,2009-05-24 09:13:50.736000000,2008-12-03 03:23:13.113600000,115 days 14:46:09.264000000,115 days 14:46:09.264000000,0 days 00:00:00.000000000
2261,2009-07-31 00:00:00.000000000,2009-07-31 00:00:00.000000000,2009-07-31 00:00:00.000000000,1970-01-01 00:00:00.000000000,1910-01-01 00:00:00.000000000,2009-04-26 07:38:10.924800000,2008-11-05 01:47:33.302400000,95 days 16:21:49.075200000,95 days 16:21:49.075200000,0 days 00:00:00.000000000
2262,2009-08-24 00:00:00.000000000,2009-08-24 00:00:00.000000000,2009-08-24 00:00:00.000000000,1970-01-01 00:00:00.000000000,1910-01-01 00:00:00.000000000,2009-07-04 07:12:00.000000000,2009-01-13 01:21:22.377600000,50 days 16:48:00.000000000,50 days 16:48:00.000000000,0 days 00:00:00.000000000
2263,2009-08-28 00:00:00.000000000,2009-08-28 00:00:00.000000000,2009-08-28 00:00:00.000000000,1970-01-01 00:00:00.000000000,1910-01-01 00:00:00.000000000,2009-07-08 07:12:00.000000000,2009-01-17 01:21:22.377600000,50 days 16:48:00.000000000,50 days 16:48:00.000000000,0 days 00:00:00.000000000
2264,2009-08-28 00:00:00.000000000,2009-08-28 00:00:00.000000000,2009-08-28 00:00:00.000000000,1970-01-01 00:00:00.000000000,1910-01-01 00:00:00.000000000,2009-07-08 07:12:00.000000000,2009-01-17 01:21:22.377600000,50 days 16:48:00.000000000,50 days 16:48:00.000000000,0 days 00:00:00.000000000
2265,2009-09-08 00:00:00.000000000,2009-09-08 00:00:00.000000000,2009-09-08 00:00:00.000000000,1970-01-01 00:00:00.000000000,1910-01-01 00:00:00.000000000,2009-05-20 04:55:23.059200000,2008-11-28 23:04:45.436800000,110 days 19:04:36.940800000,110 days 19:04:36.940800000,0 days 00:00:00.000000000
2266,2009-09-22 00:00:00.000000000,2009-09-22 00:00:00.000000000,2009-09-22 00:00:00.000000000,1970-01-01 00:00:00.000000000,1910-01-01 00:00:00.000000000,2009-06-04 21:36:00.000000000,2008-12-14 15:45:22.377600000,109 days 02:24:00.000000000,109 days 02:24:00.000000000,0 days 00:00:00.000000000
2267,2009-09-22 00:00:00.000000000,2009-09-22 00:00:00.000000000,2009-09-22 00:00:00.000000000,1970-01-01 00:00:00.000000000,1910-01-01 00:00:00.000000000,2009-06-04 21:36:00.000000000,2008-12-14 15:45:22.377600000,109 days 02:24:00.000000000,109 days 02:24:00.000000000,0 days 00:00:00.000000000
2268,2009-09-22 00:00:00.000000000,2009-09-22 00:00:00.000000000,2009-09-22 00:00:00.000000000,1970-01-01 00:00:00.000000000,1910-01-01 00:00:00.000000000,2009-05-18 14:24:00.000000000,2008-11-27 08:33:22.377600000,126 days 09:36:00.000000000,126 days 09:36:00.000000000,0 days 00:00:00.000000000
2269,2009-10-19 00:00:00.000000000,2009-10-19 00:00:00.000000000,2009-10-19 00:00:00.000000000,1970-01-01 00:00:00.000000000,1910-01-01 00:00:00.000000000,2009-07-01 21:36:00.000000000,2009-01-10 15:45:22.377600000,109 days 02:24:00.000000000,109 days 02:24:00.000000000,0 days 00:00:00.000000000
2270,2009-09-21 00:00:00.000000000,2009-09-21 00:00:00.000000000,2009-09-21 00:00:00.000000000,1970-01-01 00:00:00.000000000,1910-01-01 00:00:00.000000000,2009-06-02 04:55:23.059200000,2008-12-11 23:04:45.436800000,110 days 19:04:36.940800000,110 days 19:04:36.940800000,0 days 00:00:00.000000000
2271,2009-09-25 00:00:00.000000000,2009-09-25 00:00:00.000000000,2009-09-25 00:00:00.000000000,1970-01-01 00:00:00.000000000,1910-01-01 00:00:00.000000000,2009-06-07 01:32:54.182400000,2008-12-16 19:42:16.560000000,109 days 22:27:05.817600000,109 days 22:27:05.817600000,0 days 00:00:00.000000000
2272,2009-10-02 00:00:00.000000000,2009-10-02 00:00:00.000000000,2009-10-02 00:00:00.000000000,1970-01-01 00:00:00.000000000,1910-01-01 00:00:00.000000000,2009-06-14 21:36:00.000000000,2008-12-24 15:45:22.377600000,109 days 02:24:00.000000000,109 days 02:24:00.000000000,0 days 00:00:00.000000000
2273,2009-10-20 00:00:00.000000000,2009-10-20 00:00:00.000000000,2009-10-20 00:00:00.000000000,1970-01-01 00:00:00.000000000,1910-01-01 00:00:00.000000000,2009-07-03 14:36:31.334400000,2009-01-12 08:45:53.712000000,108 days 09:23:28.665600000,108 days 09:23:28.665600000,0 days 00:00:00.000000000
2274,2009-10-20 00:00:00.000000000,2009-10-20 00:00:00.000000000,2009-10-20 00:00:00.000000000,1970-01-01 00:00:00.000000000,1910-01-01 00:00:00.000000000,2009-07-03 14:36:31.334400000,2009-01-12 08:45:53.712000000,108 days 09:23:28.665600000,108 days 09:23:28.665600000,0 days 00:00:00.000000000
2275,2009-08-25 00:00:00.000000000,2009-10-07 00:00:00.000000000,2009-10-07 00:00:00.000000000,1970-01-01 00:00:00.000000000,1910-01-01 00:00:00.000000000,2009-05-06 04:55:23.059200000,2008-11-14 23:04:45.436800000,110 days 19:04:36.940800000,153 days 19:04:36.940800000,43 days 00:00:00.000000000
2276,2009-10-07 00:00:00.000000000,2009-10-07 00:00:00.000000000,2009-10-07 00:00:00.000000000,1970-01-01 00:00:00.000000000,1910-01-01 00:00:00.000000000,2009-06-13 09:13:50.736000000,2008-12-23 03:23:13.113600000,115 days 14:46:09.264000000,115 days 14:46:09.264000000,0 days 00:00:00.000000000
2277,2009-09-29 00:00:00.000000000,2009-09-29 00:00:00.000000000,2009-09-29 00:00:00.000000000,1970-01-01 00:00:00.000000000,1910-01-01 00:00:00.000000000,2009-07-09 13:05:27.312000000,2009-01-18 07:14:49.689600000,81 days 10:54:32.688000000,81 days 10:54:32.688000000,0 days 00:00:00.000000000
2278,2009-11-18 00:00:00.000000000,2009-11-18 00:00:00.000000000,2009-11-18 00:00:00.000000000,1970-01-01 00:00:00.000000000,1910-01-01 00:00:00.000000000,2009-09-01 05:11:48.624000000,2009-03-12 23:21:11.001600000,77 days 18:48:11.376000000,77 days 18:48:11.376000000,0 days 00:00:00.000000000
2279,2009-11-24 00:00:00.000000000,2009-11-24 00:00:00.000000000,2009-11-24 00:00:00.000000000,1970-01-01 00:00:00.000000000,1910-01-01 00:00:00.000000000,2009-09-07 05:11:48.624000000,2009-03-18 23:21:11.001600000,77 days 18:48:11.376000000,77 days 18:48:11.376000000,0 days 00:00:00.000000000
2280,2009-10-23 00:00:00.000000000,2009-10-23 00:00:00.000000000,2009-10-23 00:00:00.000000000,1970-01-01 00:00:00.000000000,1910-01-01 00:00:00.000000000,2009-07-05 21:36:00.000000000,2009-01-14 15:45:22.377600000,109 days 02:24:00.000000000,109 days 02:24:00.000000000,0 days 00:00:00.000000000
2281,2009-11-23 00:00:00.000000000,2009-11-23 00:00:00.000000000,2009-11-23 00:00:00.000000000,1970-01-01 00:00:00.000000000,1910-01-01 00:00:00.000000000,2009-10-03 07:12:00.000000000,2009-04-14 01:21:22.377600000,50 days 16:48:00.000000000,50 days 16:48:00.000000000,0 days 00:00:00.000000000
2282,2009-12-02 00:00:00.000000000,2009-12-02 00:00:00.000000000,2009-12-02 00:00:00.000000000,1970-01-01 00:00:00.000000000,1910-01-01 00:00:00.000000000,2009-09-11 13:05:27.312000000,2009-03-23 07:14:49.689600000,81 days 10:54:32.688000000,81 days 10:54:32.688000000,0 days 00:00:00.000000000
2283,2007-03-23 00:00:00.000000000,2007-03-23 00:00:00.000000000,2007-03-23 00:00:00.000000000,1980-01-01 00:00:00.000000000,1910-01-01 00:00:00.000000000,2007-01-25 16:00:00.028800000,2006-08-06 10:09:22.406400000,56 days 07:59:59.971200000,56 days 07:59:59.971200000,0 days 00:00:00.000000000
2284,2007-02-22 00:00:00.000000000,2007-02-22 00:00:00.000000000,2007-02-22 00:00:00.000000000,1980-01-01 00:00:00.000000000,1910-01-01 00:00:00.000000000,2007-01-14 14:24:00.000000000,2006-07-26 08:33:22.377600000,38 days 09:36:00.000000000,38 days 09:36:00.000000000,0 days 00:00:00.000000000
2285,2007-04-10 00:00:00.000000000,2007-04-10 00:00:00.000000000,2007-04-10 00:00:00.000000000,1980-01-01 00:00:00.000000000,1910-01-01 00:00:00.000000000,2007-02-25 02:39:59.990400000,2006-09-05 20:49:22.368000000,43 days 21:20:00.009600000,43 days 21:20:00.009600000,0 days 00:00:00.000000000
2286,2007-06-01 00:00:00.000000000,2007-06-01 00:00:00.000000000,2007-06-01 00:00:00.000000000,1980-01-01 00:00:00.000000000,1910-01-01 00:00:00.000000000,2007-02-15 00:00:00.000000000,2006-08-26 18:09:22.377600000,106 days 00:00:00.000000000,106 days 00:00:00.000000000,0 days 00:00:00.000000000
2287,2007-04-17 00:00:00.000000000,2007-04-17 00:00:00.000000000,2007-04-17 00:00:00.000000000,1980-01-01 00:00:00.000000000,1910-01-01 00:00:00.000000000,2007-01-01 00:00:00.000000000,2006-07-12 18:09:22.377600000,106 days 00:00:00.000000000,106 days 00:00:00.000000000,0 days 00:00:00.000000000
2288,2007-04-17 00:00:00.000000000,2007-04-17 00:00:00.000000000,2007-04-17 00:00:00.000000000,1980-01-01 00:00:00.000000000,1910-01-01 00:00:00.000000000,2007-01-01 00:00:00.000000000,2006-07-12 18:09:22.377600000,106 days 00:00:00.000000000,106 days 00:00:00.000000000,0 days 00:00:00.000000000
2289,2007-04-27 00:00:00.000000000,2007-04-27 00:00:00.000000000,2007-04-27 00:00:00.000000000,1980-01-01 00:00:00.000000000,1910-01-01 00:00:00.000000000,2007-03-27 12:00:00.000000000,2006-10-06 06:09:22.377600000,30 days 12:00:00.000000000,30 days 12:00:00.000000000,0 days 00:00:00.000000000
2290,2007-04-30 00:00:00.000000000,2007-04-30 00:00:00.000000000,2007-04-30 00:00:00.000000000,1980-01-01 00:00:00.000000000,1910-01-01 00:00:00.000000000,2007-02-08 04:48:00.000000000,2006-08-19 22:57:22.377600000,80 days 19:12:00.000000000,80 days 19:12:00.000000000,0 days 00:00:00.000000000
2291,2007-06-08 00:00:00.000000000,2007-06-08 00:00:00.000000000,2007-06-08 00:00:00.000000000,1980-01-01 00:00:00.000000000,1910-01-01 00:00:00.000000000,2007-02-22 00:00:00.000000000,2006-09-02 18:09:22.377600000,106 days 00:00:00.000000000,106 days 00:00:00.000000000,0 days 00:00:00.000000000
2292,2007-06-08 00:00:00.000000000,2007-06-08 00:00:00.000000000,2007-06-08 00:00:00.000000000,1980-01-01 00:00:00.000000000,1910-01-01 00:00:00.000000000,2007-02-22 00:00:00.000000000,2006-09-02 18:09:22.377600000,106 days 00:00:00.000000000,106 days 00:00:00.000000000,0 days 00:00:00.000000000
2293,2007-06-28 00:00:00.000000000,2007-06-28 00:00:00.000000000,2007-06-28 00:00:00.000000000,1980-01-01 00:00:00.000000000,1910-01-01 00:00:00.000000000,2007-04-08 04:48:00.000000000,2006-10-17 22:57:22.377600000,80 days 19:12:00.000000000,80 days 19:12:00.000000000,0 days 00:00:00.000000000
2294,2007-07-03 00:00:00.000000000,2007-07-03 00:00:00.000000000,2007-07-03 00:00:00.000000000,1980-01-01 00:00:00.000000000,1910-01-01 00:00:00.000000000,2007-05-25 14:24:00.000000000,2006-12-04 08:33:22.377600000,38 days 09:36:00.000000000,38 days 09:36:00.000000000,0 days 00:00:00.000000000
2295,2007-06-15 00:00:00.000000000,2007-06-15 00:00:00.000000000,2007-06-15 00:00:00.000000000,1980-01-01 00:00:00.000000000,1910-01-01 00:00:00.000000000,2007-03-22 12:00:00.000000000,2006-10-01 06:09:22.377600000,84 days 12:00:00.000000000,84 days 12:00:00.000000000,0 days 00:00:00.000000000
2296,2007-06-05 00:00:00.000000000,2007-06-05 00:00:00.000000000,2007-06-05 00:00:00.000000000,1980-01-01 00:00:00.000000000,1910-01-01 00:00:00.000000000,2007-04-22 02:39:59.990400000,2006-10-31 20:49:22.368000000,43 days 21:20:00.009600000,43 days 21:20:00.009600000,0 days 00:00:00.000000000
2297,2007-07-11 00:00:00.000000000,2007-07-11 00:00:00.000000000,2007-07-11 00:00:00.000000000,1980-01-01 00:00:00.000000000,1910-01-01 00:00:00.000000000,2007-03-27 00:00:00.000000000,2006-10-05 18:09:22.377600000,106 days 00:00:00.000000000,106 days 00:00:00.000000000,0 days 00:00:00.000000000
2298,2007-07-03 00:00:00.000000000,2007-07-03 00:00:00.000000000,2007-07-03 00:00:00.000000000,1980-01-01 00:00:00.000000000,1910-01-01 00:00:00.000000000,2007-05-25 14:24:00.000000000,2006-12-04 08:33:22.377600000,38 days 09:36:00.000000000,38 days 09:36:00.000000000,0 days 00:00:00.000000000
2299,2007-06-13 00:00:00.000000000,2007-06-13 00:00:00.000000000,2007-06-13 00:00:00.000000000,1980-01-01 00:00:00.000000000,1910-01-01 00:00:00.000000000,2007-02-27 00:00:00.000000000,2006-09-07 18:09:22.377600000,106 days 00:00:00.000000000,106 days 00:00:00.000000000,0 days 00:00:00.000000000
2300,2007-05-24 00:00:00.000000000,2007-05-24 00:00:00.000000000,2007-05-24 00:00:00.000000000,1980-01-01 00:00:00.000000000,1910-01-01 00:00:00.000000000,2007-04-11 07:59:59.971200000,2006-10-21 02:09:22.348800000,42 days 16:00:00.028800000,42 days 16:00:00.028800000,0 days 00:00:00.000000000
2301,2007-06-15 00:00:00.000000000,2007-06-15 00:00:00.000000000,2007-06-15 00:00:00.000000000,1980-01-01 00:00:00.000000000,1910-01-01 00:00:00.000000000,2007-03-26 04:48:00.000000000,2006-10-04 22:57:22.377600000,80 days 19:12:00.000000000,80 days 19:12:00.000000000,0 days 00:00:00.000000000
2302,2007-08-13 00:00:00.000000000,2007-08-13 00:00:00.000000000,2007-08-13 00:00:00.000000000,1980-01-01 00:00:00.000000000,1910-01-01 00:00:00.000000000,2007-06-18 00:00:00.000000000,2006-12-27 18:09:22.377600000,56 days 00:00:00.000000000,56 days 00:00:00.000000000,0 days 00:00:00.000000000
2303,2007-08-14 00:00:00.000000000,2007-08-14 00:00:00.000000000,2007-08-14 00:00:00.000000000,1980-01-01 00:00:00.000000000,1910-01-01 00:00:00.000000000,2007-05-25 04:48:00.000000000,2006-12-03 22:57:22.377600000,80 days 19:12:00.000000000,80 days 19:12:00.000000000,0 days 00:00:00.000000000
2304,2007-07-09 00:00:00.000000000,2007-07-09 00:00:00.000000000,2007-07-09 00:00:00.000000000,1980-01-01 00:00:00.000000000,1910-01-01 00:00:00.000000000,2007-04-15 12:00:00.000000000,2006-10-25 06:09:22.377600000,84 days 12:00:00.000000000,84 days 12:00:00.000000000,0 days 00:00:00.000000000
2305,2007-08-07 00:00:00.000000000,2007-08-07 00:00:00.000000000,2007-08-07 00:00:00.000000000,1980-01-01 00:00:00.000000000,1910-01-01 00:00:00.000000000,2007-05-14 12:00:00.000000000,2006-11-23 06:09:22.377600000,84 days 12:00:00.000000000,84 days 12:00:00.000000000,0 days 00:00:00.000000000
2306,2007-10-10 00:00:00.000000000,2007-10-10 00:00:00.000000000,2007-10-10 00:00:00.000000000,1980-01-01 00:00:00.000000000,1910-01-01 00:00:00.000000000,2007-06-26 00:00:00.000000000,2007-01-04 18:09:22.377600000,106 days 00:00:00.000000000,106 days 00:00:00.000000000,0 days 00:00:00.000000000
2307,2007-07-30 00:00:00.000000000,2007-07-30 00:00:00.000000000,2007-07-30 00:00:00.000000000,1980-01-01 00:00:00.000000000,1910-01-01 00:00:00.000000000,2007-06-04 00:00:00.000000000,2006-12-13 18:09:22.377600000,56 days 00:00:00.000000000,56 days 00:00:00.000000000,0 days 00:00:00.000000000
2308,2007-08-03 00:00:00.000000000,2007-08-03 00:00:00.000000000,2007-08-03 00:00:00.000000000,1980-01-01 00:00:00.000000000,1910-01-01 00:00:00.000000000,2007-05-14 04:48:00.000000000,2006-11-22 22:57:22.377600000,80 days 19:12:00.000000000,80 days 19:12:00.000000000,0 days 00:00:00.000000000
2309,2007-08-24 00:00:00.000000000,2007-08-24 00:00:00.000000000,2007-08-24 00:00:00.000000000,1980-01-01 00:00:00.000000000,1910-01-01 00:00:00.000000000,2007-06-04 04:48:00.000000000,2006-12-13 22:57:22.377600000,80 days 19:12:00.000000000,80 days 19:12:00.000000000,0 days 00:00:00.000000000
2310,2007-09-10 00:00:00.000000000,2007-09-10 00:00:00.000000000,2007-09-10 00:00:00.000000000,1980-01-01 00:00:00.000000000,1910-01-01 00:00:00.000000000,2007-07-16 00:00:00.000000000,2007-01-24 18:09:22.377600000,56 days 00:00:00.000000000,56 days 00:00:00.000000000,0 days 00:00:00.000000000
2311,2007-09-21 00:00:00.000000000,2007-09-21 00:00:00.000000000,2007-09-21 00:00:00.000000000,1980-01-01 00:00:00.000000000,1910-01-01 00:00:00.000000000,2007-06-07 00:00:00.000000000,2006-12-16 18:09:22.377600000,106 days 00:00:00.000000000,106 days 00:00:00.000000000,0 days 00:00:00.000000000
2312,2007-09-21 00:00:00.000000000,2007-09-21 00:00:00.000000000,2007-09-21 00:00:00.000000000,1980-01-01 00:00:00.000000000,1910-01-01 00:00:00.000000000,2007-06-07 00:00:00.000000000,2006-12-16 18:09:22.377600000,106 days 00:00:00.000000000,106 days 00:00:00.000000000,0 days 00:00:00.000000000
2313,2007-08-24 00:00:00.000000000,2007-08-24 00:00:00.000000000,2007-08-24 00:00:00.000000000,1980-01-01 00:00:00.000000000,1910-01-01 00:00:00.000000000,2007-06-04 04:48:00.000000000,2006-12-13 22:57:22.377600000,80 days 19:12:00.000000000,80 days 19:12:00.000000000,0 days 00:00:00.000000000
2314,2007-09-21 00:00:00.000000000,2007-09-21 00:00:00.000000000,2007-09-21 00:00:00.000000000,1980-01-01 00:00:00.000000000,1910-01-01 00:00:00.000000000,2007-06-07 00:00:00.000000000,2006-12-16 18:09:22.377600000,106 days 00:00:00.000000000,106 days 00:00:00.000000000,0 days 00:00:00.000000000
2315,2007-08-29 00:00:00.000000000,2007-08-29 00:00:00.000000000,2007-08-29 00:00:00.000000000,1980-01-01 00:00:00.000000000,1910-01-01 00:00:00.000000000,2007-06-05 12:00:00.000000000,2006-12-15 06:09:22.377600000,84 days 12:00:00.000000000,84 days 12:00:00.000000000,0 days 00:00:00.000000000
2316,2007-10-11 00:00:00.000000000,2007-10-11 00:00:00.000000000,2007-10-11 00:00:00.000000000,1980-01-01 00:00:00.000000000,1910-01-01 00:00:00.000000000,2007-08-16 00:00:00.000000000,2007-02-24 18:09:22.377600000,56 days 00:00:00.000000000,56 days 00:00:00.000000000,0 days 00:00:00.000000000
2317,2007-09-27 00:00:00.000000000,2007-09-27 00:00:00.000000000,2007-09-27 00:00:00.000000000,1980-01-01 00:00:00.000000000,1910-01-01 00:00:00.000000000,2007-07-04 12:00:00.000000000,2007-01-13 06:09:22.377600000,84 days 12:00:00.000000000,84 days 12:00:00.000000000,0 days 00:00:00.000000000
2318,2007-09-28 00:00:00.000000000,2007-09-28 00:00:00.000000000,2007-09-28 00:00:00.000000000,1980-01-01 00:00:00.000000000,1910-01-01 00:00:00.000000000,2007-07-05 12:00:00.000000000,2007-01-14 06:09:22.377600000,84 days 12:00:00.000000000,84 days 12:00:00.000000000,0 days 00:00:00.000000000
2319,2007-10-02 00:00:00.000000000,2007-10-02 00:00:00.000000000,2007-10-02 00:00:00.000000000,1980-01-01 00:00:00.000000000,1910-01-01 00:00:00.000000000,2007-07-09 12:00:00.000000000,2007-01-18 06:09:22.377600000,84 days 12:00:00.000000000,84 days 12:00:00.000000000,0 days 00:00:00.000000000
2320,2007-09-14 00:00:00.000000000,2007-09-14 00:00:00.000000000,2007-09-14 00:00:00.000000000,1980-01-01 00:00:00.000000000,1910-01-01 00:00:00.000000000,2007-06-25 04:48:00.000000000,2007-01-03 22:57:22.377600000,80 days 19:12:00.000000000,80 days 19:12:00.000000000,0 days 00:00:00.000000000
2321,2007-10-05 00:00:00.000000000,2007-10-05 00:00:00.000000000,2007-10-05 00:00:00.000000000,1980-01-01 00:00:00.000000000,1910-01-01 00:00:00.000000000,2007-08-09 16:00:00.028800000,2007-02-18 10:09:22.406400000,56 days 07:59:59.971200000,56 days 07:59:59.971200000,0 days 00:00:00.000000000
2322,2007-10-15 00:00:00.000000000,2007-10-15 00:00:00.000000000,2007-10-15 00:00:00.000000000,1980-01-01 00:00:00.000000000,1910-01-01 00:00:00.000000000,2007-07-26 04:48:00.000000000,2007-02-03 22:57:22.377600000,80 days 19:12:00.000000000,80 days 19:12:00.000000000,0 days 00:00:00.000000000
2323,2007-11-02 00:00:00.000000000,2007-11-02 00:00:00.000000000,2007-11-02 00:00:00.000000000,1980-01-01 00:00:00.000000000,1910-01-01 00:00:00.000000000,2007-08-09 12:00:00.000000000,2007-02-18 06:09:22.377600000,84 days 12:00:00.000000000,84 days 12:00:00.000000000,0 days 00:00:00.000000000
2324,2007-11-09 00:00:00.000000000,2007-11-09 00:00:00.000000000,2007-11-09 00:00:00.000000000,1980-01-01 00:00:00.000000000,1910-01-01 00:00:00.000000000,2007-08-16 12:00:00.000000000,2007-02-25 06:09:22.377600000,84 days 12:00:00.000000000,84 days 12:00:00.000000000,0 days 00:00:00.000000000
2325,2007-11-16 00:00:00.000000000,2007-11-16 00:00:00.000000000,2007-11-16 00:00:00.000000000,1980-01-01 00:00:00.000000000,1910-01-01 00:00:00.000000000,2007-10-08 14:24:00.000000000,2007-04-19 08:33:22.377600000,38 days 09:36:00.000000000,38 days 09:36:00.000000000,0 days 00:00:00.000000000
2326,2007-11-30 00:00:00.000000000,2007-11-30 00:00:00.000000000,2007-11-30 00:00:00.000000000,1980-01-01 00:00:00.000000000,1910-01-01 00:00:00.000000000,2007-08-16 00:00:00.000000000,2007-02-24 18:09:22.377600000,106 days 00:00:00.000000000,106 days 00:00:00.000000000,0 days 00:00:00.000000000
2327,2007-11-09 00:00:00.000000000,2007-11-09 00:00:00.000000000,2007-11-09 00:00:00.000000000,1980-01-01 00:00:00.000000000,1910-01-01 00:00:00.000000000,2007-10-01 14:24:00.000000000,2007-04-12 08:33:22.377600000,38 days 09:36:00.000000000,38 days 09:36:00.000000000,0 days 00:00:00.000000000
2328,2007-11-13 00:00:00.000000000,2007-11-13 00:00:00.000000000,2007-11-13 00:00:00.000000000,1980-01-01 00:00:00.000000000,1910-01-01 00:00:00.000000000,2007-08-24 04:48:00.000000000,2007-03-04 22:57:22.377600000,80 days 19:12:00.000000000,80 days 19:12:00.000000000,0 days 00:00:00.000000000
2329,2008-04-10 00:00:00.000000000,2008-04-10 00:00:00.000000000,2008-04-10 00:00:00.000000000,1980-01-01 00:00:00.000000000,1910-01-01 00:00:00.000000000,2008-01-16 10:00:00.028800000,2007-07-28 04:09:22.406400000,84 days 13:59:59.971200000,84 days 13:59:59.971200000,0 days 00:00:00.000000000
2330,2008-04-08 00:00:00.000000000,2008-04-08 00:00:00.000000000,2008-04-08 00:00:00.000000000,1980-01-01 00:00:00.000000000,1910-01-01 00:00:00.000000000,2008-01-03 02:10:54.537600000,2007-07-14 20:20:16.915200000,95 days 21:49:05.462400000,95 days 21:49:05.462400000,0 days 00:00:00.000000000
2331,2007-11-22 00:00:00.000000000,2007-11-22 00:00:00.000000000,2007-11-22 00:00:00.000000000,1980-01-01 00:00:00.000000000,1910-01-01 00:00:00.000000000,2007-09-02 04:48:00.000000000,2007-03-13 22:57:22.377600000,80 days 19:12:00.000000000,80 days 19:12:00.000000000,0 days 00:00:00.000000000
2332,2007-11-22 00:00:00.000000000,2007-11-22 00:00:00.000000000,2007-11-22 00:00:00.000000000,1980-01-01 00:00:00.000000000,1910-01-01 00:00:00.000000000,2007-09-02 04:48:00.000000000,2007-03-13 22:57:22.377600000,80 days 19:12:00.000000000,80 days 19:12:00.000000000,0 days 00:00:00.000000000
2333,2007-10-31 00:00:00.000000000,2007-10-31 00:00:00.000000000,2007-10-31 00:00:00.000000000,1980-01-01 00:00:00.000000000,1910-01-01 00:00:00.000000000,2007-09-18 07:59:59.971200000,2007-03-30 02:09:22.348800000,42 days 16:00:00.028800000,42 days 16:00:00.028800000,0 days 00:00:00.000000000
2334,2007-12-10 00:00:00.000000000,2007-12-10 00:00:00.000000000,2007-12-10 00:00:00.000000000,1980-01-01 00:00:00.000000000,1910-01-01 00:00:00.000000000,2007-09-28 15:55:14.822400000,2007-04-09 10:04:37.200000000,72 days 08:04:45.177600000,72 days 08:04:45.177600000,0 days 00:00:00.000000000
2335,2007-12-18 00:00:00.000000000,2007-12-18 00:00:00.000000000,2007-12-18 00:00:00.000000000,1980-01-01 00:00:00.000000000,1910-01-01 00:00:00.000000000,2007-09-28 04:48:00.000000000,2007-04-08 22:57:22.377600000,80 days 19:12:00.000000000,80 days 19:12:00.000000000,0 days 00:00:00.000000000
2336,2007-12-06 00:00:00.000000000,2007-12-06 00:00:00.000000000,2007-12-06 00:00:00.000000000,1980-01-01 00:00:00.000000000,1910-01-01 00:00:00.000000000,2007-09-12 12:00:00.000000000,2007-03-24 06:09:22.377600000,84 days 12:00:00.000000000,84 days 12:00:00.000000000,0 days 00:00:00.000000000
2337,2007-12-28 00:00:00.000000000,2007-12-28 00:00:00.000000000,2007-12-28 00:00:00.000000000,1980-01-01 00:00:00.000000000,1910-01-01 00:00:00.000000000,2007-10-04 12:00:00.000000000,2007-04-15 06:09:22.377600000,84 days 12:00:00.000000000,84 days 12:00:00.000000000,0 days 00:00:00.000000000
2338,2007-12-31 00:00:00.000000000,2007-12-31 00:00:00.000000000,2007-12-31 00:00:00.000000000,1980-01-01 00:00:00.000000000,1910-01-01 00:00:00.000000000,2007-12-06 12:00:00.000000000,2007-06-17 06:09:22.377600000,24 days 12:00:00.000000000,24 days 12:00:00.000000000,0 days 00:00:00.000000000
2339,2007-12-19 00:00:00.000000000,2007-12-19 00:00:00.000000000,2007-12-19 00:00:00.000000000,1980-01-01 00:00:00.000000000,1910-01-01 00:00:00.000000000,2007-09-25 12:00:00.000000000,2007-04-06 06:09:22.377600000,84 days 12:00:00.000000000,84 days 12:00:00.000000000,0 days 00:00:00.000000000
2340,2007-12-20 00:00:00.000000000,2007-12-25 00:00:00.000000000,2007-12-25 00:00:00.000000000,1980-01-01 00:00:00.000000000,1910-01-01 00:00:00.000000000,2007-11-07 07:59:59.971200000,2007-05-19 02:09:22.348800000,42 days 16:00:00.028800000,47 days 16:00:00.028800000,5 days 00:00:00.000000000
2341,2008-01-16 00:00:00.000000000,2008-01-24 00:00:00.000000000,2008-01-24 00:00:00.000000000,1980-01-01 00:00:00.000000000,1910-01-01 00:00:00.000000000,2007-10-24 19:02:04.099200000,2007-05-05 13:11:26.476800000,83 days 04:57:55.900800000,91 days 04:57:55.900800000,8 days 00:00:00.000000000
2342,2008-01-25 00:00:00.000000000,2008-01-25 00:00:00.000000000,2008-01-25 00:00:00.000000000,1980-01-01 00:00:00.000000000,1910-01-01 00:00:00.000000000,2007-10-30 15:31:45.897600000,2007-05-11 09:41:08.275200000,86 days 08:28:14.102400000,86 days 08:28:14.102400000,0 days 00:00:00.000000000
2343,2008-01-31 00:00:00.000000000,2008-01-31 00:00:00.000000000,2008-01-31 00:00:00.000000000,1980-01-01 00:00:00.000000000,1910-01-01 00:00:00.000000000,2007-12-06 16:21:49.075200000,2007-06-17 10:31:11.452800000,55 days 07:38:10.924800000,55 days 07:38:10.924800000,0 days 00:00:00.000000000
2344,2008-04-08 00:00:00.000000000,2008-04-05 00:00:00.000000000,2008-04-05 00:00:00.000000000,1980-01-01 00:00:00.000000000,1910-01-01 00:00:00.000000000,2008-01-03 02:10:54.537600000,2007-07-14 20:20:16.915200000,95 days 21:49:05.462400000,92 days 21:49:05.462400000,-3 days +00:00:00.000000000
2345,2008-02-29 00:00:00.000000000,2008-02-29 00:00:00.000000000,2008-02-29 00:00:00.000000000,1980-01-01 00:00:00.000000000,1910-01-01 00:00:00.000000000,2007-12-16 00:00:00.000000000,2007-06-26 18:09:22.377600000,75 days 00:00:00.000000000,75 days 00:00:00.000000000,0 days 00:00:00.000000000
2346,2007-12-28 00:00:00.000000000,2007-12-28 00:00:00.000000000,2007-12-28 00:00:00.000000000,1980-01-01 00:00:00.000000000,1910-01-01 00:00:00.000000000,2007-10-04 12:00:00.000000000,2007-04-15 06:09:22.377600000,84 days 12:00:00.000000000,84 days 12:00:00.000000000,0 days 00:00:00.000000000
2347,2008-01-25 00:00:00.000000000,2008-01-25 00:00:00.000000000,2008-01-25 00:00:00.000000000,1980-01-01 00:00:00.000000000,1910-01-01 00:00:00.000000000,2007-11-01 10:00:00.028800000,2007-05-13 04:09:22.406400000,84 days 13:59:59.971200000,84 days 13:59:59.971200000,0 days 00:00:00.000000000
2348,2008-01-29 00:00:00.000000000,2008-01-29 00:00:00.000000000,2008-01-29 00:00:00.000000000,1980-01-01 00:00:00.000000000,1910-01-01 00:00:00.000000000,2007-11-03 15:31:45.897600000,2007-05-15 09:41:08.275200000,86 days 08:28:14.102400000,86 days 08:28:14.102400000,0 days 00:00:00.000000000
2349,2008-01-28 00:00:00.000000000,2008-01-28 00:00:00.000000000,2008-01-28 00:00:00.000000000,1980-01-01 00:00:00.000000000,1910-01-01 00:00:00.000000000,2007-11-14 00:00:00.000000000,2007-05-25 18:09:22.377600000,75 days 00:00:00.000000000,75 days 00:00:00.000000000,0 days 00:00:00.000000000
2350,2008-01-28 00:00:00.000000000,2008-01-28 00:00:00.000000000,2008-01-28 00:00:00.000000000,1980-01-01 00:00:00.000000000,1910-01-01 00:00:00.000000000,2007-11-14 00:00:00.000000000,2007-05-25 18:09:22.377600000,75 days 00:00:00.000000000,75 days 00:00:00.000000000,0 days 00:00:00.000000000
2351,2008-01-22 00:00:00.000000000,2008-01-22 00:00:00.000000000,2008-01-22 00:00:00.000000000,1980-01-01 00:00:00.000000000,1910-01-01 00:00:00.000000000,2007-10-23 17:41:03.148800000,2007-05-04 11:50:25.526400000,90 days 06:18:56.851200000,90 days 06:18:56.851200000,0 days 00:00:00.000000000
2352,2008-01-16 00:00:00.000000000,2008-01-16 00:00:00.000000000,2008-01-16 00:00:00.000000000,1980-01-01 00:00:00.000000000,1910-01-01 00:00:00.000000000,2007-10-24 19:02:04.099200000,2007-05-05 13:11:26.476800000,83 days 04:57:55.900800000,83 days 04:57:55.900800000,0 days 00:00:00.000000000
2353,2008-02-04 00:00:00.000000000,2008-02-04 00:00:00.000000000,2008-02-04 00:00:00.000000000,1980-01-01 00:00:00.000000000,1910-01-01 00:00:00.000000000,2007-12-10 16:21:49.075200000,2007-06-21 10:31:11.452800000,55 days 07:38:10.924800000,55 days 07:38:10.924800000,0 days 00:00:00.000000000
2354,2008-02-05 00:00:00.000000000,2008-02-19 00:00:00.000000000,2008-02-19 00:00:00.000000000,1980-01-01 00:00:00.000000000,1910-01-01 00:00:00.000000000,2007-11-10 15:31:45.897600000,2007-05-22 09:41:08.275200000,86 days 08:28:14.102400000,100 days 08:28:14.102400000,14 days 00:00:00.000000000
2355,2008-03-06 00:00:00.000000000,2008-02-19 00:00:00.000000000,2008-02-19 00:00:00.000000000,1980-01-01 00:00:00.000000000,1910-01-01 00:00:00.000000000,2007-12-10 15:31:45.897600000,2007-06-21 09:41:08.275200000,86 days 08:28:14.102400000,70 days 08:28:14.102400000,-16 days +00:00:00.000000000
2356,2008-07-01 00:00:00.000000000,2008-07-01 00:00:00.000000000,2008-07-01 00:00:00.000000000,1980-01-01 00:00:00.000000000,1910-01-01 00:00:00.000000000,2008-01-25 09:36:00.000000000,2007-08-06 03:45:22.377600000,157 days 14:24:00.000000000,157 days 14:24:00.000000000,0 days 00:00:00.000000000
2357,2008-04-11 00:00:00.000000000,2008-04-11 00:00:00.000000000,2008-04-11 00:00:00.000000000,1980-01-01 00:00:00.000000000,1910-01-01 00:00:00.000000000,2008-01-11 17:41:03.148800000,2007-07-23 11:50:25.526400000,90 days 06:18:56.851200000,90 days 06:18:56.851200000,0 days 00:00:00.000000000
2358,2008-04-11 00:00:00.000000000,2008-04-11 00:00:00.000000000,2008-04-11 00:00:00.000000000,1980-01-01 00:00:00.000000000,1910-01-01 00:00:00.000000000,2008-01-11 17:41:03.148800000,2007-07-23 11:50:25.526400000,90 days 06:18:56.851200000,90 days 06:18:56.851200000,0 days 00:00:00.000000000
2359,2008-04-18 00:00:00.000000000,2008-04-18 00:00:00.000000000,2008-04-18 00:00:00.000000000,1980-01-01 00:00:00.000000000,1910-01-01 00:00:00.000000000,2008-01-25 19:02:04.099200000,2007-08-06 13:11:26.476800000,83 days 04:57:55.900800000,83 days 04:57:55.900800000,0 days 00:00:00.000000000
2360,2008-04-18 00:00:00.000000000,2008-04-18 00:00:00.000000000,2008-04-18 00:00:00.000000000,1980-01-01 00:00:00.000000000,1910-01-01 00:00:00.000000000,2008-01-25 19:02:04.099200000,2007-08-06 13:11:26.476800000,83 days 04:57:55.900800000,83 days 04:57:55.900800000,0 days 00:00:00.000000000
2361,2008-04-18 00:00:00.000000000,2008-04-18 00:00:00.000000000,2008-04-18 00:00:00.000000000,1980-01-01 00:00:00.000000000,1910-01-01 00:00:00.000000000,2008-01-25 19:02:04.099200000,2007-08-06 13:11:26.476800000,83 days 04:57:55.900800000,83 days 04:57:55.900800000,0 days 00:00:00.000000000
2362,2008-04-18 00:00:00.000000000,2008-04-18 00:00:00.000000000,2008-04-18 00:00:00.000000000,1980-01-01 00:00:00.000000000,1910-01-01 00:00:00.000000000,2008-01-25 19:02:04.099200000,2007-08-06 13:11:26.476800000,83 days 04:57:55.900800000,83 days 04:57:55.900800000,0 days 00:00:00.000000000
2363,2008-07-29 00:00:00.000000000,2008-07-29 00:00:00.000000000,2008-07-29 00:00:00.000000000,1980-01-01 00:00:00.000000000,1910-01-01 00:00:00.000000000,2008-03-21 05:19:59.980800000,2007-09-30 23:29:22.358400000,129 days 18:40:00.019200000,129 days 18:40:00.019200000,0 days 00:00:00.000000000
2364,2008-07-30 00:00:00.000000000,2008-07-30 00:00:00.000000000,2008-07-30 00:00:00.000000000,1980-01-01 00:00:00.000000000,1910-01-01 00:00:00.000000000,2008-02-23 09:36:00.000000000,2007-09-04 03:45:22.377600000,157 days 14:24:00.000000000,157 days 14:24:00.000000000,0 days 00:00:00.000000000
2365,2008-03-19 00:00:00.000000000,2008-03-19 00:00:00.000000000,2008-03-19 00:00:00.000000000,1980-01-01 00:00:00.000000000,1910-01-01 00:00:00.000000000,2007-12-19 17:41:03.148800000,2007-06-30 11:50:25.526400000,90 days 06:18:56.851200000,90 days 06:18:56.851200000,0 days 00:00:00.000000000
2366,2008-06-30 00:00:00.000000000,2008-06-30 00:00:00.000000000,2008-06-30 00:00:00.000000000,1980-01-01 00:00:00.000000000,1910-01-01 00:00:00.000000000,2008-02-21 05:19:59.980800000,2007-09-01 23:29:22.358400000,129 days 18:40:00.019200000,129 days 18:40:00.019200000,0 days 00:00:00.000000000
2367,2008-04-03 00:00:00.000000000,2008-04-03 00:00:00.000000000,2008-04-03 00:00:00.000000000,1980-01-01 00:00:00.000000000,1910-01-01 00:00:00.000000000,2008-01-09 10:00:00.028800000,2007-07-21 04:09:22.406400000,84 days 13:59:59.971200000,84 days 13:59:59.971200000,0 days 00:00:00.000000000
2368,2008-09-16 00:00:00.000000000,2008-09-16 00:00:00.000000000,2008-09-16 00:00:00.000000000,1980-01-01 00:00:00.000000000,1910-01-01 00:00:00.000000000,2008-05-09 05:19:59.980800000,2007-11-18 23:29:22.358400000,129 days 18:40:00.019200000,129 days 18:40:00.019200000,0 days 00:00:00.000000000
2369,2008-02-14 00:00:00.000000000,2008-02-14 00:00:00.000000000,2008-02-14 00:00:00.000000000,1980-01-01 00:00:00.000000000,1910-01-01 00:00:00.000000000,2007-11-22 19:02:04.099200000,2007-06-03 13:11:26.476800000,83 days 04:57:55.900800000,83 days 04:57:55.900800000,0 days 00:00:00.000000000
2370,2008-06-05 00:00:00.000000000,2008-06-05 00:00:00.000000000,2008-06-05 00:00:00.000000000,1980-01-01 00:00:00.000000000,1910-01-01 00:00:00.000000000,2008-03-01 02:10:54.537600000,2007-09-10 20:20:16.915200000,95 days 21:49:05.462400000,95 days 21:49:05.462400000,0 days 00:00:00.000000000
2371,2008-06-02 00:00:00.000000000,2008-06-02 00:00:00.000000000,2008-06-02 00:00:00.000000000,1980-01-01 00:00:00.000000000,1910-01-01 00:00:00.000000000,2008-03-03 17:41:03.148800000,2007-09-13 11:50:25.526400000,90 days 06:18:56.851200000,90 days 06:18:56.851200000,0 days 00:00:00.000000000
2372,2008-03-28 00:00:00.000000000,2008-03-28 00:00:00.000000000,2008-03-28 00:00:00.000000000,1980-01-01 00:00:00.000000000,1910-01-01 00:00:00.000000000,2008-01-03 10:00:00.028800000,2007-07-15 04:09:22.406400000,84 days 13:59:59.971200000,84 days 13:59:59.971200000,0 days 00:00:00.000000000
2373,2008-05-19 00:00:00.000000000,2008-05-19 00:00:00.000000000,2008-05-19 00:00:00.000000000,1980-01-01 00:00:00.000000000,1910-01-01 00:00:00.000000000,2008-02-24 13:42:51.465600000,2007-09-05 07:52:13.843200000,84 days 10:17:08.534400000,84 days 10:17:08.534400000,0 days 00:00:00.000000000
2374,2008-06-30 00:00:00.000000000,2008-06-30 00:00:00.000000000,2008-06-30 00:00:00.000000000,1980-01-01 00:00:00.000000000,1910-01-01 00:00:00.000000000,2008-02-21 05:19:59.980800000,2007-09-01 23:29:22.358400000,129 days 18:40:00.019200000,129 days 18:40:00.019200000,0 days 00:00:00.000000000
2375,2008-07-31 00:00:00.000000000,2008-07-31 00:00:00.000000000,2008-07-31 00:00:00.000000000,1980-01-01 00:00:00.000000000,1910-01-01 00:00:00.000000000,2008-05-08 19:02:04.099200000,2007-11-18 13:11:26.476800000,83 days 04:57:55.900800000,83 days 04:57:55.900800000,0 days 00:00:00.000000000
2376,2008-04-08 00:00:00.000000000,2008-04-08 00:00:00.000000000,2008-04-08 00:00:00.000000000,1980-01-01 00:00:00.000000000,1910-01-01 00:00:00.000000000,2008-01-12 15:31:45.897600000,2007-07-24 09:41:08.275200000,86 days 08:28:14.102400000,86 days 08:28:14.102400000,0 days 00:00:00.000000000
2377,2008-04-21 00:00:00.000000000,2008-04-21 00:00:00.000000000,2008-04-21 00:00:00.000000000,1980-01-01 00:00:00.000000000,1910-01-01 00:00:00.000000000,2008-02-25 16:21:49.075200000,2007-09-06 10:31:11.452800000,55 days 07:38:10.924800000,55 days 07:38:10.924800000,0 days 00:00:00.000000000
2378,2008-03-05 00:00:00.000000000,2008-03-05 00:00:00.000000000,2008-03-05 00:00:00.000000000,1980-01-01 00:00:00.000000000,1910-01-01 00:00:00.000000000,2007-12-15 05:37:49.785600000,2007-06-25 23:47:12.163200000,80 days 18:22:10.214400000,80 days 18:22:10.214400000,0 days 00:00:00.000000000
2379,2008-03-21 00:00:00.000000000,2008-03-21 00:00:00.000000000,2008-03-21 00:00:00.000000000,1980-01-01 00:00:00.000000000,1910-01-01 00:00:00.000000000,2007-12-21 17:41:03.148800000,2007-07-02 11:50:25.526400000,90 days 06:18:56.851200000,90 days 06:18:56.851200000,0 days 00:00:00.000000000
2380,2008-03-03 00:00:00.000000000,2008-03-03 00:00:00.000000000,2008-03-03 00:00:00.000000000,1980-01-01 00:00:00.000000000,1910-01-01 00:00:00.000000000,2007-12-07 15:31:45.897600000,2007-06-18 09:41:08.275200000,86 days 08:28:14.102400000,86 days 08:28:14.102400000,0 days 00:00:00.000000000
2381,2008-03-28 00:00:00.000000000,2008-03-28 00:00:00.000000000,2008-03-28 00:00:00.000000000,1980-01-01 00:00:00.000000000,1910-01-01 00:00:00.000000000,2007-11-19 05:19:59.980800000,2007-05-30 23:29:22.358400000,129 days 18:40:00.019200000,129 days 18:40:00.019200000,0 days 00:00:00.000000000
2382,2008-04-21 00:00:00.000000000,2008-04-21 00:00:00.000000000,2008-04-21 00:00:00.000000000,1980-01-01 00:00:00.000000000,1910-01-01 00:00:00.000000000,2008-01-21 17:41:03.148800000,2007-08-02 11:50:25.526400000,90 days 06:18:56.851200000,90 days 06:18:56.851200000,0 days 00:00:00.000000000
2383,2008-06-30 00:00:00.000000000,2008-06-30 00:00:00.000000000,2008-06-30 00:00:00.000000000,1980-01-01 00:00:00.000000000,1910-01-01 00:00:00.000000000,2008-02-21 05:19:59.980800000,2007-09-01 23:29:22.358400000,129 days 18:40:00.019200000,129 days 18:40:00.019200000,0 days 00:00:00.000000000
2384,2008-07-23 00:00:00.000000000,2008-07-23 00:00:00.000000000,2008-07-23 00:00:00.000000000,1980-01-01 00:00:00.000000000,1910-01-01 00:00:00.000000000,2008-04-29 10:00:00.028800000,2007-11-09 04:09:22.406400000,84 days 13:59:59.971200000,84 days 13:59:59.971200000,0 days 00:00:00.000000000
2385,2008-02-27 00:00:00.000000000,2008-02-27 00:00:00.000000000,2008-02-27 00:00:00.000000000,1980-01-01 00:00:00.000000000,1910-01-01 00:00:00.000000000,2007-12-02 15:31:45.897600000,2007-06-13 09:41:08.275200000,86 days 08:28:14.102400000,86 days 08:28:14.102400000,0 days 00:00:00.000000000
2386,2008-03-13 00:00:00.000000000,2008-03-13 00:00:00.000000000,2008-03-13 00:00:00.000000000,1980-01-01 00:00:00.000000000,1910-01-01 00:00:00.000000000,2007-12-17 15:31:45.897600000,2007-06-28 09:41:08.275200000,86 days 08:28:14.102400000,86 days 08:28:14.102400000,0 days 00:00:00.000000000
2387,2008-03-12 00:00:00.000000000,2008-03-12 00:00:00.000000000,2008-03-12 00:00:00.000000000,1980-01-01 00:00:00.000000000,1910-01-01 00:00:00.000000000,2007-10-06 09:36:00.000000000,2007-04-17 03:45:22.377600000,157 days 14:24:00.000000000,157 days 14:24:00.000000000,0 days 00:00:00.000000000
2388,2008-06-02 00:00:00.000000000,2008-06-02 00:00:00.000000000,2008-06-02 00:00:00.000000000,1980-01-01 00:00:00.000000000,1910-01-01 00:00:00.000000000,2008-03-03 17:41:03.148800000,2007-09-13 11:50:25.526400000,90 days 06:18:56.851200000,90 days 06:18:56.851200000,0 days 00:00:00.000000000
2389,2008-05-26 00:00:00.000000000,2008-05-26 00:00:00.000000000,2008-05-26 00:00:00.000000000,1980-01-01 00:00:00.000000000,1910-01-01 00:00:00.000000000,2008-03-06 05:37:49.785600000,2007-09-15 23:47:12.163200000,80 days 18:22:10.214400000,80 days 18:22:10.214400000,0 days 00:00:00.000000000
2390,2008-04-14 00:00:00.000000000,2008-04-14 00:00:00.000000000,2008-04-14 00:00:00.000000000,1980-01-01 00:00:00.000000000,1910-01-01 00:00:00.000000000,2008-01-14 17:41:03.148800000,2007-07-26 11:50:25.526400000,90 days 06:18:56.851200000,90 days 06:18:56.851200000,0 days 00:00:00.000000000
2391,2008-05-20 00:00:00.000000000,2008-05-20 00:00:00.000000000,2008-05-20 00:00:00.000000000,1980-01-01 00:00:00.000000000,1910-01-01 00:00:00.000000000,2008-02-29 05:37:49.785600000,2007-09-09 23:47:12.163200000,80 days 18:22:10.214400000,80 days 18:22:10.214400000,0 days 00:00:00.000000000
2392,2008-08-07 00:00:00.000000000,2008-08-07 00:00:00.000000000,2008-08-07 00:00:00.000000000,1980-01-01 00:00:00.000000000,1910-01-01 00:00:00.000000000,2008-05-03 02:10:54.537600000,2007-11-12 20:20:16.915200000,95 days 21:49:05.462400000,95 days 21:49:05.462400000,0 days 00:00:00.000000000
2393,2008-07-01 00:00:00.000000000,2008-07-01 00:00:00.000000000,2008-07-01 00:00:00.000000000,1980-01-01 00:00:00.000000000,1910-01-01 00:00:00.000000000,2008-02-22 05:19:59.980800000,2007-09-02 23:29:22.358400000,129 days 18:40:00.019200000,129 days 18:40:00.019200000,0 days 00:00:00.000000000
2394,2008-07-09 00:00:00.000000000,2008-07-09 00:00:00.000000000,2008-07-09 00:00:00.000000000,1980-01-01 00:00:00.000000000,1910-01-01 00:00:00.000000000,2008-03-01 05:19:59.980800000,2007-09-10 23:29:22.358400000,129 days 18:40:00.019200000,129 days 18:40:00.019200000,0 days 00:00:00.000000000
2395,2008-07-09 00:00:00.000000000,2008-07-09 00:00:00.000000000,2008-07-09 00:00:00.000000000,1980-01-01 00:00:00.000000000,1910-01-01 00:00:00.000000000,2008-03-01 05:19:59.980800000,2007-09-10 23:29:22.358400000,129 days 18:40:00.019200000,129 days 18:40:00.019200000,0 days 00:00:00.000000000
2396,2008-07-10 00:00:00.000000000,2008-07-10 00:00:00.000000000,2008-07-10 00:00:00.000000000,1980-01-01 00:00:00.000000000,1910-01-01 00:00:00.000000000,2008-04-16 13:42:51.465600000,2007-10-27 07:52:13.843200000,84 days 10:17:08.534400000,84 days 10:17:08.534400000,0 days 00:00:00.000000000
2397,2009-02-09 00:00:00.000000000,2009-02-09 00:00:00.000000000,2009-02-09 00:00:00.000000000,1980-01-01 00:00:00.000000000,1910-01-01 00:00:00.000000000,2008-10-16 09:13:50.736000000,2008-04-27 03:23:13.113600000,115 days 14:46:09.264000000,115 days 14:46:09.264000000,0 days 00:00:00.000000000
2398,2008-11-27 00:00:00.000000000,2008-11-27 00:00:00.000000000,2008-11-27 00:00:00.000000000,1980-01-01 00:00:00.000000000,1910-01-01 00:00:00.000000000,2008-08-23 02:10:54.537600000,2008-03-03 20:20:16.915200000,95 days 21:49:05.462400000,95 days 21:49:05.462400000,0 days 00:00:00.000000000
2399,2008-10-23 00:00:00.000000000,2008-10-23 00:00:00.000000000,2008-10-23 00:00:00.000000000,1980-01-01 00:00:00.000000000,1910-01-01 00:00:00.000000000,2008-08-03 05:37:49.785600000,2008-02-12 23:47:12.163200000,80 days 18:22:10.214400000,80 days 18:22:10.214400000,0 days 00:00:00.000000000
2400,2008-11-21 00:00:00.000000000,2008-11-21 00:00:00.000000000,2008-11-21 00:00:00.000000000,1980-01-01 00:00:00.000000000,1910-01-01 00:00:00.000000000,2008-08-27 16:00:00.028800000,2008-03-08 10:09:22.406400000,85 days 07:59:59.971200000,85 days 07:59:59.971200000,0 days 00:00:00.000000000
2401,2008-12-01 00:00:00.000000000,2008-12-01 00:00:00.000000000,2008-12-01 00:00:00.000000000,1980-01-01 00:00:00.000000000,1910-01-01 00:00:00.000000000,2008-09-07 10:00:00.028800000,2008-03-19 04:09:22.406400000,84 days 13:59:59.971200000,84 days 13:59:59.971200000,0 days 00:00:00.000000000
2402,2008-11-14 00:00:00.000000000,2008-11-14 00:00:00.000000000,2008-11-14 00:00:00.000000000,1980-01-01 00:00:00.000000000,1910-01-01 00:00:00.000000000,2008-08-21 10:00:00.028800000,2008-03-02 04:09:22.406400000,84 days 13:59:59.971200000,84 days 13:59:59.971200000,0 days 00:00:00.000000000
2403,2008-11-20 00:00:00.000000000,2008-11-20 00:00:00.000000000,2008-11-20 00:00:00.000000000,1980-01-01 00:00:00.000000000,1910-01-01 00:00:00.000000000,2008-08-28 19:02:04.099200000,2008-03-09 13:11:26.476800000,83 days 04:57:55.900800000,83 days 04:57:55.900800000,0 days 00:00:00.000000000
2404,2008-11-17 00:00:00.000000000,2008-11-17 00:00:00.000000000,2008-11-17 00:00:00.000000000,1980-01-01 00:00:00.000000000,1910-01-01 00:00:00.000000000,2008-08-28 05:37:49.785600000,2008-03-08 23:47:12.163200000,80 days 18:22:10.214400000,80 days 18:22:10.214400000,0 days 00:00:00.000000000
2405,2008-07-28 00:00:00.000000000,2008-07-28 00:00:00.000000000,2008-07-28 00:00:00.000000000,1980-01-01 00:00:00.000000000,1910-01-01 00:00:00.000000000,2008-05-05 19:02:04.099200000,2007-11-15 13:11:26.476800000,83 days 04:57:55.900800000,83 days 04:57:55.900800000,0 days 00:00:00.000000000
2406,2008-10-06 00:00:00.000000000,2008-10-06 00:00:00.000000000,2008-10-06 00:00:00.000000000,1980-01-01 00:00:00.000000000,1910-01-01 00:00:00.000000000,2008-07-13 10:00:00.028800000,2008-01-23 04:09:22.406400000,84 days 13:59:59.971200000,84 days 13:59:59.971200000,0 days 00:00:00.000000000
2407,2008-12-01 00:00:00.000000000,2008-12-01 00:00:00.000000000,2008-12-01 00:00:00.000000000,1980-01-01 00:00:00.000000000,1910-01-01 00:00:00.000000000,2008-09-07 10:00:00.028800000,2008-03-19 04:09:22.406400000,84 days 13:59:59.971200000,84 days 13:59:59.971200000,0 days 00:00:00.000000000
2408,2008-10-31 00:00:00.000000000,2008-10-31 00:00:00.000000000,2008-10-31 00:00:00.000000000,1980-01-01 00:00:00.000000000,1910-01-01 00:00:00.000000000,2008-08-11 05:37:49.785600000,2008-02-20 23:47:12.163200000,80 days 18:22:10.214400000,80 days 18:22:10.214400000,0 days 00:00:00.000000000
2409,2008-07-31 00:00:00.000000000,2008-07-31 00:00:00.000000000,2008-07-31 00:00:00.000000000,1980-01-01 00:00:00.000000000,1910-01-01 00:00:00.000000000,2008-05-08 19:02:04.099200000,2007-11-18 13:11:26.476800000,83 days 04:57:55.900800000,83 days 04:57:55.900800000,0 days 00:00:00.000000000
2410,2009-02-02 00:00:00.000000000,2009-02-02 00:00:00.000000000,2009-02-02 00:00:00.000000000,1980-01-01 00:00:00.000000000,1910-01-01 00:00:00.000000000,2008-12-13 07:12:00.000000000,2008-06-24 01:21:22.377600000,50 days 16:48:00.000000000,50 days 16:48:00.000000000,0 days 00:00:00.000000000
2411,2008-09-05 00:00:00.000000000,2008-09-05 00:00:00.000000000,2008-09-05 00:00:00.000000000,1980-01-01 00:00:00.000000000,1910-01-01 00:00:00.000000000,2008-06-01 02:10:54.537600000,2007-12-11 20:20:16.915200000,95 days 21:49:05.462400000,95 days 21:49:05.462400000,0 days 00:00:00.000000000
2412,2008-09-05 00:00:00.000000000,2008-09-05 00:00:00.000000000,2008-09-05 00:00:00.000000000,1980-01-01 00:00:00.000000000,1910-01-01 00:00:00.000000000,2008-06-01 02:10:54.537600000,2007-12-11 20:20:16.915200000,95 days 21:49:05.462400000,95 days 21:49:05.462400000,0 days 00:00:00.000000000
2413,2008-09-05 00:00:00.000000000,2008-09-05 00:00:00.000000000,2008-09-05 00:00:00.000000000,1980-01-01 00:00:00.000000000,1910-01-01 00:00:00.000000000,2008-06-01 02:10:54.537600000,2007-12-11 20:20:16.915200000,95 days 21:49:05.462400000,95 days 21:49:05.462400000,0 days 00:00:00.000000000
2414,2009-03-02 00:00:00.000000000,2009-03-02 00:00:00.000000000,2009-03-02 00:00:00.000000000,1980-01-01 00:00:00.000000000,1910-01-01 00:00:00.000000000,2008-11-11 04:55:23.059200000,2008-05-22 23:04:45.436800000,110 days 19:04:36.940800000,110 days 19:04:36.940800000,0 days 00:00:00.000000000
2415,2009-03-03 00:00:00.000000000,2009-03-03 00:00:00.000000000,2009-03-03 00:00:00.000000000,1980-01-01 00:00:00.000000000,1910-01-01 00:00:00.000000000,2009-01-11 07:12:00.000000000,2008-07-23 01:21:22.377600000,50 days 16:48:00.000000000,50 days 16:48:00.000000000,0 days 00:00:00.000000000
2416,2009-03-19 00:00:00.000000000,2009-03-19 00:00:00.000000000,2009-03-19 00:00:00.000000000,1980-01-01 00:00:00.000000000,1910-01-01 00:00:00.000000000,2009-01-27 07:12:00.000000000,2008-08-08 01:21:22.377600000,50 days 16:48:00.000000000,50 days 16:48:00.000000000,0 days 00:00:00.000000000
2417,2009-01-09 00:00:00.000000000,2009-01-09 00:00:00.000000000,2009-01-09 00:00:00.000000000,1980-01-01 00:00:00.000000000,1910-01-01 00:00:00.000000000,2008-11-19 07:12:00.000000000,2008-05-31 01:21:22.377600000,50 days 16:48:00.000000000,50 days 16:48:00.000000000,0 days 00:00:00.000000000
2418,2009-02-26 00:00:00.000000000,2009-02-26 00:00:00.000000000,2009-02-26 00:00:00.000000000,1980-01-01 00:00:00.000000000,1910-01-01 00:00:00.000000000,2008-11-09 14:36:31.334400000,2008-05-21 08:45:53.712000000,108 days 09:23:28.665600000,108 days 09:23:28.665600000,0 days 00:00:00.000000000
2419,2009-03-18 00:00:00.000000000,2009-03-18 00:00:00.000000000,2009-03-18 00:00:00.000000000,1980-01-01 00:00:00.000000000,1910-01-01 00:00:00.000000000,2008-11-27 04:55:23.059200000,2008-06-07 23:04:45.436800000,110 days 19:04:36.940800000,110 days 19:04:36.940800000,0 days 00:00:00.000000000
2420,2009-04-08 00:00:00.000000000,2009-04-08 00:00:00.000000000,2009-04-08 00:00:00.000000000,1980-01-01 00:00:00.000000000,1910-01-01 00:00:00.000000000,2009-02-16 07:12:00.000000000,2008-08-28 01:21:22.377600000,50 days 16:48:00.000000000,50 days 16:48:00.000000000,0 days 00:00:00.000000000
2421,2008-09-24 00:00:00.000000000,2008-09-24 00:00:00.000000000,2008-09-24 00:00:00.000000000,1980-01-01 00:00:00.000000000,1910-01-01 00:00:00.000000000,2008-07-02 19:02:04.099200000,2008-01-12 13:11:26.476800000,83 days 04:57:55.900800000,83 days 04:57:55.900800000,0 days 00:00:00.000000000
2422,2008-11-04 00:00:00.000000000,2008-11-04 00:00:00.000000000,2008-11-04 00:00:00.000000000,1980-01-01 00:00:00.000000000,1910-01-01 00:00:00.000000000,2008-08-05 17:41:03.148800000,2008-02-15 11:50:25.526400000,90 days 06:18:56.851200000,90 days 06:18:56.851200000,0 days 00:00:00.000000000
2423,2009-01-19 00:00:00.000000000,2009-01-19 00:00:00.000000000,2009-01-19 00:00:00.000000000,1980-01-01 00:00:00.000000000,1910-01-01 00:00:00.000000000,2008-10-02 14:36:31.334400000,2008-04-13 08:45:53.712000000,108 days 09:23:28.665600000,108 days 09:23:28.665600000,0 days 00:00:00.000000000
2424,2008-07-24 00:00:00.000000000,2008-07-24 00:00:00.000000000,2008-07-24 00:00:00.000000000,1980-01-01 00:00:00.000000000,1910-01-01 00:00:00.000000000,2008-05-01 19:02:04.099200000,2007-11-11 13:11:26.476800000,83 days 04:57:55.900800000,83 days 04:57:55.900800000,0 days 00:00:00.000000000
2425,2009-01-06 00:00:00.000000000,2009-01-06 00:00:00.000000000,2009-01-06 00:00:00.000000000,1980-01-01 00:00:00.000000000,1910-01-01 00:00:00.000000000,2008-11-16 07:12:00.000000000,2008-05-28 01:21:22.377600000,50 days 16:48:00.000000000,50 days 16:48:00.000000000,0 days 00:00:00.000000000
2426,2009-02-18 00:00:00.000000000,2009-02-18 00:00:00.000000000,2009-02-18 00:00:00.000000000,1980-01-01 00:00:00.000000000,1910-01-01 00:00:00.000000000,2008-11-28 13:05:27.312000000,2008-06-09 07:14:49.689600000,81 days 10:54:32.688000000,81 days 10:54:32.688000000,0 days 00:00:00.000000000
2427,2009-01-29 00:00:00.000000000,2009-01-29 00:00:00.000000000,2009-01-29 00:00:00.000000000,1980-01-01 00:00:00.000000000,1910-01-01 00:00:00.000000000,2008-11-08 13:05:27.312000000,2008-05-20 07:14:49.689600000,81 days 10:54:32.688000000,81 days 10:54:32.688000000,0 days 00:00:00.000000000
2428,2008-10-30 00:00:00.000000000,2008-10-30 00:00:00.000000000,2008-10-30 00:00:00.000000000,1980-01-01 00:00:00.000000000,1910-01-01 00:00:00.000000000,2008-08-07 19:02:04.099200000,2008-02-17 13:11:26.476800000,83 days 04:57:55.900800000,83 days 04:57:55.900800000,0 days 00:00:00.000000000
2429,2009-05-26 00:00:00.000000000,2009-05-26 00:00:00.000000000,2009-05-26 00:00:00.000000000,1980-01-01 00:00:00.000000000,1910-01-01 00:00:00.000000000,2009-02-04 04:55:23.059200000,2008-08-15 23:04:45.436800000,110 days 19:04:36.940800000,110 days 19:04:36.940800000,0 days 00:00:00.000000000
2430,2009-05-26 00:00:00.000000000,2009-05-26 00:00:00.000000000,2009-05-26 00:00:00.000000000,1980-01-01 00:00:00.000000000,1910-01-01 00:00:00.000000000,2009-02-04 04:55:23.059200000,2008-08-15 23:04:45.436800000,110 days 19:04:36.940800000,110 days 19:04:36.940800000,0 days 00:00:00.000000000
2431,2009-03-19 00:00:00.000000000,2009-03-19 00:00:00.000000000,2009-03-19 00:00:00.000000000,1980-01-01 00:00:00.000000000,1910-01-01 00:00:00.000000000,2008-11-30 14:36:31.334400000,2008-06-11 08:45:53.712000000,108 days 09:23:28.665600000,108 days 09:23:28.665600000,0 days 00:00:00.000000000
2432,2009-03-20 00:00:00.000000000,2009-03-20 00:00:00.000000000,2009-03-20 00:00:00.000000000,1980-01-01 00:00:00.000000000,1910-01-01 00:00:00.000000000,2008-11-29 04:55:23.059200000,2008-06-09 23:04:45.436800000,110 days 19:04:36.940800000,110 days 19:04:36.940800000,0 days 00:00:00.000000000
2433,2008-11-07 00:00:00.000000000,2008-11-07 00:00:00.000000000,2008-11-07 00:00:00.000000000,1980-01-01 00:00:00.000000000,1910-01-01 00:00:00.000000000,2008-08-14 10:00:00.028800000,2008-02-24 04:09:22.406400000,84 days 13:59:59.971200000,84 days 13:59:59.971200000,0 days 00:00:00.000000000
2434,2009-03-23 00:00:00.000000000,2009-03-23 00:00:00.000000000,2009-03-23 00:00:00.000000000,1980-01-01 00:00:00.000000000,1910-01-01 00:00:00.000000000,2008-12-02 04:55:23.059200000,2008-06-12 23:04:45.436800000,110 days 19:04:36.940800000,110 days 19:04:36.940800000,0 days 00:00:00.000000000
2435,2009-06-19 00:00:00.000000000,2009-06-19 00:00:00.000000000,2009-06-19 00:00:00.000000000,1980-01-01 00:00:00.000000000,1910-01-01 00:00:00.000000000,2009-02-28 04:55:23.059200000,2008-09-08 23:04:45.436800000,110 days 19:04:36.940800000,110 days 19:04:36.940800000,0 days 00:00:00.000000000
2436,2009-04-27 00:00:00.000000000,2009-04-27 00:00:00.000000000,2009-04-27 00:00:00.000000000,1980-01-01 00:00:00.000000000,1910-01-01 00:00:00.000000000,2009-01-07 21:36:00.000000000,2008-07-19 15:45:22.377600000,109 days 02:24:00.000000000,109 days 02:24:00.000000000,0 days 00:00:00.000000000
2437,2009-06-16 00:00:00.000000000,2009-06-16 00:00:00.000000000,2009-06-16 00:00:00.000000000,1980-01-01 00:00:00.000000000,1910-01-01 00:00:00.000000000,2009-02-20 09:13:50.736000000,2008-09-01 03:23:13.113600000,115 days 14:46:09.264000000,115 days 14:46:09.264000000,0 days 00:00:00.000000000
2438,2009-05-08 00:00:00.000000000,2009-05-08 00:00:00.000000000,2009-05-08 00:00:00.000000000,1980-01-01 00:00:00.000000000,1910-01-01 00:00:00.000000000,2009-01-19 14:36:31.334400000,2008-07-31 08:45:53.712000000,108 days 09:23:28.665600000,108 days 09:23:28.665600000,0 days 00:00:00.000000000
2439,2009-04-24 00:00:00.000000000,2009-04-24 00:00:00.000000000,2009-04-24 00:00:00.000000000,1980-01-01 00:00:00.000000000,1910-01-01 00:00:00.000000000,2009-03-04 07:12:00.000000000,2008-09-13 01:21:22.377600000,50 days 16:48:00.000000000,50 days 16:48:00.000000000,0 days 00:00:00.000000000
2440,2009-04-29 00:00:00.000000000,2009-04-29 00:00:00.000000000,2009-04-29 00:00:00.000000000,1980-01-01 00:00:00.000000000,1910-01-01 00:00:00.000000000,2009-01-10 14:36:31.334400000,2008-07-22 08:45:53.712000000,108 days 09:23:28.665600000,108 days 09:23:28.665600000,0 days 00:00:00.000000000
2441,2009-05-08 00:00:00.000000000,2009-05-08 00:00:00.000000000,2009-05-08 00:00:00.000000000,1980-01-01 00:00:00.000000000,1910-01-01 00:00:00.000000000,2009-01-19 14:36:31.334400000,2008-07-31 08:45:53.712000000,108 days 09:23:28.665600000,108 days 09:23:28.665600000,0 days 00:00:00.000000000
2442,2009-05-19 00:00:00.000000000,2009-05-19 00:00:00.000000000,2009-05-19 00:00:00.000000000,1980-01-01 00:00:00.000000000,1910-01-01 00:00:00.000000000,2009-03-03 23:06:40.003200000,2008-09-12 17:16:02.380800000,76 days 00:53:19.996800000,76 days 00:53:19.996800000,0 days 00:00:00.000000000
2443,2009-05-08 00:00:00.000000000,2009-05-08 00:00:00.000000000,2009-05-08 00:00:00.000000000,1980-01-01 00:00:00.000000000,1910-01-01 00:00:00.000000000,2009-01-19 14:36:31.334400000,2008-07-31 08:45:53.712000000,108 days 09:23:28.665600000,108 days 09:23:28.665600000,0 days 00:00:00.000000000
2444,2009-05-22 00:00:00.000000000,2009-05-22 00:00:00.000000000,2009-05-22 00:00:00.000000000,1980-01-01 00:00:00.000000000,1910-01-01 00:00:00.000000000,2009-03-06 23:06:40.003200000,2008-09-15 17:16:02.380800000,76 days 00:53:19.996800000,76 days 00:53:19.996800000,0 days 00:00:00.000000000
2445,2009-05-20 00:00:00.000000000,2009-05-20 00:00:00.000000000,2009-05-20 00:00:00.000000000,1980-01-01 00:00:00.000000000,1910-01-01 00:00:00.000000000,2009-01-29 04:55:23.059200000,2008-08-09 23:04:45.436800000,110 days 19:04:36.940800000,110 days 19:04:36.940800000,0 days 00:00:00.000000000
2446,2009-04-30 00:00:00.000000000,2009-04-30 00:00:00.000000000,2009-04-30 00:00:00.000000000,1980-01-01 00:00:00.000000000,1910-01-01 00:00:00.000000000,2009-01-11 14:36:31.334400000,2008-07-23 08:45:53.712000000,108 days 09:23:28.665600000,108 days 09:23:28.665600000,0 days 00:00:00.000000000
2447,2009-05-22 00:00:00.000000000,2009-05-22 00:00:00.000000000,2009-05-22 00:00:00.000000000,1980-01-01 00:00:00.000000000,1910-01-01 00:00:00.000000000,2009-03-06 23:06:40.003200000,2008-09-15 17:16:02.380800000,76 days 00:53:19.996800000,76 days 00:53:19.996800000,0 days 00:00:00.000000000
2448,2009-06-24 00:00:00.000000000,2009-06-24 00:00:00.000000000,2009-06-24 00:00:00.000000000,1980-01-01 00:00:00.000000000,1910-01-01 00:00:00.000000000,2009-05-04 07:12:00.000000000,2008-11-13 01:21:22.377600000,50 days 16:48:00.000000000,50 days 16:48:00.000000000,0 days 00:00:00.000000000
2449,2009-06-11 00:00:00.000000000,2009-06-11 00:00:00.000000000,2009-06-11 00:00:00.000000000,1980-01-01 00:00:00.000000000,1910-01-01 00:00:00.000000000,2009-02-20 04:55:23.059200000,2008-08-31 23:04:45.436800000,110 days 19:04:36.940800000,110 days 19:04:36.940800000,0 days 00:00:00.000000000
2450,2009-06-11 00:00:00.000000000,2009-06-11 00:00:00.000000000,2009-06-11 00:00:00.000000000,1980-01-01 00:00:00.000000000,1910-01-01 00:00:00.000000000,2009-02-20 04:55:23.059200000,2008-08-31 23:04:45.436800000,110 days 19:04:36.940800000,110 days 19:04:36.940800000,0 days 00:00:00.000000000
2451,2009-08-12 00:00:00.000000000,2009-08-12 00:00:00.000000000,2009-08-12 00:00:00.000000000,1970-01-01 00:00:00.000000000,1910-01-01 00:00:00.000000000,2009-05-26 05:11:48.624000000,2008-12-04 23:21:11.001600000,77 days 18:48:11.376000000,77 days 18:48:11.376000000,0 days 00:00:00.000000000
2452,2009-06-16 00:00:00.000000000,2009-06-16 00:00:00.000000000,2009-06-16 00:00:00.000000000,1980-01-01 00:00:00.000000000,1910-01-01 00:00:00.000000000,2009-02-27 14:36:31.334400000,2008-09-08 08:45:53.712000000,108 days 09:23:28.665600000,108 days 09:23:28.665600000,0 days 00:00:00.000000000
2453,2009-06-15 00:00:00.000000000,2009-06-15 00:00:00.000000000,2009-06-15 00:00:00.000000000,1980-01-01 00:00:00.000000000,1910-01-01 00:00:00.000000000,2009-04-14 14:04:08.284800000,2008-10-24 08:13:30.662400000,61 days 09:55:51.715200000,61 days 09:55:51.715200000,0 days 00:00:00.000000000
2454,2009-06-24 00:00:00.000000000,2009-06-24 00:00:00.000000000,2009-06-24 00:00:00.000000000,1980-01-01 00:00:00.000000000,1910-01-01 00:00:00.000000000,2009-05-04 07:12:00.000000000,2008-11-13 01:21:22.377600000,50 days 16:48:00.000000000,50 days 16:48:00.000000000,0 days 00:00:00.000000000
2455,2009-06-26 00:00:00.000000000,2009-06-26 00:00:00.000000000,2009-06-26 00:00:00.000000000,1980-01-01 00:00:00.000000000,1910-01-01 00:00:00.000000000,2009-05-06 07:12:00.000000000,2008-11-15 01:21:22.377600000,50 days 16:48:00.000000000,50 days 16:48:00.000000000,0 days 00:00:00.000000000
2456,2009-07-02 00:00:00.000000000,2009-07-02 00:00:00.000000000,2009-07-02 00:00:00.000000000,1970-01-01 00:00:00.000000000,1910-01-01 00:00:00.000000000,2009-03-14 21:36:00.000000000,2008-09-23 15:45:22.377600000,109 days 02:24:00.000000000,109 days 02:24:00.000000000,0 days 00:00:00.000000000
2457,2009-07-02 00:00:00.000000000,2009-07-02 00:00:00.000000000,2009-07-02 00:00:00.000000000,1970-01-01 00:00:00.000000000,1910-01-01 00:00:00.000000000,2009-03-14 21:36:00.000000000,2008-09-23 15:45:22.377600000,109 days 02:24:00.000000000,109 days 02:24:00.000000000,0 days 00:00:00.000000000
2458,2009-06-30 00:00:00.000000000,2009-06-30 00:00:00.000000000,2009-06-30 00:00:00.000000000,1980-01-01 00:00:00.000000000,1910-01-01 00:00:00.000000000,2009-03-11 04:55:23.059200000,2008-09-19 23:04:45.436800000,110 days 19:04:36.940800000,110 days 19:04:36.940800000,0 days 00:00:00.000000000
2459,2009-06-24 00:00:00.000000000,2009-06-24 00:00:00.000000000,2009-06-24 00:00:00.000000000,1980-01-01 00:00:00.000000000,1910-01-01 00:00:00.000000000,2009-04-08 23:06:40.003200000,2008-10-18 17:16:02.380800000,76 days 00:53:19.996800000,76 days 00:53:19.996800000,0 days 00:00:00.000000000
2460,2009-09-04 00:00:00.000000000,2009-09-04 00:00:00.000000000,2009-09-04 00:00:00.000000000,1970-01-01 00:00:00.000000000,1910-01-01 00:00:00.000000000,2009-05-17 21:36:00.000000000,2008-11-26 15:45:22.377600000,109 days 02:24:00.000000000,109 days 02:24:00.000000000,0 days 00:00:00.000000000
2461,2009-08-04 00:00:00.000000000,2009-08-04 00:00:00.000000000,2009-08-04 00:00:00.000000000,1970-01-01 00:00:00.000000000,1910-01-01 00:00:00.000000000,2009-04-17 14:36:31.334400000,2008-10-27 08:45:53.712000000,108 days 09:23:28.665600000,108 days 09:23:28.665600000,0 days 00:00:00.000000000
2462,2009-08-04 00:00:00.000000000,2009-08-04 00:00:00.000000000,2009-08-04 00:00:00.000000000,1970-01-01 00:00:00.000000000,1910-01-01 00:00:00.000000000,2009-04-17 14:36:31.334400000,2008-10-27 08:45:53.712000000,108 days 09:23:28.665600000,108 days 09:23:28.665600000,0 days 00:00:00.000000000
2463,2009-09-15 00:00:00.000000000,2009-09-15 00:00:00.000000000,2009-09-15 00:00:00.000000000,1970-01-01 00:00:00.000000000,1910-01-01 00:00:00.000000000,2009-05-28 21:36:00.000000000,2008-12-07 15:45:22.377600000,109 days 02:24:00.000000000,109 days 02:24:00.000000000,0 days 00:00:00.000000000
2464,2009-09-15 00:00:00.000000000,2009-09-15 00:00:00.000000000,2009-09-15 00:00:00.000000000,1970-01-01 00:00:00.000000000,1910-01-01 00:00:00.000000000,2009-07-26 07:12:00.000000000,2009-02-04 01:21:22.377600000,50 days 16:48:00.000000000,50 days 16:48:00.000000000,0 days 00:00:00.000000000
2465,2009-08-10 00:00:00.000000000,2009-08-10 00:00:00.000000000,2009-08-10 00:00:00.000000000,1970-01-01 00:00:00.000000000,1910-01-01 00:00:00.000000000,2009-06-20 07:12:00.000000000,2008-12-30 01:21:22.377600000,50 days 16:48:00.000000000,50 days 16:48:00.000000000,0 days 00:00:00.000000000
2466,2009-09-17 00:00:00.000000000,2009-09-17 00:00:00.000000000,2009-09-17 00:00:00.000000000,1970-01-01 00:00:00.000000000,1910-01-01 00:00:00.000000000,2009-05-24 09:13:50.736000000,2008-12-03 03:23:13.113600000,115 days 14:46:09.264000000,115 days 14:46:09.264000000,0 days 00:00:00.000000000
2467,2009-10-07 00:00:00.000000000,2009-10-07 00:00:00.000000000,2009-10-07 00:00:00.000000000,1970-01-01 00:00:00.000000000,1910-01-01 00:00:00.000000000,2009-06-13 09:13:50.736000000,2008-12-23 03:23:13.113600000,115 days 14:46:09.264000000,115 days 14:46:09.264000000,0 days 00:00:00.000000000
2468,2009-09-22 00:00:00.000000000,2009-09-22 00:00:00.000000000,2009-09-22 00:00:00.000000000,1970-01-01 00:00:00.000000000,1910-01-01 00:00:00.000000000,2009-06-04 21:36:00.000000000,2008-12-14 15:45:22.377600000,109 days 02:24:00.000000000,109 days 02:24:00.000000000,0 days 00:00:00.000000000
2469,2009-09-25 00:00:00.000000000,2009-09-25 00:00:00.000000000,2009-09-25 00:00:00.000000000,1970-01-01 00:00:00.000000000,1910-01-01 00:00:00.000000000,2009-06-07 01:32:54.182400000,2008-12-16 19:42:16.560000000,109 days 22:27:05.817600000,109 days 22:27:05.817600000,0 days 00:00:00.000000000
2470,2009-10-02 00:00:00.000000000,2009-10-02 00:00:00.000000000,2009-10-02 00:00:00.000000000,1970-01-01 00:00:00.000000000,1910-01-01 00:00:00.000000000,2009-06-14 21:36:00.000000000,2008-12-24 15:45:22.377600000,109 days 02:24:00.000000000,109 days 02:24:00.000000000,0 days 00:00:00.000000000
2471,2009-08-27 00:00:00.000000000,2009-08-27 00:00:00.000000000,2009-08-27 00:00:00.000000000,1970-01-01 00:00:00.000000000,1910-01-01 00:00:00.000000000,2009-05-03 09:13:50.736000000,2008-11-12 03:23:13.113600000,115 days 14:46:09.264000000,115 days 14:46:09.264000000,0 days 00:00:00.000000000
2472,2009-10-20 00:00:00.000000000,2009-10-20 00:00:00.000000000,2009-10-20 00:00:00.000000000,1970-01-01 00:00:00.000000000,1910-01-01 00:00:00.000000000,2009-07-03 14:36:31.334400000,2009-01-12 08:45:53.712000000,108 days 09:23:28.665600000,108 days 09:23:28.665600000,0 days 00:00:00.000000000
2473,2009-10-26 00:00:00.000000000,2009-10-26 00:00:00.000000000,2009-10-26 00:00:00.000000000,1970-01-01 00:00:00.000000000,1910-01-01 00:00:00.000000000,2009-07-08 01:32:54.182400000,2009-01-16 19:42:16.560000000,109 days 22:27:05.817600000,109 days 22:27:05.817600000,0 days 00:00:00.000000000
2474,2009-10-06 00:00:00.000000000,2009-10-06 00:00:00.000000000,2009-10-06 00:00:00.000000000,1970-01-01 00:00:00.000000000,1910-01-01 00:00:00.000000000,2009-07-16 13:05:27.312000000,2009-01-25 07:14:49.689600000,81 days 10:54:32.688000000,81 days 10:54:32.688000000,0 days 00:00:00.000000000
2475,2009-10-13 00:00:00.000000000,2009-10-13 00:00:00.000000000,2009-10-13 00:00:00.000000000,1970-01-01 00:00:00.000000000,1910-01-01 00:00:00.000000000,2009-07-28 23:06:40.003200000,2009-02-06 17:16:02.380800000,76 days 00:53:19.996800000,76 days 00:53:19.996800000,0 days 00:00:00.000000000
2476,2009-11-13 00:00:00.000000000,2009-11-13 00:00:00.000000000,2009-11-13 00:00:00.000000000,1970-01-01 00:00:00.000000000,1910-01-01 00:00:00.000000000,2009-07-20 09:13:50.736000000,2009-01-29 03:23:13.113600000,115 days 14:46:09.264000000,115 days 14:46:09.264000000,0 days 00:00:00.000000000
2477,2009-11-16 00:00:00.000000000,2009-11-16 00:00:00.000000000,2009-11-16 00:00:00.000000000,1970-01-01 00:00:00.000000000,1910-01-01 00:00:00.000000000,2009-07-28 04:55:23.059200000,2009-02-05 23:04:45.436800000,110 days 19:04:36.940800000,110 days 19:04:36.940800000,0 days 00:00:00.000000000
2478,2010-01-06 00:00:00.000000000,2010-01-06 00:00:00.000000000,2010-01-06 00:00:00.000000000,1970-01-01 00:00:00.000000000,1910-01-01 00:00:00.000000000,2009-10-02 22:00:00.028800000,2009-04-13 16:09:22.406400000,95 days 01:59:59.971200000,95 days 01:59:59.971200000,0 days 00:00:00.000000000
2479,2007-03-29 00:00:00.000000000,2007-03-29 00:00:00.000000000,2007-03-29 00:00:00.000000000,1980-01-01 00:00:00.000000000,1910-01-01 00:00:00.000000000,2006-12-13 00:00:00.000000000,2006-06-23 18:09:22.377600000,106 days 00:00:00.000000000,106 days 00:00:00.000000000,0 days 00:00:00.000000000
2480,2006-09-20 00:00:00.000000000,2006-07-13 00:00:00.000000000,2006-07-13 00:00:00.000000000,1980-01-01 00:00:00.000000000,1910-01-01 00:00:00.000000000,2006-08-09 12:00:00.000000000,2006-02-18 06:09:22.377600000,41 days 12:00:00.000000000,-28 days +12:00:00.000000000,-69 days +00:00:00.000000000
2481,2007-03-28 00:00:00.000000000,2007-03-28 00:00:00.000000000,2007-03-28 00:00:00.000000000,1980-01-01 00:00:00.000000000,1910-01-01 00:00:00.000000000,2007-01-02 12:00:00.000000000,2006-07-14 06:09:22.377600000,84 days 12:00:00.000000000,84 days 12:00:00.000000000,0 days 00:00:00.000000000
2482,2007-05-04 00:00:00.000000000,2007-05-04 00:00:00.000000000,2007-05-04 00:00:00.000000000,1980-01-01 00:00:00.000000000,1910-01-01 00:00:00.000000000,2007-01-18 00:00:00.000000000,2006-07-29 18:09:22.377600000,106 days 00:00:00.000000000,106 days 00:00:00.000000000,0 days 00:00:00.000000000
2483,2007-05-04 00:00:00.000000000,2007-05-04 00:00:00.000000000,2007-05-04 00:00:00.000000000,1980-01-01 00:00:00.000000000,1910-01-01 00:00:00.000000000,2007-02-08 12:00:00.000000000,2006-08-20 06:09:22.377600000,84 days 12:00:00.000000000,84 days 12:00:00.000000000,0 days 00:00:00.000000000
2484,2007-04-27 00:00:00.000000000,2007-04-27 00:00:00.000000000,2007-04-27 00:00:00.000000000,1980-01-01 00:00:00.000000000,1910-01-01 00:00:00.000000000,2007-02-01 12:00:00.000000000,2006-08-13 06:09:22.377600000,84 days 12:00:00.000000000,84 days 12:00:00.000000000,0 days 00:00:00.000000000
2485,2007-04-26 00:00:00.000000000,2007-04-26 00:00:00.000000000,2007-04-26 00:00:00.000000000,1980-01-01 00:00:00.000000000,1910-01-01 00:00:00.000000000,2007-01-31 12:00:00.000000000,2006-08-12 06:09:22.377600000,84 days 12:00:00.000000000,84 days 12:00:00.000000000,0 days 00:00:00.000000000
2486,2007-05-16 00:00:00.000000000,2007-05-16 00:00:00.000000000,2007-05-16 00:00:00.000000000,1980-01-01 00:00:00.000000000,1910-01-01 00:00:00.000000000,2007-02-20 12:00:00.000000000,2006-09-01 06:09:22.377600000,84 days 12:00:00.000000000,84 days 12:00:00.000000000,0 days 00:00:00.000000000
2487,2007-04-19 00:00:00.000000000,2007-04-19 00:00:00.000000000,2007-04-19 00:00:00.000000000,1980-01-01 00:00:00.000000000,1910-01-01 00:00:00.000000000,2007-03-06 02:39:59.990400000,2006-09-14 20:49:22.368000000,43 days 21:20:00.009600000,43 days 21:20:00.009600000,0 days 00:00:00.000000000
2488,2007-05-15 00:00:00.000000000,2007-05-15 00:00:00.000000000,2007-05-15 00:00:00.000000000,1980-01-01 00:00:00.000000000,1910-01-01 00:00:00.000000000,2007-02-19 12:00:00.000000000,2006-08-31 06:09:22.377600000,84 days 12:00:00.000000000,84 days 12:00:00.000000000,0 days 00:00:00.000000000
2489,2007-05-24 00:00:00.000000000,2007-05-24 00:00:00.000000000,2007-05-24 00:00:00.000000000,1980-01-01 00:00:00.000000000,1910-01-01 00:00:00.000000000,2007-04-15 14:24:00.000000000,2006-10-25 08:33:22.377600000,38 days 09:36:00.000000000,38 days 09:36:00.000000000,0 days 00:00:00.000000000
2490,2007-03-26 00:00:00.000000000,2007-03-26 00:00:00.000000000,2007-03-26 00:00:00.000000000,1980-01-01 00:00:00.000000000,1910-01-01 00:00:00.000000000,2006-12-31 12:00:00.000000000,2006-07-12 06:09:22.377600000,84 days 12:00:00.000000000,84 days 12:00:00.000000000,0 days 00:00:00.000000000
2491,2007-04-13 00:00:00.000000000,2007-04-13 00:00:00.000000000,2007-04-13 00:00:00.000000000,1980-01-01 00:00:00.000000000,1910-01-01 00:00:00.000000000,2007-02-16 00:00:00.000000000,2006-08-27 18:09:22.377600000,56 days 00:00:00.000000000,56 days 00:00:00.000000000,0 days 00:00:00.000000000
2492,2007-05-04 00:00:00.000000000,2007-05-04 00:00:00.000000000,2007-05-04 00:00:00.000000000,1980-01-01 00:00:00.000000000,1910-01-01 00:00:00.000000000,2007-01-18 00:00:00.000000000,2006-07-29 18:09:22.377600000,106 days 00:00:00.000000000,106 days 00:00:00.000000000,0 days 00:00:00.000000000
2493,2007-04-30 00:00:00.000000000,2007-04-30 00:00:00.000000000,2007-04-30 00:00:00.000000000,1980-01-01 00:00:00.000000000,1910-01-01 00:00:00.000000000,2007-02-08 04:48:00.000000000,2006-08-19 22:57:22.377600000,80 days 19:12:00.000000000,80 days 19:12:00.000000000,0 days 00:00:00.000000000
2494,2007-04-30 00:00:00.000000000,2007-04-30 00:00:00.000000000,2007-04-30 00:00:00.000000000,1980-01-01 00:00:00.000000000,1910-01-01 00:00:00.000000000,2007-02-08 04:48:00.000000000,2006-08-19 22:57:22.377600000,80 days 19:12:00.000000000,80 days 19:12:00.000000000,0 days 00:00:00.000000000
2495,2007-07-06 00:00:00.000000000,2007-07-06 00:00:00.000000000,2007-07-06 00:00:00.000000000,1980-01-01 00:00:00.000000000,1910-01-01 00:00:00.000000000,2007-05-11 00:00:00.000000000,2006-11-19 18:09:22.377600000,56 days 00:00:00.000000000,56 days 00:00:00.000000000,0 days 00:00:00.000000000
2496,2007-06-15 00:00:00.000000000,2007-06-15 00:00:00.000000000,2007-06-15 00:00:00.000000000,1980-01-01 00:00:00.000000000,1910-01-01 00:00:00.000000000,2007-03-26 04:48:00.000000000,2006-10-04 22:57:22.377600000,80 days 19:12:00.000000000,80 days 19:12:00.000000000,0 days 00:00:00.000000000
2497,2007-06-20 00:00:00.000000000,2007-06-20 00:00:00.000000000,2007-06-20 00:00:00.000000000,1980-01-01 00:00:00.000000000,1910-01-01 00:00:00.000000000,2007-03-06 00:00:00.000000000,2006-09-14 18:09:22.377600000,106 days 00:00:00.000000000,106 days 00:00:00.000000000,0 days 00:00:00.000000000
2498,2007-05-18 00:00:00.000000000,2007-05-18 00:00:00.000000000,2007-05-18 00:00:00.000000000,1980-01-01 00:00:00.000000000,1910-01-01 00:00:00.000000000,2007-02-26 04:48:00.000000000,2006-09-06 22:57:22.377600000,80 days 19:12:00.000000000,80 days 19:12:00.000000000,0 days 00:00:00.000000000
2499,2007-06-21 00:00:00.000000000,2007-06-21 00:00:00.000000000,2007-06-21 00:00:00.000000000,1980-01-01 00:00:00.000000000,1910-01-01 00:00:00.000000000,2007-04-01 04:48:00.000000000,2006-10-10 22:57:22.377600000,80 days 19:12:00.000000000,80 days 19:12:00.000000000,0 days 00:00:00.000000000
2500,2007-06-08 00:00:00.000000000,2007-06-08 00:00:00.000000000,2007-06-08 00:00:00.000000000,1980-01-01 00:00:00.000000000,1910-01-01 00:00:00.000000000,2007-03-19 04:48:00.000000000,2006-09-27 22:57:22.377600000,80 days 19:12:00.000000000,80 days 19:12:00.000000000,0 days 00:00:00.000000000
2501,2007-07-13 00:00:00.000000000,2007-07-13 00:00:00.000000000,2007-07-13 00:00:00.000000000,1980-01-01 00:00:00.000000000,1910-01-01 00:00:00.000000000,2007-05-18 00:00:00.000000000,2006-11-26 18:09:22.377600000,56 days 00:00:00.000000000,56 days 00:00:00.000000000,0 days 00:00:00.000000000
2502,2007-08-13 00:00:00.000000000,2007-08-13 00:00:00.000000000,2007-08-13 00:00:00.000000000,1980-01-01 00:00:00.000000000,1910-01-01 00:00:00.000000000,2007-06-18 00:00:00.000000000,2006-12-27 18:09:22.377600000,56 days 00:00:00.000000000,56 days 00:00:00.000000000,0 days 00:00:00.000000000
2503,2007-07-26 00:00:00.000000000,2007-07-26 00:00:00.000000000,2007-07-26 00:00:00.000000000,1980-01-01 00:00:00.000000000,1910-01-01 00:00:00.000000000,2007-06-12 02:39:59.990400000,2006-12-21 20:49:22.368000000,43 days 21:20:00.009600000,43 days 21:20:00.009600000,0 days 00:00:00.000000000
2504,2007-08-03 00:00:00.000000000,2007-08-03 00:00:00.000000000,2007-08-03 00:00:00.000000000,1980-01-01 00:00:00.000000000,1910-01-01 00:00:00.000000000,2007-05-14 04:48:00.000000000,2006-11-22 22:57:22.377600000,80 days 19:12:00.000000000,80 days 19:12:00.000000000,0 days 00:00:00.000000000
2505,2007-08-14 00:00:00.000000000,2007-08-14 00:00:00.000000000,2007-08-14 00:00:00.000000000,1980-01-01 00:00:00.000000000,1910-01-01 00:00:00.000000000,2007-05-25 04:48:00.000000000,2006-12-03 22:57:22.377600000,80 days 19:12:00.000000000,80 days 19:12:00.000000000,0 days 00:00:00.000000000
2506,2007-07-10 00:00:00.000000000,2007-07-10 00:00:00.000000000,2007-07-10 00:00:00.000000000,1980-01-01 00:00:00.000000000,1910-01-01 00:00:00.000000000,2007-04-20 04:48:00.000000000,2006-10-29 22:57:22.377600000,80 days 19:12:00.000000000,80 days 19:12:00.000000000,0 days 00:00:00.000000000
2507,2007-08-21 00:00:00.000000000,2007-08-21 00:00:00.000000000,2007-08-21 00:00:00.000000000,1980-01-01 00:00:00.000000000,1910-01-01 00:00:00.000000000,2007-06-01 04:48:00.000000000,2006-12-10 22:57:22.377600000,80 days 19:12:00.000000000,80 days 19:12:00.000000000,0 days 00:00:00.000000000
2508,2007-08-03 00:00:00.000000000,2007-08-03 00:00:00.000000000,2007-08-03 00:00:00.000000000,1980-01-01 00:00:00.000000000,1910-01-01 00:00:00.000000000,2007-05-14 04:48:00.000000000,2006-11-22 22:57:22.377600000,80 days 19:12:00.000000000,80 days 19:12:00.000000000,0 days 00:00:00.000000000
2509,2007-08-02 00:00:00.000000000,2007-08-02 00:00:00.000000000,2007-08-02 00:00:00.000000000,1980-01-01 00:00:00.000000000,1910-01-01 00:00:00.000000000,2007-06-19 02:39:59.990400000,2006-12-28 20:49:22.368000000,43 days 21:20:00.009600000,43 days 21:20:00.009600000,0 days 00:00:00.000000000
2510,2007-10-10 00:00:00.000000000,2007-10-10 00:00:00.000000000,2007-10-10 00:00:00.000000000,1980-01-01 00:00:00.000000000,1910-01-01 00:00:00.000000000,2007-06-26 00:00:00.000000000,2007-01-04 18:09:22.377600000,106 days 00:00:00.000000000,106 days 00:00:00.000000000,0 days 00:00:00.000000000
2511,2007-07-18 00:00:00.000000000,2007-07-18 00:00:00.000000000,2007-07-18 00:00:00.000000000,1980-01-01 00:00:00.000000000,1910-01-01 00:00:00.000000000,2007-04-28 04:48:00.000000000,2006-11-06 22:57:22.377600000,80 days 19:12:00.000000000,80 days 19:12:00.000000000,0 days 00:00:00.000000000
2512,2007-07-18 00:00:00.000000000,2007-07-18 00:00:00.000000000,2007-07-18 00:00:00.000000000,1980-01-01 00:00:00.000000000,1910-01-01 00:00:00.000000000,2007-04-28 04:48:00.000000000,2006-11-06 22:57:22.377600000,80 days 19:12:00.000000000,80 days 19:12:00.000000000,0 days 00:00:00.000000000
2513,2007-09-07 00:00:00.000000000,2007-09-07 00:00:00.000000000,2007-09-07 00:00:00.000000000,1980-01-01 00:00:00.000000000,1910-01-01 00:00:00.000000000,2007-08-09 00:00:00.000000000,2007-02-17 18:09:22.377600000,29 days 00:00:00.000000000,29 days 00:00:00.000000000,0 days 00:00:00.000000000
2514,2007-09-10 00:00:00.000000000,2007-09-10 00:00:00.000000000,2007-09-10 00:00:00.000000000,1980-01-01 00:00:00.000000000,1910-01-01 00:00:00.000000000,2007-07-16 00:00:00.000000000,2007-01-24 18:09:22.377600000,56 days 00:00:00.000000000,56 days 00:00:00.000000000,0 days 00:00:00.000000000
2515,2007-09-10 00:00:00.000000000,2007-09-10 00:00:00.000000000,2007-09-10 00:00:00.000000000,1980-01-01 00:00:00.000000000,1910-01-01 00:00:00.000000000,2007-07-16 00:00:00.000000000,2007-01-24 18:09:22.377600000,56 days 00:00:00.000000000,56 days 00:00:00.000000000,0 days 00:00:00.000000000
2516,2007-09-10 00:00:00.000000000,2007-09-10 00:00:00.000000000,2007-09-10 00:00:00.000000000,1980-01-01 00:00:00.000000000,1910-01-01 00:00:00.000000000,2007-07-16 00:00:00.000000000,2007-01-24 18:09:22.377600000,56 days 00:00:00.000000000,56 days 00:00:00.000000000,0 days 00:00:00.000000000
2517,2007-09-21 00:00:00.000000000,2007-09-21 00:00:00.000000000,2007-09-21 00:00:00.000000000,1980-01-01 00:00:00.000000000,1910-01-01 00:00:00.000000000,2007-06-07 00:00:00.000000000,2006-12-16 18:09:22.377600000,106 days 00:00:00.000000000,106 days 00:00:00.000000000,0 days 00:00:00.000000000
2518,2007-09-21 00:00:00.000000000,2007-09-21 00:00:00.000000000,2007-09-21 00:00:00.000000000,1980-01-01 00:00:00.000000000,1910-01-01 00:00:00.000000000,2007-06-07 00:00:00.000000000,2006-12-16 18:09:22.377600000,106 days 00:00:00.000000000,106 days 00:00:00.000000000,0 days 00:00:00.000000000
2519,2007-08-30 00:00:00.000000000,2007-08-30 00:00:00.000000000,2007-08-30 00:00:00.000000000,1980-01-01 00:00:00.000000000,1910-01-01 00:00:00.000000000,2007-06-10 04:48:00.000000000,2006-12-19 22:57:22.377600000,80 days 19:12:00.000000000,80 days 19:12:00.000000000,0 days 00:00:00.000000000
2520,2007-09-18 00:00:00.000000000,2007-09-18 00:00:00.000000000,2007-09-18 00:00:00.000000000,1980-01-01 00:00:00.000000000,1910-01-01 00:00:00.000000000,2007-07-23 16:00:00.028800000,2007-02-01 10:09:22.406400000,56 days 07:59:59.971200000,56 days 07:59:59.971200000,0 days 00:00:00.000000000
2521,2007-09-18 00:00:00.000000000,2007-09-18 00:00:00.000000000,2007-09-18 00:00:00.000000000,1980-01-01 00:00:00.000000000,1910-01-01 00:00:00.000000000,2007-07-23 16:00:00.028800000,2007-02-01 10:09:22.406400000,56 days 07:59:59.971200000,56 days 07:59:59.971200000,0 days 00:00:00.000000000
2522,2007-10-16 00:00:00.000000000,2007-10-16 00:00:00.000000000,2007-10-16 00:00:00.000000000,1980-01-01 00:00:00.000000000,1910-01-01 00:00:00.000000000,2007-08-04 15:55:14.822400000,2007-02-13 10:04:37.200000000,72 days 08:04:45.177600000,72 days 08:04:45.177600000,0 days 00:00:00.000000000
2523,2007-09-14 00:00:00.000000000,2007-09-14 00:00:00.000000000,2007-09-14 00:00:00.000000000,1980-01-01 00:00:00.000000000,1910-01-01 00:00:00.000000000,2007-06-25 04:48:00.000000000,2007-01-03 22:57:22.377600000,80 days 19:12:00.000000000,80 days 19:12:00.000000000,0 days 00:00:00.000000000
2524,2007-09-04 00:00:00.000000000,2007-09-04 00:00:00.000000000,2007-09-04 00:00:00.000000000,1980-01-01 00:00:00.000000000,1910-01-01 00:00:00.000000000,2007-07-23 07:59:59.971200000,2007-02-01 02:09:22.348800000,42 days 16:00:00.028800000,42 days 16:00:00.028800000,0 days 00:00:00.000000000
2525,2007-09-04 00:00:00.000000000,2007-09-04 00:00:00.000000000,2007-09-04 00:00:00.000000000,1980-01-01 00:00:00.000000000,1910-01-01 00:00:00.000000000,2007-07-23 07:59:59.971200000,2007-02-01 02:09:22.348800000,42 days 16:00:00.028800000,42 days 16:00:00.028800000,0 days 00:00:00.000000000
2526,2007-08-31 00:00:00.000000000,2007-08-31 00:00:00.000000000,2007-08-31 00:00:00.000000000,1980-01-01 00:00:00.000000000,1910-01-01 00:00:00.000000000,2007-06-07 12:00:00.000000000,2006-12-17 06:09:22.377600000,84 days 12:00:00.000000000,84 days 12:00:00.000000000,0 days 00:00:00.000000000
2527,2007-09-12 00:00:00.000000000,2007-09-12 00:00:00.000000000,2007-09-12 00:00:00.000000000,1980-01-01 00:00:00.000000000,1910-01-01 00:00:00.000000000,2007-06-23 04:48:00.000000000,2007-01-01 22:57:22.377600000,80 days 19:12:00.000000000,80 days 19:12:00.000000000,0 days 00:00:00.000000000
2528,2007-11-12 00:00:00.000000000,2007-11-12 00:00:00.000000000,2007-11-12 00:00:00.000000000,1980-01-01 00:00:00.000000000,1910-01-01 00:00:00.000000000,2007-08-19 12:00:00.000000000,2007-02-28 06:09:22.377600000,84 days 12:00:00.000000000,84 days 12:00:00.000000000,0 days 00:00:00.000000000
2529,2007-10-06 00:00:00.000000000,2007-10-06 00:00:00.000000000,2007-10-06 00:00:00.000000000,1980-01-01 00:00:00.000000000,1910-01-01 00:00:00.000000000,2007-09-11 12:00:00.000000000,2007-03-23 06:09:22.377600000,24 days 12:00:00.000000000,24 days 12:00:00.000000000,0 days 00:00:00.000000000
2530,2007-10-17 00:00:00.000000000,2007-10-17 00:00:00.000000000,2007-10-17 00:00:00.000000000,1980-01-01 00:00:00.000000000,1910-01-01 00:00:00.000000000,2007-07-24 12:00:00.000000000,2007-02-02 06:09:22.377600000,84 days 12:00:00.000000000,84 days 12:00:00.000000000,0 days 00:00:00.000000000
2531,2007-09-20 00:00:00.000000000,2007-09-20 00:00:00.000000000,2007-09-20 00:00:00.000000000,1980-01-01 00:00:00.000000000,1910-01-01 00:00:00.000000000,2007-08-12 14:24:00.000000000,2007-02-21 08:33:22.377600000,38 days 09:36:00.000000000,38 days 09:36:00.000000000,0 days 00:00:00.000000000
2532,2007-11-29 00:00:00.000000000,2007-11-29 00:00:00.000000000,2007-11-29 00:00:00.000000000,1980-01-01 00:00:00.000000000,1910-01-01 00:00:00.000000000,2007-08-15 00:00:00.000000000,2007-02-23 18:09:22.377600000,106 days 00:00:00.000000000,106 days 00:00:00.000000000,0 days 00:00:00.000000000
2533,2007-11-13 00:00:00.000000000,2007-11-13 00:00:00.000000000,2007-11-13 00:00:00.000000000,1980-01-01 00:00:00.000000000,1910-01-01 00:00:00.000000000,2007-08-24 04:48:00.000000000,2007-03-04 22:57:22.377600000,80 days 19:12:00.000000000,80 days 19:12:00.000000000,0 days 00:00:00.000000000
2534,2007-11-16 00:00:00.000000000,2007-11-16 00:00:00.000000000,2007-11-16 00:00:00.000000000,1980-01-01 00:00:00.000000000,1910-01-01 00:00:00.000000000,2007-09-20 16:00:00.028800000,2007-04-01 10:09:22.406400000,56 days 07:59:59.971200000,56 days 07:59:59.971200000,0 days 00:00:00.000000000
2535,2008-02-19 00:00:00.000000000,2008-02-19 00:00:00.000000000,2008-02-19 00:00:00.000000000,1980-01-01 00:00:00.000000000,1910-01-01 00:00:00.000000000,2007-11-24 15:31:45.897600000,2007-06-05 09:41:08.275200000,86 days 08:28:14.102400000,86 days 08:28:14.102400000,0 days 00:00:00.000000000
2536,2008-03-06 00:00:00.000000000,2008-02-19 00:00:00.000000000,2008-02-19 00:00:00.000000000,1980-01-01 00:00:00.000000000,1910-01-01 00:00:00.000000000,2007-12-10 15:31:45.897600000,2007-06-21 09:41:08.275200000,86 days 08:28:14.102400000,70 days 08:28:14.102400000,-16 days +00:00:00.000000000
2537,2007-11-07 00:00:00.000000000,2007-11-07 00:00:00.000000000,2007-11-07 00:00:00.000000000,1980-01-01 00:00:00.000000000,1910-01-01 00:00:00.000000000,2007-10-04 13:05:27.312000000,2007-04-15 07:14:49.689600000,33 days 10:54:32.688000000,33 days 10:54:32.688000000,0 days 00:00:00.000000000
2538,2007-11-22 00:00:00.000000000,2007-11-22 00:00:00.000000000,2007-11-22 00:00:00.000000000,1980-01-01 00:00:00.000000000,1910-01-01 00:00:00.000000000,2007-09-02 04:48:00.000000000,2007-03-13 22:57:22.377600000,80 days 19:12:00.000000000,80 days 19:12:00.000000000,0 days 00:00:00.000000000
2539,2007-11-21 00:00:00.000000000,2007-11-21 00:00:00.000000000,2007-11-21 00:00:00.000000000,1980-01-01 00:00:00.000000000,1910-01-01 00:00:00.000000000,2007-08-28 12:00:00.000000000,2007-03-09 06:09:22.377600000,84 days 12:00:00.000000000,84 days 12:00:00.000000000,0 days 00:00:00.000000000
2540,2007-12-05 00:00:00.000000000,2007-12-05 00:00:00.000000000,2007-12-05 00:00:00.000000000,1980-01-01 00:00:00.000000000,1910-01-01 00:00:00.000000000,2007-11-10 12:00:00.000000000,2007-05-22 06:09:22.377600000,24 days 12:00:00.000000000,24 days 12:00:00.000000000,0 days 00:00:00.000000000
2541,2007-12-05 00:00:00.000000000,2007-12-05 00:00:00.000000000,2007-12-05 00:00:00.000000000,1980-01-01 00:00:00.000000000,1910-01-01 00:00:00.000000000,2007-11-10 12:00:00.000000000,2007-05-22 06:09:22.377600000,24 days 12:00:00.000000000,24 days 12:00:00.000000000,0 days 00:00:00.000000000
2542,2007-11-30 00:00:00.000000000,2007-11-30 00:00:00.000000000,2007-11-30 00:00:00.000000000,1980-01-01 00:00:00.000000000,1910-01-01 00:00:00.000000000,2007-09-10 04:48:00.000000000,2007-03-21 22:57:22.377600000,80 days 19:12:00.000000000,80 days 19:12:00.000000000,0 days 00:00:00.000000000
2543,2007-12-18 00:00:00.000000000,2007-12-18 00:00:00.000000000,2007-12-18 00:00:00.000000000,1980-01-01 00:00:00.000000000,1910-01-01 00:00:00.000000000,2007-09-28 04:48:00.000000000,2007-04-08 22:57:22.377600000,80 days 19:12:00.000000000,80 days 19:12:00.000000000,0 days 00:00:00.000000000
2544,2007-12-03 00:00:00.000000000,2007-12-03 00:00:00.000000000,2007-12-03 00:00:00.000000000,1980-01-01 00:00:00.000000000,1910-01-01 00:00:00.000000000,2007-10-25 14:24:00.000000000,2007-05-06 08:33:22.377600000,38 days 09:36:00.000000000,38 days 09:36:00.000000000,0 days 00:00:00.000000000
2545,2007-12-03 00:00:00.000000000,2007-12-03 00:00:00.000000000,2007-12-03 00:00:00.000000000,1980-01-01 00:00:00.000000000,1910-01-01 00:00:00.000000000,2007-10-25 14:24:00.000000000,2007-05-06 08:33:22.377600000,38 days 09:36:00.000000000,38 days 09:36:00.000000000,0 days 00:00:00.000000000
2546,2008-02-08 00:00:00.000000000,2008-02-08 00:00:00.000000000,2008-02-08 00:00:00.000000000,1980-01-01 00:00:00.000000000,1910-01-01 00:00:00.000000000,2007-11-04 02:10:54.537600000,2007-05-15 20:20:16.915200000,95 days 21:49:05.462400000,95 days 21:49:05.462400000,0 days 00:00:00.000000000
2547,2007-12-14 00:00:00.000000000,2007-12-14 00:00:00.000000000,2007-12-14 00:00:00.000000000,1980-01-01 00:00:00.000000000,1910-01-01 00:00:00.000000000,2007-09-24 04:48:00.000000000,2007-04-04 22:57:22.377600000,80 days 19:12:00.000000000,80 days 19:12:00.000000000,0 days 00:00:00.000000000
2548,2008-01-09 00:00:00.000000000,2008-01-09 00:00:00.000000000,2008-01-09 00:00:00.000000000,1980-01-01 00:00:00.000000000,1910-01-01 00:00:00.000000000,2007-10-17 19:02:04.099200000,2007-04-28 13:11:26.476800000,83 days 04:57:55.900800000,83 days 04:57:55.900800000,0 days 00:00:00.000000000
2549,2008-01-09 00:00:00.000000000,2008-01-09 00:00:00.000000000,2008-01-09 00:00:00.000000000,1980-01-01 00:00:00.000000000,1910-01-01 00:00:00.000000000,2007-10-17 19:02:04.099200000,2007-04-28 13:11:26.476800000,83 days 04:57:55.900800000,83 days 04:57:55.900800000,0 days 00:00:00.000000000
2550,2007-12-20 00:00:00.000000000,2007-12-20 00:00:00.000000000,2007-12-20 00:00:00.000000000,1980-01-01 00:00:00.000000000,1910-01-01 00:00:00.000000000,2007-11-07 07:59:59.971200000,2007-05-19 02:09:22.348800000,42 days 16:00:00.028800000,42 days 16:00:00.028800000,0 days 00:00:00.000000000
2551,2008-04-08 00:00:00.000000000,2008-04-05 00:00:00.000000000,2008-04-05 00:00:00.000000000,1980-01-01 00:00:00.000000000,1910-01-01 00:00:00.000000000,2008-01-03 02:10:54.537600000,2007-07-14 20:20:16.915200000,95 days 21:49:05.462400000,92 days 21:49:05.462400000,-3 days +00:00:00.000000000
2552,2008-03-11 00:00:00.000000000,2008-03-11 00:00:00.000000000,2008-03-11 00:00:00.000000000,1980-01-01 00:00:00.000000000,1910-01-01 00:00:00.000000000,2007-12-17 13:42:51.465600000,2007-06-28 07:52:13.843200000,84 days 10:17:08.534400000,84 days 10:17:08.534400000,0 days 00:00:00.000000000
2553,2008-01-14 00:00:00.000000000,2008-01-14 00:00:00.000000000,2008-01-14 00:00:00.000000000,1980-01-01 00:00:00.000000000,1910-01-01 00:00:00.000000000,2007-08-09 09:36:00.000000000,2007-02-18 03:45:22.377600000,157 days 14:24:00.000000000,157 days 14:24:00.000000000,0 days 00:00:00.000000000
2554,2008-03-08 00:00:00.000000000,2008-03-08 00:00:00.000000000,2008-03-08 00:00:00.000000000,1980-01-01 00:00:00.000000000,1910-01-01 00:00:00.000000000,2007-12-08 17:41:03.148800000,2007-06-19 11:50:25.526400000,90 days 06:18:56.851200000,90 days 06:18:56.851200000,0 days 00:00:00.000000000
2555,2008-04-08 00:00:00.000000000,2008-04-05 00:00:00.000000000,2008-04-05 00:00:00.000000000,1980-01-01 00:00:00.000000000,1910-01-01 00:00:00.000000000,2008-01-03 02:10:54.537600000,2007-07-14 20:20:16.915200000,95 days 21:49:05.462400000,92 days 21:49:05.462400000,-3 days +00:00:00.000000000
2556,2008-03-04 00:00:00.000000000,2008-02-21 00:00:00.000000000,2008-02-21 00:00:00.000000000,1980-01-01 00:00:00.000000000,1910-01-01 00:00:00.000000000,2007-12-04 17:41:03.148800000,2007-06-15 11:50:25.526400000,90 days 06:18:56.851200000,78 days 06:18:56.851200000,-12 days +00:00:00.000000000
2557,2007-12-20 00:00:00.000000000,2008-01-09 00:00:00.000000000,2008-01-09 00:00:00.000000000,1980-01-01 00:00:00.000000000,1910-01-01 00:00:00.000000000,2007-11-07 07:59:59.971200000,2007-05-19 02:09:22.348800000,42 days 16:00:00.028800000,62 days 16:00:00.028800000,20 days 00:00:00.000000000
2558,2008-02-15 00:00:00.000000000,2008-02-15 00:00:00.000000000,2008-02-15 00:00:00.000000000,1980-01-01 00:00:00.000000000,1910-01-01 00:00:00.000000000,2007-11-22 13:42:51.465600000,2007-06-03 07:52:13.843200000,84 days 10:17:08.534400000,84 days 10:17:08.534400000,0 days 00:00:00.000000000
2559,2008-02-05 00:00:00.000000000,2008-02-05 00:00:00.000000000,2008-02-05 00:00:00.000000000,1980-01-01 00:00:00.000000000,1910-01-01 00:00:00.000000000,2007-11-10 15:31:45.897600000,2007-05-22 09:41:08.275200000,86 days 08:28:14.102400000,86 days 08:28:14.102400000,0 days 00:00:00.000000000
2560,2008-02-01 00:00:00.000000000,2008-02-01 00:00:00.000000000,2008-02-01 00:00:00.000000000,1980-01-01 00:00:00.000000000,1910-01-01 00:00:00.000000000,2007-11-06 15:31:45.897600000,2007-05-18 09:41:08.275200000,86 days 08:28:14.102400000,86 days 08:28:14.102400000,0 days 00:00:00.000000000
2561,2008-02-28 00:00:00.000000000,2008-02-28 00:00:00.000000000,2008-02-28 00:00:00.000000000,1980-01-01 00:00:00.000000000,1910-01-01 00:00:00.000000000,2007-12-05 13:42:51.465600000,2007-06-16 07:52:13.843200000,84 days 10:17:08.534400000,84 days 10:17:08.534400000,0 days 00:00:00.000000000
2562,2008-04-21 00:00:00.000000000,2008-04-21 00:00:00.000000000,2008-04-21 00:00:00.000000000,1980-01-01 00:00:00.000000000,1910-01-01 00:00:00.000000000,2007-11-15 09:36:00.000000000,2007-05-27 03:45:22.377600000,157 days 14:24:00.000000000,157 days 14:24:00.000000000,0 days 00:00:00.000000000
2563,2008-07-04 00:00:00.000000000,2008-07-04 00:00:00.000000000,2008-07-04 00:00:00.000000000,1980-01-01 00:00:00.000000000,1910-01-01 00:00:00.000000000,2008-04-04 17:41:03.148800000,2007-10-15 11:50:25.526400000,90 days 06:18:56.851200000,90 days 06:18:56.851200000,0 days 00:00:00.000000000
2564,2008-04-18 00:00:00.000000000,2008-04-18 00:00:00.000000000,2008-04-18 00:00:00.000000000,1980-01-01 00:00:00.000000000,1910-01-01 00:00:00.000000000,2008-01-25 19:02:04.099200000,2007-08-06 13:11:26.476800000,83 days 04:57:55.900800000,83 days 04:57:55.900800000,0 days 00:00:00.000000000
2565,2008-05-14 00:00:00.000000000,2008-05-14 00:00:00.000000000,2008-05-14 00:00:00.000000000,1980-01-01 00:00:00.000000000,1910-01-01 00:00:00.000000000,2008-02-17 15:31:45.897600000,2007-08-29 09:41:08.275200000,86 days 08:28:14.102400000,86 days 08:28:14.102400000,0 days 00:00:00.000000000
2566,2008-05-14 00:00:00.000000000,2008-05-14 00:00:00.000000000,2008-05-14 00:00:00.000000000,1980-01-01 00:00:00.000000000,1910-01-01 00:00:00.000000000,2008-02-20 19:02:04.099200000,2007-09-01 13:11:26.476800000,83 days 04:57:55.900800000,83 days 04:57:55.900800000,0 days 00:00:00.000000000
2567,2008-06-30 00:00:00.000000000,2008-06-30 00:00:00.000000000,2008-06-30 00:00:00.000000000,1980-01-01 00:00:00.000000000,1910-01-01 00:00:00.000000000,2008-02-21 05:19:59.980800000,2007-09-01 23:29:22.358400000,129 days 18:40:00.019200000,129 days 18:40:00.019200000,0 days 00:00:00.000000000
2568,2008-06-30 00:00:00.000000000,2008-06-30 00:00:00.000000000,2008-06-30 00:00:00.000000000,1980-01-01 00:00:00.000000000,1910-01-01 00:00:00.000000000,2008-02-21 05:19:59.980800000,2007-09-01 23:29:22.358400000,129 days 18:40:00.019200000,129 days 18:40:00.019200000,0 days 00:00:00.000000000
2569,2008-06-02 00:00:00.000000000,2008-06-02 00:00:00.000000000,2008-06-02 00:00:00.000000000,1980-01-01 00:00:00.000000000,1910-01-01 00:00:00.000000000,2008-03-07 15:31:45.897600000,2007-09-17 09:41:08.275200000,86 days 08:28:14.102400000,86 days 08:28:14.102400000,0 days 00:00:00.000000000
2570,2008-07-18 00:00:00.000000000,2008-07-18 00:00:00.000000000,2008-07-18 00:00:00.000000000,1980-01-01 00:00:00.000000000,1910-01-01 00:00:00.000000000,2008-04-13 02:10:54.537600000,2007-10-23 20:20:16.915200000,95 days 21:49:05.462400000,95 days 21:49:05.462400000,0 days 00:00:00.000000000
2571,2008-07-29 00:00:00.000000000,2008-07-29 00:00:00.000000000,2008-07-29 00:00:00.000000000,1980-01-01 00:00:00.000000000,1910-01-01 00:00:00.000000000,2008-05-05 10:00:00.028800000,2007-11-15 04:09:22.406400000,84 days 13:59:59.971200000,84 days 13:59:59.971200000,0 days 00:00:00.000000000
2572,2008-08-21 00:00:00.000000000,2008-08-21 00:00:00.000000000,2008-08-21 00:00:00.000000000,1980-01-01 00:00:00.000000000,1910-01-01 00:00:00.000000000,2008-04-13 05:19:59.980800000,2007-10-23 23:29:22.358400000,129 days 18:40:00.019200000,129 days 18:40:00.019200000,0 days 00:00:00.000000000
2573,2008-06-02 00:00:00.000000000,2008-06-02 00:00:00.000000000,2008-06-02 00:00:00.000000000,1980-01-01 00:00:00.000000000,1910-01-01 00:00:00.000000000,2008-03-03 17:41:03.148800000,2007-09-13 11:50:25.526400000,90 days 06:18:56.851200000,90 days 06:18:56.851200000,0 days 00:00:00.000000000
2574,2008-03-27 00:00:00.000000000,2008-03-27 00:00:00.000000000,2008-03-27 00:00:00.000000000,1980-01-01 00:00:00.000000000,1910-01-01 00:00:00.000000000,2008-01-31 16:21:49.075200000,2007-08-12 10:31:11.452800000,55 days 07:38:10.924800000,55 days 07:38:10.924800000,0 days 00:00:00.000000000
2575,2008-05-29 00:00:00.000000000,2008-05-29 00:00:00.000000000,2008-05-29 00:00:00.000000000,1980-01-01 00:00:00.000000000,1910-01-01 00:00:00.000000000,2008-02-28 17:41:03.148800000,2007-09-09 11:50:25.526400000,90 days 06:18:56.851200000,90 days 06:18:56.851200000,0 days 00:00:00.000000000
2576,2008-05-29 00:00:00.000000000,2008-05-29 00:00:00.000000000,2008-05-29 00:00:00.000000000,1980-01-01 00:00:00.000000000,1910-01-01 00:00:00.000000000,2008-02-28 17:41:03.148800000,2007-09-09 11:50:25.526400000,90 days 06:18:56.851200000,90 days 06:18:56.851200000,0 days 00:00:00.000000000
2577,2008-06-09 00:00:00.000000000,2008-06-09 00:00:00.000000000,2008-06-09 00:00:00.000000000,1980-01-01 00:00:00.000000000,1910-01-01 00:00:00.000000000,2008-01-03 09:36:00.000000000,2007-07-15 03:45:22.377600000,157 days 14:24:00.000000000,157 days 14:24:00.000000000,0 days 00:00:00.000000000
2578,2008-08-20 00:00:00.000000000,2008-08-20 00:00:00.000000000,2008-08-20 00:00:00.000000000,1980-01-01 00:00:00.000000000,1910-01-01 00:00:00.000000000,2008-05-31 05:37:49.785600000,2007-12-10 23:47:12.163200000,80 days 18:22:10.214400000,80 days 18:22:10.214400000,0 days 00:00:00.000000000
2579,2008-07-26 00:00:00.000000000,2008-07-26 00:00:00.000000000,2008-07-26 00:00:00.000000000,1980-01-01 00:00:00.000000000,1910-01-01 00:00:00.000000000,2008-02-19 09:36:00.000000000,2007-08-31 03:45:22.377600000,157 days 14:24:00.000000000,157 days 14:24:00.000000000,0 days 00:00:00.000000000
2580,2008-04-03 00:00:00.000000000,2008-04-03 00:00:00.000000000,2008-04-03 00:00:00.000000000,1980-01-01 00:00:00.000000000,1910-01-01 00:00:00.000000000,2008-01-03 17:41:03.148800000,2007-07-15 11:50:25.526400000,90 days 06:18:56.851200000,90 days 06:18:56.851200000,0 days 00:00:00.000000000
2581,2008-06-19 00:00:00.000000000,2008-06-19 00:00:00.000000000,2008-06-19 00:00:00.000000000,1980-01-01 00:00:00.000000000,1910-01-01 00:00:00.000000000,2008-03-26 10:00:00.028800000,2007-10-06 04:09:22.406400000,84 days 13:59:59.971200000,84 days 13:59:59.971200000,0 days 00:00:00.000000000
2582,2008-03-21 00:00:00.000000000,2008-03-21 00:00:00.000000000,2008-03-21 00:00:00.000000000,1980-01-01 00:00:00.000000000,1910-01-01 00:00:00.000000000,2007-12-21 17:41:03.148800000,2007-07-02 11:50:25.526400000,90 days 06:18:56.851200000,90 days 06:18:56.851200000,0 days 00:00:00.000000000
2583,2008-06-30 00:00:00.000000000,2008-06-30 00:00:00.000000000,2008-06-30 00:00:00.000000000,1980-01-01 00:00:00.000000000,1910-01-01 00:00:00.000000000,2008-04-07 19:02:04.099200000,2007-10-18 13:11:26.476800000,83 days 04:57:55.900800000,83 days 04:57:55.900800000,0 days 00:00:00.000000000
2584,2008-06-23 00:00:00.000000000,2008-06-23 00:00:00.000000000,2008-06-23 00:00:00.000000000,1980-01-01 00:00:00.000000000,1910-01-01 00:00:00.000000000,2008-03-19 02:10:54.537600000,2007-09-28 20:20:16.915200000,95 days 21:49:05.462400000,95 days 21:49:05.462400000,0 days 00:00:00.000000000
2585,2008-06-23 00:00:00.000000000,2008-06-23 00:00:00.000000000,2008-06-23 00:00:00.000000000,1980-01-01 00:00:00.000000000,1910-01-01 00:00:00.000000000,2008-03-19 02:10:54.537600000,2007-09-28 20:20:16.915200000,95 days 21:49:05.462400000,95 days 21:49:05.462400000,0 days 00:00:00.000000000
2586,2008-03-07 00:00:00.000000000,2008-03-07 00:00:00.000000000,2008-03-07 00:00:00.000000000,1980-01-01 00:00:00.000000000,1910-01-01 00:00:00.000000000,2007-10-01 09:36:00.000000000,2007-04-12 03:45:22.377600000,157 days 14:24:00.000000000,157 days 14:24:00.000000000,0 days 00:00:00.000000000
2587,2008-03-31 00:00:00.000000000,2008-03-31 00:00:00.000000000,2008-03-31 00:00:00.000000000,1980-01-01 00:00:00.000000000,1910-01-01 00:00:00.000000000,2008-01-10 05:37:49.785600000,2007-07-21 23:47:12.163200000,80 days 18:22:10.214400000,80 days 18:22:10.214400000,0 days 00:00:00.000000000
2588,2008-04-21 00:00:00.000000000,2008-04-21 00:00:00.000000000,2008-04-21 00:00:00.000000000,1980-01-01 00:00:00.000000000,1910-01-01 00:00:00.000000000,2008-01-16 02:10:54.537600000,2007-07-27 20:20:16.915200000,95 days 21:49:05.462400000,95 days 21:49:05.462400000,0 days 00:00:00.000000000
2589,2008-04-17 00:00:00.000000000,2008-04-17 00:00:00.000000000,2008-04-17 00:00:00.000000000,1980-01-01 00:00:00.000000000,1910-01-01 00:00:00.000000000,2008-01-23 13:42:51.465600000,2007-08-04 07:52:13.843200000,84 days 10:17:08.534400000,84 days 10:17:08.534400000,0 days 00:00:00.000000000
2590,2008-02-01 00:00:00.000000000,2008-03-06 00:00:00.000000000,2008-03-06 00:00:00.000000000,1980-01-01 00:00:00.000000000,1910-01-01 00:00:00.000000000,2007-12-07 16:21:49.075200000,2007-06-18 10:31:11.452800000,55 days 07:38:10.924800000,89 days 07:38:10.924800000,34 days 00:00:00.000000000
2591,2008-06-17 00:00:00.000000000,2008-06-17 00:00:00.000000000,2008-06-17 00:00:00.000000000,1980-01-01 00:00:00.000000000,1910-01-01 00:00:00.000000000,2008-01-11 09:36:00.000000000,2007-07-23 03:45:22.377600000,157 days 14:24:00.000000000,157 days 14:24:00.000000000,0 days 00:00:00.000000000
2592,2008-06-17 00:00:00.000000000,2008-06-17 00:00:00.000000000,2008-06-17 00:00:00.000000000,1980-01-01 00:00:00.000000000,1910-01-01 00:00:00.000000000,2008-01-11 09:36:00.000000000,2007-07-23 03:45:22.377600000,157 days 14:24:00.000000000,157 days 14:24:00.000000000,0 days 00:00:00.000000000
2593,2008-08-21 00:00:00.000000000,2008-08-21 00:00:00.000000000,2008-08-21 00:00:00.000000000,1980-01-01 00:00:00.000000000,1910-01-01 00:00:00.000000000,2008-05-28 13:42:51.465600000,2007-12-08 07:52:13.843200000,84 days 10:17:08.534400000,84 days 10:17:08.534400000,0 days 00:00:00.000000000
2594,2008-11-07 00:00:00.000000000,2008-11-07 00:00:00.000000000,2008-11-07 00:00:00.000000000,1980-01-01 00:00:00.000000000,1910-01-01 00:00:00.000000000,2008-08-14 10:00:00.028800000,2008-02-24 04:09:22.406400000,84 days 13:59:59.971200000,84 days 13:59:59.971200000,0 days 00:00:00.000000000
2595,2008-11-07 00:00:00.000000000,2008-11-07 00:00:00.000000000,2008-11-07 00:00:00.000000000,1980-01-01 00:00:00.000000000,1910-01-01 00:00:00.000000000,2008-08-14 10:00:00.028800000,2008-02-24 04:09:22.406400000,84 days 13:59:59.971200000,84 days 13:59:59.971200000,0 days 00:00:00.000000000
2596,2009-01-19 00:00:00.000000000,2009-01-19 00:00:00.000000000,2009-01-19 00:00:00.000000000,1980-01-01 00:00:00.000000000,1910-01-01 00:00:00.000000000,2008-09-30 04:55:23.059200000,2008-04-10 23:04:45.436800000,110 days 19:04:36.940800000,110 days 19:04:36.940800000,0 days 00:00:00.000000000
2597,2008-10-16 00:00:00.000000000,2008-10-16 00:00:00.000000000,2008-10-16 00:00:00.000000000,1980-01-01 00:00:00.000000000,1910-01-01 00:00:00.000000000,2008-07-27 05:37:49.785600000,2008-02-05 23:47:12.163200000,80 days 18:22:10.214400000,80 days 18:22:10.214400000,0 days 00:00:00.000000000
2598,2008-08-22 00:00:00.000000000,2008-08-22 00:00:00.000000000,2008-08-22 00:00:00.000000000,1980-01-01 00:00:00.000000000,1910-01-01 00:00:00.000000000,2008-04-14 05:19:59.980800000,2007-10-24 23:29:22.358400000,129 days 18:40:00.019200000,129 days 18:40:00.019200000,0 days 00:00:00.000000000
2599,2008-08-11 00:00:00.000000000,2008-08-11 00:00:00.000000000,2008-08-11 00:00:00.000000000,1980-01-01 00:00:00.000000000,1910-01-01 00:00:00.000000000,2008-05-12 17:41:03.148800000,2007-11-22 11:50:25.526400000,90 days 06:18:56.851200000,90 days 06:18:56.851200000,0 days 00:00:00.000000000
2600,2008-08-11 00:00:00.000000000,2008-08-11 00:00:00.000000000,2008-08-11 00:00:00.000000000,1980-01-01 00:00:00.000000000,1910-01-01 00:00:00.000000000,2008-05-12 17:41:03.148800000,2007-11-22 11:50:25.526400000,90 days 06:18:56.851200000,90 days 06:18:56.851200000,0 days 00:00:00.000000000
2601,2008-11-17 00:00:00.000000000,2008-11-17 00:00:00.000000000,2008-11-17 00:00:00.000000000,1980-01-01 00:00:00.000000000,1910-01-01 00:00:00.000000000,2008-08-25 19:02:04.099200000,2008-03-06 13:11:26.476800000,83 days 04:57:55.900800000,83 days 04:57:55.900800000,0 days 00:00:00.000000000
2602,2008-11-20 00:00:00.000000000,2008-11-20 00:00:00.000000000,2008-11-20 00:00:00.000000000,1980-01-01 00:00:00.000000000,1910-01-01 00:00:00.000000000,2008-08-28 19:02:04.099200000,2008-03-09 13:11:26.476800000,83 days 04:57:55.900800000,83 days 04:57:55.900800000,0 days 00:00:00.000000000
2603,2008-08-31 00:00:00.000000000,2008-08-31 00:00:00.000000000,2008-08-31 00:00:00.000000000,1980-01-01 00:00:00.000000000,1910-01-01 00:00:00.000000000,2008-06-08 19:02:04.099200000,2007-12-19 13:11:26.476800000,83 days 04:57:55.900800000,83 days 04:57:55.900800000,0 days 00:00:00.000000000
2604,2008-09-16 00:00:00.000000000,2008-09-16 00:00:00.000000000,2008-09-16 00:00:00.000000000,1980-01-01 00:00:00.000000000,1910-01-01 00:00:00.000000000,2008-06-24 19:02:04.099200000,2008-01-04 13:11:26.476800000,83 days 04:57:55.900800000,83 days 04:57:55.900800000,0 days 00:00:00.000000000
2605,2008-11-17 00:00:00.000000000,2008-11-17 00:00:00.000000000,2008-11-17 00:00:00.000000000,1980-01-01 00:00:00.000000000,1910-01-01 00:00:00.000000000,2008-08-28 05:37:49.785600000,2008-03-08 23:47:12.163200000,80 days 18:22:10.214400000,80 days 18:22:10.214400000,0 days 00:00:00.000000000
2606,2008-09-26 00:00:00.000000000,2008-09-26 00:00:00.000000000,2008-09-26 00:00:00.000000000,1980-01-01 00:00:00.000000000,1910-01-01 00:00:00.000000000,2008-07-04 19:02:04.099200000,2008-01-14 13:11:26.476800000,83 days 04:57:55.900800000,83 days 04:57:55.900800000,0 days 00:00:00.000000000
2607,2008-09-25 00:00:00.000000000,2008-09-25 00:00:00.000000000,2008-09-25 00:00:00.000000000,1980-01-01 00:00:00.000000000,1910-01-01 00:00:00.000000000,2008-07-06 05:37:49.785600000,2008-01-15 23:47:12.163200000,80 days 18:22:10.214400000,80 days 18:22:10.214400000,0 days 00:00:00.000000000
2608,2008-09-23 00:00:00.000000000,2008-09-23 00:00:00.000000000,2008-09-23 00:00:00.000000000,1980-01-01 00:00:00.000000000,1910-01-01 00:00:00.000000000,2008-06-30 10:00:00.028800000,2008-01-10 04:09:22.406400000,84 days 13:59:59.971200000,84 days 13:59:59.971200000,0 days 00:00:00.000000000
2609,2009-01-15 00:00:00.000000000,2009-01-15 00:00:00.000000000,2009-01-15 00:00:00.000000000,1980-01-01 00:00:00.000000000,1910-01-01 00:00:00.000000000,2008-11-07 06:00:00.000000000,2008-05-19 00:09:22.377600000,68 days 18:00:00.000000000,68 days 18:00:00.000000000,0 days 00:00:00.000000000
2610,2008-09-15 00:00:00.000000000,2008-09-15 00:00:00.000000000,2008-09-15 00:00:00.000000000,1980-01-01 00:00:00.000000000,1910-01-01 00:00:00.000000000,2008-05-08 05:19:59.980800000,2007-11-17 23:29:22.358400000,129 days 18:40:00.019200000,129 days 18:40:00.019200000,0 days 00:00:00.000000000
2611,2009-02-21 00:00:00.000000000,2009-02-21 00:00:00.000000000,2009-02-21 00:00:00.000000000,1980-01-01 00:00:00.000000000,1910-01-01 00:00:00.000000000,2008-10-28 09:13:50.736000000,2008-05-09 03:23:13.113600000,115 days 14:46:09.264000000,115 days 14:46:09.264000000,0 days 00:00:00.000000000
2612,2009-02-16 00:00:00.000000000,2009-02-16 00:00:00.000000000,2009-02-16 00:00:00.000000000,1980-01-01 00:00:00.000000000,1910-01-01 00:00:00.000000000,2008-10-12 14:24:00.000000000,2008-04-23 08:33:22.377600000,126 days 09:36:00.000000000,126 days 09:36:00.000000000,0 days 00:00:00.000000000
2613,2008-09-05 00:00:00.000000000,2008-09-05 00:00:00.000000000,2008-09-05 00:00:00.000000000,1980-01-01 00:00:00.000000000,1910-01-01 00:00:00.000000000,2008-06-01 02:10:54.537600000,2007-12-11 20:20:16.915200000,95 days 21:49:05.462400000,95 days 21:49:05.462400000,0 days 00:00:00.000000000
2614,2008-09-16 00:00:00.000000000,2008-09-16 00:00:00.000000000,2008-09-16 00:00:00.000000000,1980-01-01 00:00:00.000000000,1910-01-01 00:00:00.000000000,2008-07-22 16:21:49.075200000,2008-02-01 10:31:11.452800000,55 days 07:38:10.924800000,55 days 07:38:10.924800000,0 days 00:00:00.000000000
2615,2008-09-16 00:00:00.000000000,2008-09-16 00:00:00.000000000,2008-09-16 00:00:00.000000000,1980-01-01 00:00:00.000000000,1910-01-01 00:00:00.000000000,2008-07-22 16:21:49.075200000,2008-02-01 10:31:11.452800000,55 days 07:38:10.924800000,55 days 07:38:10.924800000,0 days 00:00:00.000000000
2616,2008-12-19 00:00:00.000000000,2008-12-19 00:00:00.000000000,2008-12-19 00:00:00.000000000,1980-01-01 00:00:00.000000000,1910-01-01 00:00:00.000000000,2008-10-24 16:21:49.075200000,2008-05-05 10:31:11.452800000,55 days 07:38:10.924800000,55 days 07:38:10.924800000,0 days 00:00:00.000000000
2617,2009-02-19 00:00:00.000000000,2009-02-19 00:00:00.000000000,2009-02-19 00:00:00.000000000,1980-01-01 00:00:00.000000000,1910-01-01 00:00:00.000000000,2008-12-30 07:12:00.000000000,2008-07-11 01:21:22.377600000,50 days 16:48:00.000000000,50 days 16:48:00.000000000,0 days 00:00:00.000000000
2618,2009-02-27 00:00:00.000000000,2009-02-27 00:00:00.000000000,2009-02-27 00:00:00.000000000,1980-01-01 00:00:00.000000000,1910-01-01 00:00:00.000000000,2008-11-08 04:55:23.059200000,2008-05-19 23:04:45.436800000,110 days 19:04:36.940800000,110 days 19:04:36.940800000,0 days 00:00:00.000000000
2619,2009-04-06 00:00:00.000000000,2009-04-06 00:00:00.000000000,2009-04-06 00:00:00.000000000,1980-01-01 00:00:00.000000000,1910-01-01 00:00:00.000000000,2008-11-30 14:24:00.000000000,2008-06-11 08:33:22.377600000,126 days 09:36:00.000000000,126 days 09:36:00.000000000,0 days 00:00:00.000000000
2620,2009-04-01 00:00:00.000000000,2009-04-01 00:00:00.000000000,2009-04-01 00:00:00.000000000,1980-01-01 00:00:00.000000000,1910-01-01 00:00:00.000000000,2009-01-13 05:11:48.624000000,2008-07-24 23:21:11.001600000,77 days 18:48:11.376000000,77 days 18:48:11.376000000,0 days 00:00:00.000000000
2621,2009-04-01 00:00:00.000000000,2009-04-01 00:00:00.000000000,2009-04-01 00:00:00.000000000,1980-01-01 00:00:00.000000000,1910-01-01 00:00:00.000000000,2009-01-13 05:11:48.624000000,2008-07-24 23:21:11.001600000,77 days 18:48:11.376000000,77 days 18:48:11.376000000,0 days 00:00:00.000000000
2622,2009-04-06 00:00:00.000000000,2009-04-06 00:00:00.000000000,2009-04-06 00:00:00.000000000,1980-01-01 00:00:00.000000000,1910-01-01 00:00:00.000000000,2008-11-30 14:24:00.000000000,2008-06-11 08:33:22.377600000,126 days 09:36:00.000000000,126 days 09:36:00.000000000,0 days 00:00:00.000000000
2623,2009-04-30 00:00:00.000000000,2009-04-30 00:00:00.000000000,2009-04-30 00:00:00.000000000,1980-01-01 00:00:00.000000000,1910-01-01 00:00:00.000000000,2009-01-09 04:55:23.059200000,2008-07-20 23:04:45.436800000,110 days 19:04:36.940800000,110 days 19:04:36.940800000,0 days 00:00:00.000000000
2624,2009-04-30 00:00:00.000000000,2009-04-30 00:00:00.000000000,2009-04-30 00:00:00.000000000,1980-01-01 00:00:00.000000000,1910-01-01 00:00:00.000000000,2009-01-09 04:55:23.059200000,2008-07-20 23:04:45.436800000,110 days 19:04:36.940800000,110 days 19:04:36.940800000,0 days 00:00:00.000000000
2625,2008-09-23 00:00:00.000000000,2008-09-23 00:00:00.000000000,2008-09-23 00:00:00.000000000,1980-01-01 00:00:00.000000000,1910-01-01 00:00:00.000000000,2008-06-30 10:00:00.028800000,2008-01-10 04:09:22.406400000,84 days 13:59:59.971200000,84 days 13:59:59.971200000,0 days 00:00:00.000000000
2626,2008-08-24 00:00:00.000000000,2008-08-24 00:00:00.000000000,2008-08-24 00:00:00.000000000,1980-01-01 00:00:00.000000000,1910-01-01 00:00:00.000000000,2008-06-01 19:02:04.099200000,2007-12-12 13:11:26.476800000,83 days 04:57:55.900800000,83 days 04:57:55.900800000,0 days 00:00:00.000000000
2627,2008-08-20 00:00:00.000000000,2008-08-20 00:00:00.000000000,2008-08-20 00:00:00.000000000,1980-01-01 00:00:00.000000000,1910-01-01 00:00:00.000000000,2008-05-27 10:00:00.028800000,2007-12-07 04:09:22.406400000,84 days 13:59:59.971200000,84 days 13:59:59.971200000,0 days 00:00:00.000000000
2628,2008-08-22 00:00:00.000000000,2008-08-22 00:00:00.000000000,2008-08-22 00:00:00.000000000,1980-01-01 00:00:00.000000000,1910-01-01 00:00:00.000000000,2008-04-14 05:19:59.980800000,2007-10-24 23:29:22.358400000,129 days 18:40:00.019200000,129 days 18:40:00.019200000,0 days 00:00:00.000000000
2629,2009-02-18 00:00:00.000000000,2009-02-18 00:00:00.000000000,2009-02-18 00:00:00.000000000,1980-01-01 00:00:00.000000000,1910-01-01 00:00:00.000000000,2008-11-28 13:05:27.312000000,2008-06-09 07:14:49.689600000,81 days 10:54:32.688000000,81 days 10:54:32.688000000,0 days 00:00:00.000000000
2630,2009-01-29 00:00:00.000000000,2009-01-29 00:00:00.000000000,2009-01-29 00:00:00.000000000,1980-01-01 00:00:00.000000000,1910-01-01 00:00:00.000000000,2008-11-08 13:05:27.312000000,2008-05-20 07:14:49.689600000,81 days 10:54:32.688000000,81 days 10:54:32.688000000,0 days 00:00:00.000000000
2631,2009-03-04 00:00:00.000000000,2009-03-04 00:00:00.000000000,2009-03-04 00:00:00.000000000,1980-01-01 00:00:00.000000000,1910-01-01 00:00:00.000000000,2008-12-12 13:05:27.312000000,2008-06-23 07:14:49.689600000,81 days 10:54:32.688000000,81 days 10:54:32.688000000,0 days 00:00:00.000000000
2632,2008-10-30 00:00:00.000000000,2008-10-30 00:00:00.000000000,2008-10-30 00:00:00.000000000,1980-01-01 00:00:00.000000000,1910-01-01 00:00:00.000000000,2008-08-07 19:02:04.099200000,2008-02-17 13:11:26.476800000,83 days 04:57:55.900800000,83 days 04:57:55.900800000,0 days 00:00:00.000000000
2633,2008-12-17 00:00:00.000000000,2008-12-17 00:00:00.000000000,2008-12-17 00:00:00.000000000,1980-01-01 00:00:00.000000000,1910-01-01 00:00:00.000000000,2008-09-24 19:02:04.099200000,2008-04-05 13:11:26.476800000,83 days 04:57:55.900800000,83 days 04:57:55.900800000,0 days 00:00:00.000000000
2634,2009-03-19 00:00:00.000000000,2009-03-19 00:00:00.000000000,2009-03-19 00:00:00.000000000,1980-01-01 00:00:00.000000000,1910-01-01 00:00:00.000000000,2008-11-30 14:36:31.334400000,2008-06-11 08:45:53.712000000,108 days 09:23:28.665600000,108 days 09:23:28.665600000,0 days 00:00:00.000000000
2635,2009-03-19 00:00:00.000000000,2009-03-19 00:00:00.000000000,2009-03-19 00:00:00.000000000,1980-01-01 00:00:00.000000000,1910-01-01 00:00:00.000000000,2008-11-30 14:36:31.334400000,2008-06-11 08:45:53.712000000,108 days 09:23:28.665600000,108 days 09:23:28.665600000,0 days 00:00:00.000000000
2636,2009-03-19 00:00:00.000000000,2009-03-19 00:00:00.000000000,2009-03-19 00:00:00.000000000,1980-01-01 00:00:00.000000000,1910-01-01 00:00:00.000000000,2008-11-30 14:36:31.334400000,2008-06-11 08:45:53.712000000,108 days 09:23:28.665600000,108 days 09:23:28.665600000,0 days 00:00:00.000000000
2637,2009-04-29 00:00:00.000000000,2009-04-29 00:00:00.000000000,2009-04-29 00:00:00.000000000,1980-01-01 00:00:00.000000000,1910-01-01 00:00:00.000000000,2009-01-08 04:55:23.059200000,2008-07-19 23:04:45.436800000,110 days 19:04:36.940800000,110 days 19:04:36.940800000,0 days 00:00:00.000000000
2638,2008-10-31 00:00:00.000000000,2008-10-31 00:00:00.000000000,2008-10-31 00:00:00.000000000,1980-01-01 00:00:00.000000000,1910-01-01 00:00:00.000000000,2008-05-26 09:36:00.000000000,2007-12-06 03:45:22.377600000,157 days 14:24:00.000000000,157 days 14:24:00.000000000,0 days 00:00:00.000000000
2639,2008-08-20 00:00:00.000000000,2008-08-20 00:00:00.000000000,2008-08-20 00:00:00.000000000,1980-01-01 00:00:00.000000000,1910-01-01 00:00:00.000000000,2008-05-31 05:37:49.785600000,2007-12-10 23:47:12.163200000,80 days 18:22:10.214400000,80 days 18:22:10.214400000,0 days 00:00:00.000000000
2640,2009-03-20 00:00:00.000000000,2009-03-20 00:00:00.000000000,2009-03-20 00:00:00.000000000,1980-01-01 00:00:00.000000000,1910-01-01 00:00:00.000000000,2008-11-29 04:55:23.059200000,2008-06-09 23:04:45.436800000,110 days 19:04:36.940800000,110 days 19:04:36.940800000,0 days 00:00:00.000000000
2641,2009-05-08 00:00:00.000000000,2009-05-08 00:00:00.000000000,2009-05-08 00:00:00.000000000,1980-01-01 00:00:00.000000000,1910-01-01 00:00:00.000000000,2009-01-19 14:36:31.334400000,2008-07-31 08:45:53.712000000,108 days 09:23:28.665600000,108 days 09:23:28.665600000,0 days 00:00:00.000000000
2642,2009-04-27 00:00:00.000000000,2009-04-27 00:00:00.000000000,2009-04-27 00:00:00.000000000,1980-01-01 00:00:00.000000000,1910-01-01 00:00:00.000000000,2008-12-21 14:24:00.000000000,2008-07-02 08:33:22.377600000,126 days 09:36:00.000000000,126 days 09:36:00.000000000,0 days 00:00:00.000000000
2643,2009-06-03 00:00:00.000000000,2009-06-03 00:00:00.000000000,2009-06-03 00:00:00.000000000,1980-01-01 00:00:00.000000000,1910-01-01 00:00:00.000000000,2009-02-07 09:13:50.736000000,2008-08-19 03:23:13.113600000,115 days 14:46:09.264000000,115 days 14:46:09.264000000,0 days 00:00:00.000000000
2644,2009-05-11 00:00:00.000000000,2009-05-11 00:00:00.000000000,2009-05-11 00:00:00.000000000,1980-01-01 00:00:00.000000000,1910-01-01 00:00:00.000000000,2009-01-21 01:32:54.182400000,2008-08-01 19:42:16.560000000,109 days 22:27:05.817600000,109 days 22:27:05.817600000,0 days 00:00:00.000000000
2645,2009-04-30 00:00:00.000000000,2009-04-30 00:00:00.000000000,2009-04-30 00:00:00.000000000,1980-01-01 00:00:00.000000000,1910-01-01 00:00:00.000000000,2009-01-11 14:36:31.334400000,2008-07-23 08:45:53.712000000,108 days 09:23:28.665600000,108 days 09:23:28.665600000,0 days 00:00:00.000000000
2646,2009-04-30 00:00:00.000000000,2009-04-30 00:00:00.000000000,2009-04-30 00:00:00.000000000,1980-01-01 00:00:00.000000000,1910-01-01 00:00:00.000000000,2009-01-11 14:36:31.334400000,2008-07-23 08:45:53.712000000,108 days 09:23:28.665600000,108 days 09:23:28.665600000,0 days 00:00:00.000000000
2647,2009-05-08 00:00:00.000000000,2009-05-08 00:00:00.000000000,2009-05-08 00:00:00.000000000,1980-01-01 00:00:00.000000000,1910-01-01 00:00:00.000000000,2009-01-19 14:36:31.334400000,2008-07-31 08:45:53.712000000,108 days 09:23:28.665600000,108 days 09:23:28.665600000,0 days 00:00:00.000000000
2648,2009-08-12 00:00:00.000000000,2009-08-12 00:00:00.000000000,2009-08-12 00:00:00.000000000,1970-01-01 00:00:00.000000000,1910-01-01 00:00:00.000000000,2009-05-26 05:11:48.624000000,2008-12-04 23:21:11.001600000,77 days 18:48:11.376000000,77 days 18:48:11.376000000,0 days 00:00:00.000000000
2649,2009-06-16 00:00:00.000000000,2009-06-16 00:00:00.000000000,2009-06-16 00:00:00.000000000,1980-01-01 00:00:00.000000000,1910-01-01 00:00:00.000000000,2009-02-27 14:36:31.334400000,2008-09-08 08:45:53.712000000,108 days 09:23:28.665600000,108 days 09:23:28.665600000,0 days 00:00:00.000000000
2650,2009-06-16 00:00:00.000000000,2009-06-16 00:00:00.000000000,2009-06-16 00:00:00.000000000,1980-01-01 00:00:00.000000000,1910-01-01 00:00:00.000000000,2009-02-27 14:36:31.334400000,2008-09-08 08:45:53.712000000,108 days 09:23:28.665600000,108 days 09:23:28.665600000,0 days 00:00:00.000000000
2651,2009-06-01 00:00:00.000000000,2009-06-01 00:00:00.000000000,2009-06-01 00:00:00.000000000,1980-01-01 00:00:00.000000000,1910-01-01 00:00:00.000000000,2009-04-11 07:12:00.000000000,2008-10-21 01:21:22.377600000,50 days 16:48:00.000000000,50 days 16:48:00.000000000,0 days 00:00:00.000000000
2652,2009-06-16 00:00:00.000000000,2009-06-16 00:00:00.000000000,2009-06-16 00:00:00.000000000,1980-01-01 00:00:00.000000000,1910-01-01 00:00:00.000000000,2009-02-27 14:36:31.334400000,2008-09-08 08:45:53.712000000,108 days 09:23:28.665600000,108 days 09:23:28.665600000,0 days 00:00:00.000000000
2653,2009-06-16 00:00:00.000000000,2009-06-16 00:00:00.000000000,2009-06-16 00:00:00.000000000,1980-01-01 00:00:00.000000000,1910-01-01 00:00:00.000000000,2009-02-27 14:36:31.334400000,2008-09-08 08:45:53.712000000,108 days 09:23:28.665600000,108 days 09:23:28.665600000,0 days 00:00:00.000000000
2654,2009-06-16 00:00:00.000000000,2009-06-16 00:00:00.000000000,2009-06-16 00:00:00.000000000,1980-01-01 00:00:00.000000000,1910-01-01 00:00:00.000000000,2009-02-27 14:36:31.334400000,2008-09-08 08:45:53.712000000,108 days 09:23:28.665600000,108 days 09:23:28.665600000,0 days 00:00:00.000000000
2655,2009-08-20 00:00:00.000000000,2009-08-20 00:00:00.000000000,2009-08-20 00:00:00.000000000,1970-01-01 00:00:00.000000000,1910-01-01 00:00:00.000000000,2009-04-26 09:13:50.736000000,2008-11-05 03:23:13.113600000,115 days 14:46:09.264000000,115 days 14:46:09.264000000,0 days 00:00:00.000000000
2656,2009-09-04 00:00:00.000000000,2009-09-04 00:00:00.000000000,2009-09-04 00:00:00.000000000,1970-01-01 00:00:00.000000000,1910-01-01 00:00:00.000000000,2009-05-17 21:36:00.000000000,2008-11-26 15:45:22.377600000,109 days 02:24:00.000000000,109 days 02:24:00.000000000,0 days 00:00:00.000000000
2657,2009-08-27 00:00:00.000000000,2009-08-27 00:00:00.000000000,2009-08-27 00:00:00.000000000,1970-01-01 00:00:00.000000000,1910-01-01 00:00:00.000000000,2009-05-03 09:13:50.736000000,2008-11-12 03:23:13.113600000,115 days 14:46:09.264000000,115 days 14:46:09.264000000,0 days 00:00:00.000000000
2658,2009-08-04 00:00:00.000000000,2009-08-04 00:00:00.000000000,2009-08-04 00:00:00.000000000,1970-01-01 00:00:00.000000000,1910-01-01 00:00:00.000000000,2009-04-17 14:36:31.334400000,2008-10-27 08:45:53.712000000,108 days 09:23:28.665600000,108 days 09:23:28.665600000,0 days 00:00:00.000000000
2659,2009-09-29 00:00:00.000000000,2009-09-29 00:00:00.000000000,2009-09-29 00:00:00.000000000,1970-01-01 00:00:00.000000000,1910-01-01 00:00:00.000000000,2009-06-11 21:36:00.000000000,2008-12-21 15:45:22.377600000,109 days 02:24:00.000000000,109 days 02:24:00.000000000,0 days 00:00:00.000000000
2660,2009-08-27 00:00:00.000000000,2009-08-27 00:00:00.000000000,2009-08-27 00:00:00.000000000,1970-01-01 00:00:00.000000000,1910-01-01 00:00:00.000000000,2009-06-11 23:06:40.003200000,2008-12-21 17:16:02.380800000,76 days 00:53:19.996800000,76 days 00:53:19.996800000,0 days 00:00:00.000000000
2661,2009-07-31 00:00:00.000000000,2009-07-31 00:00:00.000000000,2009-07-31 00:00:00.000000000,1970-01-01 00:00:00.000000000,1910-01-01 00:00:00.000000000,2009-05-15 23:06:40.003200000,2008-11-24 17:16:02.380800000,76 days 00:53:19.996800000,76 days 00:53:19.996800000,0 days 00:00:00.000000000
2662,2009-07-31 00:00:00.000000000,2009-07-31 00:00:00.000000000,2009-07-31 00:00:00.000000000,1970-01-01 00:00:00.000000000,1910-01-01 00:00:00.000000000,2009-05-15 23:06:40.003200000,2008-11-24 17:16:02.380800000,76 days 00:53:19.996800000,76 days 00:53:19.996800000,0 days 00:00:00.000000000
2663,2009-08-21 00:00:00.000000000,2009-08-21 00:00:00.000000000,2009-08-21 00:00:00.000000000,1970-01-01 00:00:00.000000000,1910-01-01 00:00:00.000000000,2009-05-02 04:55:23.059200000,2008-11-10 23:04:45.436800000,110 days 19:04:36.940800000,110 days 19:04:36.940800000,0 days 00:00:00.000000000
2664,2009-08-24 00:00:00.000000000,2009-08-24 00:00:00.000000000,2009-08-24 00:00:00.000000000,1970-01-01 00:00:00.000000000,1910-01-01 00:00:00.000000000,2009-07-04 07:12:00.000000000,2009-01-13 01:21:22.377600000,50 days 16:48:00.000000000,50 days 16:48:00.000000000,0 days 00:00:00.000000000
2665,2009-09-15 00:00:00.000000000,2009-09-15 00:00:00.000000000,2009-09-15 00:00:00.000000000,1970-01-01 00:00:00.000000000,1910-01-01 00:00:00.000000000,2009-07-26 07:12:00.000000000,2009-02-04 01:21:22.377600000,50 days 16:48:00.000000000,50 days 16:48:00.000000000,0 days 00:00:00.000000000
2666,2009-10-19 00:00:00.000000000,2009-10-19 00:00:00.000000000,2009-10-19 00:00:00.000000000,1970-01-01 00:00:00.000000000,1910-01-01 00:00:00.000000000,2009-07-01 21:36:00.000000000,2009-01-10 15:45:22.377600000,109 days 02:24:00.000000000,109 days 02:24:00.000000000,0 days 00:00:00.000000000
2667,2009-09-16 00:00:00.000000000,2009-09-16 00:00:00.000000000,2009-09-16 00:00:00.000000000,1970-01-01 00:00:00.000000000,1910-01-01 00:00:00.000000000,2009-05-28 04:55:23.059200000,2008-12-06 23:04:45.436800000,110 days 19:04:36.940800000,110 days 19:04:36.940800000,0 days 00:00:00.000000000
2668,2009-10-07 00:00:00.000000000,2009-10-07 00:00:00.000000000,2009-10-07 00:00:00.000000000,1970-01-01 00:00:00.000000000,1910-01-01 00:00:00.000000000,2009-08-17 07:12:00.000000000,2009-02-26 01:21:22.377600000,50 days 16:48:00.000000000,50 days 16:48:00.000000000,0 days 00:00:00.000000000
2669,2009-09-25 00:00:00.000000000,2009-09-25 00:00:00.000000000,2009-09-25 00:00:00.000000000,1970-01-01 00:00:00.000000000,1910-01-01 00:00:00.000000000,2009-06-06 04:55:23.059200000,2008-12-15 23:04:45.436800000,110 days 19:04:36.940800000,110 days 19:04:36.940800000,0 days 00:00:00.000000000
2670,2009-10-20 00:00:00.000000000,2009-10-20 00:00:00.000000000,2009-10-20 00:00:00.000000000,1970-01-01 00:00:00.000000000,1910-01-01 00:00:00.000000000,2009-07-03 14:36:31.334400000,2009-01-12 08:45:53.712000000,108 days 09:23:28.665600000,108 days 09:23:28.665600000,0 days 00:00:00.000000000
2671,2009-10-20 00:00:00.000000000,2009-10-20 00:00:00.000000000,2009-10-20 00:00:00.000000000,1970-01-01 00:00:00.000000000,1910-01-01 00:00:00.000000000,2009-07-03 14:36:31.334400000,2009-01-12 08:45:53.712000000,108 days 09:23:28.665600000,108 days 09:23:28.665600000,0 days 00:00:00.000000000
2672,2009-10-20 00:00:00.000000000,2009-10-20 00:00:00.000000000,2009-10-20 00:00:00.000000000,1970-01-01 00:00:00.000000000,1910-01-01 00:00:00.000000000,2009-07-03 14:36:31.334400000,2009-01-12 08:45:53.712000000,108 days 09:23:28.665600000,108 days 09:23:28.665600000,0 days 00:00:00.000000000
2673,2009-10-20 00:00:00.000000000,2009-10-20 00:00:00.000000000,2009-10-20 00:00:00.000000000,1970-01-01 00:00:00.000000000,1910-01-01 00:00:00.000000000,2009-07-03 14:36:31.334400000,2009-01-12 08:45:53.712000000,108 days 09:23:28.665600000,108 days 09:23:28.665600000,0 days 00:00:00.000000000
2674,2009-10-20 00:00:00.000000000,2009-10-20 00:00:00.000000000,2009-10-20 00:00:00.000000000,1970-01-01 00:00:00.000000000,1910-01-01 00:00:00.000000000,2009-07-03 14:36:31.334400000,2009-01-12 08:45:53.712000000,108 days 09:23:28.665600000,108 days 09:23:28.665600000,0 days 00:00:00.000000000
2675,2009-10-13 00:00:00.000000000,2009-10-13 00:00:00.000000000,2009-10-13 00:00:00.000000000,1970-01-01 00:00:00.000000000,1910-01-01 00:00:00.000000000,2009-06-25 21:36:00.000000000,2009-01-04 15:45:22.377600000,109 days 02:24:00.000000000,109 days 02:24:00.000000000,0 days 00:00:00.000000000
2676,2009-09-17 00:00:00.000000000,2009-09-17 00:00:00.000000000,2009-09-17 00:00:00.000000000,1970-01-01 00:00:00.000000000,1910-01-01 00:00:00.000000000,2009-05-24 09:13:50.736000000,2008-12-03 03:23:13.113600000,115 days 14:46:09.264000000,115 days 14:46:09.264000000,0 days 00:00:00.000000000
2677,2009-09-30 00:00:00.000000000,2009-08-12 00:00:00.000000000,2009-08-12 00:00:00.000000000,1970-01-01 00:00:00.000000000,1910-01-01 00:00:00.000000000,2009-07-14 05:11:48.624000000,2009-01-22 23:21:11.001600000,77 days 18:48:11.376000000,28 days 18:48:11.376000000,-49 days +00:00:00.000000000
2678,2009-09-30 00:00:00.000000000,2009-08-12 00:00:00.000000000,2009-08-12 00:00:00.000000000,1970-01-01 00:00:00.000000000,1910-01-01 00:00:00.000000000,2009-07-14 05:11:48.624000000,2009-01-22 23:21:11.001600000,77 days 18:48:11.376000000,28 days 18:48:11.376000000,-49 days +00:00:00.000000000
2679,2009-10-22 00:00:00.000000000,2009-10-22 00:00:00.000000000,2009-10-22 00:00:00.000000000,1970-01-01 00:00:00.000000000,1910-01-01 00:00:00.000000000,2009-08-06 23:06:40.003200000,2009-02-15 17:16:02.380800000,76 days 00:53:19.996800000,76 days 00:53:19.996800000,0 days 00:00:00.000000000
2680,2009-10-27 00:00:00.000000000,2009-10-27 00:00:00.000000000,2009-10-27 00:00:00.000000000,1970-01-01 00:00:00.000000000,1910-01-01 00:00:00.000000000,2009-08-06 13:05:27.312000000,2009-02-15 07:14:49.689600000,81 days 10:54:32.688000000,81 days 10:54:32.688000000,0 days 00:00:00.000000000
2681,2010-02-16 00:00:00.000000000,2010-02-19 00:00:00.000000000,2010-02-19 00:00:00.000000000,2009-11-18 00:00:00.000000000,2009-12-02 00:00:00.000000000,2009-12-02 00:00:00.000000000,2009-09-03 00:00:00.000000000,76 days 00:00:00.000000000,79 days 00:00:00.000000000,3 days 00:00:00.000000000
2682,2014-01-09 00:00:00.000000000,2014-01-09 00:00:00.000000000,2014-01-09 00:00:00.000000000,2013-05-03 00:00:00.000000000,2013-05-15 00:00:00.000000000,2013-05-15 00:00:00.000000000,2012-09-06 00:00:00.000000000,239 days 00:00:00.000000000,239 days 00:00:00.000000000,0 days 00:00:00.000000000
2683,2015-05-12 00:00:00.000000000,2015-05-12 00:00:00.000000000,2015-05-14 00:00:00.000000000,2014-08-19 00:00:00.000000000,2014-09-19 00:00:00.000000000,2014-09-19 00:00:00.000000000,2013-12-27 00:00:00.000000000,235 days 00:00:00.000000000,235 days 00:00:00.000000000,0 days 00:00:00.000000000
2684,2012-06-12 00:00:00.000000000,2012-06-12 00:00:00.000000000,2012-06-12 00:00:00.000000000,2012-01-06 00:00:00.000000000,2012-02-24 00:00:00.000000000,2012-02-24 00:00:00.000000000,2011-09-19 00:00:00.000000000,109 days 00:00:00.000000000,109 days 00:00:00.000000000,0 days 00:00:00.000000000
2685,2013-08-16 00:00:00.000000000,2013-08-16 00:00:00.000000000,2013-08-16 00:00:00.000000000,2013-02-22 00:00:00.000000000,2013-04-01 00:00:00.000000000,2013-04-01 00:00:00.000000000,2012-10-08 00:00:00.000000000,137 days 00:00:00.000000000,137 days 00:00:00.000000000,0 days 00:00:00.000000000
2686,2015-04-15 00:00:00.000000000,2015-04-15 00:00:00.000000000,2015-04-15 00:00:00.000000000,2014-10-28 00:00:00.000000000,2014-11-07 00:00:00.000000000,2014-11-07 00:00:00.000000000,2014-05-22 00:00:00.000000000,159 days 00:00:00.000000000,159 days 00:00:00.000000000,0 days 00:00:00.000000000
2687,2013-06-10 00:00:00.000000000,2013-06-10 00:00:00.000000000,2013-06-10 00:00:00.000000000,2013-02-20 00:00:00.000000000,2013-03-14 00:00:00.000000000,2013-03-14 00:00:00.000000000,2012-11-24 00:00:00.000000000,88 days 00:00:00.000000000,88 days 00:00:00.000000000,0 days 00:00:00.000000000
2688,2012-06-01 00:00:00.000000000,2012-06-01 00:00:00.000000000,2012-06-01 00:00:00.000000000,2012-02-17 00:00:00.000000000,2012-04-09 00:00:00.000000000,2012-04-09 00:00:00.000000000,2011-12-26 00:00:00.000000000,53 days 00:00:00.000000000,53 days 00:00:00.000000000,0 days 00:00:00.000000000
2689,2012-01-30 00:00:00.000000000,2012-01-30 00:00:00.000000000,2012-01-30 00:00:00.000000000,2011-11-09 00:00:00.000000000,2011-12-29 00:00:00.000000000,2011-12-29 00:00:00.000000000,2011-10-08 00:00:00.000000000,32 days 00:00:00.000000000,32 days 00:00:00.000000000,0 days 00:00:00.000000000
2690,2014-07-29 00:00:00.000000000,2014-07-29 00:00:00.000000000,2014-08-06 00:00:00.000000000,2014-02-06 00:00:00.000000000,2014-03-10 00:00:00.000000000,2014-03-10 00:00:00.000000000,2013-09-18 00:00:00.000000000,141 days 00:00:00.000000000,141 days 00:00:00.000000000,0 days 00:00:00.000000000
2691,2011-09-14 00:00:00.000000000,2011-10-27 00:00:00.000000000,2011-10-27 00:00:00.000000000,2011-03-10 00:00:00.000000000,2011-03-24 00:00:00.000000000,2011-03-24 00:00:00.000000000,2010-09-17 00:00:00.000000000,174 days 00:00:00.000000000,217 days 00:00:00.000000000,43 days 00:00:00.000000000
2692,2015-05-12 00:00:00.000000000,2015-05-12 00:00:00.000000000,2015-05-12 00:00:00.000000000,2014-09-11 00:00:00.000000000,2015-05-11 00:00:00.000000000,2015-05-11 00:00:00.000000000,2014-09-10 00:00:00.000000000,1 days 00:00:00.000000000,1 days 00:00:00.000000000,0 days 00:00:00.000000000
2693,2015-02-19 00:00:00.000000000,2015-02-19 00:00:00.000000000,2015-02-19 00:00:00.000000000,2014-04-30 00:00:00.000000000,2014-05-08 00:00:00.000000000,2014-05-08 00:00:00.000000000,2013-07-17 00:00:00.000000000,287 days 00:00:00.000000000,287 days 00:00:00.000000000,0 days 00:00:00.000000000
2694,2013-10-11 00:00:00.000000000,2013-10-09 00:00:00.000000000,2013-10-09 00:00:00.000000000,2013-05-03 00:00:00.000000000,2013-05-10 00:00:00.000000000,2013-05-10 00:00:00.000000000,2012-11-30 00:00:00.000000000,154 days 00:00:00.000000000,152 days 00:00:00.000000000,-2 days +00:00:00.000000000
2695,2014-09-16 00:00:00.000000000,2014-09-16 00:00:00.000000000,2014-10-01 00:00:00.000000000,2014-04-08 00:00:00.000000000,2014-04-30 00:00:00.000000000,2014-04-30 00:00:00.000000000,2013-11-20 00:00:00.000000000,139 days 00:00:00.000000000,139 days 00:00:00.000000000,0 days 00:00:00.000000000
2696,2014-08-27 00:00:00.000000000,2014-08-27 00:00:00.000000000,2014-08-27 00:00:00.000000000,2013-07-11 00:00:00.000000000,2014-08-27 00:00:00.000000000,2014-08-27 00:00:00.000000000,2013-07-11 00:00:00.000000000,0 days 00:00:00.000000000,0 days 00:00:00.000000000,0 days 00:00:00.000000000
2697,2013-01-09 00:00:00.000000000,2013-01-10 00:00:00.000000000,2013-01-10 00:00:00.000000000,2012-10-05 00:00:00.000000000,2012-10-16 00:00:00.000000000,2012-10-16 00:00:00.000000000,2012-07-12 00:00:00.000000000,85 days 00:00:00.000000000,86 days 00:00:00.000000000,1 days 00:00:00.000000000
2698,2014-01-14 00:00:00.000000000,2014-01-14 00:00:00.000000000,2014-02-07 00:00:00.000000000,2014-06-13 00:00:00.000000000,2014-06-23 00:00:00.000000000,2014-06-23 00:00:00.000000000,2014-11-20 00:00:00.000000000,-160 days +00:00:00.000000000,-160 days +00:00:00.000000000,0 days 00:00:00.000000000
2699,2011-12-12 00:00:00.000000000,2011-11-30 00:00:00.000000000,2011-11-30 00:00:00.000000000,2011-08-04 00:00:00.000000000,2011-08-24 00:00:00.000000000,2011-08-24 00:00:00.000000000,2011-04-16 00:00:00.000000000,110 days 00:00:00.000000000,98 days 00:00:00.000000000,-12 days +00:00:00.000000000
2700,2010-08-24 00:00:00.000000000,2010-08-24 00:00:00.000000000,2010-08-24 00:00:00.000000000,2010-03-18 00:00:00.000000000,2010-03-19 00:00:00.000000000,2010-03-19 00:00:00.000000000,2009-10-11 00:00:00.000000000,158 days 00:00:00.000000000,158 days 00:00:00.000000000,0 days 00:00:00.000000000
2701,2009-09-15 00:00:00.000000000,2009-09-15 00:00:00.000000000,2009-09-15 00:00:00.000000000,2009-06-19 00:00:00.000000000,2009-07-09 00:00:00.000000000,2009-07-09 00:00:00.000000000,2009-04-12 00:00:00.000000000,68 days 00:00:00.000000000,68 days 00:00:00.000000000,0 days 00:00:00.000000000
2702,2014-08-27 00:00:00.000000000,2014-08-27 00:00:00.000000000,2014-08-27 00:00:00.000000000,2013-07-11 00:00:00.000000000,2014-08-27 00:00:00.000000000,2014-08-27 00:00:00.000000000,2013-07-11 00:00:00.000000000,0 days 00:00:00.000000000,0 days 00:00:00.000000000,0 days 00:00:00.000000000
2703,2015-07-13 00:00:00.000000000,2015-07-13 00:00:00.000000000,2015-07-14 00:00:00.000000000,2015-01-28 00:00:00.000000000,2015-02-17 00:00:00.000000000,2015-02-17 00:00:00.000000000,2014-09-04 00:00:00.000000000,146 days 00:00:00.000000000,146 days 00:00:00.000000000,0 days 00:00:00.000000000
2704,2009-10-26 00:00:00.000000000,2009-10-26 00:00:00.000000000,2009-10-26 00:00:00.000000000,2009-08-12 00:00:00.000000000,2009-08-14 00:00:00.000000000,2009-08-14 00:00:00.000000000,2009-05-31 00:00:00.000000000,73 days 00:00:00.000000000,73 days 00:00:00.000000000,0 days 00:00:00.000000000
2705,2010-11-02 00:00:00.000000000,2010-11-02 00:00:00.000000000,2010-11-02 00:00:00.000000000,2010-09-03 00:00:00.000000000,2010-09-29 00:00:00.000000000,2010-09-29 00:00:00.000000000,2010-07-31 00:00:00.000000000,34 days 00:00:00.000000000,34 days 00:00:00.000000000,0 days 00:00:00.000000000
2706,2012-03-29 00:00:00.000000000,2012-03-29 00:00:00.000000000,2012-03-29 00:00:00.000000000,2011-12-08 00:00:00.000000000,2012-01-17 00:00:00.000000000,2012-01-17 00:00:00.000000000,2011-09-27 00:00:00.000000000,72 days 00:00:00.000000000,72 days 00:00:00.000000000,0 days 00:00:00.000000000
2707,2013-06-21 00:00:00.000000000,2013-06-21 00:00:00.000000000,2013-06-21 00:00:00.000000000,2012-10-17 00:00:00.000000000,2012-10-31 00:00:00.000000000,2012-10-31 00:00:00.000000000,2012-02-27 00:00:00.000000000,233 days 00:00:00.000000000,233 days 00:00:00.000000000,0 days 00:00:00.000000000
2708,2010-03-19 00:00:00.000000000,2010-03-19 00:00:00.000000000,2010-03-19 00:00:00.000000000,2009-09-02 00:00:00.000000000,2009-09-24 00:00:00.000000000,2009-09-24 00:00:00.000000000,2009-03-10 00:00:00.000000000,176 days 00:00:00.000000000,176 days 00:00:00.000000000,0 days 00:00:00.000000000
2709,2015-01-26 00:00:00.000000000,2015-01-26 00:00:00.000000000,2015-01-26 00:00:00.000000000,2014-09-11 00:00:00.000000000,2015-01-26 00:00:00.000000000,2015-01-26 00:00:00.000000000,2014-09-11 00:00:00.000000000,0 days 00:00:00.000000000,0 days 00:00:00.000000000,0 days 00:00:00.000000000
2710,2015-03-13 00:00:00.000000000,2015-03-13 00:00:00.000000000,2015-03-18 00:00:00.000000000,2014-09-24 00:00:00.000000000,2014-11-14 00:00:00.000000000,2014-11-14 00:00:00.000000000,2014-05-28 00:00:00.000000000,119 days 00:00:00.000000000,119 days 00:00:00.000000000,0 days 00:00:00.000000000
2711,2014-11-03 00:00:00.000000000,2014-11-03 00:00:00.000000000,2014-11-07 00:00:00.000000000,2014-06-03 00:00:00.000000000,2014-07-31 00:00:00.000000000,2014-07-31 00:00:00.000000000,2014-02-28 00:00:00.000000000,95 days 00:00:00.000000000,95 days 00:00:00.000000000,0 days 00:00:00.000000000
2712,2014-11-04 00:00:00.000000000,2014-11-04 00:00:00.000000000,2014-11-20 00:00:00.000000000,2014-08-11 00:00:00.000000000,2014-08-27 00:00:00.000000000,2014-08-27 00:00:00.000000000,2014-06-03 00:00:00.000000000,69 days 00:00:00.000000000,69 days 00:00:00.000000000,0 days 00:00:00.000000000
2713,2015-02-05 00:00:00.000000000,2015-02-05 00:00:00.000000000,2015-02-05 00:00:00.000000000,2014-07-09 00:00:00.000000000,2014-08-08 00:00:00.000000000,2014-08-08 00:00:00.000000000,2014-01-09 00:00:00.000000000,181 days 00:00:00.000000000,181 days 00:00:00.000000000,0 days 00:00:00.000000000
2714,2015-03-09 00:00:00.000000000,2015-03-09 00:00:00.000000000,2015-03-09 00:00:00.000000000,2014-09-11 00:00:00.000000000,2015-03-09 00:00:00.000000000,2015-03-09 00:00:00.000000000,2014-09-11 00:00:00.000000000,0 days 00:00:00.000000000,0 days 00:00:00.000000000,0 days 00:00:00.000000000
2715,2015-01-09 00:00:00.000000000,2015-01-09 00:00:00.000000000,2015-01-19 00:00:00.000000000,2014-06-17 00:00:00.000000000,2014-07-01 00:00:00.000000000,2014-07-01 00:00:00.000000000,2013-12-07 00:00:00.000000000,192 days 00:00:00.000000000,192 days 00:00:00.000000000,0 days 00:00:00.000000000
2716,2011-09-28 00:00:00.000000000,2011-09-28 00:00:00.000000000,2011-09-28 00:00:00.000000000,2011-06-21 00:00:00.000000000,2011-07-13 00:00:00.000000000,2011-07-13 00:00:00.000000000,2011-04-05 00:00:00.000000000,77 days 00:00:00.000000000,77 days 00:00:00.000000000,0 days 00:00:00.000000000
2717,2012-05-21 00:00:00.000000000,2012-05-21 00:00:00.000000000,2012-05-21 00:00:00.000000000,2012-03-15 00:00:00.000000000,2012-04-17 00:00:00.000000000,2012-04-17 00:00:00.000000000,2012-02-10 00:00:00.000000000,34 days 00:00:00.000000000,34 days 00:00:00.000000000,0 days 00:00:00.000000000
2718,2015-07-23 00:00:00.000000000,2015-07-23 00:00:00.000000000,2015-07-29 00:00:00.000000000,2015-03-10 00:00:00.000000000,2015-03-17 00:00:00.000000000,2015-03-17 00:00:00.000000000,2014-11-02 00:00:00.000000000,128 days 00:00:00.000000000,128 days 00:00:00.000000000,0 days 00:00:00.000000000
2719,2009-09-30 00:00:00.000000000,2009-09-30 00:00:00.000000000,2009-09-30 00:00:00.000000000,2009-06-25 00:00:00.000000000,2009-06-29 00:00:00.000000000,2009-06-29 00:00:00.000000000,2009-03-24 00:00:00.000000000,93 days 00:00:00.000000000,93 days 00:00:00.000000000,0 days 00:00:00.000000000
2720,2011-09-27 00:00:00.000000000,2011-09-27 00:00:00.000000000,2011-09-27 00:00:00.000000000,2011-06-21 00:00:00.000000000,2011-08-03 00:00:00.000000000,2011-08-03 00:00:00.000000000,2011-04-27 00:00:00.000000000,55 days 00:00:00.000000000,55 days 00:00:00.000000000,0 days 00:00:00.000000000
2721,2014-05-02 00:00:00.000000000,2014-05-02 00:00:00.000000000,2014-05-07 00:00:00.000000000,2013-12-11 00:00:00.000000000,2013-12-17 00:00:00.000000000,2013-12-17 00:00:00.000000000,2013-07-28 00:00:00.000000000,136 days 00:00:00.000000000,136 days 00:00:00.000000000,0 days 00:00:00.000000000
2722,2014-04-04 00:00:00.000000000,2014-04-04 00:00:00.000000000,2014-04-28 00:00:00.000000000,2014-01-22 00:00:00.000000000,2014-01-28 00:00:00.000000000,2014-01-28 00:00:00.000000000,2013-11-17 00:00:00.000000000,66 days 00:00:00.000000000,66 days 00:00:00.000000000,0 days 00:00:00.000000000
2723,2013-09-02 00:00:00.000000000,2013-09-02 00:00:00.000000000,2013-09-02 00:00:00.000000000,2013-02-07 00:00:00.000000000,2013-03-22 00:00:00.000000000,2013-03-22 00:00:00.000000000,2012-08-27 00:00:00.000000000,164 days 00:00:00.000000000,164 days 00:00:00.000000000,0 days 00:00:00.000000000
2724,2009-09-11 00:00:00.000000000,2009-09-11 00:00:00.000000000,2009-09-11 00:00:00.000000000,2009-06-19 00:00:00.000000000,2009-07-07 00:00:00.000000000,2009-07-07 00:00:00.000000000,2009-04-14 00:00:00.000000000,66 days 00:00:00.000000000,66 days 00:00:00.000000000,0 days 00:00:00.000000000
2725,2012-10-03 00:00:00.000000000,2012-10-03 00:00:00.000000000,2012-10-03 00:00:00.000000000,2012-04-11 00:00:00.000000000,2012-06-15 00:00:00.000000000,2012-06-15 00:00:00.000000000,2011-12-23 00:00:00.000000000,110 days 00:00:00.000000000,110 days 00:00:00.000000000,0 days 00:00:00.000000000
2726,2014-12-17 00:00:00.000000000,2014-12-17 00:00:00.000000000,2014-12-17 00:00:00.000000000,2014-07-09 00:00:00.000000000,2014-08-11 00:00:00.000000000,2014-08-11 00:00:00.000000000,2014-03-03 00:00:00.000000000,128 days 00:00:00.000000000,128 days 00:00:00.000000000,0 days 00:00:00.000000000
2727,2015-08-05 00:00:00.000000000,2015-08-05 00:00:00.000000000,2015-08-10 00:00:00.000000000,2014-08-13 00:00:00.000000000,2014-08-29 00:00:00.000000000,2014-08-29 00:00:00.000000000,2013-09-06 00:00:00.000000000,341 days 00:00:00.000000000,341 days 00:00:00.000000000,0 days 00:00:00.000000000
2728,2014-06-14 00:00:00.000000000,2014-06-14 00:00:00.000000000,2014-06-16 00:00:00.000000000,2014-04-01 00:00:00.000000000,2014-05-08 00:00:00.000000000,2014-05-08 00:00:00.000000000,2014-02-23 00:00:00.000000000,37 days 00:00:00.000000000,37 days 00:00:00.000000000,0 days 00:00:00.000000000
2729,2010-04-16 00:00:00.000000000,2010-04-16 00:00:00.000000000,2010-04-16 00:00:00.000000000,2009-07-16 00:00:00.000000000,2009-08-31 00:00:00.000000000,2009-08-31 00:00:00.000000000,2008-11-30 00:00:00.000000000,228 days 00:00:00.000000000,228 days 00:00:00.000000000,0 days 00:00:00.000000000
2730,2014-09-30 00:00:00.000000000,2014-09-30 00:00:00.000000000,2014-10-21 00:00:00.000000000,2014-05-15 00:00:00.000000000,2014-05-19 00:00:00.000000000,2014-05-19 00:00:00.000000000,2014-01-01 00:00:00.000000000,134 days 00:00:00.000000000,134 days 00:00:00.000000000,0 days 00:00:00.000000000
2731,2015-07-24 00:00:00.000000000,2015-07-24 00:00:00.000000000,2015-07-24 00:00:00.000000000,2014-09-11 00:00:00.000000000,2014-10-09 00:00:00.000000000,2014-10-09 00:00:00.000000000,2013-11-27 00:00:00.000000000,288 days 00:00:00.000000000,288 days 00:00:00.000000000,0 days 00:00:00.000000000
2732,2015-02-18 00:00:00.000000000,2015-02-18 00:00:00.000000000,2015-02-18 00:00:00.000000000,2014-10-17 00:00:00.000000000,2014-11-12 00:00:00.000000000,2014-11-12 00:00:00.000000000,2014-07-11 00:00:00.000000000,98 days 00:00:00.000000000,98 days 00:00:00.000000000,0 days 00:00:00.000000000
2733,2013-08-14 00:00:00.000000000,2013-08-14 00:00:00.000000000,2013-08-14 00:00:00.000000000,2013-02-07 00:00:00.000000000,2013-03-22 00:00:00.000000000,2013-03-22 00:00:00.000000000,2012-09-15 00:00:00.000000000,145 days 00:00:00.000000000,145 days 00:00:00.000000000,0 days 00:00:00.000000000
2734,2013-11-20 00:00:00.000000000,2013-11-20 00:00:00.000000000,2013-11-21 00:00:00.000000000,2013-05-17 00:00:00.000000000,2013-07-03 00:00:00.000000000,2013-07-03 00:00:00.000000000,2012-12-28 00:00:00.000000000,140 days 00:00:00.000000000,140 days 00:00:00.000000000,0 days 00:00:00.000000000
2735,2012-01-17 00:00:00.000000000,2012-01-17 00:00:00.000000000,2012-01-17 00:00:00.000000000,2011-10-05 00:00:00.000000000,2011-10-26 00:00:00.000000000,2011-10-26 00:00:00.000000000,2011-07-14 00:00:00.000000000,83 days 00:00:00.000000000,83 days 00:00:00.000000000,0 days 00:00:00.000000000
2736,2014-11-28 00:00:00.000000000,2014-11-28 00:00:00.000000000,2014-11-28 00:00:00.000000000,2014-09-11 00:00:00.000000000,2014-11-28 00:00:00.000000000,2014-11-28 00:00:00.000000000,2014-09-11 00:00:00.000000000,0 days 00:00:00.000000000,0 days 00:00:00.000000000,0 days 00:00:00.000000000
2737,2013-10-10 00:00:00.000000000,2013-10-10 00:00:00.000000000,2013-10-18 00:00:00.000000000,2013-07-26 00:00:00.000000000,2013-08-06 00:00:00.000000000,2013-08-06 00:00:00.000000000,2013-05-22 00:00:00.000000000,65 days 00:00:00.000000000,65 days 00:00:00.000000000,0 days 00:00:00.000000000
2738,2014-03-22 00:00:00.000000000,2014-03-22 00:00:00.000000000,2014-03-22 00:00:00.000000000,2013-07-15 00:00:00.000000000,2013-10-08 00:00:00.000000000,2013-10-08 00:00:00.000000000,2013-01-31 00:00:00.000000000,165 days 00:00:00.000000000,165 days 00:00:00.000000000,0 days 00:00:00.000000000
2739,2014-10-30 00:00:00.000000000,2014-10-30 00:00:00.000000000,2014-11-04 00:00:00.000000000,2014-04-08 00:00:00.000000000,2014-04-30 00:00:00.000000000,2014-04-30 00:00:00.000000000,2013-10-07 00:00:00.000000000,183 days 00:00:00.000000000,183 days 00:00:00.000000000,0 days 00:00:00.000000000
2740,2014-05-15 00:00:00.000000000,2014-05-15 00:00:00.000000000,2014-05-15 00:00:00.000000000,2013-07-10 00:00:00.000000000,2013-08-06 00:00:00.000000000,2013-08-06 00:00:00.000000000,2012-10-01 00:00:00.000000000,282 days 00:00:00.000000000,282 days 00:00:00.000000000,0 days 00:00:00.000000000
2741,2010-10-13 00:00:00.000000000,2011-01-25 00:00:00.000000000,2011-01-25 00:00:00.000000000,2010-03-18 00:00:00.000000000,2010-03-19 00:00:00.000000000,2010-03-19 00:00:00.000000000,2009-08-22 00:00:00.000000000,208 days 00:00:00.000000000,312 days 00:00:00.000000000,104 days 00:00:00.000000000
2742,2014-12-01 00:00:00.000000000,2014-12-01 00:00:00.000000000,2014-12-10 00:00:00.000000000,2014-05-21 00:00:00.000000000,2014-06-04 00:00:00.000000000,2014-06-04 00:00:00.000000000,2013-11-22 00:00:00.000000000,180 days 00:00:00.000000000,180 days 00:00:00.000000000,0 days 00:00:00.000000000
2743,2013-10-18 00:00:00.000000000,2013-10-18 00:00:00.000000000,2013-10-18 00:00:00.000000000,2013-07-18 00:00:00.000000000,2013-08-06 00:00:00.000000000,2013-08-06 00:00:00.000000000,2013-05-06 00:00:00.000000000,73 days 00:00:00.000000000,73 days 00:00:00.000000000,0 days 00:00:00.000000000
2744,2013-07-01 00:00:00.000000000,2013-07-01 00:00:00.000000000,2013-07-01 00:00:00.000000000,2013-01-29 00:00:00.000000000,2013-02-06 00:00:00.000000000,2013-02-06 00:00:00.000000000,2012-09-06 00:00:00.000000000,145 days 00:00:00.000000000,145 days 00:00:00.000000000,0 days 00:00:00.000000000
2745,2013-07-09 00:00:00.000000000,2013-07-09 00:00:00.000000000,2013-07-09 00:00:00.000000000,2013-04-26 00:00:00.000000000,2013-05-21 00:00:00.000000000,2013-05-21 00:00:00.000000000,2013-03-08 00:00:00.000000000,49 days 00:00:00.000000000,49 days 00:00:00.000000000,0 days 00:00:00.000000000
2746,2014-11-07 00:00:00.000000000,2014-11-07 00:00:00.000000000,2014-11-08 00:00:00.000000000,2014-04-08 00:00:00.000000000,2014-04-30 00:00:00.000000000,2014-04-30 00:00:00.000000000,2013-09-29 00:00:00.000000000,191 days 00:00:00.000000000,191 days 00:00:00.000000000,0 days 00:00:00.000000000
2747,2015-02-12 00:00:00.000000000,2015-02-12 00:00:00.000000000,2015-02-13 00:00:00.000000000,2014-09-24 00:00:00.000000000,2014-11-14 00:00:00.000000000,2014-11-14 00:00:00.000000000,2014-06-26 00:00:00.000000000,90 days 00:00:00.000000000,90 days 00:00:00.000000000,0 days 00:00:00.000000000
2748,2009-10-19 00:00:00.000000000,2009-10-19 00:00:00.000000000,2009-10-19 00:00:00.000000000,2009-10-08 00:00:00.000000000,2009-10-15 00:00:00.000000000,2009-10-15 00:00:00.000000000,2009-10-04 00:00:00.000000000,4 days 00:00:00.000000000,4 days 00:00:00.000000000,0 days 00:00:00.000000000
2749,2010-03-30 00:00:00.000000000,2010-03-30 00:00:00.000000000,2010-03-30 00:00:00.000000000,2010-02-02 00:00:00.000000000,2010-02-03 00:00:00.000000000,2010-02-03 00:00:00.000000000,2009-12-09 00:00:00.000000000,55 days 00:00:00.000000000,55 days 00:00:00.000000000,0 days 00:00:00.000000000
2750,2013-09-17 00:00:00.000000000,2013-09-17 00:00:00.000000000,2013-09-17 00:00:00.000000000,2013-04-30 00:00:00.000000000,2013-05-29 00:00:00.000000000,2013-05-29 00:00:00.000000000,2013-01-09 00:00:00.000000000,111 days 00:00:00.000000000,111 days 00:00:00.000000000,0 days 00:00:00.000000000
2751,2014-10-06 00:00:00.000000000,2014-10-06 00:00:00.000000000,2014-10-06 00:00:00.000000000,2014-07-17 00:00:00.000000000,2014-08-06 00:00:00.000000000,2014-08-06 00:00:00.000000000,2014-05-17 00:00:00.000000000,61 days 00:00:00.000000000,61 days 00:00:00.000000000,0 days 00:00:00.000000000
2752,2011-09-29 00:00:00.000000000,2011-10-29 00:00:00.000000000,2011-10-29 00:00:00.000000000,2011-06-24 00:00:00.000000000,2011-07-18 00:00:00.000000000,2011-07-18 00:00:00.000000000,2011-04-12 00:00:00.000000000,73 days 00:00:00.000000000,103 days 00:00:00.000000000,30 days 00:00:00.000000000
2753,2014-07-28 00:00:00.000000000,2014-07-28 00:00:00.000000000,2014-08-15 00:00:00.000000000,2014-04-15 00:00:00.000000000,2014-05-16 00:00:00.000000000,2014-05-16 00:00:00.000000000,2014-02-01 00:00:00.000000000,73 days 00:00:00.000000000,73 days 00:00:00.000000000,0 days 00:00:00.000000000
2754,2011-07-12 00:00:00.000000000,2011-07-12 00:00:00.000000000,2011-07-12 00:00:00.000000000,2011-05-16 00:00:00.000000000,2011-05-27 00:00:00.000000000,2011-05-27 00:00:00.000000000,2011-03-31 00:00:00.000000000,46 days 00:00:00.000000000,46 days 00:00:00.000000000,0 days 00:00:00.000000000
2755,2014-01-13 00:00:00.000000000,2014-01-13 00:00:00.000000000,2014-01-13 00:00:00.000000000,2013-11-14 00:00:00.000000000,2013-12-02 00:00:00.000000000,2013-12-02 00:00:00.000000000,2013-10-03 00:00:00.000000000,42 days 00:00:00.000000000,42 days 00:00:00.000000000,0 days 00:00:00.000000000
2756,2011-12-01 00:00:00.000000000,2011-12-01 00:00:00.000000000,2011-12-01 00:00:00.000000000,2011-08-29 00:00:00.000000000,2011-09-30 00:00:00.000000000,2011-09-30 00:00:00.000000000,2011-06-28 00:00:00.000000000,62 days 00:00:00.000000000,62 days 00:00:00.000000000,0 days 00:00:00.000000000
2757,2013-05-17 00:00:00.000000000,2013-05-17 00:00:00.000000000,2013-05-17 00:00:00.000000000,2013-02-03 00:00:00.000000000,2013-02-06 00:00:00.000000000,2013-02-06 00:00:00.000000000,2012-10-26 00:00:00.000000000,100 days 00:00:00.000000000,100 days 00:00:00.000000000,0 days 00:00:00.000000000
2758,2015-06-03 00:00:00.000000000,2015-06-03 00:00:00.000000000,2015-06-05 00:00:00.000000000,2014-12-29 00:00:00.000000000,2015-02-20 00:00:00.000000000,2015-02-20 00:00:00.000000000,2014-09-17 00:00:00.000000000,103 days 00:00:00.000000000,103 days 00:00:00.000000000,0 days 00:00:00.000000000
2759,2014-04-09 00:00:00.000000000,2014-04-09 00:00:00.000000000,2014-07-08 00:00:00.000000000,2013-11-12 00:00:00.000000000,2013-11-26 00:00:00.000000000,2013-11-26 00:00:00.000000000,2013-07-01 00:00:00.000000000,134 days 00:00:00.000000000,134 days 00:00:00.000000000,0 days 00:00:00.000000000
2760,2014-03-21 00:00:00.000000000,2014-03-21 00:00:00.000000000,2014-03-21 00:00:00.000000000,2013-10-23 00:00:00.000000000,2013-10-30 00:00:00.000000000,2013-10-30 00:00:00.000000000,2013-06-03 00:00:00.000000000,142 days 00:00:00.000000000,142 days 00:00:00.000000000,0 days 00:00:00.000000000
2761,2013-05-24 00:00:00.000000000,2013-05-24 00:00:00.000000000,2013-05-24 00:00:00.000000000,2013-01-29 00:00:00.000000000,2013-02-05 00:00:00.000000000,2013-02-05 00:00:00.000000000,2012-10-13 00:00:00.000000000,108 days 00:00:00.000000000,108 days 00:00:00.000000000,0 days 00:00:00.000000000
2762,2010-03-04 00:00:00.000000000,2010-03-04 00:00:00.000000000,2010-03-04 00:00:00.000000000,2010-01-05 00:00:00.000000000,2010-01-13 00:00:00.000000000,2010-01-13 00:00:00.000000000,2009-11-16 00:00:00.000000000,50 days 00:00:00.000000000,50 days 00:00:00.000000000,0 days 00:00:00.000000000
2763,2012-11-01 00:00:00.000000000,2012-11-01 00:00:00.000000000,2012-11-01 00:00:00.000000000,2012-07-26 00:00:00.000000000,2012-08-09 00:00:00.000000000,2012-08-09 00:00:00.000000000,2012-05-03 00:00:00.000000000,84 days 00:00:00.000000000,84 days 00:00:00.000000000,0 days 00:00:00.000000000
2764,2013-11-27 00:00:00.000000000,2013-11-27 00:00:00.000000000,2013-12-02 00:00:00.000000000,2013-04-23 00:00:00.000000000,2013-05-21 00:00:00.000000000,2013-05-21 00:00:00.000000000,2012-10-15 00:00:00.000000000,190 days 00:00:00.000000000,190 days 00:00:00.000000000,0 days 00:00:00.000000000
2765,2014-07-15 00:00:00.000000000,2014-07-15 00:00:00.000000000,2014-08-12 00:00:00.000000000,2014-03-27 00:00:00.000000000,2014-04-29 00:00:00.000000000,2014-04-29 00:00:00.000000000,2014-01-09 00:00:00.000000000,77 days 00:00:00.000000000,77 days 00:00:00.000000000,0 days 00:00:00.000000000
2766,2013-01-15 00:00:00.000000000,2013-01-15 00:00:00.000000000,2013-01-15 00:00:00.000000000,2012-07-25 00:00:00.000000000,2012-08-14 00:00:00.000000000,2012-08-14 00:00:00.000000000,2012-02-22 00:00:00.000000000,154 days 00:00:00.000000000,154 days 00:00:00.000000000,0 days 00:00:00.000000000
2767,2011-09-27 00:00:00.000000000,2011-09-27 00:00:00.000000000,2011-09-27 00:00:00.000000000,2011-06-21 00:00:00.000000000,2011-08-03 00:00:00.000000000,2011-08-03 00:00:00.000000000,2011-04-27 00:00:00.000000000,55 days 00:00:00.000000000,55 days 00:00:00.000000000,0 days 00:00:00.000000000
2768,2009-09-28 00:00:00.000000000,2009-09-28 00:00:00.000000000,2009-09-28 00:00:00.000000000,2009-06-25 00:00:00.000000000,2009-06-29 00:00:00.000000000,2009-06-29 00:00:00.000000000,2009-03-26 00:00:00.000000000,91 days 00:00:00.000000000,91 days 00:00:00.000000000,0 days 00:00:00.000000000
2769,2011-07-27 00:00:00.000000000,2011-07-27 00:00:00.000000000,2011-07-27 00:00:00.000000000,2011-04-28 00:00:00.000000000,2011-05-23 00:00:00.000000000,2011-05-23 00:00:00.000000000,2011-02-22 00:00:00.000000000,65 days 00:00:00.000000000,65 days 00:00:00.000000000,0 days 00:00:00.000000000
2770,2014-10-03 00:00:00.000000000,2014-10-03 00:00:00.000000000,2014-10-03 00:00:00.000000000,2014-04-30 00:00:00.000000000,2014-10-03 00:00:00.000000000,2014-10-03 00:00:00.000000000,2014-04-30 00:00:00.000000000,0 days 00:00:00.000000000,0 days 00:00:00.000000000,0 days 00:00:00.000000000
2771,2014-03-22 00:00:00.000000000,2014-03-22 00:00:00.000000000,2014-03-22 00:00:00.000000000,2013-10-03 00:00:00.000000000,2013-10-28 00:00:00.000000000,2013-10-28 00:00:00.000000000,2013-05-11 00:00:00.000000000,145 days 00:00:00.000000000,145 days 00:00:00.000000000,0 days 00:00:00.000000000
2772,2011-09-02 00:00:00.000000000,2011-09-02 00:00:00.000000000,2011-09-02 00:00:00.000000000,2011-03-10 00:00:00.000000000,2011-03-28 00:00:00.000000000,2011-03-28 00:00:00.000000000,2010-10-03 00:00:00.000000000,158 days 00:00:00.000000000,158 days 00:00:00.000000000,0 days 00:00:00.000000000
2773,2011-03-14 00:00:00.000000000,2011-03-14 00:00:00.000000000,2011-03-14 00:00:00.000000000,2010-08-31 00:00:00.000000000,2010-09-21 00:00:00.000000000,2010-09-21 00:00:00.000000000,2010-03-10 00:00:00.000000000,174 days 00:00:00.000000000,174 days 00:00:00.000000000,0 days 00:00:00.000000000
2774,2011-02-28 00:00:00.000000000,2011-02-28 00:00:00.000000000,2011-02-28 00:00:00.000000000,2010-07-29 00:00:00.000000000,2010-12-07 00:00:00.000000000,2010-12-07 00:00:00.000000000,2010-05-07 00:00:00.000000000,83 days 00:00:00.000000000,83 days 00:00:00.000000000,0 days 00:00:00.000000000
2775,2014-11-05 00:00:00.000000000,2014-11-05 00:00:00.000000000,2014-11-05 00:00:00.000000000,2014-04-30 00:00:00.000000000,2014-11-04 00:00:00.000000000,2014-11-04 00:00:00.000000000,2014-04-29 00:00:00.000000000,1 days 00:00:00.000000000,1 days 00:00:00.000000000,0 days 00:00:00.000000000
2776,2012-07-05 00:00:00.000000000,2012-07-05 00:00:00.000000000,2012-07-05 00:00:00.000000000,2011-10-19 00:00:00.000000000,2011-11-02 00:00:00.000000000,2011-11-02 00:00:00.000000000,2011-02-15 00:00:00.000000000,246 days 00:00:00.000000000,246 days 00:00:00.000000000,0 days 00:00:00.000000000
2777,2009-12-29 00:00:00.000000000,2009-12-29 00:00:00.000000000,2009-12-29 00:00:00.000000000,2009-12-17 00:00:00.000000000,2009-12-23 00:00:00.000000000,2009-12-23 00:00:00.000000000,2009-12-11 00:00:00.000000000,6 days 00:00:00.000000000,6 days 00:00:00.000000000,0 days 00:00:00.000000000
2778,2015-07-14 00:00:00.000000000,2015-07-14 00:00:00.000000000,2015-07-14 00:00:00.000000000,2014-09-11 00:00:00.000000000,2015-07-14 00:00:00.000000000,2015-07-14 00:00:00.000000000,2014-09-11 00:00:00.000000000,0 days 00:00:00.000000000,0 days 00:00:00.000000000,0 days 00:00:00.000000000
2779,2011-02-09 00:00:00.000000000,2011-02-09 00:00:00.000000000,2011-02-09 00:00:00.000000000,2010-08-31 00:00:00.000000000,2010-11-19 00:00:00.000000000,2010-11-19 00:00:00.000000000,2010-06-10 00:00:00.000000000,82 days 00:00:00.000000000,82 days 00:00:00.000000000,0 days 00:00:00.000000000
2780,2011-11-03 00:00:00.000000000,2011-10-10 00:00:00.000000000,2011-10-10 00:00:00.000000000,2011-03-10 00:00:00.000000000,2011-04-01 00:00:00.000000000,2011-04-01 00:00:00.000000000,2010-08-06 00:00:00.000000000,216 days 00:00:00.000000000,192 days 00:00:00.000000000,-24 days +00:00:00.000000000
2781,2011-09-08 00:00:00.000000000,2011-09-08 00:00:00.000000000,2011-09-08 00:00:00.000000000,2011-04-07 00:00:00.000000000,2011-05-05 00:00:00.000000000,2011-05-05 00:00:00.000000000,2010-12-02 00:00:00.000000000,126 days 00:00:00.000000000,126 days 00:00:00.000000000,0 days 00:00:00.000000000
2782,2010-08-24 00:00:00.000000000,2011-03-04 00:00:00.000000000,2011-03-04 00:00:00.000000000,2010-03-18 00:00:00.000000000,2010-03-19 00:00:00.000000000,2010-03-19 00:00:00.000000000,2009-10-11 00:00:00.000000000,158 days 00:00:00.000000000,350 days 00:00:00.000000000,192 days 00:00:00.000000000
2783,2015-03-09 00:00:00.000000000,2015-03-09 00:00:00.000000000,2015-03-09 00:00:00.000000000,2014-09-11 00:00:00.000000000,2015-03-09 00:00:00.000000000,2015-03-09 00:00:00.000000000,2014-09-11 00:00:00.000000000,0 days 00:00:00.000000000,0 days 00:00:00.000000000,0 days 00:00:00.000000000
2784,2012-11-28 00:00:00.000000000,2012-11-27 00:00:00.000000000,2012-11-27 00:00:00.000000000,2012-07-17 00:00:00.000000000,2012-08-13 00:00:00.000000000,2012-08-13 00:00:00.000000000,2012-04-01 00:00:00.000000000,107 days 00:00:00.000000000,106 days 00:00:00.000000000,-1 days +00:00:00.000000000
2785,2013-08-07 00:00:00.000000000,2013-08-07 00:00:00.000000000,2013-08-07 00:00:00.000000000,2013-01-30 00:00:00.000000000,2013-03-11 00:00:00.000000000,2013-03-11 00:00:00.000000000,2012-09-03 00:00:00.000000000,149 days 00:00:00.000000000,149 days 00:00:00.000000000,0 days 00:00:00.000000000
2786,2013-08-07 00:00:00.000000000,2013-08-07 00:00:00.000000000,2013-08-07 00:00:00.000000000,2013-01-30 00:00:00.000000000,2013-03-07 00:00:00.000000000,2013-03-07 00:00:00.000000000,2012-08-30 00:00:00.000000000,153 days 00:00:00.000000000,153 days 00:00:00.000000000,0 days 00:00:00.000000000
2787,2014-08-27 00:00:00.000000000,2014-08-27 00:00:00.000000000,2014-08-27 00:00:00.000000000,2013-07-11 00:00:00.000000000,2014-08-27 00:00:00.000000000,2014-08-27 00:00:00.000000000,2013-07-11 00:00:00.000000000,0 days 00:00:00.000000000,0 days 00:00:00.000000000,0 days 00:00:00.000000000
2788,2015-04-25 00:00:00.000000000,2015-04-25 00:00:00.000000000,2015-04-30 00:00:00.000000000,2014-08-13 00:00:00.000000000,2014-08-20 00:00:00.000000000,2014-08-20 00:00:00.000000000,2013-12-08 00:00:00.000000000,248 days 00:00:00.000000000,248 days 00:00:00.000000000,0 days 00:00:00.000000000
2789,2010-09-13 00:00:00.000000000,2010-09-13 00:00:00.000000000,2010-09-13 00:00:00.000000000,2010-05-26 00:00:00.000000000,2010-06-02 00:00:00.000000000,2010-06-02 00:00:00.000000000,2010-02-12 00:00:00.000000000,103 days 00:00:00.000000000,103 days 00:00:00.000000000,0 days 00:00:00.000000000
2790,2010-09-08 00:00:00.000000000,2010-09-08 00:00:00.000000000,2010-09-08 00:00:00.000000000,2010-07-19 00:00:00.000000000,2010-08-02 00:00:00.000000000,2010-08-02 00:00:00.000000000,2010-06-12 00:00:00.000000000,37 days 00:00:00.000000000,37 days 00:00:00.000000000,0 days 00:00:00.000000000
2791,2014-09-12 00:00:00.000000000,2014-09-12 00:00:00.000000000,2014-09-17 00:00:00.000000000,2014-03-20 00:00:00.000000000,2014-04-28 00:00:00.000000000,2014-04-28 00:00:00.000000000,2013-11-03 00:00:00.000000000,137 days 00:00:00.000000000,137 days 00:00:00.000000000,0 days 00:00:00.000000000
2792,2011-03-04 00:00:00.000000000,2011-03-04 00:00:00.000000000,2011-03-04 00:00:00.000000000,2010-08-31 00:00:00.000000000,2010-09-24 00:00:00.000000000,2010-09-24 00:00:00.000000000,2010-03-23 00:00:00.000000000,161 days 00:00:00.000000000,161 days 00:00:00.000000000,0 days 00:00:00.000000000
2793,2013-08-08 00:00:00.000000000,2013-08-08 00:00:00.000000000,2013-08-08 00:00:00.000000000,2013-04-18 00:00:00.000000000,2013-05-21 00:00:00.000000000,2013-05-21 00:00:00.000000000,2013-01-29 00:00:00.000000000,79 days 00:00:00.000000000,79 days 00:00:00.000000000,0 days 00:00:00.000000000
2794,2014-05-06 00:00:00.000000000,2014-05-06 00:00:00.000000000,2014-05-15 00:00:00.000000000,2014-02-05 00:00:00.000000000,2014-02-28 00:00:00.000000000,2014-02-28 00:00:00.000000000,2013-11-30 00:00:00.000000000,67 days 00:00:00.000000000,67 days 00:00:00.000000000,0 days 00:00:00.000000000
2795,2014-04-28 00:00:00.000000000,2014-04-28 00:00:00.000000000,2014-04-28 00:00:00.000000000,2014-03-12 00:00:00.000000000,2014-04-03 00:00:00.000000000,2014-04-03 00:00:00.000000000,2014-02-15 00:00:00.000000000,25 days 00:00:00.000000000,25 days 00:00:00.000000000,0 days 00:00:00.000000000
2796,2012-06-29 00:00:00.000000000,2012-06-29 00:00:00.000000000,2012-06-29 00:00:00.000000000,2011-12-27 00:00:00.000000000,2012-01-17 00:00:00.000000000,2012-01-17 00:00:00.000000000,2011-07-16 00:00:00.000000000,164 days 00:00:00.000000000,164 days 00:00:00.000000000,0 days 00:00:00.000000000
2797,2013-04-16 00:00:00.000000000,2013-04-16 00:00:00.000000000,2013-04-16 00:00:00.000000000,2012-12-07 00:00:00.000000000,2013-01-03 00:00:00.000000000,2013-01-03 00:00:00.000000000,2012-08-26 00:00:00.000000000,103 days 00:00:00.000000000,103 days 00:00:00.000000000,0 days 00:00:00.000000000
2798,2013-03-13 00:00:00.000000000,2013-03-13 00:00:00.000000000,2013-03-13 00:00:00.000000000,2012-10-15 00:00:00.000000000,2012-11-07 00:00:00.000000000,2012-11-07 00:00:00.000000000,2012-06-11 00:00:00.000000000,126 days 00:00:00.000000000,126 days 00:00:00.000000000,0 days 00:00:00.000000000
2799,2010-10-06 00:00:00.000000000,2010-10-06 00:00:00.000000000,2010-10-06 00:00:00.000000000,2010-06-02 00:00:00.000000000,2010-06-16 00:00:00.000000000,2010-06-16 00:00:00.000000000,2010-02-10 00:00:00.000000000,112 days 00:00:00.000000000,112 days 00:00:00.000000000,0 days 00:00:00.000000000
2800,2015-07-15 00:00:00.000000000,2015-07-15 00:00:00.000000000,2015-07-15 00:00:00.000000000,2015-02-23 00:00:00.000000000,2015-05-07 00:00:00.000000000,2015-05-07 00:00:00.000000000,2014-12-16 00:00:00.000000000,69 days 00:00:00.000000000,69 days 00:00:00.000000000,0 days 00:00:00.000000000
2801,2015-05-12 00:00:00.000000000,2015-05-12 00:00:00.000000000,2015-05-12 00:00:00.000000000,2014-10-09 00:00:00.000000000,2014-12-12 00:00:00.000000000,2014-12-12 00:00:00.000000000,2014-05-11 00:00:00.000000000,151 days 00:00:00.000000000,151 days 00:00:00.000000000,0 days 00:00:00.000000000
2802,2010-10-22 00:00:00.000000000,2010-10-22 00:00:00.000000000,2010-10-22 00:00:00.000000000,2010-08-18 00:00:00.000000000,2010-08-25 00:00:00.000000000,2010-08-25 00:00:00.000000000,2010-06-21 00:00:00.000000000,58 days 00:00:00.000000000,58 days 00:00:00.000000000,0 days 00:00:00.000000000
2803,2010-03-04 00:00:00.000000000,2010-03-04 00:00:00.000000000,2010-03-04 00:00:00.000000000,2009-11-25 00:00:00.000000000,2009-12-02 00:00:00.000000000,2009-12-02 00:00:00.000000000,2009-08-25 00:00:00.000000000,92 days 00:00:00.000000000,92 days 00:00:00.000000000,0 days 00:00:00.000000000
2804,2010-08-05 00:00:00.000000000,2010-08-05 00:00:00.000000000,2010-08-05 00:00:00.000000000,2010-05-04 00:00:00.000000000,2010-05-25 00:00:00.000000000,2010-05-25 00:00:00.000000000,2010-02-21 00:00:00.000000000,72 days 00:00:00.000000000,72 days 00:00:00.000000000,0 days 00:00:00.000000000
2805,2012-06-15 00:00:00.000000000,2012-06-15 00:00:00.000000000,2012-06-15 00:00:00.000000000,2012-01-17 00:00:00.000000000,2012-04-05 00:00:00.000000000,2012-04-05 00:00:00.000000000,2011-11-07 00:00:00.000000000,71 days 00:00:00.000000000,71 days 00:00:00.000000000,0 days 00:00:00.000000000
2806,2009-08-05 00:00:00.000000000,2009-08-05 00:00:00.000000000,2009-08-05 00:00:00.000000000,2009-05-07 00:00:00.000000000,2009-07-21 00:00:00.000000000,2009-07-21 00:00:00.000000000,2009-04-22 00:00:00.000000000,15 days 00:00:00.000000000,15 days 00:00:00.000000000,0 days 00:00:00.000000000
2807,2012-09-18 00:00:00.000000000,2012-09-18 00:00:00.000000000,2012-09-18 00:00:00.000000000,2012-03-27 00:00:00.000000000,2012-05-03 00:00:00.000000000,2012-05-03 00:00:00.000000000,2011-11-10 00:00:00.000000000,138 days 00:00:00.000000000,138 days 00:00:00.000000000,0 days 00:00:00.000000000
2808,2010-12-12 00:00:00.000000000,2010-12-12 00:00:00.000000000,2010-12-12 00:00:00.000000000,2010-08-13 00:00:00.000000000,2010-09-28 00:00:00.000000000,2010-09-28 00:00:00.000000000,2010-05-30 00:00:00.000000000,75 days 00:00:00.000000000,75 days 00:00:00.000000000,0 days 00:00:00.000000000
2809,2011-08-15 00:00:00.000000000,2011-08-15 00:00:00.000000000,2011-08-15 00:00:00.000000000,2011-03-10 00:00:00.000000000,2011-04-01 00:00:00.000000000,2011-04-01 00:00:00.000000000,2010-10-25 00:00:00.000000000,136 days 00:00:00.000000000,136 days 00:00:00.000000000,0 days 00:00:00.000000000
2810,2015-08-24 00:00:00.000000000,2015-08-24 00:00:00.000000000,2015-08-24 00:00:00.000000000,2014-09-11 00:00:00.000000000,2014-10-09 00:00:00.000000000,2014-10-09 00:00:00.000000000,2013-10-27 00:00:00.000000000,319 days 00:00:00.000000000,319 days 00:00:00.000000000,0 days 00:00:00.000000000
2811,2012-09-25 00:00:00.000000000,2012-09-25 00:00:00.000000000,2012-09-25 00:00:00.000000000,2012-07-05 00:00:00.000000000,2012-07-26 00:00:00.000000000,2012-07-26 00:00:00.000000000,2012-05-05 00:00:00.000000000,61 days 00:00:00.000000000,61 days 00:00:00.000000000,0 days 00:00:00.000000000
2812,2014-09-05 00:00:00.000000000,2014-09-05 00:00:00.000000000,2014-09-16 00:00:00.000000000,2014-04-23 00:00:00.000000000,2014-05-20 00:00:00.000000000,2014-05-20 00:00:00.000000000,2014-01-05 00:00:00.000000000,108 days 00:00:00.000000000,108 days 00:00:00.000000000,0 days 00:00:00.000000000
2813,2013-09-11 00:00:00.000000000,2013-09-11 00:00:00.000000000,2013-09-11 00:00:00.000000000,2013-05-02 00:00:00.000000000,2013-05-22 00:00:00.000000000,2013-05-22 00:00:00.000000000,2013-01-10 00:00:00.000000000,112 days 00:00:00.000000000,112 days 00:00:00.000000000,0 days 00:00:00.000000000
2814,2010-09-07 00:00:00.000000000,2010-09-07 00:00:00.000000000,2010-09-07 00:00:00.000000000,2010-03-18 00:00:00.000000000,2010-03-19 00:00:00.000000000,2010-03-19 00:00:00.000000000,2009-09-27 00:00:00.000000000,172 days 00:00:00.000000000,172 days 00:00:00.000000000,0 days 00:00:00.000000000
2815,2011-06-22 00:00:00.000000000,2011-06-22 00:00:00.000000000,2011-06-22 00:00:00.000000000,2011-01-17 00:00:00.000000000,2011-02-15 00:00:00.000000000,2011-02-15 00:00:00.000000000,2010-09-12 00:00:00.000000000,127 days 00:00:00.000000000,127 days 00:00:00.000000000,0 days 00:00:00.000000000
2816,2010-10-12 00:00:00.000000000,2010-12-15 00:00:00.000000000,2010-12-15 00:00:00.000000000,2010-06-02 00:00:00.000000000,2010-06-17 00:00:00.000000000,2010-06-17 00:00:00.000000000,2010-02-05 00:00:00.000000000,117 days 00:00:00.000000000,181 days 00:00:00.000000000,64 days 00:00:00.000000000
2817,2011-03-04 00:00:00.000000000,2011-03-04 00:00:00.000000000,2011-03-04 00:00:00.000000000,2010-09-28 00:00:00.000000000,2010-10-01 00:00:00.000000000,2010-10-01 00:00:00.000000000,2010-04-27 00:00:00.000000000,154 days 00:00:00.000000000,154 days 00:00:00.000000000,0 days 00:00:00.000000000
2818,2014-07-18 00:00:00.000000000,2014-07-18 00:00:00.000000000,2014-07-31 00:00:00.000000000,2014-05-11 00:00:00.000000000,2014-06-02 00:00:00.000000000,2014-06-02 00:00:00.000000000,2014-03-26 00:00:00.000000000,46 days 00:00:00.000000000,46 days 00:00:00.000000000,0 days 00:00:00.000000000
2819,2013-04-16 00:00:00.000000000,2013-04-16 00:00:00.000000000,2013-04-16 00:00:00.000000000,2013-03-18 00:00:00.000000000,1900-01-01 00:00:00.000000000,2013-04-09 00:00:00.000000000,2013-03-11 00:00:00.000000000,7 days 00:00:00.000000000,7 days 00:00:00.000000000,0 days 00:00:00.000000000
2820,2010-03-15 00:00:00.000000000,2010-03-15 00:00:00.000000000,2010-03-15 00:00:00.000000000,2009-10-20 00:00:00.000000000,2009-11-13 00:00:00.000000000,2009-11-13 00:00:00.000000000,2009-06-20 00:00:00.000000000,122 days 00:00:00.000000000,122 days 00:00:00.000000000,0 days 00:00:00.000000000
2821,2011-07-19 00:00:00.000000000,2011-07-19 00:00:00.000000000,2011-07-19 00:00:00.000000000,2011-03-11 00:00:00.000000000,2011-03-31 00:00:00.000000000,2011-03-31 00:00:00.000000000,2010-11-21 00:00:00.000000000,110 days 00:00:00.000000000,110 days 00:00:00.000000000,0 days 00:00:00.000000000
2822,2015-05-12 00:00:00.000000000,2015-05-12 00:00:00.000000000,2015-05-12 00:00:00.000000000,2014-09-11 00:00:00.000000000,2015-05-11 00:00:00.000000000,2015-05-11 00:00:00.000000000,2014-09-10 00:00:00.000000000,1 days 00:00:00.000000000,1 days 00:00:00.000000000,0 days 00:00:00.000000000
2823,2013-01-29 00:00:00.000000000,2013-01-29 00:00:00.000000000,2013-01-29 00:00:00.000000000,2012-10-15 00:00:00.000000000,2012-11-09 00:00:00.000000000,2012-11-09 00:00:00.000000000,2012-07-26 00:00:00.000000000,81 days 00:00:00.000000000,81 days 00:00:00.000000000,0 days 00:00:00.000000000
2824,2012-02-08 00:00:00.000000000,2012-02-08 00:00:00.000000000,2012-02-08 00:00:00.000000000,2011-08-29 00:00:00.000000000,2011-09-07 00:00:00.000000000,2011-09-07 00:00:00.000000000,2011-03-28 00:00:00.000000000,154 days 00:00:00.000000000,154 days 00:00:00.000000000,0 days 00:00:00.000000000
2825,2010-03-19 00:00:00.000000000,2010-03-19 00:00:00.000000000,2010-03-19 00:00:00.000000000,2009-10-20 00:00:00.000000000,2009-11-13 00:00:00.000000000,2009-11-13 00:00:00.000000000,2009-06-16 00:00:00.000000000,126 days 00:00:00.000000000,126 days 00:00:00.000000000,0 days 00:00:00.000000000
2826,2013-06-11 00:00:00.000000000,2013-06-11 00:00:00.000000000,2013-06-11 00:00:00.000000000,2013-03-15 00:00:00.000000000,2013-04-11 00:00:00.000000000,2013-04-11 00:00:00.000000000,2013-01-13 00:00:00.000000000,61 days 00:00:00.000000000,61 days 00:00:00.000000000,0 days 00:00:00.000000000
2827,2013-12-17 00:00:00.000000000,2013-12-17 00:00:00.000000000,2013-12-20 00:00:00.000000000,2013-10-17 00:00:00.000000000,2013-11-04 00:00:00.000000000,2013-11-04 00:00:00.000000000,2013-09-04 00:00:00.000000000,43 days 00:00:00.000000000,43 days 00:00:00.000000000,0 days 00:00:00.000000000
2828,2011-01-07 00:00:00.000000000,2011-01-07 00:00:00.000000000,2011-01-07 00:00:00.000000000,2010-08-13 00:00:00.000000000,2010-09-27 00:00:00.000000000,2010-09-27 00:00:00.000000000,2010-05-03 00:00:00.000000000,102 days 00:00:00.000000000,102 days 00:00:00.000000000,0 days 00:00:00.000000000
2829,2014-01-23 00:00:00.000000000,2014-01-23 00:00:00.000000000,2014-01-27 00:00:00.000000000,2013-07-23 00:00:00.000000000,2013-08-06 00:00:00.000000000,2013-08-06 00:00:00.000000000,2013-02-03 00:00:00.000000000,170 days 00:00:00.000000000,170 days 00:00:00.000000000,0 days 00:00:00.000000000
2830,2015-04-09 00:00:00.000000000,2015-04-09 00:00:00.000000000,2015-04-13 00:00:00.000000000,2014-10-22 00:00:00.000000000,2015-01-07 00:00:00.000000000,2015-01-07 00:00:00.000000000,2014-07-22 00:00:00.000000000,92 days 00:00:00.000000000,92 days 00:00:00.000000000,0 days 00:00:00.000000000
2831,2013-04-30 00:00:00.000000000,2013-04-30 00:00:00.000000000,2013-04-30 00:00:00.000000000,2012-11-13 00:00:00.000000000,2012-12-12 00:00:00.000000000,2012-12-12 00:00:00.000000000,2012-06-27 00:00:00.000000000,139 days 00:00:00.000000000,139 days 00:00:00.000000000,0 days 00:00:00.000000000
2832,2010-12-13 00:00:00.000000000,2010-12-11 00:00:00.000000000,2010-12-11 00:00:00.000000000,2010-06-02 00:00:00.000000000,2010-06-17 00:00:00.000000000,2010-06-17 00:00:00.000000000,2009-12-05 00:00:00.000000000,179 days 00:00:00.000000000,177 days 00:00:00.000000000,-2 days +00:00:00.000000000
2833,2012-03-20 00:00:00.000000000,2012-03-20 00:00:00.000000000,2012-03-20 00:00:00.000000000,2011-04-07 00:00:00.000000000,2011-05-05 00:00:00.000000000,2011-05-05 00:00:00.000000000,2010-05-22 00:00:00.000000000,320 days 00:00:00.000000000,320 days 00:00:00.000000000,0 days 00:00:00.000000000
2834,2014-08-27 00:00:00.000000000,2014-08-27 00:00:00.000000000,2014-08-27 00:00:00.000000000,2013-07-11 00:00:00.000000000,2014-08-27 00:00:00.000000000,2014-08-27 00:00:00.000000000,2013-07-11 00:00:00.000000000,0 days 00:00:00.000000000,0 days 00:00:00.000000000,0 days 00:00:00.000000000
2835,2014-09-10 00:00:00.000000000,2014-09-10 00:00:00.000000000,2014-10-01 00:00:00.000000000,2014-05-15 00:00:00.000000000,2014-07-30 00:00:00.000000000,2014-07-30 00:00:00.000000000,2014-04-03 00:00:00.000000000,42 days 00:00:00.000000000,42 days 00:00:00.000000000,0 days 00:00:00.000000000
2836,2011-02-09 00:00:00.000000000,2011-02-09 00:00:00.000000000,2011-02-09 00:00:00.000000000,2010-09-03 00:00:00.000000000,2010-09-27 00:00:00.000000000,2010-09-27 00:00:00.000000000,2010-04-21 00:00:00.000000000,135 days 00:00:00.000000000,135 days 00:00:00.000000000,0 days 00:00:00.000000000
2837,2011-12-13 00:00:00.000000000,2011-12-13 00:00:00.000000000,2011-12-13 00:00:00.000000000,2011-07-28 00:00:00.000000000,2011-08-12 00:00:00.000000000,2011-08-12 00:00:00.000000000,2011-03-27 00:00:00.000000000,123 days 00:00:00.000000000,123 days 00:00:00.000000000,0 days 00:00:00.000000000
2838,2015-08-26 00:00:00.000000000,2015-08-26 00:00:00.000000000,2015-08-26 00:00:00.000000000,2015-02-19 00:00:00.000000000,2015-05-01 00:00:00.000000000,2015-05-01 00:00:00.000000000,2014-10-25 00:00:00.000000000,117 days 00:00:00.000000000,117 days 00:00:00.000000000,0 days 00:00:00.000000000
2839,2013-10-18 00:00:00.000000000,2013-10-26 00:00:00.000000000,2013-10-29 00:00:00.000000000,2013-08-19 00:00:00.000000000,2013-08-23 00:00:00.000000000,2013-08-23 00:00:00.000000000,2013-06-24 00:00:00.000000000,56 days 00:00:00.000000000,64 days 00:00:00.000000000,8 days 00:00:00.000000000
2840,2010-08-24 00:00:00.000000000,2010-08-24 00:00:00.000000000,2010-08-24 00:00:00.000000000,2010-03-18 00:00:00.000000000,2010-03-19 00:00:00.000000000,2010-03-19 00:00:00.000000000,2009-10-11 00:00:00.000000000,158 days 00:00:00.000000000,158 days 00:00:00.000000000,0 days 00:00:00.000000000
2841,2010-02-09 00:00:00.000000000,2010-02-09 00:00:00.000000000,2010-02-09 00:00:00.000000000,2009-12-23 00:00:00.000000000,2009-12-29 00:00:00.000000000,2009-12-29 00:00:00.000000000,2009-11-11 00:00:00.000000000,42 days 00:00:00.000000000,42 days 00:00:00.000000000,0 days 00:00:00.000000000
2842,2012-08-07 00:00:00.000000000,2012-08-07 00:00:00.000000000,2012-08-07 00:00:00.000000000,2012-01-13 00:00:00.000000000,2012-05-31 00:00:00.000000000,2012-05-31 00:00:00.000000000,2011-11-06 00:00:00.000000000,68 days 00:00:00.000000000,68 days 00:00:00.000000000,0 days 00:00:00.000000000
2843,2011-09-23 00:00:00.000000000,2011-09-23 00:00:00.000000000,2011-09-23 00:00:00.000000000,2011-05-23 00:00:00.000000000,2011-06-15 00:00:00.000000000,2011-06-15 00:00:00.000000000,2011-02-12 00:00:00.000000000,100 days 00:00:00.000000000,100 days 00:00:00.000000000,0 days 00:00:00.000000000
2844,2015-07-15 00:00:00.000000000,2015-07-15 00:00:00.000000000,2015-07-15 00:00:00.000000000,2015-02-13 00:00:00.000000000,2015-03-04 00:00:00.000000000,2015-03-04 00:00:00.000000000,2014-10-03 00:00:00.000000000,133 days 00:00:00.000000000,133 days 00:00:00.000000000,0 days 00:00:00.000000000
2845,2015-07-23 00:00:00.000000000,2015-07-23 00:00:00.000000000,2015-07-29 00:00:00.000000000,2015-03-10 00:00:00.000000000,2015-03-17 00:00:00.000000000,2015-03-17 00:00:00.000000000,2014-11-02 00:00:00.000000000,128 days 00:00:00.000000000,128 days 00:00:00.000000000,0 days 00:00:00.000000000
2846,2012-03-01 00:00:00.000000000,2012-03-01 00:00:00.000000000,2012-03-01 00:00:00.000000000,2011-09-21 00:00:00.000000000,2011-10-04 00:00:00.000000000,2011-10-04 00:00:00.000000000,2011-04-25 00:00:00.000000000,149 days 00:00:00.000000000,149 days 00:00:00.000000000,0 days 00:00:00.000000000
2847,2013-04-10 00:00:00.000000000,2013-04-10 00:00:00.000000000,2013-04-10 00:00:00.000000000,2012-10-11 00:00:00.000000000,2012-10-18 00:00:00.000000000,2012-10-18 00:00:00.000000000,2012-04-20 00:00:00.000000000,174 days 00:00:00.000000000,174 days 00:00:00.000000000,0 days 00:00:00.000000000
2848,2015-07-02 00:00:00.000000000,2015-07-02 00:00:00.000000000,2015-07-03 00:00:00.000000000,2014-12-29 00:00:00.000000000,2015-02-20 00:00:00.000000000,2015-02-20 00:00:00.000000000,2014-08-19 00:00:00.000000000,132 days 00:00:00.000000000,132 days 00:00:00.000000000,0 days 00:00:00.000000000
2849,2014-11-28 00:00:00.000000000,2014-11-28 00:00:00.000000000,2014-11-28 00:00:00.000000000,2014-09-11 00:00:00.000000000,2014-11-28 00:00:00.000000000,2014-11-28 00:00:00.000000000,2014-09-11 00:00:00.000000000,0 days 00:00:00.000000000,0 days 00:00:00.000000000,0 days 00:00:00.000000000
2850,2013-07-03 00:00:00.000000000,2013-07-03 00:00:00.000000000,2013-07-03 00:00:00.000000000,2013-03-15 00:00:00.000000000,2013-04-11 00:00:00.000000000,2013-04-11 00:00:00.000000000,2012-12-22 00:00:00.000000000,83 days 00:00:00.000000000,83 days 00:00:00.000000000,0 days 00:00:00.000000000
2851,2014-05-02 00:00:00.000000000,2014-05-02 00:00:00.000000000,2014-05-07 00:00:00.000000000,2013-12-11 00:00:00.000000000,2013-12-17 00:00:00.000000000,2013-12-17 00:00:00.000000000,2013-07-28 00:00:00.000000000,136 days 00:00:00.000000000,136 days 00:00:00.000000000,0 days 00:00:00.000000000
2852,2009-10-19 00:00:00.000000000,2009-10-19 00:00:00.000000000,2009-10-19 00:00:00.000000000,2009-10-08 00:00:00.000000000,2009-10-15 00:00:00.000000000,2009-10-15 00:00:00.000000000,2009-10-04 00:00:00.000000000,4 days 00:00:00.000000000,4 days 00:00:00.000000000,0 days 00:00:00.000000000
2853,2015-08-24 00:00:00.000000000,2015-08-24 00:00:00.000000000,2015-08-28 00:00:00.000000000,2015-06-08 00:00:00.000000000,2015-06-25 00:00:00.000000000,2015-06-25 00:00:00.000000000,2015-04-09 00:00:00.000000000,60 days 00:00:00.000000000,60 days 00:00:00.000000000,0 days 00:00:00.000000000
2854,2012-01-24 00:00:00.000000000,2012-01-26 00:00:00.000000000,2012-01-26 00:00:00.000000000,2011-12-06 00:00:00.000000000,2011-12-13 00:00:00.000000000,2011-12-13 00:00:00.000000000,2011-10-25 00:00:00.000000000,42 days 00:00:00.000000000,44 days 00:00:00.000000000,2 days 00:00:00.000000000
2855,2011-04-27 00:00:00.000000000,2011-04-27 00:00:00.000000000,2011-04-27 00:00:00.000000000,2010-09-03 00:00:00.000000000,2010-09-29 00:00:00.000000000,2010-09-29 00:00:00.000000000,2010-02-05 00:00:00.000000000,210 days 00:00:00.000000000,210 days 00:00:00.000000000,0 days 00:00:00.000000000
2856,2010-08-23 00:00:00.000000000,2010-08-23 00:00:00.000000000,2010-08-23 00:00:00.000000000,2009-10-20 00:00:00.000000000,2009-11-11 00:00:00.000000000,2009-11-11 00:00:00.000000000,2009-01-08 00:00:00.000000000,285 days 00:00:00.000000000,285 days 00:00:00.000000000,0 days 00:00:00.000000000
2857,2009-09-14 00:00:00.000000000,2009-10-09 00:00:00.000000000,2009-10-09 00:00:00.000000000,2009-05-07 00:00:00.000000000,2009-07-21 00:00:00.000000000,2009-07-21 00:00:00.000000000,2009-03-13 00:00:00.000000000,55 days 00:00:00.000000000,80 days 00:00:00.000000000,25 days 00:00:00.000000000
2858,2010-03-16 00:00:00.000000000,2010-03-16 00:00:00.000000000,2010-03-16 00:00:00.000000000,2009-12-16 00:00:00.000000000,2009-12-22 00:00:00.000000000,2009-12-22 00:00:00.000000000,2009-09-23 00:00:00.000000000,84 days 00:00:00.000000000,84 days 00:00:00.000000000,0 days 00:00:00.000000000
2859,2011-02-14 00:00:00.000000000,2011-02-14 00:00:00.000000000,2011-02-14 00:00:00.000000000,2010-04-28 00:00:00.000000000,2010-04-29 00:00:00.000000000,2010-04-29 00:00:00.000000000,2009-07-11 00:00:00.000000000,291 days 00:00:00.000000000,291 days 00:00:00.000000000,0 days 00:00:00.000000000
2860,2011-04-08 00:00:00.000000000,2011-04-08 00:00:00.000000000,2011-04-08 00:00:00.000000000,2010-11-26 00:00:00.000000000,2010-12-14 00:00:00.000000000,2010-12-14 00:00:00.000000000,2010-08-03 00:00:00.000000000,115 days 00:00:00.000000000,115 days 00:00:00.000000000,0 days 00:00:00.000000000
2861,2014-07-14 00:00:00.000000000,2014-07-14 00:00:00.000000000,2014-07-16 00:00:00.000000000,2014-03-20 00:00:00.000000000,2014-04-29 00:00:00.000000000,2014-04-29 00:00:00.000000000,2014-01-03 00:00:00.000000000,76 days 00:00:00.000000000,76 days 00:00:00.000000000,0 days 00:00:00.000000000
2862,2013-09-24 00:00:00.000000000,2013-09-24 00:00:00.000000000,2013-09-24 00:00:00.000000000,2013-07-03 00:00:00.000000000,2013-07-16 00:00:00.000000000,2013-07-16 00:00:00.000000000,2013-04-24 00:00:00.000000000,70 days 00:00:00.000000000,70 days 00:00:00.000000000,0 days 00:00:00.000000000
2863,2012-02-06 00:00:00.000000000,2012-02-06 00:00:00.000000000,2012-02-06 00:00:00.000000000,2011-08-11 00:00:00.000000000,2011-10-05 00:00:00.000000000,2011-10-05 00:00:00.000000000,2011-04-09 00:00:00.000000000,124 days 00:00:00.000000000,124 days 00:00:00.000000000,0 days 00:00:00.000000000
2864,2014-04-23 00:00:00.000000000,2014-04-23 00:00:00.000000000,2014-04-23 00:00:00.000000000,2013-10-04 00:00:00.000000000,2013-10-10 00:00:00.000000000,2013-10-10 00:00:00.000000000,2013-03-23 00:00:00.000000000,195 days 00:00:00.000000000,195 days 00:00:00.000000000,0 days 00:00:00.000000000
2865,2013-01-09 00:00:00.000000000,2013-02-26 00:00:00.000000000,2013-02-26 00:00:00.000000000,2012-10-05 00:00:00.000000000,2012-10-16 00:00:00.000000000,2012-10-16 00:00:00.000000000,2012-07-12 00:00:00.000000000,85 days 00:00:00.000000000,133 days 00:00:00.000000000,48 days 00:00:00.000000000
2866,2015-03-09 00:00:00.000000000,2015-03-09 00:00:00.000000000,2015-03-09 00:00:00.000000000,2014-09-11 00:00:00.000000000,2015-03-09 00:00:00.000000000,2015-03-09 00:00:00.000000000,2014-09-11 00:00:00.000000000,0 days 00:00:00.000000000,0 days 00:00:00.000000000,0 days 00:00:00.000000000
2867,2012-01-18 00:00:00.000000000,2012-01-18 00:00:00.000000000,2012-01-18 00:00:00.000000000,2011-12-07 00:00:00.000000000,2011-12-30 00:00:00.000000000,2011-12-30 00:00:00.000000000,2011-11-18 00:00:00.000000000,19 days 00:00:00.000000000,19 days 00:00:00.000000000,0 days 00:00:00.000000000
2868,2009-11-27 00:00:00.000000000,2009-11-27 00:00:00.000000000,2009-11-27 00:00:00.000000000,2009-06-11 00:00:00.000000000,2009-06-29 00:00:00.000000000,2009-06-29 00:00:00.000000000,2009-01-11 00:00:00.000000000,151 days 00:00:00.000000000,151 days 00:00:00.000000000,0 days 00:00:00.000000000
2869,2015-07-03 00:00:00.000000000,2015-07-03 00:00:00.000000000,2015-07-13 00:00:00.000000000,2014-10-22 00:00:00.000000000,2014-12-24 00:00:00.000000000,2014-12-24 00:00:00.000000000,2014-04-14 00:00:00.000000000,191 days 00:00:00.000000000,191 days 00:00:00.000000000,0 days 00:00:00.000000000
2870,2011-02-01 00:00:00.000000000,2011-05-03 00:00:00.000000000,2011-05-03 00:00:00.000000000,2010-08-31 00:00:00.000000000,2010-09-24 00:00:00.000000000,2010-09-24 00:00:00.000000000,2010-04-23 00:00:00.000000000,130 days 00:00:00.000000000,221 days 00:00:00.000000000,91 days 00:00:00.000000000
2871,2011-10-31 00:00:00.000000000,2011-10-31 00:00:00.000000000,2011-10-31 00:00:00.000000000,2011-01-13 00:00:00.000000000,2011-02-01 00:00:00.000000000,2011-02-01 00:00:00.000000000,2010-04-16 00:00:00.000000000,272 days 00:00:00.000000000,272 days 00:00:00.000000000,0 days 00:00:00.000000000
2872,2012-03-29 00:00:00.000000000,2012-03-29 00:00:00.000000000,2012-03-29 00:00:00.000000000,2011-07-08 00:00:00.000000000,2011-08-04 00:00:00.000000000,2011-08-04 00:00:00.000000000,2010-11-12 00:00:00.000000000,238 days 00:00:00.000000000,238 days 00:00:00.000000000,0 days 00:00:00.000000000
2873,2013-05-16 00:00:00.000000000,2013-05-16 00:00:00.000000000,2013-05-16 00:00:00.000000000,2012-10-15 00:00:00.000000000,2012-11-07 00:00:00.000000000,2012-11-07 00:00:00.000000000,2012-04-08 00:00:00.000000000,190 days 00:00:00.000000000,190 days 00:00:00.000000000,0 days 00:00:00.000000000
2874,2014-09-26 00:00:00.000000000,2014-09-26 00:00:00.000000000,2014-09-29 00:00:00.000000000,2014-07-17 00:00:00.000000000,2014-08-05 00:00:00.000000000,2014-08-05 00:00:00.000000000,2014-05-26 00:00:00.000000000,52 days 00:00:00.000000000,52 days 00:00:00.000000000,0 days 00:00:00.000000000
2875,2011-07-14 00:00:00.000000000,2011-07-14 00:00:00.000000000,2011-07-14 00:00:00.000000000,2010-12-27 00:00:00.000000000,2011-05-02 00:00:00.000000000,2011-05-02 00:00:00.000000000,2010-10-15 00:00:00.000000000,73 days 00:00:00.000000000,73 days 00:00:00.000000000,0 days 00:00:00.000000000
2876,2012-04-22 00:00:00.000000000,2012-04-22 00:00:00.000000000,2012-04-22 00:00:00.000000000,2012-01-06 00:00:00.000000000,2012-02-24 00:00:00.000000000,2012-02-24 00:00:00.000000000,2011-11-09 00:00:00.000000000,58 days 00:00:00.000000000,58 days 00:00:00.000000000,0 days 00:00:00.000000000
2877,2014-07-29 00:00:00.000000000,2014-07-29 00:00:00.000000000,2014-08-14 00:00:00.000000000,2014-06-03 00:00:00.000000000,2014-06-18 00:00:00.000000000,2014-06-18 00:00:00.000000000,2014-04-23 00:00:00.000000000,41 days 00:00:00.000000000,41 days 00:00:00.000000000,0 days 00:00:00.000000000
2878,2012-07-09 00:00:00.000000000,2012-07-09 00:00:00.000000000,2012-07-09 00:00:00.000000000,2012-06-05 00:00:00.000000000,2012-06-14 00:00:00.000000000,2012-06-14 00:00:00.000000000,2012-05-11 00:00:00.000000000,25 days 00:00:00.000000000,25 days 00:00:00.000000000,0 days 00:00:00.000000000
2879,2012-04-25 00:00:00.000000000,2012-04-25 00:00:00.000000000,2012-04-25 00:00:00.000000000,2012-01-05 00:00:00.000000000,2012-01-23 00:00:00.000000000,2012-01-23 00:00:00.000000000,2011-10-04 00:00:00.000000000,93 days 00:00:00.000000000,93 days 00:00:00.000000000,0 days 00:00:00.000000000
2880,2011-10-27 00:00:00.000000000,2011-10-27 00:00:00.000000000,2011-10-27 00:00:00.000000000,2011-06-21 00:00:00.000000000,2011-08-04 00:00:00.000000000,2011-08-04 00:00:00.000000000,2011-03-29 00:00:00.000000000,84 days 00:00:00.000000000,84 days 00:00:00.000000000,0 days 00:00:00.000000000
2881,2015-07-24 00:00:00.000000000,2015-07-24 00:00:00.000000000,2015-07-24 00:00:00.000000000,2014-09-11 00:00:00.000000000,2014-10-09 00:00:00.000000000,2014-10-09 00:00:00.000000000,2013-11-27 00:00:00.000000000,288 days 00:00:00.000000000,288 days 00:00:00.000000000,0 days 00:00:00.000000000
2882,2015-07-02 00:00:00.000000000,2015-07-07 00:00:00.000000000,2015-07-07 00:00:00.000000000,2014-12-29 00:00:00.000000000,2015-02-20 00:00:00.000000000,2015-02-20 00:00:00.000000000,2014-08-19 00:00:00.000000000,132 days 00:00:00.000000000,137 days 00:00:00.000000000,5 days 00:00:00.000000000
2883,2011-12-13 00:00:00.000000000,2011-12-13 00:00:00.000000000,2011-12-13 00:00:00.000000000,2010-09-03 00:00:00.000000000,2010-09-27 00:00:00.000000000,2010-09-27 00:00:00.000000000,2009-06-18 00:00:00.000000000,442 days 00:00:00.000000000,442 days 00:00:00.000000000,0 days 00:00:00.000000000
2884,2014-08-05 00:00:00.000000000,2014-08-05 00:00:00.000000000,2014-08-05 00:00:00.000000000,2014-04-30 00:00:00.000000000,2014-08-05 00:00:00.000000000,2014-08-05 00:00:00.000000000,2014-04-30 00:00:00.000000000,0 days 00:00:00.000000000,0 days 00:00:00.000000000,0 days 00:00:00.000000000
2885,2011-07-14 00:00:00.000000000,2011-07-14 00:00:00.000000000,2011-07-14 00:00:00.000000000,2010-12-27 00:00:00.000000000,2011-05-02 00:00:00.000000000,2011-05-02 00:00:00.000000000,2010-10-15 00:00:00.000000000,73 days 00:00:00.000000000,73 days 00:00:00.000000000,0 days 00:00:00.000000000
2886,2014-04-25 00:00:00.000000000,2014-04-25 00:00:00.000000000,2014-04-25 00:00:00.000000000,2013-12-13 00:00:00.000000000,2013-12-27 00:00:00.000000000,2013-12-27 00:00:00.000000000,2013-08-16 00:00:00.000000000,119 days 00:00:00.000000000,119 days 00:00:00.000000000,0 days 00:00:00.000000000
2887,2012-01-12 00:00:00.000000000,2012-01-27 00:00:00.000000000,2012-01-27 00:00:00.000000000,2011-03-10 00:00:00.000000000,2011-03-28 00:00:00.000000000,2011-03-28 00:00:00.000000000,2010-05-24 00:00:00.000000000,290 days 00:00:00.000000000,305 days 00:00:00.000000000,15 days 00:00:00.000000000
2888,2014-05-09 00:00:00.000000000,2014-05-09 00:00:00.000000000,2014-05-12 00:00:00.000000000,2013-08-21 00:00:00.000000000,2014-02-03 00:00:00.000000000,2014-02-03 00:00:00.000000000,2013-05-18 00:00:00.000000000,95 days 00:00:00.000000000,95 days 00:00:00.000000000,0 days 00:00:00.000000000
2889,2009-10-19 00:00:00.000000000,2009-10-19 00:00:00.000000000,2009-10-19 00:00:00.000000000,2009-10-08 00:00:00.000000000,2009-10-15 00:00:00.000000000,2009-10-15 00:00:00.000000000,2009-10-04 00:00:00.000000000,4 days 00:00:00.000000000,4 days 00:00:00.000000000,0 days 00:00:00.000000000
2890,2012-06-29 00:00:00.000000000,2012-06-29 00:00:00.000000000,2012-06-29 00:00:00.000000000,2011-11-30 00:00:00.000000000,2012-03-14 00:00:00.000000000,2012-03-14 00:00:00.000000000,2011-08-15 00:00:00.000000000,107 days 00:00:00.000000000,107 days 00:00:00.000000000,0 days 00:00:00.000000000
2891,2013-12-23 00:00:00.000000000,2013-12-23 00:00:00.000000000,2014-04-09 00:00:00.000000000,2013-10-11 00:00:00.000000000,2013-10-21 00:00:00.000000000,2013-10-21 00:00:00.000000000,2013-08-09 00:00:00.000000000,63 days 00:00:00.000000000,63 days 00:00:00.000000000,0 days 00:00:00.000000000
2892,2014-04-04 00:00:00.000000000,2014-04-04 00:00:00.000000000,2014-04-05 00:00:00.000000000,2013-10-04 00:00:00.000000000,2013-10-10 00:00:00.000000000,2013-10-10 00:00:00.000000000,2013-04-11 00:00:00.000000000,176 days 00:00:00.000000000,176 days 00:00:00.000000000,0 days 00:00:00.000000000
2893,2011-05-17 00:00:00.000000000,2011-05-17 00:00:00.000000000,2011-05-17 00:00:00.000000000,2011-01-19 00:00:00.000000000,2011-02-03 00:00:00.000000000,2011-02-03 00:00:00.000000000,2010-10-08 00:00:00.000000000,103 days 00:00:00.000000000,103 days 00:00:00.000000000,0 days 00:00:00.000000000
2894,2010-07-29 00:00:00.000000000,2010-07-29 00:00:00.000000000,2010-07-29 00:00:00.000000000,2009-11-18 00:00:00.000000000,2010-05-27 00:00:00.000000000,2010-05-27 00:00:00.000000000,2009-09-16 00:00:00.000000000,63 days 00:00:00.000000000,63 days 00:00:00.000000000,0 days 00:00:00.000000000
2895,2013-10-17 00:00:00.000000000,2013-10-17 00:00:00.000000000,2013-11-06 00:00:00.000000000,2013-04-19 00:00:00.000000000,2013-07-10 00:00:00.000000000,2013-07-10 00:00:00.000000000,2013-01-10 00:00:00.000000000,99 days 00:00:00.000000000,99 days 00:00:00.000000000,0 days 00:00:00.000000000
2896,2012-08-22 00:00:00.000000000,2012-08-22 00:00:00.000000000,2012-08-22 00:00:00.000000000,2012-04-11 00:00:00.000000000,2012-06-12 00:00:00.000000000,2012-06-12 00:00:00.000000000,2012-01-31 00:00:00.000000000,71 days 00:00:00.000000000,71 days 00:00:00.000000000,0 days 00:00:00.000000000
2897,2009-11-23 00:00:00.000000000,2009-11-23 00:00:00.000000000,2009-11-23 00:00:00.000000000,2009-06-30 00:00:00.000000000,2009-07-16 00:00:00.000000000,2009-07-16 00:00:00.000000000,2009-02-20 00:00:00.000000000,130 days 00:00:00.000000000,130 days 00:00:00.000000000,0 days 00:00:00.000000000
2898,2013-04-25 00:00:00.000000000,2013-04-25 00:00:00.000000000,2013-04-25 00:00:00.000000000,2013-01-10 00:00:00.000000000,2013-01-22 00:00:00.000000000,2013-01-22 00:00:00.000000000,2012-10-09 00:00:00.000000000,93 days 00:00:00.000000000,93 days 00:00:00.000000000,0 days 00:00:00.000000000
2899,2014-05-06 00:00:00.000000000,2014-05-06 00:00:00.000000000,2014-05-15 00:00:00.000000000,2014-02-05 00:00:00.000000000,2014-02-28 00:00:00.000000000,2014-02-28 00:00:00.000000000,2013-11-30 00:00:00.000000000,67 days 00:00:00.000000000,67 days 00:00:00.000000000,0 days 00:00:00.000000000
2900,2013-02-20 00:00:00.000000000,2013-02-20 00:00:00.000000000,2013-02-20 00:00:00.000000000,2012-12-13 00:00:00.000000000,2013-01-02 00:00:00.000000000,2013-01-02 00:00:00.000000000,2012-10-25 00:00:00.000000000,49 days 00:00:00.000000000,49 days 00:00:00.000000000,0 days 00:00:00.000000000
2901,2010-03-29 00:00:00.000000000,2010-03-29 00:00:00.000000000,2010-03-29 00:00:00.000000000,2009-01-04 00:00:00.000000000,2010-01-12 00:00:00.000000000,2010-01-12 00:00:00.000000000,2008-10-20 00:00:00.000000000,76 days 00:00:00.000000000,76 days 00:00:00.000000000,0 days 00:00:00.000000000
2902,2014-03-14 00:00:00.000000000,2014-03-14 00:00:00.000000000,2014-03-20 00:00:00.000000000,2013-10-25 00:00:00.000000000,2013-12-04 00:00:00.000000000,2013-12-04 00:00:00.000000000,2013-07-17 00:00:00.000000000,100 days 00:00:00.000000000,100 days 00:00:00.000000000,0 days 00:00:00.000000000
2903,2014-10-28 00:00:00.000000000,2014-10-28 00:00:00.000000000,2014-11-19 00:00:00.000000000,2014-05-11 00:00:00.000000000,2014-06-26 00:00:00.000000000,2014-06-26 00:00:00.000000000,2014-01-07 00:00:00.000000000,124 days 00:00:00.000000000,124 days 00:00:00.000000000,0 days 00:00:00.000000000
2904,2012-02-18 00:00:00.000000000,2012-02-18 00:00:00.000000000,2012-02-18 00:00:00.000000000,2011-09-21 00:00:00.000000000,2011-10-04 00:00:00.000000000,2011-10-04 00:00:00.000000000,2011-05-07 00:00:00.000000000,137 days 00:00:00.000000000,137 days 00:00:00.000000000,0 days 00:00:00.000000000
2905,2010-03-29 00:00:00.000000000,2010-03-29 00:00:00.000000000,2010-03-29 00:00:00.000000000,2009-01-04 00:00:00.000000000,2010-01-12 00:00:00.000000000,2010-01-12 00:00:00.000000000,2008-10-20 00:00:00.000000000,76 days 00:00:00.000000000,76 days 00:00:00.000000000,0 days 00:00:00.000000000
2906,2012-10-20 00:00:00.000000000,2012-10-20 00:00:00.000000000,2012-10-20 00:00:00.000000000,2012-03-09 00:00:00.000000000,2012-04-16 00:00:00.000000000,2012-04-16 00:00:00.000000000,2011-09-04 00:00:00.000000000,187 days 00:00:00.000000000,187 days 00:00:00.000000000,0 days 00:00:00.000000000
2907,2014-12-10 00:00:00.000000000,2014-12-10 00:00:00.000000000,2014-12-10 00:00:00.000000000,2014-10-29 00:00:00.000000000,2014-12-10 00:00:00.000000000,2014-12-10 00:00:00.000000000,2014-10-29 00:00:00.000000000,0 days 00:00:00.000000000,0 days 00:00:00.000000000,0 days 00:00:00.000000000
2908,2014-01-08 00:00:00.000000000,2014-01-08 00:00:00.000000000,2014-01-08 00:00:00.000000000,2013-07-11 00:00:00.000000000,2013-07-30 00:00:00.000000000,2013-07-30 00:00:00.000000000,2013-01-30 00:00:00.000000000,162 days 00:00:00.000000000,162 days 00:00:00.000000000,0 days 00:00:00.000000000
2909,2010-08-07 00:00:00.000000000,2010-08-09 00:00:00.000000000,2010-08-09 00:00:00.000000000,2010-06-21 00:00:00.000000000,2010-06-24 00:00:00.000000000,2010-06-24 00:00:00.000000000,2010-05-08 00:00:00.000000000,44 days 00:00:00.000000000,46 days 00:00:00.000000000,2 days 00:00:00.000000000
2910,2014-03-07 00:00:00.000000000,2014-03-07 00:00:00.000000000,2014-03-15 00:00:00.000000000,2013-11-12 00:00:00.000000000,2013-11-26 00:00:00.000000000,2013-11-26 00:00:00.000000000,2013-08-03 00:00:00.000000000,101 days 00:00:00.000000000,101 days 00:00:00.000000000,0 days 00:00:00.000000000
2911,2012-06-05 00:00:00.000000000,2012-06-05 00:00:00.000000000,2012-06-05 00:00:00.000000000,2012-02-28 00:00:00.000000000,2012-03-21 00:00:00.000000000,2012-03-21 00:00:00.000000000,2011-12-14 00:00:00.000000000,76 days 00:00:00.000000000,76 days 00:00:00.000000000,0 days 00:00:00.000000000
2912,2015-05-05 00:00:00.000000000,2015-05-12 00:00:00.000000000,2015-05-14 00:00:00.000000000,2014-04-22 00:00:00.000000000,2014-05-19 00:00:00.000000000,2014-05-19 00:00:00.000000000,2013-05-06 00:00:00.000000000,351 days 00:00:00.000000000,358 days 00:00:00.000000000,7 days 00:00:00.000000000
2913,2010-03-05 00:00:00.000000000,2010-03-05 00:00:00.000000000,2010-03-05 00:00:00.000000000,2009-11-05 00:00:00.000000000,2009-11-23 00:00:00.000000000,2009-11-23 00:00:00.000000000,2009-07-26 00:00:00.000000000,102 days 00:00:00.000000000,102 days 00:00:00.000000000,0 days 00:00:00.000000000
2914,2013-10-23 00:00:00.000000000,2013-10-23 00:00:00.000000000,2013-10-24 00:00:00.000000000,2013-05-03 00:00:00.000000000,2013-05-10 00:00:00.000000000,2013-05-10 00:00:00.000000000,2012-11-18 00:00:00.000000000,166 days 00:00:00.000000000,166 days 00:00:00.000000000,0 days 00:00:00.000000000
2915,2013-09-17 00:00:00.000000000,2013-09-13 00:00:00.000000000,2013-09-13 00:00:00.000000000,2013-04-30 00:00:00.000000000,2013-05-29 00:00:00.000000000,2013-05-29 00:00:00.000000000,2013-01-09 00:00:00.000000000,111 days 00:00:00.000000000,107 days 00:00:00.000000000,-4 days +00:00:00.000000000
2916,2012-06-29 00:00:00.000000000,2012-06-29 00:00:00.000000000,2012-06-29 00:00:00.000000000,2011-12-27 00:00:00.000000000,2012-01-17 00:00:00.000000000,2012-01-17 00:00:00.000000000,2011-07-16 00:00:00.000000000,164 days 00:00:00.000000000,164 days 00:00:00.000000000,0 days 00:00:00.000000000
2917,2013-08-30 00:00:00.000000000,2013-08-30 00:00:00.000000000,2013-08-30 00:00:00.000000000,2013-06-25 00:00:00.000000000,2013-07-22 00:00:00.000000000,2013-07-22 00:00:00.000000000,2013-05-17 00:00:00.000000000,39 days 00:00:00.000000000,39 days 00:00:00.000000000,0 days 00:00:00.000000000
2918,2010-07-01 00:00:00.000000000,2010-07-01 00:00:00.000000000,2010-07-01 00:00:00.000000000,2009-06-30 00:00:00.000000000,2009-07-16 00:00:00.000000000,2009-07-16 00:00:00.000000000,2008-07-15 00:00:00.000000000,350 days 00:00:00.000000000,350 days 00:00:00.000000000,0 days 00:00:00.000000000
2919,2011-07-25 00:00:00.000000000,2011-07-25 00:00:00.000000000,2011-07-25 00:00:00.000000000,2011-03-29 00:00:00.000000000,2011-04-28 00:00:00.000000000,2011-04-28 00:00:00.000000000,2010-12-31 00:00:00.000000000,88 days 00:00:00.000000000,88 days 00:00:00.000000000,0 days 00:00:00.000000000
2920,2010-03-20 00:00:00.000000000,2010-03-20 00:00:00.000000000,2010-03-20 00:00:00.000000000,2009-10-20 00:00:00.000000000,2009-11-03 00:00:00.000000000,2009-11-03 00:00:00.000000000,2009-06-05 00:00:00.000000000,137 days 00:00:00.000000000,137 days 00:00:00.000000000,0 days 00:00:00.000000000
2921,2011-06-13 00:00:00.000000000,2011-06-13 00:00:00.000000000,2011-06-13 00:00:00.000000000,2010-11-26 00:00:00.000000000,2010-12-14 00:00:00.000000000,2010-12-14 00:00:00.000000000,2010-05-29 00:00:00.000000000,181 days 00:00:00.000000000,181 days 00:00:00.000000000,0 days 00:00:00.000000000
2922,2014-04-04 00:00:00.000000000,2014-04-04 00:00:00.000000000,2014-04-28 00:00:00.000000000,2014-01-22 00:00:00.000000000,2014-01-28 00:00:00.000000000,2014-01-28 00:00:00.000000000,2013-11-17 00:00:00.000000000,66 days 00:00:00.000000000,66 days 00:00:00.000000000,0 days 00:00:00.000000000
2923,2011-07-22 00:00:00.000000000,2011-07-22 00:00:00.000000000,2011-07-22 00:00:00.000000000,2011-04-01 00:00:00.000000000,2011-04-21 00:00:00.000000000,2011-04-21 00:00:00.000000000,2010-12-30 00:00:00.000000000,92 days 00:00:00.000000000,92 days 00:00:00.000000000,0 days 00:00:00.000000000
2924,2011-06-27 00:00:00.000000000,2011-06-27 00:00:00.000000000,2011-06-27 00:00:00.000000000,2011-01-27 00:00:00.000000000,2011-04-14 00:00:00.000000000,2011-04-14 00:00:00.000000000,2010-11-14 00:00:00.000000000,74 days 00:00:00.000000000,74 days 00:00:00.000000000,0 days 00:00:00.000000000
2925,2010-05-31 00:00:00.000000000,2010-05-31 00:00:00.000000000,2010-05-31 00:00:00.000000000,2010-04-19 00:00:00.000000000,2010-04-21 00:00:00.000000000,2010-04-21 00:00:00.000000000,2010-03-10 00:00:00.000000000,40 days 00:00:00.000000000,40 days 00:00:00.000000000,0 days 00:00:00.000000000
2926,2014-03-27 00:00:00.000000000,2014-03-27 00:00:00.000000000,2014-03-27 00:00:00.000000000,2013-06-21 00:00:00.000000000,2013-08-12 00:00:00.000000000,2013-08-12 00:00:00.000000000,2012-11-06 00:00:00.000000000,227 days 00:00:00.000000000,227 days 00:00:00.000000000,0 days 00:00:00.000000000
2927,2015-05-12 00:00:00.000000000,2015-05-12 00:00:00.000000000,2015-05-12 00:00:00.000000000,2014-09-11 00:00:00.000000000,2015-05-11 00:00:00.000000000,2015-05-11 00:00:00.000000000,2014-09-10 00:00:00.000000000,1 days 00:00:00.000000000,1 days 00:00:00.000000000,0 days 00:00:00.000000000
2928,2010-06-23 00:00:00.000000000,2010-06-23 00:00:00.000000000,2010-06-23 00:00:00.000000000,2009-12-23 00:00:00.000000000,2010-01-29 00:00:00.000000000,2010-01-29 00:00:00.000000000,2009-07-31 00:00:00.000000000,145 days 00:00:00.000000000,145 days 00:00:00.000000000,0 days 00:00:00.000000000
2929,2013-11-29 00:00:00.000000000,2013-11-29 00:00:00.000000000,2013-12-02 00:00:00.000000000,2013-07-30 00:00:00.000000000,2013-09-02 00:00:00.000000000,2013-09-02 00:00:00.000000000,2013-05-03 00:00:00.000000000,88 days 00:00:00.000000000,88 days 00:00:00.000000000,0 days 00:00:00.000000000
2930,2013-09-25 00:00:00.000000000,2013-09-25 00:00:00.000000000,2013-09-25 00:00:00.000000000,2013-05-03 00:00:00.000000000,2013-05-15 00:00:00.000000000,2013-05-15 00:00:00.000000000,2012-12-21 00:00:00.000000000,133 days 00:00:00.000000000,133 days 00:00:00.000000000,0 days 00:00:00.000000000
2931,2014-08-08 00:00:00.000000000,2014-08-08 00:00:00.000000000,2014-09-29 00:00:00.000000000,2014-03-27 00:00:00.000000000,2014-05-06 00:00:00.000000000,2014-05-06 00:00:00.000000000,2013-12-23 00:00:00.000000000,94 days 00:00:00.000000000,94 days 00:00:00.000000000,0 days 00:00:00.000000000
2932,2013-03-20 00:00:00.000000000,2013-03-20 00:00:00.000000000,2013-03-20 00:00:00.000000000,2012-10-18 00:00:00.000000000,2012-11-06 00:00:00.000000000,2012-11-06 00:00:00.000000000,2012-06-06 00:00:00.000000000,134 days 00:00:00.000000000,134 days 00:00:00.000000000,0 days 00:00:00.000000000
2933,2011-04-26 00:00:00.000000000,2011-04-26 00:00:00.000000000,2011-04-26 00:00:00.000000000,2010-08-31 00:00:00.000000000,2010-09-24 00:00:00.000000000,2010-09-24 00:00:00.000000000,2010-01-29 00:00:00.000000000,214 days 00:00:00.000000000,214 days 00:00:00.000000000,0 days 00:00:00.000000000
2934,2015-07-24 00:00:00.000000000,2015-07-24 00:00:00.000000000,2015-07-24 00:00:00.000000000,2014-09-11 00:00:00.000000000,2014-10-09 00:00:00.000000000,2014-10-09 00:00:00.000000000,2013-11-27 00:00:00.000000000,288 days 00:00:00.000000000,288 days 00:00:00.000000000,0 days 00:00:00.000000000
2935,2011-02-09 00:00:00.000000000,2011-02-09 00:00:00.000000000,2011-02-09 00:00:00.000000000,2010-09-30 00:00:00.000000000,2010-10-18 00:00:00.000000000,2010-10-18 00:00:00.000000000,2010-06-08 00:00:00.000000000,114 days 00:00:00.000000000,114 days 00:00:00.000000000,0 days 00:00:00.000000000
2936,2012-09-11 00:00:00.000000000,2012-09-11 00:00:00.000000000,2012-09-11 00:00:00.000000000,2012-07-05 00:00:00.000000000,2012-07-31 00:00:00.000000000,2012-07-31 00:00:00.000000000,2012-05-24 00:00:00.000000000,42 days 00:00:00.000000000,42 days 00:00:00.000000000,0 days 00:00:00.000000000
2937,2015-06-16 00:00:00.000000000,2015-06-16 00:00:00.000000000,2015-06-24 00:00:00.000000000,2015-01-02 00:00:00.000000000,2015-02-12 00:00:00.000000000,2015-02-12 00:00:00.000000000,2014-08-31 00:00:00.000000000,124 days 00:00:00.000000000,124 days 00:00:00.000000000,0 days 00:00:00.000000000
2938,2014-08-27 00:00:00.000000000,2014-08-27 00:00:00.000000000,2014-08-27 00:00:00.000000000,2013-07-11 00:00:00.000000000,2014-08-27 00:00:00.000000000,2014-08-27 00:00:00.000000000,2013-07-11 00:00:00.000000000,0 days 00:00:00.000000000,0 days 00:00:00.000000000,0 days 00:00:00.000000000
2939,2015-06-09 00:00:00.000000000,2015-06-09 00:00:00.000000000,2015-06-09 00:00:00.000000000,2014-08-13 00:00:00.000000000,2014-08-20 00:00:00.000000000,2014-08-20 00:00:00.000000000,2013-10-24 00:00:00.000000000,293 days 00:00:00.000000000,293 days 00:00:00.000000000,0 days 00:00:00.000000000
2940,2013-06-04 00:00:00.000000000,2013-06-04 00:00:00.000000000,2013-06-04 00:00:00.000000000,2013-01-16 00:00:00.000000000,2013-02-05 00:00:00.000000000,2013-02-05 00:00:00.000000000,2012-09-19 00:00:00.000000000,119 days 00:00:00.000000000,119 days 00:00:00.000000000,0 days 00:00:00.000000000
2941,2011-12-12 00:00:00.000000000,2011-12-12 00:00:00.000000000,2011-12-12 00:00:00.000000000,2011-08-04 00:00:00.000000000,2011-08-24 00:00:00.000000000,2011-08-24 00:00:00.000000000,2011-04-16 00:00:00.000000000,110 days 00:00:00.000000000,110 days 00:00:00.000000000,0 days 00:00:00.000000000
2942,2014-08-19 00:00:00.000000000,2014-09-02 00:00:00.000000000,2014-09-17 00:00:00.000000000,2014-05-16 00:00:00.000000000,2014-06-02 00:00:00.000000000,2014-06-02 00:00:00.000000000,2014-02-27 00:00:00.000000000,78 days 00:00:00.000000000,92 days 00:00:00.000000000,14 days 00:00:00.000000000
2943,2011-07-01 00:00:00.000000000,2011-07-01 00:00:00.000000000,2011-07-01 00:00:00.000000000,2011-03-29 00:00:00.000000000,2011-05-02 00:00:00.000000000,2011-05-02 00:00:00.000000000,2011-01-28 00:00:00.000000000,60 days 00:00:00.000000000,60 days 00:00:00.000000000,0 days 00:00:00.000000000
2944,2015-05-12 00:00:00.000000000,2015-05-12 00:00:00.000000000,2015-05-12 00:00:00.000000000,2014-09-11 00:00:00.000000000,2015-05-11 00:00:00.000000000,2015-05-11 00:00:00.000000000,2014-09-10 00:00:00.000000000,1 days 00:00:00.000000000,1 days 00:00:00.000000000,0 days 00:00:00.000000000
2945,2010-03-15 00:00:00.000000000,2010-03-15 00:00:00.000000000,2010-03-15 00:00:00.000000000,2009-01-04 00:00:00.000000000,2010-01-12 00:00:00.000000000,2010-01-12 00:00:00.000000000,2008-11-03 00:00:00.000000000,62 days 00:00:00.000000000,62 days 00:00:00.000000000,0 days 00:00:00.000000000
2946,2014-08-13 00:00:00.000000000,2014-08-13 00:00:00.000000000,2014-08-13 00:00:00.000000000,2013-07-11 00:00:00.000000000,2014-08-13 00:00:00.000000000,2014-08-13 00:00:00.000000000,2013-07-11 00:00:00.000000000,0 days 00:00:00.000000000,0 days 00:00:00.000000000,0 days 00:00:00.000000000
2947,2009-10-07 00:00:00.000000000,2009-10-07 00:00:00.000000000,2009-10-07 00:00:00.000000000,2009-07-29 00:00:00.000000000,2009-08-07 00:00:00.000000000,2009-08-07 00:00:00.000000000,2009-05-29 00:00:00.000000000,61 days 00:00:00.000000000,61 days 00:00:00.000000000,0 days 00:00:00.000000000
2948,2014-11-19 00:00:00.000000000,2014-11-19 00:00:00.000000000,2014-11-19 00:00:00.000000000,2014-07-30 00:00:00.000000000,2014-08-29 00:00:00.000000000,2014-08-29 00:00:00.000000000,2014-05-09 00:00:00.000000000,82 days 00:00:00.000000000,82 days 00:00:00.000000000,0 days 00:00:00.000000000
2949,2014-08-27 00:00:00.000000000,2014-08-27 00:00:00.000000000,2014-08-27 00:00:00.000000000,2013-07-11 00:00:00.000000000,2014-08-27 00:00:00.000000000,2014-08-27 00:00:00.000000000,2013-07-11 00:00:00.000000000,0 days 00:00:00.000000000,0 days 00:00:00.000000000,0 days 00:00:00.000000000
2950,2010-07-19 00:00:00.000000000,2010-07-29 00:00:00.000000000,2010-07-29 00:00:00.000000000,2010-03-18 00:00:00.000000000,2010-03-19 00:00:00.000000000,2010-03-19 00:00:00.000000000,2009-11-16 00:00:00.000000000,122 days 00:00:00.000000000,132 days 00:00:00.000000000,10 days 00:00:00.000000000
2951,2011-04-26 00:00:00.000000000,2011-04-26 00:00:00.000000000,2011-04-26 00:00:00.000000000,2010-08-31 00:00:00.000000000,2010-09-24 00:00:00.000000000,2010-09-24 00:00:00.000000000,2010-01-29 00:00:00.000000000,214 days 00:00:00.000000000,214 days 00:00:00.000000000,0 days 00:00:00.000000000
2952,2015-07-23 00:00:00.000000000,2015-07-23 00:00:00.000000000,2015-07-29 00:00:00.000000000,2015-03-10 00:00:00.000000000,2015-03-17 00:00:00.000000000,2015-03-17 00:00:00.000000000,2014-11-02 00:00:00.000000000,128 days 00:00:00.000000000,128 days 00:00:00.000000000,0 days 00:00:00.000000000
2953,2010-09-01 00:00:00.000000000,2010-09-01 00:00:00.000000000,2010-09-01 00:00:00.000000000,2010-03-18 00:00:00.000000000,2010-03-19 00:00:00.000000000,2010-03-19 00:00:00.000000000,2009-10-03 00:00:00.000000000,166 days 00:00:00.000000000,166 days 00:00:00.000000000,0 days 00:00:00.000000000
2954,2014-08-29 00:00:00.000000000,2014-08-29 00:00:00.000000000,2014-08-29 00:00:00.000000000,2013-07-11 00:00:00.000000000,2014-08-29 00:00:00.000000000,2014-08-29 00:00:00.000000000,2013-07-11 00:00:00.000000000,0 days 00:00:00.000000000,0 days 00:00:00.000000000,0 days 00:00:00.000000000
2955,2014-08-28 00:00:00.000000000,2014-08-28 00:00:00.000000000,2014-08-28 00:00:00.000000000,2014-04-30 00:00:00.000000000,2014-08-28 00:00:00.000000000,2014-08-28 00:00:00.000000000,2014-04-30 00:00:00.000000000,0 days 00:00:00.000000000,0 days 00:00:00.000000000,0 days 00:00:00.000000000
2956,2014-08-29 00:00:00.000000000,2014-08-29 00:00:00.000000000,2014-08-29 00:00:00.000000000,2013-07-11 00:00:00.000000000,2014-08-29 00:00:00.000000000,2014-08-29 00:00:00.000000000,2013-07-11 00:00:00.000000000,0 days 00:00:00.000000000,0 days 00:00:00.000000000,0 days 00:00:00.000000000
2957,2011-09-02 00:00:00.000000000,2011-09-02 00:00:00.000000000,2011-09-02 00:00:00.000000000,2011-03-10 00:00:00.000000000,2011-03-24 00:00:00.000000000,2011-03-24 00:00:00.000000000,2010-09-29 00:00:00.000000000,162 days 00:00:00.000000000,162 days 00:00:00.000000000,0 days 00:00:00.000000000
2958,2012-01-11 00:00:00.000000000,2012-01-11 00:00:00.000000000,2012-01-11 00:00:00.000000000,2011-08-29 00:00:00.000000000,2011-09-07 00:00:00.000000000,2011-09-07 00:00:00.000000000,2011-04-25 00:00:00.000000000,126 days 00:00:00.000000000,126 days 00:00:00.000000000,0 days 00:00:00.000000000
2959,2015-02-12 00:00:00.000000000,2015-02-12 00:00:00.000000000,2015-02-12 00:00:00.000000000,2014-09-11 00:00:00.000000000,2015-02-12 00:00:00.000000000,2015-02-12 00:00:00.000000000,2014-09-11 00:00:00.000000000,0 days 00:00:00.000000000,0 days 00:00:00.000000000,0 days 00:00:00.000000000
2960,2011-08-11 00:00:00.000000000,2011-08-11 00:00:00.000000000,2011-08-11 00:00:00.000000000,2011-04-21 00:00:00.000000000,2011-05-02 00:00:00.000000000,2011-05-02 00:00:00.000000000,2011-01-10 00:00:00.000000000,101 days 00:00:00.000000000,101 days 00:00:00.000000000,0 days 00:00:00.000000000
2961,2012-12-05 00:00:00.000000000,2012-12-05 00:00:00.000000000,2012-12-05 00:00:00.000000000,2012-07-25 00:00:00.000000000,2012-08-15 00:00:00.000000000,2012-08-15 00:00:00.000000000,2012-04-04 00:00:00.000000000,112 days 00:00:00.000000000,112 days 00:00:00.000000000,0 days 00:00:00.000000000
2962,2015-01-26 00:00:00.000000000,2015-01-26 00:00:00.000000000,2015-01-27 00:00:00.000000000,2014-07-29 00:00:00.000000000,2014-08-28 00:00:00.000000000,2014-08-28 00:00:00.000000000,2014-02-28 00:00:00.000000000,151 days 00:00:00.000000000,151 days 00:00:00.000000000,0 days 00:00:00.000000000
2963,2012-12-25 00:00:00.000000000,2012-12-25 00:00:00.000000000,2012-12-25 00:00:00.000000000,2012-09-12 00:00:00.000000000,2012-10-10 00:00:00.000000000,2012-10-10 00:00:00.000000000,2012-06-28 00:00:00.000000000,76 days 00:00:00.000000000,76 days 00:00:00.000000000,0 days 00:00:00.000000000
2964,2014-08-20 00:00:00.000000000,2014-08-20 00:00:00.000000000,2014-08-20 00:00:00.000000000,2014-06-17 00:00:00.000000000,2014-06-19 00:00:00.000000000,2014-06-19 00:00:00.000000000,2014-04-16 00:00:00.000000000,62 days 00:00:00.000000000,62 days 00:00:00.000000000,0 days 00:00:00.000000000
2965,2014-11-03 00:00:00.000000000,2014-11-03 00:00:00.000000000,2014-11-05 00:00:00.000000000,2014-09-23 00:00:00.000000000,2014-10-16 00:00:00.000000000,2014-10-16 00:00:00.000000000,2014-09-05 00:00:00.000000000,18 days 00:00:00.000000000,18 days 00:00:00.000000000,0 days 00:00:00.000000000
2966,2014-10-20 00:00:00.000000000,2014-10-20 00:00:00.000000000,2014-10-24 00:00:00.000000000,2014-03-20 00:00:00.000000000,2014-04-29 00:00:00.000000000,2014-04-29 00:00:00.000000000,2013-09-27 00:00:00.000000000,174 days 00:00:00.000000000,174 days 00:00:00.000000000,0 days 00:00:00.000000000
2967,2012-02-18 00:00:00.000000000,2012-02-18 00:00:00.000000000,2012-02-18 00:00:00.000000000,2011-09-21 00:00:00.000000000,2011-10-04 00:00:00.000000000,2011-10-04 00:00:00.000000000,2011-05-07 00:00:00.000000000,137 days 00:00:00.000000000,137 days 00:00:00.000000000,0 days 00:00:00.000000000
2968,2014-10-28 00:00:00.000000000,2014-10-28 00:00:00.000000000,2014-11-21 00:00:00.000000000,2014-03-20 00:00:00.000000000,2014-05-30 00:00:00.000000000,2014-05-30 00:00:00.000000000,2013-10-20 00:00:00.000000000,151 days 00:00:00.000000000,151 days 00:00:00.000000000,0 days 00:00:00.000000000
2969,2014-09-05 00:00:00.000000000,2014-09-05 00:00:00.000000000,2014-09-16 00:00:00.000000000,2014-04-23 00:00:00.000000000,2014-05-20 00:00:00.000000000,2014-05-20 00:00:00.000000000,2014-01-05 00:00:00.000000000,108 days 00:00:00.000000000,108 days 00:00:00.000000000,0 days 00:00:00.000000000
2970,2013-06-10 00:00:00.000000000,2013-06-10 00:00:00.000000000,2013-06-10 00:00:00.000000000,2013-01-30 00:00:00.000000000,2013-03-11 00:00:00.000000000,2013-03-11 00:00:00.000000000,2012-10-31 00:00:00.000000000,91 days 00:00:00.000000000,91 days 00:00:00.000000000,0 days 00:00:00.000000000
2971,2010-07-08 00:00:00.000000000,2010-07-08 00:00:00.000000000,2010-07-08 00:00:00.000000000,2010-04-14 00:00:00.000000000,2010-05-25 00:00:00.000000000,2010-05-25 00:00:00.000000000,2010-03-01 00:00:00.000000000,44 days 00:00:00.000000000,44 days 00:00:00.000000000,0 days 00:00:00.000000000
2972,2012-07-31 00:00:00.000000000,2012-07-31 00:00:00.000000000,2012-07-31 00:00:00.000000000,2012-01-05 00:00:00.000000000,2012-01-23 00:00:00.000000000,2012-01-23 00:00:00.000000000,2011-06-29 00:00:00.000000000,190 days 00:00:00.000000000,190 days 00:00:00.000000000,0 days 00:00:00.000000000
2973,2012-05-18 00:00:00.000000000,2012-05-18 00:00:00.000000000,2012-05-18 00:00:00.000000000,2012-01-05 00:00:00.000000000,2012-01-23 00:00:00.000000000,2012-01-23 00:00:00.000000000,2011-09-11 00:00:00.000000000,116 days 00:00:00.000000000,116 days 00:00:00.000000000,0 days 00:00:00.000000000
2974,2010-03-11 00:00:00.000000000,2010-03-11 00:00:00.000000000,2010-03-11 00:00:00.000000000,2009-10-20 00:00:00.000000000,2009-11-05 00:00:00.000000000,2009-11-05 00:00:00.000000000,2009-06-16 00:00:00.000000000,126 days 00:00:00.000000000,126 days 00:00:00.000000000,0 days 00:00:00.000000000
2975,2011-06-26 00:00:00.000000000,2011-04-07 00:00:00.000000000,2011-04-07 00:00:00.000000000,2010-11-26 00:00:00.000000000,2010-12-06 00:00:00.000000000,2010-12-06 00:00:00.000000000,2010-05-08 00:00:00.000000000,202 days 00:00:00.000000000,122 days 00:00:00.000000000,-80 days +00:00:00.000000000
2976,2015-06-02 00:00:00.000000000,2015-06-02 00:00:00.000000000,2015-06-02 00:00:00.000000000,2014-09-11 00:00:00.000000000,2015-06-02 00:00:00.000000000,2015-06-02 00:00:00.000000000,2014-09-11 00:00:00.000000000,0 days 00:00:00.000000000,0 days 00:00:00.000000000,0 days 00:00:00.000000000
2977,2014-06-24 00:00:00.000000000,2014-06-24 00:00:00.000000000,2014-06-24 00:00:00.000000000,2014-04-17 00:00:00.000000000,2014-04-18 00:00:00.000000000,2014-04-18 00:00:00.000000000,2014-02-09 00:00:00.000000000,67 days 00:00:00.000000000,67 days 00:00:00.000000000,0 days 00:00:00.000000000
2978,2014-11-10 00:00:00.000000000,2014-11-10 00:00:00.000000000,2014-11-12 00:00:00.000000000,2014-04-12 00:00:00.000000000,2014-05-23 00:00:00.000000000,2014-05-23 00:00:00.000000000,2013-10-23 00:00:00.000000000,171 days 00:00:00.000000000,171 days 00:00:00.000000000,0 days 00:00:00.000000000
2979,2012-04-16 00:00:00.000000000,2012-04-16 00:00:00.000000000,2012-04-16 00:00:00.000000000,2011-09-21 00:00:00.000000000,2011-10-03 00:00:00.000000000,2011-10-03 00:00:00.000000000,2011-03-09 00:00:00.000000000,196 days 00:00:00.000000000,196 days 00:00:00.000000000,0 days 00:00:00.000000000
2980,2010-11-29 00:00:00.000000000,2010-11-29 00:00:00.000000000,2010-11-29 00:00:00.000000000,2010-08-05 00:00:00.000000000,2010-08-23 00:00:00.000000000,2010-08-23 00:00:00.000000000,2010-04-29 00:00:00.000000000,98 days 00:00:00.000000000,98 days 00:00:00.000000000,0 days 00:00:00.000000000
2981,2012-06-05 00:00:00.000000000,2012-06-05 00:00:00.000000000,2012-06-05 00:00:00.000000000,2012-02-17 00:00:00.000000000,2012-04-09 00:00:00.000000000,2012-04-09 00:00:00.000000000,2011-12-22 00:00:00.000000000,57 days 00:00:00.000000000,57 days 00:00:00.000000000,0 days 00:00:00.000000000
2982,2014-04-23 00:00:00.000000000,2014-04-23 00:00:00.000000000,2014-04-23 00:00:00.000000000,2013-10-04 00:00:00.000000000,2013-10-10 00:00:00.000000000,2013-10-10 00:00:00.000000000,2013-03-23 00:00:00.000000000,195 days 00:00:00.000000000,195 days 00:00:00.000000000,0 days 00:00:00.000000000
2983,2015-03-19 00:00:00.000000000,2015-03-19 00:00:00.000000000,2015-03-19 00:00:00.000000000,2014-10-24 00:00:00.000000000,2014-10-30 00:00:00.000000000,2014-10-30 00:00:00.000000000,2014-06-06 00:00:00.000000000,140 days 00:00:00.000000000,140 days 00:00:00.000000000,0 days 00:00:00.000000000
2984,2013-07-25 00:00:00.000000000,2013-07-25 00:00:00.000000000,2013-07-25 00:00:00.000000000,2013-01-30 00:00:00.000000000,2013-03-07 00:00:00.000000000,2013-03-07 00:00:00.000000000,2012-09-12 00:00:00.000000000,140 days 00:00:00.000000000,140 days 00:00:00.000000000,0 days 00:00:00.000000000
2985,2009-10-21 00:00:00.000000000,2009-10-21 00:00:00.000000000,2009-10-21 00:00:00.000000000,2009-06-11 00:00:00.000000000,2009-06-29 00:00:00.000000000,2009-06-29 00:00:00.000000000,2009-02-17 00:00:00.000000000,114 days 00:00:00.000000000,114 days 00:00:00.000000000,0 days 00:00:00.000000000
2986,2014-07-23 00:00:00.000000000,2014-07-23 00:00:00.000000000,2014-07-29 00:00:00.000000000,2014-04-01 00:00:00.000000000,2014-05-26 00:00:00.000000000,2014-05-26 00:00:00.000000000,2014-02-02 00:00:00.000000000,58 days 00:00:00.000000000,58 days 00:00:00.000000000,0 days 00:00:00.000000000
2987,2012-05-21 00:00:00.000000000,2012-05-21 00:00:00.000000000,2012-05-21 00:00:00.000000000,2011-01-17 00:00:00.000000000,2011-01-25 00:00:00.000000000,2011-01-25 00:00:00.000000000,2009-09-22 00:00:00.000000000,482 days 00:00:00.000000000,482 days 00:00:00.000000000,0 days 00:00:00.000000000
2988,2013-04-16 00:00:00.000000000,2013-04-16 00:00:00.000000000,2013-04-16 00:00:00.000000000,2013-03-18 00:00:00.000000000,1900-01-01 00:00:00.000000000,2013-04-09 00:00:00.000000000,2013-03-11 00:00:00.000000000,7 days 00:00:00.000000000,7 days 00:00:00.000000000,0 days 00:00:00.000000000
2989,2014-02-07 00:00:00.000000000,2014-02-07 00:00:00.000000000,2014-02-10 00:00:00.000000000,2013-08-09 00:00:00.000000000,2013-09-17 00:00:00.000000000,2013-09-17 00:00:00.000000000,2013-03-19 00:00:00.000000000,143 days 00:00:00.000000000,143 days 00:00:00.000000000,0 days 00:00:00.000000000
2990,2013-11-11 00:00:00.000000000,2013-11-11 00:00:00.000000000,2013-11-13 00:00:00.000000000,2013-04-26 00:00:00.000000000,2013-05-21 00:00:00.000000000,2013-05-21 00:00:00.000000000,2012-11-03 00:00:00.000000000,174 days 00:00:00.000000000,174 days 00:00:00.000000000,0 days 00:00:00.000000000
2991,2011-03-16 00:00:00.000000000,2011-03-16 00:00:00.000000000,2011-03-16 00:00:00.000000000,2010-11-11 00:00:00.000000000,2010-12-02 00:00:00.000000000,2010-12-02 00:00:00.000000000,2010-07-30 00:00:00.000000000,104 days 00:00:00.000000000,104 days 00:00:00.000000000,0 days 00:00:00.000000000
2992,2013-11-20 00:00:00.000000000,2013-11-20 00:00:00.000000000,2013-11-26 00:00:00.000000000,2013-04-23 00:00:00.000000000,2013-05-23 00:00:00.000000000,2013-05-23 00:00:00.000000000,2012-10-24 00:00:00.000000000,181 days 00:00:00.000000000,181 days 00:00:00.000000000,0 days 00:00:00.000000000
2993,2010-12-01 00:00:00.000000000,2010-12-01 00:00:00.000000000,2010-12-01 00:00:00.000000000,2010-04-15 00:00:00.000000000,2010-04-23 00:00:00.000000000,2010-04-23 00:00:00.000000000,2009-09-05 00:00:00.000000000,222 days 00:00:00.000000000,222 days 00:00:00.000000000,0 days 00:00:00.000000000
2994,2015-04-28 00:00:00.000000000,2015-04-28 00:00:00.000000000,2015-04-28 00:00:00.000000000,2014-03-27 00:00:00.000000000,2014-04-29 00:00:00.000000000,2014-04-29 00:00:00.000000000,2013-03-28 00:00:00.000000000,364 days 00:00:00.000000000,364 days 00:00:00.000000000,0 days 00:00:00.000000000
2995,2015-07-24 00:00:00.000000000,2015-07-24 00:00:00.000000000,2015-07-24 00:00:00.000000000,2014-09-11 00:00:00.000000000,2014-10-09 00:00:00.000000000,2014-10-09 00:00:00.000000000,2013-11-27 00:00:00.000000000,288 days 00:00:00.000000000,288 days 00:00:00.000000000,0 days 00:00:00.000000000
2996,2013-04-18 00:00:00.000000000,2013-04-18 00:00:00.000000000,2013-04-18 00:00:00.000000000,2013-02-07 00:00:00.000000000,2013-03-06 00:00:00.000000000,2013-03-06 00:00:00.000000000,2012-12-26 00:00:00.000000000,43 days 00:00:00.000000000,43 days 00:00:00.000000000,0 days 00:00:00.000000000
2997,2010-08-24 00:00:00.000000000,2010-09-20 00:00:00.000000000,2010-09-20 00:00:00.000000000,2010-03-18 00:00:00.000000000,2010-03-19 00:00:00.000000000,2010-03-19 00:00:00.000000000,2009-10-11 00:00:00.000000000,158 days 00:00:00.000000000,185 days 00:00:00.000000000,27 days 00:00:00.000000000
2998,2014-09-10 00:00:00.000000000,2014-09-10 00:00:00.000000000,2014-10-03 00:00:00.000000000,2014-05-15 00:00:00.000000000,2014-07-30 00:00:00.000000000,2014-07-30 00:00:00.000000000,2014-04-03 00:00:00.000000000,42 days 00:00:00.000000000,42 days 00:00:00.000000000,0 days 00:00:00.000000000
2999,2014-02-11 00:00:00.000000000,2014-02-11 00:00:00.000000000,2014-02-11 00:00:00.000000000,2013-07-18 00:00:00.000000000,2013-08-06 00:00:00.000000000,2013-08-06 00:00:00.000000000,2013-01-10 00:00:00.000000000,189 days 00:00:00.000000000,189 days 00:00:00.000000000,0 days 00:00:00.000000000
3000,2013-10-18 00:00:00.000000000,2013-10-18 00:00:00.000000000,2013-10-18 00:00:00.000000000,2013-07-18 00:00:00.000000000,2013-08-06 00:00:00.000000000,2013-08-06 00:00:00.000000000,2013-05-06 00:00:00.000000000,73 days 00:00:00.000000000,73 days 00:00:00.000000000,0 days 00:00:00.000000000
3001,2015-03-11 00:00:00.000000000,2015-03-11 00:00:00.000000000,2015-03-16 00:00:00.000000000,2014-09-24 00:00:00.000000000,2014-11-14 00:00:00.000000000,2014-11-14 00:00:00.000000000,2014-05-30 00:00:00.000000000,117 days 00:00:00.000000000,117 days 00:00:00.000000000,0 days 00:00:00.000000000
3002,2012-06-22 00:00:00.000000000,2012-06-22 00:00:00.000000000,2012-06-22 00:00:00.000000000,2011-11-30 00:00:00.000000000,2012-03-09 00:00:00.000000000,2012-03-09 00:00:00.000000000,2011-08-17 00:00:00.000000000,105 days 00:00:00.000000000,105 days 00:00:00.000000000,0 days 00:00:00.000000000
3003,2013-04-09 00:00:00.000000000,2013-04-09 00:00:00.000000000,2013-04-09 00:00:00.000000000,2012-10-15 00:00:00.000000000,2012-11-07 00:00:00.000000000,2012-11-07 00:00:00.000000000,2012-05-15 00:00:00.000000000,153 days 00:00:00.000000000,153 days 00:00:00.000000000,0 days 00:00:00.000000000
3004,2015-05-12 00:00:00.000000000,2015-05-12 00:00:00.000000000,2015-05-12 00:00:00.000000000,2014-09-11 00:00:00.000000000,2015-05-11 00:00:00.000000000,2015-05-11 00:00:00.000000000,2014-09-10 00:00:00.000000000,1 days 00:00:00.000000000,1 days 00:00:00.000000000,0 days 00:00:00.000000000
3005,2015-07-02 00:00:00.000000000,2015-07-07 00:00:00.000000000,2015-07-07 00:00:00.000000000,2014-12-29 00:00:00.000000000,2015-02-20 00:00:00.000000000,2015-02-20 00:00:00.000000000,2014-08-19 00:00:00.000000000,132 days 00:00:00.000000000,137 days 00:00:00.000000000,5 days 00:00:00.000000000
3006,2013-11-13 00:00:00.000000000,2013-11-13 00:00:00.000000000,2013-11-14 00:00:00.000000000,2013-04-18 00:00:00.000000000,2013-05-21 00:00:00.000000000,2013-05-21 00:00:00.000000000,2012-10-24 00:00:00.000000000,176 days 00:00:00.000000000,176 days 00:00:00.000000000,0 days 00:00:00.000000000
3007,2009-10-19 00:00:00.000000000,2009-10-19 00:00:00.000000000,2009-10-19 00:00:00.000000000,2009-10-08 00:00:00.000000000,2009-10-15 00:00:00.000000000,2009-10-15 00:00:00.000000000,2009-10-04 00:00:00.000000000,4 days 00:00:00.000000000,4 days 00:00:00.000000000,0 days 00:00:00.000000000
3008,2014-01-13 00:00:00.000000000,2014-01-13 00:00:00.000000000,2014-01-13 00:00:00.000000000,2013-11-14 00:00:00.000000000,2013-12-02 00:00:00.000000000,2013-12-02 00:00:00.000000000,2013-10-03 00:00:00.000000000,42 days 00:00:00.000000000,42 days 00:00:00.000000000,0 days 00:00:00.000000000
3009,2011-09-03 00:00:00.000000000,2011-09-03 00:00:00.000000000,2011-09-03 00:00:00.000000000,2011-03-04 00:00:00.000000000,2011-03-30 00:00:00.000000000,2011-03-30 00:00:00.000000000,2010-09-28 00:00:00.000000000,157 days 00:00:00.000000000,157 days 00:00:00.000000000,0 days 00:00:00.000000000
3010,2014-11-04 00:00:00.000000000,2014-11-04 00:00:00.000000000,2014-11-20 00:00:00.000000000,2014-08-11 00:00:00.000000000,2014-08-27 00:00:00.000000000,2014-08-27 00:00:00.000000000,2014-06-03 00:00:00.000000000,69 days 00:00:00.000000000,69 days 00:00:00.000000000,0 days 00:00:00.000000000
3011,2013-09-05 00:00:00.000000000,2013-09-05 00:00:00.000000000,2013-09-05 00:00:00.000000000,2013-04-12 00:00:00.000000000,2013-05-14 00:00:00.000000000,2013-05-14 00:00:00.000000000,2012-12-19 00:00:00.000000000,114 days 00:00:00.000000000,114 days 00:00:00.000000000,0 days 00:00:00.000000000
3012,2010-06-10 00:00:00.000000000,2010-06-10 00:00:00.000000000,2010-06-10 00:00:00.000000000,2009-12-08 00:00:00.000000000,2009-12-14 00:00:00.000000000,2009-12-14 00:00:00.000000000,2009-06-13 00:00:00.000000000,178 days 00:00:00.000000000,178 days 00:00:00.000000000,0 days 00:00:00.000000000
3013,2012-01-30 00:00:00.000000000,2012-01-30 00:00:00.000000000,2012-01-30 00:00:00.000000000,2011-07-22 00:00:00.000000000,2011-08-01 00:00:00.000000000,2011-08-01 00:00:00.000000000,2011-01-21 00:00:00.000000000,182 days 00:00:00.000000000,182 days 00:00:00.000000000,0 days 00:00:00.000000000
3014,2015-07-02 00:00:00.000000000,2015-07-02 00:00:00.000000000,2015-07-30 00:00:00.000000000,2015-03-10 00:00:00.000000000,2015-03-16 00:00:00.000000000,2015-03-16 00:00:00.000000000,2014-11-22 00:00:00.000000000,108 days 00:00:00.000000000,108 days 00:00:00.000000000,0 days 00:00:00.000000000
3015,2009-09-03 00:00:00.000000000,2009-09-03 00:00:00.000000000,2009-09-03 00:00:00.000000000,2009-05-07 00:00:00.000000000,2009-08-03 00:00:00.000000000,2009-08-03 00:00:00.000000000,2009-04-06 00:00:00.000000000,31 days 00:00:00.000000000,31 days 00:00:00.000000000,0 days 00:00:00.000000000
3016,2014-01-23 00:00:00.000000000,2014-01-23 00:00:00.000000000,2014-01-24 00:00:00.000000000,2013-08-21 00:00:00.000000000,2013-10-22 00:00:00.000000000,2013-10-22 00:00:00.000000000,2013-05-20 00:00:00.000000000,93 days 00:00:00.000000000,93 days 00:00:00.000000000,0 days 00:00:00.000000000
3017,2009-12-04 00:00:00.000000000,2009-12-04 00:00:00.000000000,2009-12-04 00:00:00.000000000,2009-03-25 00:00:00.000000000,2009-05-13 00:00:00.000000000,2009-05-13 00:00:00.000000000,2008-09-01 00:00:00.000000000,205 days 00:00:00.000000000,205 days 00:00:00.000000000,0 days 00:00:00.000000000
3018,2012-02-20 00:00:00.000000000,2012-02-20 00:00:00.000000000,2012-02-20 00:00:00.000000000,2011-09-07 00:00:00.000000000,2011-09-14 00:00:00.000000000,2011-09-14 00:00:00.000000000,2011-04-01 00:00:00.000000000,159 days 00:00:00.000000000,159 days 00:00:00.000000000,0 days 00:00:00.000000000
3019,2010-04-09 00:00:00.000000000,2010-04-09 00:00:00.000000000,2010-04-09 00:00:00.000000000,2010-01-19 00:00:00.000000000,2010-01-28 00:00:00.000000000,2010-01-28 00:00:00.000000000,2009-11-09 00:00:00.000000000,71 days 00:00:00.000000000,71 days 00:00:00.000000000,0 days 00:00:00.000000000
3020,2014-08-28 00:00:00.000000000,2014-08-28 00:00:00.000000000,2014-08-28 00:00:00.000000000,2014-04-30 00:00:00.000000000,2014-08-28 00:00:00.000000000,2014-08-28 00:00:00.000000000,2014-04-30 00:00:00.000000000,0 days 00:00:00.000000000,0 days 00:00:00.000000000,0 days 00:00:00.000000000
3021,2012-10-04 00:00:00.000000000,2012-10-04 00:00:00.000000000,2012-10-04 00:00:00.000000000,2012-07-05 00:00:00.000000000,2012-08-21 00:00:00.000000000,2012-08-21 00:00:00.000000000,2012-05-22 00:00:00.000000000,44 days 00:00:00.000000000,44 days 00:00:00.000000000,0 days 00:00:00.000000000
3022,2014-09-18 00:00:00.000000000,2014-09-18 00:00:00.000000000,2014-09-19 00:00:00.000000000,2014-07-01 00:00:00.000000000,2014-08-04 00:00:00.000000000,2014-08-04 00:00:00.000000000,2014-05-17 00:00:00.000000000,45 days 00:00:00.000000000,45 days 00:00:00.000000000,0 days 00:00:00.000000000
3023,2013-09-17 00:00:00.000000000,2013-09-16 00:00:00.000000000,2013-09-16 00:00:00.000000000,2013-04-30 00:00:00.000000000,2013-05-29 00:00:00.000000000,2013-05-29 00:00:00.000000000,2013-01-09 00:00:00.000000000,111 days 00:00:00.000000000,110 days 00:00:00.000000000,-1 days +00:00:00.000000000
3024,2013-04-02 00:00:00.000000000,2013-04-02 00:00:00.000000000,2013-04-02 00:00:00.000000000,2012-10-15 00:00:00.000000000,2012-11-07 00:00:00.000000000,2012-11-07 00:00:00.000000000,2012-05-22 00:00:00.000000000,146 days 00:00:00.000000000,146 days 00:00:00.000000000,0 days 00:00:00.000000000
3025,2011-07-07 00:00:00.000000000,2011-07-07 00:00:00.000000000,2011-07-07 00:00:00.000000000,2011-02-16 00:00:00.000000000,2011-03-30 00:00:00.000000000,2011-03-30 00:00:00.000000000,2010-11-09 00:00:00.000000000,99 days 00:00:00.000000000,99 days 00:00:00.000000000,0 days 00:00:00.000000000
3026,2015-01-23 00:00:00.000000000,2015-01-23 00:00:00.000000000,2015-01-23 00:00:00.000000000,2014-01-23 00:00:00.000000000,2014-02-26 00:00:00.000000000,2014-02-26 00:00:00.000000000,2013-02-26 00:00:00.000000000,331 days 00:00:00.000000000,331 days 00:00:00.000000000,0 days 00:00:00.000000000
3027,2015-05-07 00:00:00.000000000,2015-05-07 00:00:00.000000000,2015-05-22 00:00:00.000000000,2014-12-08 00:00:00.000000000,2015-03-13 00:00:00.000000000,2015-03-13 00:00:00.000000000,2014-10-14 00:00:00.000000000,55 days 00:00:00.000000000,55 days 00:00:00.000000000,0 days 00:00:00.000000000
3028,2012-04-24 00:00:00.000000000,2012-04-24 00:00:00.000000000,2012-04-24 00:00:00.000000000,2011-09-21 00:00:00.000000000,2011-10-03 00:00:00.000000000,2011-10-03 00:00:00.000000000,2011-03-01 00:00:00.000000000,204 days 00:00:00.000000000,204 days 00:00:00.000000000,0 days 00:00:00.000000000
3029,2014-08-28 00:00:00.000000000,2014-08-28 00:00:00.000000000,2014-08-28 00:00:00.000000000,2014-04-30 00:00:00.000000000,2014-08-28 00:00:00.000000000,2014-08-28 00:00:00.000000000,2014-04-30 00:00:00.000000000,0 days 00:00:00.000000000,0 days 00:00:00.000000000,0 days 00:00:00.000000000
3030,2012-05-25 00:00:00.000000000,2012-05-25 00:00:00.000000000,2012-05-25 00:00:00.000000000,2012-01-25 00:00:00.000000000,2012-02-17 00:00:00.000000000,2012-02-17 00:00:00.000000000,2011-10-19 00:00:00.000000000,98 days 00:00:00.000000000,98 days 00:00:00.000000000,0 days 00:00:00.000000000
3031,2011-01-14 00:00:00.000000000,2011-01-14 00:00:00.000000000,2011-01-14 00:00:00.000000000,2010-11-04 00:00:00.000000000,2010-11-11 00:00:00.000000000,2010-11-11 00:00:00.000000000,2010-09-01 00:00:00.000000000,64 days 00:00:00.000000000,64 days 00:00:00.000000000,0 days 00:00:00.000000000
3032,2015-02-10 00:00:00.000000000,2015-02-10 00:00:00.000000000,2015-02-18 00:00:00.000000000,2014-11-12 00:00:00.000000000,2014-11-19 00:00:00.000000000,2014-11-19 00:00:00.000000000,2014-08-21 00:00:00.000000000,83 days 00:00:00.000000000,83 days 00:00:00.000000000,0 days 00:00:00.000000000
3033,2013-01-09 00:00:00.000000000,2013-01-09 00:00:00.000000000,2013-01-09 00:00:00.000000000,2012-10-15 00:00:00.000000000,2012-11-09 00:00:00.000000000,2012-11-09 00:00:00.000000000,2012-08-15 00:00:00.000000000,61 days 00:00:00.000000000,61 days 00:00:00.000000000,0 days 00:00:00.000000000
3034,2011-11-18 00:00:00.000000000,2011-11-18 00:00:00.000000000,2011-11-18 00:00:00.000000000,2011-03-11 00:00:00.000000000,2011-03-30 00:00:00.000000000,2011-03-30 00:00:00.000000000,2010-07-21 00:00:00.000000000,233 days 00:00:00.000000000,233 days 00:00:00.000000000,0 days 00:00:00.000000000
3035,2010-12-15 00:00:00.000000000,2010-12-15 00:00:00.000000000,2010-12-15 00:00:00.000000000,2010-08-31 00:00:00.000000000,2010-09-21 00:00:00.000000000,2010-09-21 00:00:00.000000000,2010-06-07 00:00:00.000000000,85 days 00:00:00.000000000,85 days 00:00:00.000000000,0 days 00:00:00.000000000
3036,2015-08-24 00:00:00.000000000,2015-08-24 00:00:00.000000000,2015-08-24 00:00:00.000000000,2014-09-11 00:00:00.000000000,2014-10-09 00:00:00.000000000,2014-10-09 00:00:00.000000000,2013-10-27 00:00:00.000000000,319 days 00:00:00.000000000,319 days 00:00:00.000000000,0 days 00:00:00.000000000
3037,2013-05-22 00:00:00.000000000,2013-05-22 00:00:00.000000000,2013-05-22 00:00:00.000000000,2013-02-13 00:00:00.000000000,2013-03-28 00:00:00.000000000,2013-03-28 00:00:00.000000000,2012-12-20 00:00:00.000000000,55 days 00:00:00.000000000,55 days 00:00:00.000000000,0 days 00:00:00.000000000
3038,2010-05-12 00:00:00.000000000,2010-05-12 00:00:00.000000000,2010-05-12 00:00:00.000000000,2010-04-30 00:00:00.000000000,2010-05-05 00:00:00.000000000,2010-05-05 00:00:00.000000000,2010-04-23 00:00:00.000000000,7 days 00:00:00.000000000,7 days 00:00:00.000000000,0 days 00:00:00.000000000
3039,2009-09-24 00:00:00.000000000,2009-09-24 00:00:00.000000000,2009-09-24 00:00:00.000000000,2009-08-13 00:00:00.000000000,2009-08-31 00:00:00.000000000,2009-08-31 00:00:00.000000000,2009-07-20 00:00:00.000000000,24 days 00:00:00.000000000,24 days 00:00:00.000000000,0 days 00:00:00.000000000
3040,2012-08-02 00:00:00.000000000,2012-08-02 00:00:00.000000000,2012-08-02 00:00:00.000000000,2012-04-24 00:00:00.000000000,2012-05-07 00:00:00.000000000,2012-05-07 00:00:00.000000000,2012-01-28 00:00:00.000000000,87 days 00:00:00.000000000,87 days 00:00:00.000000000,0 days 00:00:00.000000000
3041,2014-04-23 00:00:00.000000000,2014-04-23 00:00:00.000000000,2014-04-23 00:00:00.000000000,2013-10-04 00:00:00.000000000,2013-10-10 00:00:00.000000000,2013-10-10 00:00:00.000000000,2013-03-23 00:00:00.000000000,195 days 00:00:00.000000000,195 days 00:00:00.000000000,0 days 00:00:00.000000000
3042,2010-07-16 00:00:00.000000000,2010-07-16 00:00:00.000000000,2010-07-16 00:00:00.000000000,2010-03-22 00:00:00.000000000,2010-03-31 00:00:00.000000000,2010-03-31 00:00:00.000000000,2009-12-05 00:00:00.000000000,107 days 00:00:00.000000000,107 days 00:00:00.000000000,0 days 00:00:00.000000000
3043,2011-09-02 00:00:00.000000000,2011-09-14 00:00:00.000000000,2011-09-14 00:00:00.000000000,2011-03-10 00:00:00.000000000,2011-03-24 00:00:00.000000000,2011-03-24 00:00:00.000000000,2010-09-29 00:00:00.000000000,162 days 00:00:00.000000000,174 days 00:00:00.000000000,12 days 00:00:00.000000000
3044,2015-04-14 00:00:00.000000000,2015-04-14 00:00:00.000000000,2015-04-14 00:00:00.000000000,2014-10-30 00:00:00.000000000,2014-12-08 00:00:00.000000000,2014-12-08 00:00:00.000000000,2014-06-25 00:00:00.000000000,127 days 00:00:00.000000000,127 days 00:00:00.000000000,0 days 00:00:00.000000000
3045,2013-12-10 00:00:00.000000000,2013-12-12 00:00:00.000000000,2013-12-13 00:00:00.000000000,2013-08-05 00:00:00.000000000,2013-08-09 00:00:00.000000000,2013-08-09 00:00:00.000000000,2013-04-04 00:00:00.000000000,123 days 00:00:00.000000000,125 days 00:00:00.000000000,2 days 00:00:00.000000000
3046,2015-07-24 00:00:00.000000000,2015-07-24 00:00:00.000000000,2015-07-24 00:00:00.000000000,2014-09-11 00:00:00.000000000,2014-10-09 00:00:00.000000000,2014-10-09 00:00:00.000000000,2013-11-27 00:00:00.000000000,288 days 00:00:00.000000000,288 days 00:00:00.000000000,0 days 00:00:00.000000000
3047,2015-07-24 00:00:00.000000000,2015-07-24 00:00:00.000000000,2015-07-24 00:00:00.000000000,2014-09-11 00:00:00.000000000,2014-10-09 00:00:00.000000000,2014-10-09 00:00:00.000000000,2013-11-27 00:00:00.000000000,288 days 00:00:00.000000000,288 days 00:00:00.000000000,0 days 00:00:00.000000000
3048,2011-02-24 00:00:00.000000000,2011-02-24 00:00:00.000000000,2011-02-24 00:00:00.000000000,2010-08-31 00:00:00.000000000,2010-09-21 00:00:00.000000000,2010-09-21 00:00:00.000000000,2010-03-28 00:00:00.000000000,156 days 00:00:00.000000000,156 days 00:00:00.000000000,0 days 00:00:00.000000000
3049,2010-12-08 00:00:00.000000000,2010-12-08 00:00:00.000000000,2010-12-08 00:00:00.000000000,2010-06-23 00:00:00.000000000,2010-07-01 00:00:00.000000000,2010-07-01 00:00:00.000000000,2010-01-14 00:00:00.000000000,160 days 00:00:00.000000000,160 days 00:00:00.000000000,0 days 00:00:00.000000000
3050,2015-05-05 00:00:00.000000000,2015-05-05 00:00:00.000000000,2015-05-11 00:00:00.000000000,2014-10-10 00:00:00.000000000,2014-11-05 00:00:00.000000000,2014-11-05 00:00:00.000000000,2014-04-12 00:00:00.000000000,181 days 00:00:00.000000000,181 days 00:00:00.000000000,0 days 00:00:00.000000000
3051,2014-11-03 00:00:00.000000000,2014-11-03 00:00:00.000000000,2014-11-03 00:00:00.000000000,2014-02-06 00:00:00.000000000,2014-06-27 00:00:00.000000000,2014-06-27 00:00:00.000000000,2013-09-30 00:00:00.000000000,129 days 00:00:00.000000000,129 days 00:00:00.000000000,0 days 00:00:00.000000000
3052,2012-07-09 00:00:00.000000000,2012-07-09 00:00:00.000000000,2012-07-09 00:00:00.000000000,2012-06-05 00:00:00.000000000,2012-06-14 00:00:00.000000000,2012-06-14 00:00:00.000000000,2012-05-11 00:00:00.000000000,25 days 00:00:00.000000000,25 days 00:00:00.000000000,0 days 00:00:00.000000000
3053,2014-11-05 00:00:00.000000000,2014-11-05 00:00:00.000000000,2014-11-05 00:00:00.000000000,2014-04-30 00:00:00.000000000,2014-11-04 00:00:00.000000000,2014-11-04 00:00:00.000000000,2014-04-29 00:00:00.000000000,1 days 00:00:00.000000000,1 days 00:00:00.000000000,0 days 00:00:00.000000000
3054,2009-10-21 00:00:00.000000000,2009-10-21 00:00:00.000000000,2009-10-21 00:00:00.000000000,2009-10-08 00:00:00.000000000,2009-10-15 00:00:00.000000000,2009-10-15 00:00:00.000000000,2009-10-02 00:00:00.000000000,6 days 00:00:00.000000000,6 days 00:00:00.000000000,0 days 00:00:00.000000000
3055,2009-08-05 00:00:00.000000000,2009-08-05 00:00:00.000000000,2009-08-05 00:00:00.000000000,2009-05-29 00:00:00.000000000,2009-06-15 00:00:00.000000000,2009-06-15 00:00:00.000000000,2009-04-08 00:00:00.000000000,51 days 00:00:00.000000000,51 days 00:00:00.000000000,0 days 00:00:00.000000000
3056,2014-08-05 00:00:00.000000000,2014-08-05 00:00:00.000000000,2014-08-05 00:00:00.000000000,2014-04-30 00:00:00.000000000,2014-08-05 00:00:00.000000000,2014-08-05 00:00:00.000000000,2014-04-30 00:00:00.000000000,0 days 00:00:00.000000000,0 days 00:00:00.000000000,0 days 00:00:00.000000000
3057,2015-01-19 00:00:00.000000000,2015-01-20 00:00:00.000000000,2015-01-22 00:00:00.000000000,2014-09-22 00:00:00.000000000,2014-10-29 00:00:00.000000000,2014-10-29 00:00:00.000000000,2014-07-02 00:00:00.000000000,82 days 00:00:00.000000000,83 days 00:00:00.000000000,1 days 00:00:00.000000000
3058,2009-11-04 00:00:00.000000000,2009-11-04 00:00:00.000000000,2009-11-04 00:00:00.000000000,2009-09-08 00:00:00.000000000,2009-09-30 00:00:00.000000000,2009-09-30 00:00:00.000000000,2009-08-04 00:00:00.000000000,35 days 00:00:00.000000000,35 days 00:00:00.000000000,0 days 00:00:00.000000000
3059,2013-03-20 00:00:00.000000000,2013-03-21 00:00:00.000000000,2013-03-21 00:00:00.000000000,2012-10-18 00:00:00.000000000,2012-11-06 00:00:00.000000000,2012-11-06 00:00:00.000000000,2012-06-06 00:00:00.000000000,134 days 00:00:00.000000000,135 days 00:00:00.000000000,1 days 00:00:00.000000000
3060,2014-12-22 00:00:00.000000000,2014-12-22 00:00:00.000000000,2015-01-13 00:00:00.000000000,2014-06-17 00:00:00.000000000,2014-06-30 00:00:00.000000000,2014-06-30 00:00:00.000000000,2013-12-24 00:00:00.000000000,175 days 00:00:00.000000000,175 days 00:00:00.000000000,0 days 00:00:00.000000000
3061,2012-12-14 00:00:00.000000000,2012-12-14 00:00:00.000000000,2012-12-14 00:00:00.000000000,2012-07-25 00:00:00.000000000,2012-08-15 00:00:00.000000000,2012-08-15 00:00:00.000000000,2012-03-26 00:00:00.000000000,121 days 00:00:00.000000000,121 days 00:00:00.000000000,0 days 00:00:00.000000000
3062,2014-09-30 00:00:00.000000000,2014-09-30 00:00:00.000000000,2014-10-21 00:00:00.000000000,2014-05-15 00:00:00.000000000,2014-05-19 00:00:00.000000000,2014-05-19 00:00:00.000000000,2014-01-01 00:00:00.000000000,134 days 00:00:00.000000000,134 days 00:00:00.000000000,0 days 00:00:00.000000000
3063,2012-07-20 00:00:00.000000000,2012-07-20 00:00:00.000000000,2012-07-20 00:00:00.000000000,2011-12-07 00:00:00.000000000,2012-06-14 00:00:00.000000000,2012-06-14 00:00:00.000000000,2011-11-01 00:00:00.000000000,36 days 00:00:00.000000000,36 days 00:00:00.000000000,0 days 00:00:00.000000000
3064,2013-05-21 00:00:00.000000000,2013-05-21 00:00:00.000000000,2013-05-21 00:00:00.000000000,2012-08-23 00:00:00.000000000,2012-09-12 00:00:00.000000000,2012-09-12 00:00:00.000000000,2011-12-16 00:00:00.000000000,251 days 00:00:00.000000000,251 days 00:00:00.000000000,0 days 00:00:00.000000000
3065,2014-03-27 00:00:00.000000000,2014-03-27 00:00:00.000000000,2014-03-27 00:00:00.000000000,2013-06-21 00:00:00.000000000,2013-08-12 00:00:00.000000000,2013-08-12 00:00:00.000000000,2012-11-06 00:00:00.000000000,227 days 00:00:00.000000000,227 days 00:00:00.000000000,0 days 00:00:00.000000000
3066,2012-07-05 00:00:00.000000000,2012-07-05 00:00:00.000000000,2012-07-05 00:00:00.000000000,2012-03-15 00:00:00.000000000,2012-04-17 00:00:00.000000000,2012-04-17 00:00:00.000000000,2011-12-27 00:00:00.000000000,79 days 00:00:00.000000000,79 days 00:00:00.000000000,0 days 00:00:00.000000000
3067,2014-09-22 00:00:00.000000000,2014-09-15 00:00:00.000000000,2014-09-17 00:00:00.000000000,2014-04-08 00:00:00.000000000,2014-04-30 00:00:00.000000000,2014-04-30 00:00:00.000000000,2013-11-14 00:00:00.000000000,145 days 00:00:00.000000000,138 days 00:00:00.000000000,-7 days +00:00:00.000000000
3068,2009-12-15 00:00:00.000000000,2009-12-15 00:00:00.000000000,2009-12-15 00:00:00.000000000,2009-08-03 00:00:00.000000000,2009-08-12 00:00:00.000000000,2009-08-12 00:00:00.000000000,2009-03-31 00:00:00.000000000,125 days 00:00:00.000000000,125 days 00:00:00.000000000,0 days 00:00:00.000000000
3069,2010-05-31 00:00:00.000000000,2010-05-31 00:00:00.000000000,2010-05-31 00:00:00.000000000,2010-04-19 00:00:00.000000000,2010-04-21 00:00:00.000000000,2010-04-21 00:00:00.000000000,2010-03-10 00:00:00.000000000,40 days 00:00:00.000000000,40 days 00:00:00.000000000,0 days 00:00:00.000000000
3070,2014-02-14 00:00:00.000000000,2014-02-14 00:00:00.000000000,2014-02-18 00:00:00.000000000,2013-07-22 00:00:00.000000000,2013-08-12 00:00:00.000000000,2013-08-12 00:00:00.000000000,2013-01-17 00:00:00.000000000,186 days 00:00:00.000000000,186 days 00:00:00.000000000,0 days 00:00:00.000000000
3071,2014-09-12 00:00:00.000000000,2014-09-12 00:00:00.000000000,2014-09-17 00:00:00.000000000,2014-05-02 00:00:00.000000000,2014-05-20 00:00:00.000000000,2014-05-20 00:00:00.000000000,2014-01-07 00:00:00.000000000,115 days 00:00:00.000000000,115 days 00:00:00.000000000,0 days 00:00:00.000000000
3072,2012-10-02 00:00:00.000000000,2012-10-02 00:00:00.000000000,2012-10-02 00:00:00.000000000,2012-04-11 00:00:00.000000000,2012-06-11 00:00:00.000000000,2012-06-11 00:00:00.000000000,2011-12-20 00:00:00.000000000,113 days 00:00:00.000000000,113 days 00:00:00.000000000,0 days 00:00:00.000000000
3073,2012-10-02 00:00:00.000000000,2012-10-02 00:00:00.000000000,2012-10-02 00:00:00.000000000,2012-04-11 00:00:00.000000000,2012-06-11 00:00:00.000000000,2012-06-11 00:00:00.000000000,2011-12-20 00:00:00.000000000,113 days 00:00:00.000000000,113 days 00:00:00.000000000,0 days 00:00:00.000000000
3074,2012-10-09 00:00:00.000000000,2012-10-09 00:00:00.000000000,2012-10-09 00:00:00.000000000,2012-04-11 00:00:00.000000000,2012-06-12 00:00:00.000000000,2012-06-12 00:00:00.000000000,2011-12-14 00:00:00.000000000,119 days 00:00:00.000000000,119 days 00:00:00.000000000,0 days 00:00:00.000000000
3075,2012-12-20 00:00:00.000000000,2012-12-20 00:00:00.000000000,2012-12-20 00:00:00.000000000,2012-05-14 00:00:00.000000000,2012-07-03 00:00:00.000000000,2012-07-03 00:00:00.000000000,2011-11-26 00:00:00.000000000,170 days 00:00:00.000000000,170 days 00:00:00.000000000,0 days 00:00:00.000000000
3076,2014-08-29 00:00:00.000000000,2014-08-29 00:00:00.000000000,2014-08-29 00:00:00.000000000,2013-07-11 00:00:00.000000000,2014-08-29 00:00:00.000000000,2014-08-29 00:00:00.000000000,2013-07-11 00:00:00.000000000,0 days 00:00:00.000000000,0 days 00:00:00.000000000,0 days 00:00:00.000000000
3077,2015-08-24 00:00:00.000000000,2015-08-24 00:00:00.000000000,2015-08-24 00:00:00.000000000,2014-09-11 00:00:00.000000000,2014-10-09 00:00:00.000000000,2014-10-09 00:00:00.000000000,2013-10-27 00:00:00.000000000,319 days 00:00:00.000000000,319 days 00:00:00.000000000,0 days 00:00:00.000000000
3078,2011-10-10 00:00:00.000000000,2011-11-03 00:00:00.000000000,2011-11-03 00:00:00.000000000,2011-03-10 00:00:00.000000000,2011-03-24 00:00:00.000000000,2011-03-24 00:00:00.000000000,2010-08-22 00:00:00.000000000,200 days 00:00:00.000000000,224 days 00:00:00.000000000,24 days 00:00:00.000000000
3079,2013-11-28 00:00:00.000000000,2013-11-28 00:00:00.000000000,2013-12-03 00:00:00.000000000,2013-04-23 00:00:00.000000000,2013-05-17 00:00:00.000000000,2013-05-17 00:00:00.000000000,2012-10-10 00:00:00.000000000,195 days 00:00:00.000000000,195 days 00:00:00.000000000,0 days 00:00:00.000000000
3080,2010-09-08 00:00:00.000000000,2010-09-08 00:00:00.000000000,2010-09-08 00:00:00.000000000,2010-02-25 00:00:00.000000000,2010-06-07 00:00:00.000000000,2010-06-07 00:00:00.000000000,2009-11-24 00:00:00.000000000,93 days 00:00:00.000000000,93 days 00:00:00.000000000,0 days 00:00:00.000000000
3081,2015-07-07 00:00:00.000000000,2015-07-07 00:00:00.000000000,2015-07-07 00:00:00.000000000,2015-01-28 00:00:00.000000000,2015-03-19 00:00:00.000000000,2015-03-19 00:00:00.000000000,2014-10-10 00:00:00.000000000,110 days 00:00:00.000000000,110 days 00:00:00.000000000,0 days 00:00:00.000000000
3082,2014-08-22 00:00:00.000000000,2014-08-22 00:00:00.000000000,2014-08-26 00:00:00.000000000,2014-03-25 00:00:00.000000000,2014-04-29 00:00:00.000000000,2014-04-29 00:00:00.000000000,2013-11-30 00:00:00.000000000,115 days 00:00:00.000000000,115 days 00:00:00.000000000,0 days 00:00:00.000000000
3083,2015-02-27 00:00:00.000000000,2015-02-27 00:00:00.000000000,2015-03-01 00:00:00.000000000,2014-11-11 00:00:00.000000000,2014-12-04 00:00:00.000000000,2014-12-04 00:00:00.000000000,2014-08-18 00:00:00.000000000,85 days 00:00:00.000000000,85 days 00:00:00.000000000,0 days 00:00:00.000000000
3084,2015-07-23 00:00:00.000000000,2015-07-23 00:00:00.000000000,2015-07-29 00:00:00.000000000,2015-03-10 00:00:00.000000000,2015-03-17 00:00:00.000000000,2015-03-17 00:00:00.000000000,2014-11-02 00:00:00.000000000,128 days 00:00:00.000000000,128 days 00:00:00.000000000,0 days 00:00:00.000000000
3085,2014-08-06 00:00:00.000000000,2014-08-06 00:00:00.000000000,2014-08-15 00:00:00.000000000,2014-03-24 00:00:00.000000000,2014-04-23 00:00:00.000000000,2014-04-23 00:00:00.000000000,2013-12-09 00:00:00.000000000,105 days 00:00:00.000000000,105 days 00:00:00.000000000,0 days 00:00:00.000000000
3086,2013-09-16 00:00:00.000000000,2013-09-16 00:00:00.000000000,2013-09-16 00:00:00.000000000,2013-04-30 00:00:00.000000000,2013-05-29 00:00:00.000000000,2013-05-29 00:00:00.000000000,2013-01-10 00:00:00.000000000,110 days 00:00:00.000000000,110 days 00:00:00.000000000,0 days 00:00:00.000000000
3087,2014-11-28 00:00:00.000000000,2014-11-28 00:00:00.000000000,2014-11-28 00:00:00.000000000,2014-09-11 00:00:00.000000000,2014-11-28 00:00:00.000000000,2014-11-28 00:00:00.000000000,2014-09-11 00:00:00.000000000,0 days 00:00:00.000000000,0 days 00:00:00.000000000,0 days 00:00:00.000000000
3088,2015-02-16 00:00:00.000000000,2015-02-16 00:00:00.000000000,2015-03-12 00:00:00.000000000,2014-08-27 00:00:00.000000000,2014-10-30 00:00:00.000000000,2014-10-30 00:00:00.000000000,2014-05-10 00:00:00.000000000,109 days 00:00:00.000000000,109 days 00:00:00.000000000,0 days 00:00:00.000000000
3089,2009-10-16 00:00:00.000000000,2009-10-16 00:00:00.000000000,2009-10-16 00:00:00.000000000,2009-08-04 00:00:00.000000000,2009-08-12 00:00:00.000000000,2009-08-12 00:00:00.000000000,2009-05-31 00:00:00.000000000,65 days 00:00:00.000000000,65 days 00:00:00.000000000,0 days 00:00:00.000000000
3090,2013-12-10 00:00:00.000000000,2013-12-12 00:00:00.000000000,2013-12-13 00:00:00.000000000,2013-08-05 00:00:00.000000000,2013-08-09 00:00:00.000000000,2013-08-09 00:00:00.000000000,2013-04-04 00:00:00.000000000,123 days 00:00:00.000000000,125 days 00:00:00.000000000,2 days 00:00:00.000000000
3091,2012-01-16 00:00:00.000000000,2012-01-23 00:00:00.000000000,2012-01-23 00:00:00.000000000,2011-03-10 00:00:00.000000000,2011-09-30 00:00:00.000000000,2011-09-30 00:00:00.000000000,2010-11-22 00:00:00.000000000,108 days 00:00:00.000000000,115 days 00:00:00.000000000,7 days 00:00:00.000000000
3092,2015-01-26 00:00:00.000000000,2015-01-26 00:00:00.000000000,2015-01-26 00:00:00.000000000,2014-09-11 00:00:00.000000000,2015-01-26 00:00:00.000000000,2015-01-26 00:00:00.000000000,2014-09-11 00:00:00.000000000,0 days 00:00:00.000000000,0 days 00:00:00.000000000,0 days 00:00:00.000000000
3093,2011-08-04 00:00:00.000000000,2011-08-04 00:00:00.000000000,2011-08-04 00:00:00.000000000,2010-10-26 00:00:00.000000000,2010-11-10 00:00:00.000000000,2010-11-10 00:00:00.000000000,2010-02-01 00:00:00.000000000,267 days 00:00:00.000000000,267 days 00:00:00.000000000,0 days 00:00:00.000000000
3094,2012-11-29 00:00:00.000000000,2012-11-29 00:00:00.000000000,2012-11-29 00:00:00.000000000,2012-07-25 00:00:00.000000000,2012-08-14 00:00:00.000000000,2012-08-14 00:00:00.000000000,2012-04-09 00:00:00.000000000,107 days 00:00:00.000000000,107 days 00:00:00.000000000,0 days 00:00:00.000000000
3095,2015-01-26 00:00:00.000000000,2015-01-26 00:00:00.000000000,2015-01-26 00:00:00.000000000,2014-09-11 00:00:00.000000000,2015-01-26 00:00:00.000000000,2015-01-26 00:00:00.000000000,2014-09-11 00:00:00.000000000,0 days 00:00:00.000000000,0 days 00:00:00.000000000,0 days 00:00:00.000000000
3096,2012-04-13 00:00:00.000000000,2012-04-13 00:00:00.000000000,2012-04-13 00:00:00.000000000,2011-12-06 00:00:00.000000000,2011-12-13 00:00:00.000000000,2011-12-13 00:00:00.000000000,2011-08-06 00:00:00.000000000,122 days 00:00:00.000000000,122 days 00:00:00.000000000,0 days 00:00:00.000000000
3097,2014-10-28 00:00:00.000000000,2014-10-28 00:00:00.000000000,2014-10-28 00:00:00.000000000,2014-05-26 00:00:00.000000000,2014-06-23 00:00:00.000000000,2014-06-23 00:00:00.000000000,2014-01-19 00:00:00.000000000,127 days 00:00:00.000000000,127 days 00:00:00.000000000,0 days 00:00:00.000000000
3098,2015-08-24 00:00:00.000000000,2015-08-24 00:00:00.000000000,2015-08-24 00:00:00.000000000,2014-09-11 00:00:00.000000000,2014-10-09 00:00:00.000000000,2014-10-09 00:00:00.000000000,2013-10-27 00:00:00.000000000,319 days 00:00:00.000000000,319 days 00:00:00.000000000,0 days 00:00:00.000000000
3099,2013-09-26 00:00:00.000000000,2013-09-26 00:00:00.000000000,2013-09-26 00:00:00.000000000,2013-08-19 00:00:00.000000000,2013-08-23 00:00:00.000000000,2013-08-23 00:00:00.000000000,2013-07-16 00:00:00.000000000,34 days 00:00:00.000000000,34 days 00:00:00.000000000,0 days 00:00:00.000000000
3100,2011-02-24 00:00:00.000000000,2011-02-24 00:00:00.000000000,2011-02-24 00:00:00.000000000,2010-09-30 00:00:00.000000000,2010-10-14 00:00:00.000000000,2010-10-14 00:00:00.000000000,2010-05-20 00:00:00.000000000,133 days 00:00:00.000000000,133 days 00:00:00.000000000,0 days 00:00:00.000000000
3101,2011-05-16 00:00:00.000000000,2011-05-16 00:00:00.000000000,2011-05-16 00:00:00.000000000,2010-12-27 00:00:00.000000000,2011-02-02 00:00:00.000000000,2011-02-02 00:00:00.000000000,2010-09-15 00:00:00.000000000,103 days 00:00:00.000000000,103 days 00:00:00.000000000,0 days 00:00:00.000000000
3102,2012-04-22 00:00:00.000000000,2012-04-22 00:00:00.000000000,2012-04-22 00:00:00.000000000,2012-01-06 00:00:00.000000000,2012-02-24 00:00:00.000000000,2012-02-24 00:00:00.000000000,2011-11-09 00:00:00.000000000,58 days 00:00:00.000000000,58 days 00:00:00.000000000,0 days 00:00:00.000000000
3103,2014-08-29 00:00:00.000000000,2014-08-29 00:00:00.000000000,2014-08-29 00:00:00.000000000,2013-07-11 00:00:00.000000000,2014-08-29 00:00:00.000000000,2014-08-29 00:00:00.000000000,2013-07-11 00:00:00.000000000,0 days 00:00:00.000000000,0 days 00:00:00.000000000,0 days 00:00:00.000000000
3104,2015-02-12 00:00:00.000000000,2015-02-12 00:00:00.000000000,2015-02-12 00:00:00.000000000,2014-09-11 00:00:00.000000000,2015-02-12 00:00:00.000000000,2015-02-12 00:00:00.000000000,2014-09-11 00:00:00.000000000,0 days 00:00:00.000000000,0 days 00:00:00.000000000,0 days 00:00:00.000000000
3105,2015-04-28 00:00:00.000000000,2015-04-28 00:00:00.000000000,2015-04-28 00:00:00.000000000,2014-04-30 00:00:00.000000000,2015-04-28 00:00:00.000000000,2015-04-28 00:00:00.000000000,2014-04-30 00:00:00.000000000,0 days 00:00:00.000000000,0 days 00:00:00.000000000,0 days 00:00:00.000000000
3106,2013-08-01 00:00:00.000000000,2013-08-01 00:00:00.000000000,2013-08-01 00:00:00.000000000,2013-02-07 00:00:00.000000000,2013-02-13 00:00:00.000000000,2013-02-13 00:00:00.000000000,2012-08-22 00:00:00.000000000,169 days 00:00:00.000000000,169 days 00:00:00.000000000,0 days 00:00:00.000000000
3107,2014-04-28 00:00:00.000000000,2014-06-16 00:00:00.000000000,2014-06-17 00:00:00.000000000,2014-03-12 00:00:00.000000000,2014-04-03 00:00:00.000000000,2014-04-03 00:00:00.000000000,2014-02-15 00:00:00.000000000,25 days 00:00:00.000000000,74 days 00:00:00.000000000,49 days 00:00:00.000000000
3108,2014-08-27 00:00:00.000000000,2014-08-27 00:00:00.000000000,2014-08-27 00:00:00.000000000,2013-07-11 00:00:00.000000000,2014-08-27 00:00:00.000000000,2014-08-27 00:00:00.000000000,2013-07-11 00:00:00.000000000,0 days 00:00:00.000000000,0 days 00:00:00.000000000,0 days 00:00:00.000000000
3109,2014-09-09 00:00:00.000000000,2014-09-09 00:00:00.000000000,2014-09-10 00:00:00.000000000,2014-05-11 00:00:00.000000000,2014-05-28 00:00:00.000000000,2014-05-28 00:00:00.000000000,2014-01-27 00:00:00.000000000,104 days 00:00:00.000000000,104 days 00:00:00.000000000,0 days 00:00:00.000000000
3110,2014-08-29 00:00:00.000000000,2014-08-29 00:00:00.000000000,2014-08-29 00:00:00.000000000,2013-07-11 00:00:00.000000000,2014-08-29 00:00:00.000000000,2014-08-29 00:00:00.000000000,2013-07-11 00:00:00.000000000,0 days 00:00:00.000000000,0 days 00:00:00.000000000,0 days 00:00:00.000000000
3111,2014-02-07 00:00:00.000000000,2014-02-07 00:00:00.000000000,2014-02-13 00:00:00.000000000,2013-10-31 00:00:00.000000000,2013-11-19 00:00:00.000000000,2013-11-19 00:00:00.000000000,2013-08-12 00:00:00.000000000,80 days 00:00:00.000000000,80 days 00:00:00.000000000,0 days 00:00:00.000000000
3112,2011-04-19 00:00:00.000000000,2011-04-19 00:00:00.000000000,2011-04-19 00:00:00.000000000,2011-01-06 00:00:00.000000000,2011-01-21 00:00:00.000000000,2011-01-21 00:00:00.000000000,2010-10-10 00:00:00.000000000,88 days 00:00:00.000000000,88 days 00:00:00.000000000,0 days 00:00:00.000000000
3113,2013-12-23 00:00:00.000000000,2013-12-23 00:00:00.000000000,2013-12-23 00:00:00.000000000,2013-07-11 00:00:00.000000000,2013-08-02 00:00:00.000000000,2013-08-02 00:00:00.000000000,2013-02-18 00:00:00.000000000,143 days 00:00:00.000000000,143 days 00:00:00.000000000,0 days 00:00:00.000000000
3114,2014-03-27 00:00:00.000000000,2014-03-27 00:00:00.000000000,2014-03-27 00:00:00.000000000,2013-06-21 00:00:00.000000000,2013-08-12 00:00:00.000000000,2013-08-12 00:00:00.000000000,2012-11-06 00:00:00.000000000,227 days 00:00:00.000000000,227 days 00:00:00.000000000,0 days 00:00:00.000000000
3115,2009-11-23 00:00:00.000000000,2009-11-23 00:00:00.000000000,2009-11-23 00:00:00.000000000,2009-08-20 00:00:00.000000000,2009-09-03 00:00:00.000000000,2009-09-03 00:00:00.000000000,2009-05-31 00:00:00.000000000,81 days 00:00:00.000000000,81 days 00:00:00.000000000,0 days 00:00:00.000000000
3116,2013-08-05 00:00:00.000000000,2013-08-05 00:00:00.000000000,2013-08-05 00:00:00.000000000,2013-03-25 00:00:00.000000000,2013-05-15 00:00:00.000000000,2013-05-15 00:00:00.000000000,2013-01-02 00:00:00.000000000,82 days 00:00:00.000000000,82 days 00:00:00.000000000,0 days 00:00:00.000000000
3117,2012-10-22 00:00:00.000000000,2012-10-22 00:00:00.000000000,2012-10-22 00:00:00.000000000,2012-05-14 00:00:00.000000000,2012-06-28 00:00:00.000000000,2012-06-28 00:00:00.000000000,2012-01-19 00:00:00.000000000,116 days 00:00:00.000000000,116 days 00:00:00.000000000,0 days 00:00:00.000000000
3118,2010-09-07 00:00:00.000000000,2010-10-15 00:00:00.000000000,2010-10-15 00:00:00.000000000,2010-03-18 00:00:00.000000000,2010-03-19 00:00:00.000000000,2010-03-19 00:00:00.000000000,2009-09-27 00:00:00.000000000,172 days 00:00:00.000000000,210 days 00:00:00.000000000,38 days 00:00:00.000000000
3119,2012-02-08 00:00:00.000000000,2012-02-08 00:00:00.000000000,2012-02-08 00:00:00.000000000,2011-11-04 00:00:00.000000000,2011-11-16 00:00:00.000000000,2011-11-16 00:00:00.000000000,2011-08-12 00:00:00.000000000,84 days 00:00:00.000000000,84 days 00:00:00.000000000,0 days 00:00:00.000000000
3120,2011-03-10 00:00:00.000000000,2011-03-10 00:00:00.000000000,2011-03-10 00:00:00.000000000,2010-12-02 00:00:00.000000000,2010-12-09 00:00:00.000000000,2010-12-09 00:00:00.000000000,2010-09-02 00:00:00.000000000,91 days 00:00:00.000000000,91 days 00:00:00.000000000,0 days 00:00:00.000000000
3121,2011-09-12 00:00:00.000000000,2011-09-12 00:00:00.000000000,2011-09-12 00:00:00.000000000,2011-01-17 00:00:00.000000000,2011-01-25 00:00:00.000000000,2011-01-25 00:00:00.000000000,2010-06-01 00:00:00.000000000,230 days 00:00:00.000000000,230 days 00:00:00.000000000,0 days 00:00:00.000000000
3122,2010-07-22 00:00:00.000000000,2010-07-22 00:00:00.000000000,2010-07-22 00:00:00.000000000,2010-06-07 00:00:00.000000000,2010-06-28 00:00:00.000000000,2010-06-28 00:00:00.000000000,2010-05-14 00:00:00.000000000,24 days 00:00:00.000000000,24 days 00:00:00.000000000,0 days 00:00:00.000000000
3123,2009-10-08 00:00:00.000000000,2009-10-08 00:00:00.000000000,2009-10-08 00:00:00.000000000,2009-07-24 00:00:00.000000000,2009-08-24 00:00:00.000000000,2009-08-24 00:00:00.000000000,2009-06-09 00:00:00.000000000,45 days 00:00:00.000000000,45 days 00:00:00.000000000,0 days 00:00:00.000000000
3124,2014-01-13 00:00:00.000000000,2014-01-13 00:00:00.000000000,2014-01-13 00:00:00.000000000,2013-11-14 00:00:00.000000000,2013-12-02 00:00:00.000000000,2013-12-02 00:00:00.000000000,2013-10-03 00:00:00.000000000,42 days 00:00:00.000000000,42 days 00:00:00.000000000,0 days 00:00:00.000000000
3125,2011-08-09 00:00:00.000000000,2011-08-11 00:00:00.000000000,2011-08-11 00:00:00.000000000,2011-05-05 00:00:00.000000000,2011-05-19 00:00:00.000000000,2011-05-19 00:00:00.000000000,2011-02-12 00:00:00.000000000,82 days 00:00:00.000000000,84 days 00:00:00.000000000,2 days 00:00:00.000000000
3126,2014-08-29 00:00:00.000000000,2014-08-29 00:00:00.000000000,2014-09-03 00:00:00.000000000,2014-03-20 00:00:00.000000000,2014-04-28 00:00:00.000000000,2014-04-28 00:00:00.000000000,2013-11-17 00:00:00.000000000,123 days 00:00:00.000000000,123 days 00:00:00.000000000,0 days 00:00:00.000000000
3127,2014-06-24 00:00:00.000000000,2014-06-24 00:00:00.000000000,2014-06-24 00:00:00.000000000,2014-03-21 00:00:00.000000000,2014-03-27 00:00:00.000000000,2014-03-27 00:00:00.000000000,2013-12-22 00:00:00.000000000,89 days 00:00:00.000000000,89 days 00:00:00.000000000,0 days 00:00:00.000000000
3128,2013-11-21 00:00:00.000000000,2013-11-21 00:00:00.000000000,2013-11-21 00:00:00.000000000,2013-05-16 00:00:00.000000000,2013-06-11 00:00:00.000000000,2013-06-11 00:00:00.000000000,2012-12-04 00:00:00.000000000,163 days 00:00:00.000000000,163 days 00:00:00.000000000,0 days 00:00:00.000000000
3129,2011-04-04 00:00:00.000000000,2011-05-27 00:00:00.000000000,2011-05-27 00:00:00.000000000,2010-11-26 00:00:00.000000000,2010-12-14 00:00:00.000000000,2010-12-14 00:00:00.000000000,2010-08-07 00:00:00.000000000,111 days 00:00:00.000000000,164 days 00:00:00.000000000,53 days 00:00:00.000000000
3130,2013-07-11 00:00:00.000000000,2013-07-11 00:00:00.000000000,2013-07-11 00:00:00.000000000,2012-12-07 00:00:00.000000000,2013-01-03 00:00:00.000000000,2013-01-03 00:00:00.000000000,2012-06-01 00:00:00.000000000,189 days 00:00:00.000000000,189 days 00:00:00.000000000,0 days 00:00:00.000000000
3131,2010-08-02 00:00:00.000000000,2010-08-02 00:00:00.000000000,2010-08-02 00:00:00.000000000,2010-04-15 00:00:00.000000000,2010-04-23 00:00:00.000000000,2010-04-23 00:00:00.000000000,2010-01-04 00:00:00.000000000,101 days 00:00:00.000000000,101 days 00:00:00.000000000,0 days 00:00:00.000000000
3132,2010-05-31 00:00:00.000000000,2010-05-31 00:00:00.000000000,2010-05-31 00:00:00.000000000,2010-04-19 00:00:00.000000000,2010-04-21 00:00:00.000000000,2010-04-21 00:00:00.000000000,2010-03-10 00:00:00.000000000,40 days 00:00:00.000000000,40 days 00:00:00.000000000,0 days 00:00:00.000000000
3133,2013-04-16 00:00:00.000000000,2013-04-16 00:00:00.000000000,2013-04-16 00:00:00.000000000,2013-03-18 00:00:00.000000000,1900-01-01 00:00:00.000000000,2013-04-09 00:00:00.000000000,2013-03-11 00:00:00.000000000,7 days 00:00:00.000000000,7 days 00:00:00.000000000,0 days 00:00:00.000000000
3134,2013-12-10 00:00:00.000000000,2013-12-12 00:00:00.000000000,2013-12-13 00:00:00.000000000,2013-08-05 00:00:00.000000000,2013-08-09 00:00:00.000000000,2013-08-09 00:00:00.000000000,2013-04-04 00:00:00.000000000,123 days 00:00:00.000000000,125 days 00:00:00.000000000,2 days 00:00:00.000000000
3135,2010-12-17 00:00:00.000000000,2010-12-21 00:00:00.000000000,2010-12-21 00:00:00.000000000,2010-09-08 00:00:00.000000000,2010-10-07 00:00:00.000000000,2010-10-07 00:00:00.000000000,2010-06-29 00:00:00.000000000,71 days 00:00:00.000000000,75 days 00:00:00.000000000,4 days 00:00:00.000000000
3136,2015-01-15 00:00:00.000000000,2015-01-15 00:00:00.000000000,2015-02-24 00:00:00.000000000,2014-07-09 00:00:00.000000000,2014-11-24 00:00:00.000000000,2014-11-24 00:00:00.000000000,2014-05-18 00:00:00.000000000,52 days 00:00:00.000000000,52 days 00:00:00.000000000,0 days 00:00:00.000000000
3137,2015-01-26 00:00:00.000000000,2015-01-26 00:00:00.000000000,2015-01-26 00:00:00.000000000,2014-09-11 00:00:00.000000000,2015-01-26 00:00:00.000000000,2015-01-26 00:00:00.000000000,2014-09-11 00:00:00.000000000,0 days 00:00:00.000000000,0 days 00:00:00.000000000,0 days 00:00:00.000000000
3138,2013-11-16 00:00:00.000000000,2013-11-16 00:00:00.000000000,2013-11-21 00:00:00.000000000,2013-07-08 00:00:00.000000000,2013-09-10 00:00:00.000000000,2013-09-10 00:00:00.000000000,2013-05-02 00:00:00.000000000,67 days 00:00:00.000000000,67 days 00:00:00.000000000,0 days 00:00:00.000000000
3139,2015-07-02 00:00:00.000000000,2015-07-07 00:00:00.000000000,2015-07-07 00:00:00.000000000,2014-12-29 00:00:00.000000000,2015-02-20 00:00:00.000000000,2015-02-20 00:00:00.000000000,2014-08-19 00:00:00.000000000,132 days 00:00:00.000000000,137 days 00:00:00.000000000,5 days 00:00:00.000000000
3140,2014-06-25 00:00:00.000000000,2014-06-25 00:00:00.000000000,2014-06-25 00:00:00.000000000,2014-04-30 00:00:00.000000000,2014-06-25 00:00:00.000000000,2014-06-25 00:00:00.000000000,2014-04-30 00:00:00.000000000,0 days 00:00:00.000000000,0 days 00:00:00.000000000,0 days 00:00:00.000000000
3141,2014-09-22 00:00:00.000000000,2014-09-15 00:00:00.000000000,2014-09-17 00:00:00.000000000,2014-04-08 00:00:00.000000000,2014-04-30 00:00:00.000000000,2014-04-30 00:00:00.000000000,2013-11-14 00:00:00.000000000,145 days 00:00:00.000000000,138 days 00:00:00.000000000,-7 days +00:00:00.000000000
3142,2013-04-29 00:00:00.000000000,2013-04-29 00:00:00.000000000,2013-04-29 00:00:00.000000000,2012-12-13 00:00:00.000000000,2013-01-02 00:00:00.000000000,2013-01-02 00:00:00.000000000,2012-08-18 00:00:00.000000000,117 days 00:00:00.000000000,117 days 00:00:00.000000000,0 days 00:00:00.000000000
3143,2013-09-20 00:00:00.000000000,2013-09-20 00:00:00.000000000,2013-09-20 00:00:00.000000000,2013-07-09 00:00:00.000000000,2013-07-31 00:00:00.000000000,2013-07-31 00:00:00.000000000,2013-05-19 00:00:00.000000000,51 days 00:00:00.000000000,51 days 00:00:00.000000000,0 days 00:00:00.000000000
3144,2014-08-28 00:00:00.000000000,2014-08-28 00:00:00.000000000,2014-08-28 00:00:00.000000000,2014-04-30 00:00:00.000000000,2014-08-28 00:00:00.000000000,2014-08-28 00:00:00.000000000,2014-04-30 00:00:00.000000000,0 days 00:00:00.000000000,0 days 00:00:00.000000000,0 days 00:00:00.000000000
3145,2014-03-17 00:00:00.000000000,2014-03-17 00:00:00.000000000,2014-03-17 00:00:00.000000000,2012-05-18 00:00:00.000000000,2012-07-09 00:00:00.000000000,2012-07-09 00:00:00.000000000,2010-09-10 00:00:00.000000000,616 days 00:00:00.000000000,616 days 00:00:00.000000000,0 days 00:00:00.000000000
3146,2014-08-29 00:00:00.000000000,2014-08-29 00:00:00.000000000,2014-08-29 00:00:00.000000000,2013-07-11 00:00:00.000000000,2014-08-29 00:00:00.000000000,2014-08-29 00:00:00.000000000,2013-07-11 00:00:00.000000000,0 days 00:00:00.000000000,0 days 00:00:00.000000000,0 days 00:00:00.000000000
3147,2013-05-22 00:00:00.000000000,2013-05-22 00:00:00.000000000,2013-05-22 00:00:00.000000000,2013-01-29 00:00:00.000000000,2013-02-05 00:00:00.000000000,2013-02-05 00:00:00.000000000,2012-10-15 00:00:00.000000000,106 days 00:00:00.000000000,106 days 00:00:00.000000000,0 days 00:00:00.000000000
3148,2013-04-25 00:00:00.000000000,2013-04-25 00:00:00.000000000,2013-04-25 00:00:00.000000000,2012-05-29 00:00:00.000000000,2012-07-18 00:00:00.000000000,2012-07-18 00:00:00.000000000,2011-08-22 00:00:00.000000000,281 days 00:00:00.000000000,281 days 00:00:00.000000000,0 days 00:00:00.000000000
3149,2014-05-27 00:00:00.000000000,2014-05-27 00:00:00.000000000,2014-06-12 00:00:00.000000000,2014-03-21 00:00:00.000000000,2014-03-31 00:00:00.000000000,2014-03-31 00:00:00.000000000,2014-01-23 00:00:00.000000000,57 days 00:00:00.000000000,57 days 00:00:00.000000000,0 days 00:00:00.000000000
3150,2011-09-12 00:00:00.000000000,2011-09-12 00:00:00.000000000,2011-09-12 00:00:00.000000000,2011-03-09 00:00:00.000000000,2011-05-05 00:00:00.000000000,2011-05-05 00:00:00.000000000,2010-10-30 00:00:00.000000000,130 days 00:00:00.000000000,130 days 00:00:00.000000000,0 days 00:00:00.000000000
3151,2014-04-07 00:00:00.000000000,2014-04-07 00:00:00.000000000,2014-04-23 00:00:00.000000000,2014-01-22 00:00:00.000000000,2014-01-30 00:00:00.000000000,2014-01-30 00:00:00.000000000,2013-11-16 00:00:00.000000000,67 days 00:00:00.000000000,67 days 00:00:00.000000000,0 days 00:00:00.000000000
3152,2015-01-16 00:00:00.000000000,2015-01-16 00:00:00.000000000,2015-01-17 00:00:00.000000000,2014-07-09 00:00:00.000000000,2014-08-11 00:00:00.000000000,2014-08-11 00:00:00.000000000,2014-02-01 00:00:00.000000000,158 days 00:00:00.000000000,158 days 00:00:00.000000000,0 days 00:00:00.000000000
3153,2010-09-08 00:00:00.000000000,2010-09-08 00:00:00.000000000,2010-09-08 00:00:00.000000000,2010-07-19 00:00:00.000000000,2010-08-02 00:00:00.000000000,2010-08-02 00:00:00.000000000,2010-06-12 00:00:00.000000000,37 days 00:00:00.000000000,37 days 00:00:00.000000000,0 days 00:00:00.000000000
3154,2011-04-04 00:00:00.000000000,2011-04-04 00:00:00.000000000,2011-04-04 00:00:00.000000000,2010-11-26 00:00:00.000000000,2010-12-14 00:00:00.000000000,2010-12-14 00:00:00.000000000,2010-08-07 00:00:00.000000000,111 days 00:00:00.000000000,111 days 00:00:00.000000000,0 days 00:00:00.000000000
3155,2014-07-20 00:00:00.000000000,2014-07-20 00:00:00.000000000,2014-08-01 00:00:00.000000000,2014-04-30 00:00:00.000000000,2014-05-21 00:00:00.000000000,2014-05-21 00:00:00.000000000,2014-03-01 00:00:00.000000000,60 days 00:00:00.000000000,60 days 00:00:00.000000000,0 days 00:00:00.000000000
3156,2015-09-07 00:00:00.000000000,2015-09-07 00:00:00.000000000,2015-09-07 00:00:00.000000000,2015-04-14 00:00:00.000000000,2015-05-11 00:00:00.000000000,2015-05-11 00:00:00.000000000,2014-12-16 00:00:00.000000000,119 days 00:00:00.000000000,119 days 00:00:00.000000000,0 days 00:00:00.000000000
3157,2012-02-18 00:00:00.000000000,2012-02-18 00:00:00.000000000,2012-02-18 00:00:00.000000000,2011-09-21 00:00:00.000000000,2011-10-04 00:00:00.000000000,2011-10-04 00:00:00.000000000,2011-05-07 00:00:00.000000000,137 days 00:00:00.000000000,137 days 00:00:00.000000000,0 days 00:00:00.000000000
3158,2013-03-18 00:00:00.000000000,2013-03-18 00:00:00.000000000,2013-03-18 00:00:00.000000000,2012-10-15 00:00:00.000000000,2012-11-07 00:00:00.000000000,2012-11-07 00:00:00.000000000,2012-06-06 00:00:00.000000000,131 days 00:00:00.000000000,131 days 00:00:00.000000000,0 days 00:00:00.000000000
3159,2013-09-26 00:00:00.000000000,2013-09-26 00:00:00.000000000,2013-09-26 00:00:00.000000000,2013-08-19 00:00:00.000000000,2013-08-23 00:00:00.000000000,2013-08-23 00:00:00.000000000,2013-07-16 00:00:00.000000000,34 days 00:00:00.000000000,34 days 00:00:00.000000000,0 days 00:00:00.000000000
3160,2010-11-19 00:00:00.000000000,2010-11-19 00:00:00.000000000,2010-11-19 00:00:00.000000000,2010-10-08 00:00:00.000000000,2010-10-27 00:00:00.000000000,2010-10-27 00:00:00.000000000,2010-09-15 00:00:00.000000000,23 days 00:00:00.000000000,23 days 00:00:00.000000000,0 days 00:00:00.000000000
3161,2010-08-13 00:00:00.000000000,2010-08-13 00:00:00.000000000,2010-08-13 00:00:00.000000000,2010-03-22 00:00:00.000000000,2010-03-25 00:00:00.000000000,2010-03-25 00:00:00.000000000,2009-11-01 00:00:00.000000000,141 days 00:00:00.000000000,141 days 00:00:00.000000000,0 days 00:00:00.000000000
3162,2014-11-05 00:00:00.000000000,2014-11-05 00:00:00.000000000,2014-11-05 00:00:00.000000000,2014-04-30 00:00:00.000000000,2014-11-04 00:00:00.000000000,2014-11-04 00:00:00.000000000,2014-04-29 00:00:00.000000000,1 days 00:00:00.000000000,1 days 00:00:00.000000000,0 days 00:00:00.000000000
3163,2010-03-13 00:00:00.000000000,2010-03-13 00:00:00.000000000,2010-03-13 00:00:00.000000000,2009-01-04 00:00:00.000000000,2010-01-12 00:00:00.000000000,2010-01-12 00:00:00.000000000,2008-11-05 00:00:00.000000000,60 days 00:00:00.000000000,60 days 00:00:00.000000000,0 days 00:00:00.000000000
3164,2013-11-15 00:00:00.000000000,2013-11-15 00:00:00.000000000,2013-11-15 00:00:00.000000000,2013-05-17 00:00:00.000000000,2013-06-13 00:00:00.000000000,2013-06-13 00:00:00.000000000,2012-12-13 00:00:00.000000000,155 days 00:00:00.000000000,155 days 00:00:00.000000000,0 days 00:00:00.000000000
3165,2014-08-29 00:00:00.000000000,2014-08-29 00:00:00.000000000,2014-08-29 00:00:00.000000000,2013-07-11 00:00:00.000000000,2014-08-29 00:00:00.000000000,2014-08-29 00:00:00.000000000,2013-07-11 00:00:00.000000000,0 days 00:00:00.000000000,0 days 00:00:00.000000000,0 days 00:00:00.000000000
3166,2011-09-14 00:00:00.000000000,2011-09-14 00:00:00.000000000,2011-09-14 00:00:00.000000000,2011-03-10 00:00:00.000000000,2011-03-24 00:00:00.000000000,2011-03-24 00:00:00.000000000,2010-09-17 00:00:00.000000000,174 days 00:00:00.000000000,174 days 00:00:00.000000000,0 days 00:00:00.000000000
3167,2014-06-24 00:00:00.000000000,2014-06-24 00:00:00.000000000,2014-06-24 00:00:00.000000000,2014-04-17 00:00:00.000000000,2014-04-18 00:00:00.000000000,2014-04-18 00:00:00.000000000,2014-02-09 00:00:00.000000000,67 days 00:00:00.000000000,67 days 00:00:00.000000000,0 days 00:00:00.000000000
3168,2011-07-27 00:00:00.000000000,2011-07-27 00:00:00.000000000,2011-07-27 00:00:00.000000000,2011-04-21 00:00:00.000000000,2011-05-02 00:00:00.000000000,2011-05-02 00:00:00.000000000,2011-01-25 00:00:00.000000000,86 days 00:00:00.000000000,86 days 00:00:00.000000000,0 days 00:00:00.000000000
3169,2012-08-21 00:00:00.000000000,2012-08-21 00:00:00.000000000,2012-08-21 00:00:00.000000000,2012-01-05 00:00:00.000000000,2012-01-23 00:00:00.000000000,2012-01-23 00:00:00.000000000,2011-06-08 00:00:00.000000000,211 days 00:00:00.000000000,211 days 00:00:00.000000000,0 days 00:00:00.000000000
3170,2015-05-12 00:00:00.000000000,2015-05-12 00:00:00.000000000,2015-05-12 00:00:00.000000000,2014-09-11 00:00:00.000000000,2015-05-11 00:00:00.000000000,2015-05-11 00:00:00.000000000,2014-09-10 00:00:00.000000000,1 days 00:00:00.000000000,1 days 00:00:00.000000000,0 days 00:00:00.000000000
3171,2013-03-27 00:00:00.000000000,2013-03-27 00:00:00.000000000,2013-03-27 00:00:00.000000000,2013-01-04 00:00:00.000000000,2013-01-22 00:00:00.000000000,2013-01-22 00:00:00.000000000,2012-11-01 00:00:00.000000000,64 days 00:00:00.000000000,64 days 00:00:00.000000000,0 days 00:00:00.000000000
3172,2009-12-29 00:00:00.000000000,2009-12-29 00:00:00.000000000,2009-12-29 00:00:00.000000000,2009-12-17 00:00:00.000000000,2009-12-23 00:00:00.000000000,2009-12-23 00:00:00.000000000,2009-12-11 00:00:00.000000000,6 days 00:00:00.000000000,6 days 00:00:00.000000000,0 days 00:00:00.000000000
3173,2015-08-11 00:00:00.000000000,2015-08-11 00:00:00.000000000,2015-08-11 00:00:00.000000000,2014-09-11 00:00:00.000000000,2015-08-11 00:00:00.000000000,2015-08-11 00:00:00.000000000,2014-09-11 00:00:00.000000000,0 days 00:00:00.000000000,0 days 00:00:00.000000000,0 days 00:00:00.000000000
3174,2015-05-25 00:00:00.000000000,2015-05-25 00:00:00.000000000,2015-05-26 00:00:00.000000000,2014-09-24 00:00:00.000000000,2014-11-14 00:00:00.000000000,2014-11-14 00:00:00.000000000,2014-03-16 00:00:00.000000000,192 days 00:00:00.000000000,192 days 00:00:00.000000000,0 days 00:00:00.000000000
3175,2014-03-27 00:00:00.000000000,2014-03-27 00:00:00.000000000,2014-03-27 00:00:00.000000000,2013-06-21 00:00:00.000000000,2013-08-12 00:00:00.000000000,2013-08-12 00:00:00.000000000,2012-11-06 00:00:00.000000000,227 days 00:00:00.000000000,227 days 00:00:00.000000000,0 days 00:00:00.000000000
3176,2013-09-02 00:00:00.000000000,2013-09-02 00:00:00.000000000,2013-09-02 00:00:00.000000000,2013-02-07 00:00:00.000000000,2013-03-22 00:00:00.000000000,2013-03-22 00:00:00.000000000,2012-08-27 00:00:00.000000000,164 days 00:00:00.000000000,164 days 00:00:00.000000000,0 days 00:00:00.000000000
3177,2009-12-08 00:00:00.000000000,2009-12-08 00:00:00.000000000,2009-12-08 00:00:00.000000000,2009-05-07 00:00:00.000000000,2009-09-22 00:00:00.000000000,2009-09-22 00:00:00.000000000,2009-02-19 00:00:00.000000000,77 days 00:00:00.000000000,77 days 00:00:00.000000000,0 days 00:00:00.000000000
3178,2013-11-16 00:00:00.000000000,2013-11-16 00:00:00.000000000,2013-11-21 00:00:00.000000000,2013-07-08 00:00:00.000000000,2013-09-10 00:00:00.000000000,2013-09-10 00:00:00.000000000,2013-05-02 00:00:00.000000000,67 days 00:00:00.000000000,67 days 00:00:00.000000000,0 days 00:00:00.000000000
3179,2012-12-21 00:00:00.000000000,2012-12-21 00:00:00.000000000,2012-12-21 00:00:00.000000000,2012-07-25 00:00:00.000000000,2012-08-14 00:00:00.000000000,2012-08-14 00:00:00.000000000,2012-03-18 00:00:00.000000000,129 days 00:00:00.000000000,129 days 00:00:00.000000000,0 days 00:00:00.000000000
3180,2011-11-08 00:00:00.000000000,2011-11-08 00:00:00.000000000,2011-11-08 00:00:00.000000000,2011-01-21 00:00:00.000000000,2011-02-02 00:00:00.000000000,2011-02-02 00:00:00.000000000,2010-04-17 00:00:00.000000000,279 days 00:00:00.000000000,279 days 00:00:00.000000000,0 days 00:00:00.000000000
3181,2011-03-10 00:00:00.000000000,2011-03-04 00:00:00.000000000,2011-03-04 00:00:00.000000000,2010-08-31 00:00:00.000000000,2010-09-24 00:00:00.000000000,2010-09-24 00:00:00.000000000,2010-03-17 00:00:00.000000000,167 days 00:00:00.000000000,161 days 00:00:00.000000000,-6 days +00:00:00.000000000
3182,2013-10-29 00:00:00.000000000,2013-10-29 00:00:00.000000000,2013-11-01 00:00:00.000000000,2012-12-17 00:00:00.000000000,2013-01-15 00:00:00.000000000,2013-01-15 00:00:00.000000000,2012-03-05 00:00:00.000000000,287 days 00:00:00.000000000,287 days 00:00:00.000000000,0 days 00:00:00.000000000
3183,2012-10-08 00:00:00.000000000,2012-10-08 00:00:00.000000000,2012-10-08 00:00:00.000000000,2012-07-17 00:00:00.000000000,2012-08-10 00:00:00.000000000,2012-08-10 00:00:00.000000000,2012-05-19 00:00:00.000000000,59 days 00:00:00.000000000,59 days 00:00:00.000000000,0 days 00:00:00.000000000
3184,2014-10-20 00:00:00.000000000,2014-10-20 00:00:00.000000000,2014-11-06 00:00:00.000000000,2014-05-11 00:00:00.000000000,2014-06-02 00:00:00.000000000,2014-06-02 00:00:00.000000000,2013-12-22 00:00:00.000000000,140 days 00:00:00.000000000,140 days 00:00:00.000000000,0 days 00:00:00.000000000
3185,2015-04-28 00:00:00.000000000,2015-04-28 00:00:00.000000000,2015-04-28 00:00:00.000000000,2014-04-30 00:00:00.000000000,2015-04-28 00:00:00.000000000,2015-04-28 00:00:00.000000000,2014-04-30 00:00:00.000000000,0 days 00:00:00.000000000,0 days 00:00:00.000000000,0 days 00:00:00.000000000
3186,2009-10-23 00:00:00.000000000,2009-10-23 00:00:00.000000000,2009-10-23 00:00:00.000000000,2009-06-25 00:00:00.000000000,2009-06-26 00:00:00.000000000,2009-06-26 00:00:00.000000000,2009-02-26 00:00:00.000000000,119 days 00:00:00.000000000,119 days 00:00:00.000000000,0 days 00:00:00.000000000
3187,2009-09-23 00:00:00.000000000,2009-09-23 00:00:00.000000000,2009-09-23 00:00:00.000000000,2009-05-08 00:00:00.000000000,2009-08-05 00:00:00.000000000,2009-08-05 00:00:00.000000000,2009-03-20 00:00:00.000000000,49 days 00:00:00.000000000,49 days 00:00:00.000000000,0 days 00:00:00.000000000
3188,2014-11-26 00:00:00.000000000,2014-11-26 00:00:00.000000000,2014-11-26 00:00:00.000000000,2014-04-08 00:00:00.000000000,2014-04-30 00:00:00.000000000,2014-04-30 00:00:00.000000000,2013-09-10 00:00:00.000000000,210 days 00:00:00.000000000,210 days 00:00:00.000000000,0 days 00:00:00.000000000
3189,2014-11-28 00:00:00.000000000,2014-11-28 00:00:00.000000000,2014-11-28 00:00:00.000000000,2014-09-11 00:00:00.000000000,2014-11-28 00:00:00.000000000,2014-11-28 00:00:00.000000000,2014-09-11 00:00:00.000000000,0 days 00:00:00.000000000,0 days 00:00:00.000000000,0 days 00:00:00.000000000
3190,2014-08-22 00:00:00.000000000,2014-08-22 00:00:00.000000000,2014-08-22 00:00:00.000000000,2014-03-19 00:00:00.000000000,2014-05-05 00:00:00.000000000,2014-05-05 00:00:00.000000000,2013-11-30 00:00:00.000000000,109 days 00:00:00.000000000,109 days 00:00:00.000000000,0 days 00:00:00.000000000
3191,2010-11-17 00:00:00.000000000,2010-11-17 00:00:00.000000000,2010-11-17 00:00:00.000000000,2010-06-02 00:00:00.000000000,2010-06-17 00:00:00.000000000,2010-06-17 00:00:00.000000000,2009-12-31 00:00:00.000000000,153 days 00:00:00.000000000,153 days 00:00:00.000000000,0 days 00:00:00.000000000
3192,2014-08-27 00:00:00.000000000,2014-08-27 00:00:00.000000000,2014-08-27 00:00:00.000000000,2013-07-11 00:00:00.000000000,2014-08-27 00:00:00.000000000,2014-08-27 00:00:00.000000000,2013-07-11 00:00:00.000000000,0 days 00:00:00.000000000,0 days 00:00:00.000000000,0 days 00:00:00.000000000
3193,2015-08-24 00:00:00.000000000,2015-08-24 00:00:00.000000000,2015-08-24 00:00:00.000000000,2014-09-11 00:00:00.000000000,2014-10-09 00:00:00.000000000,2014-10-09 00:00:00.000000000,2013-10-27 00:00:00.000000000,319 days 00:00:00.000000000,319 days 00:00:00.000000000,0 days 00:00:00.000000000
3194,2013-08-05 00:00:00.000000000,2013-08-09 00:00:00.000000000,2013-08-09 00:00:00.000000000,2013-05-02 00:00:00.000000000,2013-05-22 00:00:00.000000000,2013-05-22 00:00:00.000000000,2013-02-16 00:00:00.000000000,75 days 00:00:00.000000000,79 days 00:00:00.000000000,4 days 00:00:00.000000000
3195,2011-03-10 00:00:00.000000000,2011-03-04 00:00:00.000000000,2011-03-04 00:00:00.000000000,2010-08-31 00:00:00.000000000,2010-09-24 00:00:00.000000000,2010-09-24 00:00:00.000000000,2010-03-17 00:00:00.000000000,167 days 00:00:00.000000000,161 days 00:00:00.000000000,-6 days +00:00:00.000000000
3196,2012-12-28 00:00:00.000000000,2012-12-28 00:00:00.000000000,2012-12-28 00:00:00.000000000,2012-07-25 00:00:00.000000000,2012-08-14 00:00:00.000000000,2012-08-14 00:00:00.000000000,2012-03-11 00:00:00.000000000,136 days 00:00:00.000000000,136 days 00:00:00.000000000,0 days 00:00:00.000000000
3197,2014-02-24 00:00:00.000000000,2014-02-24 00:00:00.000000000,2014-02-25 00:00:00.000000000,2013-08-21 00:00:00.000000000,2013-10-23 00:00:00.000000000,2013-10-23 00:00:00.000000000,2013-04-19 00:00:00.000000000,124 days 00:00:00.000000000,124 days 00:00:00.000000000,0 days 00:00:00.000000000
3198,2014-08-28 00:00:00.000000000,2014-08-28 00:00:00.000000000,2014-08-28 00:00:00.000000000,2014-04-30 00:00:00.000000000,2014-08-28 00:00:00.000000000,2014-08-28 00:00:00.000000000,2014-04-30 00:00:00.000000000,0 days 00:00:00.000000000,0 days 00:00:00.000000000,0 days 00:00:00.000000000
3199,2011-05-03 00:00:00.000000000,2011-05-03 00:00:00.000000000,2011-05-03 00:00:00.000000000,2010-08-31 00:00:00.000000000,2010-09-24 00:00:00.000000000,2010-09-24 00:00:00.000000000,2010-01-22 00:00:00.000000000,221 days 00:00:00.000000000,221 days 00:00:00.000000000,0 days 00:00:00.000000000
3200,2013-03-14 00:00:00.000000000,2013-03-14 00:00:00.000000000,2013-03-14 00:00:00.000000000,2012-11-15 00:00:00.000000000,2012-12-18 00:00:00.000000000,2012-12-18 00:00:00.000000000,2012-08-21 00:00:00.000000000,86 days 00:00:00.000000000,86 days 00:00:00.000000000,0 days 00:00:00.000000000
3201,2015-02-18 00:00:00.000000000,2015-02-18 00:00:00.000000000,2015-02-19 00:00:00.000000000,2014-10-15 00:00:00.000000000,2014-12-18 00:00:00.000000000,2014-12-18 00:00:00.000000000,2014-08-14 00:00:00.000000000,62 days 00:00:00.000000000,62 days 00:00:00.000000000,0 days 00:00:00.000000000
3202,2013-08-13 00:00:00.000000000,2013-08-13 00:00:00.000000000,2013-08-13 00:00:00.000000000,2013-03-20 00:00:00.000000000,2013-04-11 00:00:00.000000000,2013-04-11 00:00:00.000000000,2012-11-16 00:00:00.000000000,124 days 00:00:00.000000000,124 days 00:00:00.000000000,0 days 00:00:00.000000000
3203,2011-10-10 00:00:00.000000000,2011-11-03 00:00:00.000000000,2011-11-03 00:00:00.000000000,2011-03-10 00:00:00.000000000,2011-03-24 00:00:00.000000000,2011-03-24 00:00:00.000000000,2010-08-22 00:00:00.000000000,200 days 00:00:00.000000000,224 days 00:00:00.000000000,24 days 00:00:00.000000000
3204,2015-07-07 00:00:00.000000000,2015-07-07 00:00:00.000000000,2015-07-07 00:00:00.000000000,2014-10-22 00:00:00.000000000,2015-01-30 00:00:00.000000000,2015-01-30 00:00:00.000000000,2014-05-17 00:00:00.000000000,158 days 00:00:00.000000000,158 days 00:00:00.000000000,0 days 00:00:00.000000000
3205,2010-03-18 00:00:00.000000000,2010-03-18 00:00:00.000000000,2010-03-18 00:00:00.000000000,2009-12-16 00:00:00.000000000,2009-12-22 00:00:00.000000000,2009-12-22 00:00:00.000000000,2009-09-21 00:00:00.000000000,86 days 00:00:00.000000000,86 days 00:00:00.000000000,0 days 00:00:00.000000000
3206,2014-10-22 00:00:00.000000000,2014-10-22 00:00:00.000000000,2014-10-22 00:00:00.000000000,2014-07-30 00:00:00.000000000,2014-08-14 00:00:00.000000000,2014-08-14 00:00:00.000000000,2014-05-22 00:00:00.000000000,69 days 00:00:00.000000000,69 days 00:00:00.000000000,0 days 00:00:00.000000000
3207,2015-04-23 00:00:00.000000000,2015-04-23 00:00:00.000000000,2015-04-23 00:00:00.000000000,2014-08-13 00:00:00.000000000,2014-08-20 00:00:00.000000000,2014-08-20 00:00:00.000000000,2013-12-10 00:00:00.000000000,246 days 00:00:00.000000000,246 days 00:00:00.000000000,0 days 00:00:00.000000000
3208,2014-08-27 00:00:00.000000000,2014-08-27 00:00:00.000000000,2014-08-27 00:00:00.000000000,2013-07-11 00:00:00.000000000,2014-08-27 00:00:00.000000000,2014-08-27 00:00:00.000000000,2013-07-11 00:00:00.000000000,0 days 00:00:00.000000000,0 days 00:00:00.000000000,0 days 00:00:00.000000000
3209,2010-01-07 00:00:00.000000000,2010-01-07 00:00:00.000000000,2010-01-07 00:00:00.000000000,2009-10-20 00:00:00.000000000,2009-11-02 00:00:00.000000000,2009-11-02 00:00:00.000000000,2009-08-15 00:00:00.000000000,66 days 00:00:00.000000000,66 days 00:00:00.000000000,0 days 00:00:00.000000000
3210,2012-03-23 00:00:00.000000000,2012-03-23 00:00:00.000000000,2012-03-23 00:00:00.000000000,2011-09-05 00:00:00.000000000,2011-10-11 00:00:00.000000000,2011-10-11 00:00:00.000000000,2011-03-25 00:00:00.000000000,164 days 00:00:00.000000000,164 days 00:00:00.000000000,0 days 00:00:00.000000000
3211,2013-07-20 00:00:00.000000000,2013-07-20 00:00:00.000000000,2013-07-20 00:00:00.000000000,2013-01-24 00:00:00.000000000,2013-02-26 00:00:00.000000000,2013-02-26 00:00:00.000000000,2012-09-02 00:00:00.000000000,144 days 00:00:00.000000000,144 days 00:00:00.000000000,0 days 00:00:00.000000000
3212,2014-09-30 00:00:00.000000000,2014-09-30 00:00:00.000000000,2014-10-29 00:00:00.000000000,2014-03-19 00:00:00.000000000,2014-05-05 00:00:00.000000000,2014-05-05 00:00:00.000000000,2013-10-22 00:00:00.000000000,148 days 00:00:00.000000000,148 days 00:00:00.000000000,0 days 00:00:00.000000000
3213,2012-01-16 00:00:00.000000000,2012-01-16 00:00:00.000000000,2012-01-16 00:00:00.000000000,2011-03-10 00:00:00.000000000,2011-09-30 00:00:00.000000000,2011-09-30 00:00:00.000000000,2010-11-22 00:00:00.000000000,108 days 00:00:00.000000000,108 days 00:00:00.000000000,0 days 00:00:00.000000000
3214,2014-10-22 00:00:00.000000000,2014-10-22 00:00:00.000000000,2014-10-22 00:00:00.000000000,2014-07-30 00:00:00.000000000,2014-08-14 00:00:00.000000000,2014-08-14 00:00:00.000000000,2014-05-22 00:00:00.000000000,69 days 00:00:00.000000000,69 days 00:00:00.000000000,0 days 00:00:00.000000000
3215,2012-03-30 00:00:00.000000000,2012-03-30 00:00:00.000000000,2012-03-30 00:00:00.000000000,2011-10-26 00:00:00.000000000,2011-11-09 00:00:00.000000000,2011-11-09 00:00:00.000000000,2011-06-06 00:00:00.000000000,142 days 00:00:00.000000000,142 days 00:00:00.000000000,0 days 00:00:00.000000000
3216,2014-10-14 00:00:00.000000000,2014-10-14 00:00:00.000000000,2014-10-20 00:00:00.000000000,2014-03-20 00:00:00.000000000,2014-04-30 00:00:00.000000000,2014-04-30 00:00:00.000000000,2013-10-04 00:00:00.000000000,167 days 00:00:00.000000000,167 days 00:00:00.000000000,0 days 00:00:00.000000000
3217,2014-08-19 00:00:00.000000000,2014-09-05 00:00:00.000000000,2014-09-17 00:00:00.000000000,2014-05-16 00:00:00.000000000,2014-06-02 00:00:00.000000000,2014-06-02 00:00:00.000000000,2014-02-27 00:00:00.000000000,78 days 00:00:00.000000000,95 days 00:00:00.000000000,17 days 00:00:00.000000000
3218,2014-06-14 00:00:00.000000000,2014-06-14 00:00:00.000000000,2014-06-16 00:00:00.000000000,2014-04-01 00:00:00.000000000,2014-05-08 00:00:00.000000000,2014-05-08 00:00:00.000000000,2014-02-23 00:00:00.000000000,37 days 00:00:00.000000000,37 days 00:00:00.000000000,0 days 00:00:00.000000000
3219,2011-05-31 00:00:00.000000000,2011-05-31 00:00:00.000000000,2011-05-31 00:00:00.000000000,2011-03-11 00:00:00.000000000,2011-03-25 00:00:00.000000000,2011-03-25 00:00:00.000000000,2011-01-03 00:00:00.000000000,67 days 00:00:00.000000000,67 days 00:00:00.000000000,0 days 00:00:00.000000000
3220,2009-08-17 00:00:00.000000000,2009-08-17 00:00:00.000000000,2009-08-17 00:00:00.000000000,2009-06-08 00:00:00.000000000,2009-06-29 00:00:00.000000000,2009-06-29 00:00:00.000000000,2009-04-20 00:00:00.000000000,49 days 00:00:00.000000000,49 days 00:00:00.000000000,0 days 00:00:00.000000000
3221,2011-07-01 00:00:00.000000000,2011-07-01 00:00:00.000000000,2011-07-01 00:00:00.000000000,2011-03-29 00:00:00.000000000,2011-05-02 00:00:00.000000000,2011-05-02 00:00:00.000000000,2011-01-28 00:00:00.000000000,60 days 00:00:00.000000000,60 days 00:00:00.000000000,0 days 00:00:00.000000000
3222,2011-09-20 00:00:00.000000000,2011-09-20 00:00:00.000000000,2011-09-20 00:00:00.000000000,2011-07-22 00:00:00.000000000,2011-08-03 00:00:00.000000000,2011-08-03 00:00:00.000000000,2011-06-04 00:00:00.000000000,48 days 00:00:00.000000000,48 days 00:00:00.000000000,0 days 00:00:00.000000000
3223,2010-03-10 00:00:00.000000000,2010-03-10 00:00:00.000000000,2010-03-10 00:00:00.000000000,2009-10-20 00:00:00.000000000,2009-11-03 00:00:00.000000000,2009-11-03 00:00:00.000000000,2009-06-15 00:00:00.000000000,127 days 00:00:00.000000000,127 days 00:00:00.000000000,0 days 00:00:00.000000000
3224,2014-08-29 00:00:00.000000000,2014-08-29 00:00:00.000000000,2014-08-29 00:00:00.000000000,2013-07-11 00:00:00.000000000,2014-08-29 00:00:00.000000000,2014-08-29 00:00:00.000000000,2013-07-11 00:00:00.000000000,0 days 00:00:00.000000000,0 days 00:00:00.000000000,0 days 00:00:00.000000000
3225,2014-11-10 00:00:00.000000000,2014-11-10 00:00:00.000000000,2014-11-13 00:00:00.000000000,2014-07-16 00:00:00.000000000,2014-07-18 00:00:00.000000000,2014-07-18 00:00:00.000000000,2014-03-23 00:00:00.000000000,115 days 00:00:00.000000000,115 days 00:00:00.000000000,0 days 00:00:00.000000000
3226,2011-01-11 00:00:00.000000000,2011-01-11 00:00:00.000000000,2011-01-11 00:00:00.000000000,2010-08-31 00:00:00.000000000,2010-09-24 00:00:00.000000000,2010-09-24 00:00:00.000000000,2010-05-14 00:00:00.000000000,109 days 00:00:00.000000000,109 days 00:00:00.000000000,0 days 00:00:00.000000000
3227,2012-04-10 00:00:00.000000000,2012-04-10 00:00:00.000000000,2012-04-10 00:00:00.000000000,2012-01-06 00:00:00.000000000,2012-02-24 00:00:00.000000000,2012-02-24 00:00:00.000000000,2011-11-21 00:00:00.000000000,46 days 00:00:00.000000000,46 days 00:00:00.000000000,0 days 00:00:00.000000000
3228,2015-08-11 00:00:00.000000000,2015-08-11 00:00:00.000000000,2015-08-11 00:00:00.000000000,2015-02-13 00:00:00.000000000,2015-03-02 00:00:00.000000000,2015-03-02 00:00:00.000000000,2014-09-04 00:00:00.000000000,162 days 00:00:00.000000000,162 days 00:00:00.000000000,0 days 00:00:00.000000000
3229,2010-07-27 00:00:00.000000000,2010-07-27 00:00:00.000000000,2010-07-27 00:00:00.000000000,2010-03-18 00:00:00.000000000,2010-03-19 00:00:00.000000000,2010-03-19 00:00:00.000000000,2009-11-08 00:00:00.000000000,130 days 00:00:00.000000000,130 days 00:00:00.000000000,0 days 00:00:00.000000000
3230,2010-03-03 00:00:00.000000000,2010-03-03 00:00:00.000000000,2010-03-03 00:00:00.000000000,2010-01-06 00:00:00.000000000,2010-01-20 00:00:00.000000000,2010-01-20 00:00:00.000000000,2009-11-25 00:00:00.000000000,42 days 00:00:00.000000000,42 days 00:00:00.000000000,0 days 00:00:00.000000000
3231,2015-01-16 00:00:00.000000000,2015-01-16 00:00:00.000000000,2015-02-24 00:00:00.000000000,2014-07-09 00:00:00.000000000,2014-08-11 00:00:00.000000000,2014-08-11 00:00:00.000000000,2014-02-01 00:00:00.000000000,158 days 00:00:00.000000000,158 days 00:00:00.000000000,0 days 00:00:00.000000000
3232,2013-04-22 00:00:00.000000000,2013-04-22 00:00:00.000000000,2013-04-22 00:00:00.000000000,2012-10-03 00:00:00.000000000,2012-11-09 00:00:00.000000000,2012-11-09 00:00:00.000000000,2012-04-22 00:00:00.000000000,164 days 00:00:00.000000000,164 days 00:00:00.000000000,0 days 00:00:00.000000000
3233,2015-07-24 00:00:00.000000000,2015-07-24 00:00:00.000000000,2015-07-24 00:00:00.000000000,2014-09-11 00:00:00.000000000,2014-10-09 00:00:00.000000000,2014-10-09 00:00:00.000000000,2013-11-27 00:00:00.000000000,288 days 00:00:00.000000000,288 days 00:00:00.000000000,0 days 00:00:00.000000000
3234,2015-07-10 00:00:00.000000000,2015-07-07 00:00:00.000000000,2015-07-07 00:00:00.000000000,2015-01-28 00:00:00.000000000,2015-02-17 00:00:00.000000000,2015-02-17 00:00:00.000000000,2014-09-07 00:00:00.000000000,143 days 00:00:00.000000000,140 days 00:00:00.000000000,-3 days +00:00:00.000000000
3235,2014-08-29 00:00:00.000000000,2014-08-29 00:00:00.000000000,2014-08-29 00:00:00.000000000,2013-07-11 00:00:00.000000000,2014-08-29 00:00:00.000000000,2014-08-29 00:00:00.000000000,2013-07-11 00:00:00.000000000,0 days 00:00:00.000000000,0 days 00:00:00.000000000,0 days 00:00:00.000000000
3236,2015-01-19 00:00:00.000000000,2015-01-16 00:00:00.000000000,2015-01-22 00:00:00.000000000,2014-09-22 00:00:00.000000000,2014-10-29 00:00:00.000000000,2014-10-29 00:00:00.000000000,2014-07-02 00:00:00.000000000,82 days 00:00:00.000000000,79 days 00:00:00.000000000,-3 days +00:00:00.000000000
3237,2012-07-05 00:00:00.000000000,2012-07-05 00:00:00.000000000,2012-07-05 00:00:00.000000000,2012-04-12 00:00:00.000000000,2012-05-02 00:00:00.000000000,2012-05-02 00:00:00.000000000,2012-02-08 00:00:00.000000000,64 days 00:00:00.000000000,64 days 00:00:00.000000000,0 days 00:00:00.000000000
3238,2011-10-17 00:00:00.000000000,2011-10-17 00:00:00.000000000,2011-10-17 00:00:00.000000000,2011-03-10 00:00:00.000000000,2011-03-23 00:00:00.000000000,2011-03-23 00:00:00.000000000,2010-08-14 00:00:00.000000000,208 days 00:00:00.000000000,208 days 00:00:00.000000000,0 days 00:00:00.000000000
3239,2012-07-03 00:00:00.000000000,2012-07-03 00:00:00.000000000,2012-07-03 00:00:00.000000000,2012-01-04 00:00:00.000000000,2012-03-08 00:00:00.000000000,2012-03-08 00:00:00.000000000,2011-09-09 00:00:00.000000000,117 days 00:00:00.000000000,117 days 00:00:00.000000000,0 days 00:00:00.000000000
3240,2013-12-27 00:00:00.000000000,2013-12-27 00:00:00.000000000,2013-12-27 00:00:00.000000000,2013-07-03 00:00:00.000000000,2013-08-27 00:00:00.000000000,2013-08-27 00:00:00.000000000,2013-03-03 00:00:00.000000000,122 days 00:00:00.000000000,122 days 00:00:00.000000000,0 days 00:00:00.000000000
3241,2013-10-02 00:00:00.000000000,2013-10-02 00:00:00.000000000,2013-10-02 00:00:00.000000000,2013-02-22 00:00:00.000000000,2013-03-14 00:00:00.000000000,2013-03-14 00:00:00.000000000,2012-08-04 00:00:00.000000000,202 days 00:00:00.000000000,202 days 00:00:00.000000000,0 days 00:00:00.000000000
3242,2013-09-12 00:00:00.000000000,2013-09-12 00:00:00.000000000,2013-09-12 00:00:00.000000000,2013-02-22 00:00:00.000000000,2013-04-01 00:00:00.000000000,2013-04-01 00:00:00.000000000,2012-09-11 00:00:00.000000000,164 days 00:00:00.000000000,164 days 00:00:00.000000000,0 days 00:00:00.000000000
3243,2015-08-24 00:00:00.000000000,2015-08-24 00:00:00.000000000,2015-08-24 00:00:00.000000000,2014-09-11 00:00:00.000000000,2014-10-09 00:00:00.000000000,2014-10-09 00:00:00.000000000,2013-10-27 00:00:00.000000000,319 days 00:00:00.000000000,319 days 00:00:00.000000000,0 days 00:00:00.000000000
3244,2011-05-09 00:00:00.000000000,2011-05-09 00:00:00.000000000,2011-05-09 00:00:00.000000000,2011-01-17 00:00:00.000000000,2011-02-09 00:00:00.000000000,2011-02-09 00:00:00.000000000,2010-10-20 00:00:00.000000000,89 days 00:00:00.000000000,89 days 00:00:00.000000000,0 days 00:00:00.000000000
3245,2015-08-24 00:00:00.000000000,2015-08-24 00:00:00.000000000,2015-08-24 00:00:00.000000000,2014-09-11 00:00:00.000000000,2014-10-09 00:00:00.000000000,2014-10-09 00:00:00.000000000,2013-10-27 00:00:00.000000000,319 days 00:00:00.000000000,319 days 00:00:00.000000000,0 days 00:00:00.000000000
3246,2015-07-02 00:00:00.000000000,2015-07-07 00:00:00.000000000,2015-07-07 00:00:00.000000000,2014-12-29 00:00:00.000000000,2015-02-20 00:00:00.000000000,2015-02-20 00:00:00.000000000,2014-08-19 00:00:00.000000000,132 days 00:00:00.000000000,137 days 00:00:00.000000000,5 days 00:00:00.000000000
3247,2014-08-13 00:00:00.000000000,2014-07-30 00:00:00.000000000,2014-08-01 00:00:00.000000000,2014-02-06 00:00:00.000000000,2014-03-10 00:00:00.000000000,2014-03-10 00:00:00.000000000,2013-09-03 00:00:00.000000000,156 days 00:00:00.000000000,142 days 00:00:00.000000000,-14 days +00:00:00.000000000
3248,2010-09-06 00:00:00.000000000,2010-09-06 00:00:00.000000000,2010-09-06 00:00:00.000000000,2010-06-23 00:00:00.000000000,2010-07-01 00:00:00.000000000,2010-07-01 00:00:00.000000000,2010-04-17 00:00:00.000000000,67 days 00:00:00.000000000,67 days 00:00:00.000000000,0 days 00:00:00.000000000
3249,2015-03-31 00:00:00.000000000,2015-03-31 00:00:00.000000000,2015-04-01 00:00:00.000000000,2014-09-24 00:00:00.000000000,2014-11-14 00:00:00.000000000,2014-11-14 00:00:00.000000000,2014-05-10 00:00:00.000000000,137 days 00:00:00.000000000,137 days 00:00:00.000000000,0 days 00:00:00.000000000
3250,2014-04-23 00:00:00.000000000,2014-04-23 00:00:00.000000000,2014-04-23 00:00:00.000000000,2013-10-04 00:00:00.000000000,2013-10-10 00:00:00.000000000,2013-10-10 00:00:00.000000000,2013-03-23 00:00:00.000000000,195 days 00:00:00.000000000,195 days 00:00:00.000000000,0 days 00:00:00.000000000
3251,2011-04-05 00:00:00.000000000,2011-04-05 00:00:00.000000000,2011-04-05 00:00:00.000000000,2011-01-27 00:00:00.000000000,2011-02-15 00:00:00.000000000,2011-02-15 00:00:00.000000000,2010-12-09 00:00:00.000000000,49 days 00:00:00.000000000,49 days 00:00:00.000000000,0 days 00:00:00.000000000
3252,2014-05-27 00:00:00.000000000,2014-05-27 00:00:00.000000000,2014-06-12 00:00:00.000000000,2014-03-21 00:00:00.000000000,2014-03-31 00:00:00.000000000,2014-03-31 00:00:00.000000000,2014-01-23 00:00:00.000000000,57 days 00:00:00.000000000,57 days 00:00:00.000000000,0 days 00:00:00.000000000
3253,2014-07-11 00:00:00.000000000,2014-07-11 00:00:00.000000000,2014-07-11 00:00:00.000000000,2013-07-12 00:00:00.000000000,2014-07-11 00:00:00.000000000,2014-07-11 00:00:00.000000000,2013-07-12 00:00:00.000000000,0 days 00:00:00.000000000,0 days 00:00:00.000000000,0 days 00:00:00.000000000
3254,2011-10-10 00:00:00.000000000,2011-10-10 00:00:00.000000000,2011-10-10 00:00:00.000000000,2011-03-10 00:00:00.000000000,2011-03-24 00:00:00.000000000,2011-03-24 00:00:00.000000000,2010-08-22 00:00:00.000000000,200 days 00:00:00.000000000,200 days 00:00:00.000000000,0 days 00:00:00.000000000
3255,2014-10-20 00:00:00.000000000,2014-10-20 00:00:00.000000000,2014-11-06 00:00:00.000000000,2014-05-11 00:00:00.000000000,2014-06-02 00:00:00.000000000,2014-06-02 00:00:00.000000000,2013-12-22 00:00:00.000000000,140 days 00:00:00.000000000,140 days 00:00:00.000000000,0 days 00:00:00.000000000
3256,2014-08-29 00:00:00.000000000,2014-08-29 00:00:00.000000000,2014-08-29 00:00:00.000000000,2013-07-11 00:00:00.000000000,2014-08-29 00:00:00.000000000,2014-08-29 00:00:00.000000000,2013-07-11 00:00:00.000000000,0 days 00:00:00.000000000,0 days 00:00:00.000000000,0 days 00:00:00.000000000
3257,2010-08-24 00:00:00.000000000,2010-08-24 00:00:00.000000000,2010-08-24 00:00:00.000000000,2010-03-18 00:00:00.000000000,2010-03-19 00:00:00.000000000,2010-03-19 00:00:00.000000000,2009-10-11 00:00:00.000000000,158 days 00:00:00.000000000,158 days 00:00:00.000000000,0 days 00:00:00.000000000
3258,2010-08-24 00:00:00.000000000,2010-11-19 00:00:00.000000000,2010-11-19 00:00:00.000000000,2010-03-18 00:00:00.000000000,2010-03-19 00:00:00.000000000,2010-03-19 00:00:00.000000000,2009-10-11 00:00:00.000000000,158 days 00:00:00.000000000,245 days 00:00:00.000000000,87 days 00:00:00.000000000
3259,2015-02-17 00:00:00.000000000,2015-02-17 00:00:00.000000000,2015-02-17 00:00:00.000000000,2014-12-23 00:00:00.000000000,2015-01-19 00:00:00.000000000,2015-01-19 00:00:00.000000000,2014-11-24 00:00:00.000000000,29 days 00:00:00.000000000,29 days 00:00:00.000000000,0 days 00:00:00.000000000
3260,2012-01-09 00:00:00.000000000,2012-01-09 00:00:00.000000000,2012-01-09 00:00:00.000000000,2011-11-11 00:00:00.000000000,2011-12-09 00:00:00.000000000,2011-12-09 00:00:00.000000000,2011-10-11 00:00:00.000000000,31 days 00:00:00.000000000,31 days 00:00:00.000000000,0 days 00:00:00.000000000
3261,2010-04-15 00:00:00.000000000,2010-04-15 00:00:00.000000000,2010-04-15 00:00:00.000000000,2009-06-30 00:00:00.000000000,2009-07-07 00:00:00.000000000,2009-07-07 00:00:00.000000000,2008-09-21 00:00:00.000000000,282 days 00:00:00.000000000,282 days 00:00:00.000000000,0 days 00:00:00.000000000
3262,2014-01-21 00:00:00.000000000,2014-01-21 00:00:00.000000000,2014-01-22 00:00:00.000000000,2013-10-04 00:00:00.000000000,2013-10-16 00:00:00.000000000,2013-10-16 00:00:00.000000000,2013-06-29 00:00:00.000000000,97 days 00:00:00.000000000,97 days 00:00:00.000000000,0 days 00:00:00.000000000
3263,2015-03-26 00:00:00.000000000,2015-03-26 00:00:00.000000000,2015-03-30 00:00:00.000000000,2014-10-22 00:00:00.000000000,2014-12-24 00:00:00.000000000,2014-12-24 00:00:00.000000000,2014-07-22 00:00:00.000000000,92 days 00:00:00.000000000,92 days 00:00:00.000000000,0 days 00:00:00.000000000
3264,2011-05-10 00:00:00.000000000,2011-05-10 00:00:00.000000000,2011-05-10 00:00:00.000000000,2010-12-10 00:00:00.000000000,2011-01-12 00:00:00.000000000,2011-01-12 00:00:00.000000000,2010-08-14 00:00:00.000000000,118 days 00:00:00.000000000,118 days 00:00:00.000000000,0 days 00:00:00.000000000
3265,2015-07-24 00:00:00.000000000,2015-07-24 00:00:00.000000000,2015-07-24 00:00:00.000000000,2014-09-11 00:00:00.000000000,2014-10-09 00:00:00.000000000,2014-10-09 00:00:00.000000000,2013-11-27 00:00:00.000000000,288 days 00:00:00.000000000,288 days 00:00:00.000000000,0 days 00:00:00.000000000
3266,2015-06-03 00:00:00.000000000,2015-06-03 00:00:00.000000000,2015-06-05 00:00:00.000000000,2014-12-29 00:00:00.000000000,2015-02-20 00:00:00.000000000,2015-02-20 00:00:00.000000000,2014-09-17 00:00:00.000000000,103 days 00:00:00.000000000,103 days 00:00:00.000000000,0 days 00:00:00.000000000
3267,2014-06-30 00:00:00.000000000,2014-06-30 00:00:00.000000000,2014-07-07 00:00:00.000000000,2013-08-09 00:00:00.000000000,2014-02-10 00:00:00.000000000,2014-02-10 00:00:00.000000000,2013-03-22 00:00:00.000000000,140 days 00:00:00.000000000,140 days 00:00:00.000000000,0 days 00:00:00.000000000
3268,2012-04-02 00:00:00.000000000,2012-04-02 00:00:00.000000000,2012-04-02 00:00:00.000000000,2010-10-26 00:00:00.000000000,2010-11-10 00:00:00.000000000,2010-11-10 00:00:00.000000000,2009-06-04 00:00:00.000000000,509 days 00:00:00.000000000,509 days 00:00:00.000000000,0 days 00:00:00.000000000
3269,2010-04-26 00:00:00.000000000,2010-04-26 00:00:00.000000000,2010-04-26 00:00:00.000000000,2009-06-30 00:00:00.000000000,2009-07-16 00:00:00.000000000,2009-07-16 00:00:00.000000000,2008-09-19 00:00:00.000000000,284 days 00:00:00.000000000,284 days 00:00:00.000000000,0 days 00:00:00.000000000
3270,2011-11-02 00:00:00.000000000,2011-11-02 00:00:00.000000000,2011-11-02 00:00:00.000000000,2011-03-10 00:00:00.000000000,2011-03-28 00:00:00.000000000,2011-03-28 00:00:00.000000000,2010-08-03 00:00:00.000000000,219 days 00:00:00.000000000,219 days 00:00:00.000000000,0 days 00:00:00.000000000
3271,2014-09-29 00:00:00.000000000,2014-09-29 00:00:00.000000000,2014-09-30 00:00:00.000000000,2014-06-17 00:00:00.000000000,2014-07-01 00:00:00.000000000,2014-07-01 00:00:00.000000000,2014-03-19 00:00:00.000000000,90 days 00:00:00.000000000,90 days 00:00:00.000000000,0 days 00:00:00.000000000
3272,2009-08-12 00:00:00.000000000,2009-08-12 00:00:00.000000000,2009-08-12 00:00:00.000000000,2009-05-07 00:00:00.000000000,2009-07-21 00:00:00.000000000,2009-07-21 00:00:00.000000000,2009-04-15 00:00:00.000000000,22 days 00:00:00.000000000,22 days 00:00:00.000000000,0 days 00:00:00.000000000
3273,2012-02-20 00:00:00.000000000,2012-02-20 00:00:00.000000000,2012-02-20 00:00:00.000000000,2011-05-03 00:00:00.000000000,2011-07-08 00:00:00.000000000,2011-07-08 00:00:00.000000000,2010-09-18 00:00:00.000000000,227 days 00:00:00.000000000,227 days 00:00:00.000000000,0 days 00:00:00.000000000
3274,2009-08-11 00:00:00.000000000,2009-08-12 00:00:00.000000000,2009-08-12 00:00:00.000000000,2009-05-07 00:00:00.000000000,2009-07-21 00:00:00.000000000,2009-07-21 00:00:00.000000000,2009-04-16 00:00:00.000000000,21 days 00:00:00.000000000,22 days 00:00:00.000000000,1 days 00:00:00.000000000
3275,2011-07-27 00:00:00.000000000,2011-07-27 00:00:00.000000000,2011-07-27 00:00:00.000000000,2011-04-28 00:00:00.000000000,2011-05-23 00:00:00.000000000,2011-05-23 00:00:00.000000000,2011-02-22 00:00:00.000000000,65 days 00:00:00.000000000,65 days 00:00:00.000000000,0 days 00:00:00.000000000
3276,2009-11-17 00:00:00.000000000,2009-11-17 00:00:00.000000000,2009-11-17 00:00:00.000000000,2009-07-22 00:00:00.000000000,2009-09-14 00:00:00.000000000,2009-09-14 00:00:00.000000000,2009-05-19 00:00:00.000000000,64 days 00:00:00.000000000,64 days 00:00:00.000000000,0 days 00:00:00.000000000
3277,2014-02-06 00:00:00.000000000,2014-02-06 00:00:00.000000000,2014-02-06 00:00:00.000000000,2013-10-08 00:00:00.000000000,2013-12-02 00:00:00.000000000,2013-12-02 00:00:00.000000000,2013-08-03 00:00:00.000000000,66 days 00:00:00.000000000,66 days 00:00:00.000000000,0 days 00:00:00.000000000
3278,2010-11-09 00:00:00.000000000,2010-11-09 00:00:00.000000000,2010-11-09 00:00:00.000000000,2010-03-22 00:00:00.000000000,2010-03-29 00:00:00.000000000,2010-03-29 00:00:00.000000000,2009-08-09 00:00:00.000000000,225 days 00:00:00.000000000,225 days 00:00:00.000000000,0 days 00:00:00.000000000
3279,2014-01-13 00:00:00.000000000,2014-01-13 00:00:00.000000000,2014-01-13 00:00:00.000000000,2013-11-14 00:00:00.000000000,2013-12-02 00:00:00.000000000,2013-12-02 00:00:00.000000000,2013-10-03 00:00:00.000000000,42 days 00:00:00.000000000,42 days 00:00:00.000000000,0 days 00:00:00.000000000
3280,2013-07-02 00:00:00.000000000,2013-07-02 00:00:00.000000000,2013-07-02 00:00:00.000000000,2013-01-29 00:00:00.000000000,2013-02-05 00:00:00.000000000,2013-02-05 00:00:00.000000000,2012-09-04 00:00:00.000000000,147 days 00:00:00.000000000,147 days 00:00:00.000000000,0 days 00:00:00.000000000
3281,2010-03-04 00:00:00.000000000,2010-03-04 00:00:00.000000000,2010-03-04 00:00:00.000000000,2009-11-02 00:00:00.000000000,2009-11-13 00:00:00.000000000,2009-11-13 00:00:00.000000000,2009-07-14 00:00:00.000000000,111 days 00:00:00.000000000,111 days 00:00:00.000000000,0 days 00:00:00.000000000
3282,2011-09-23 00:00:00.000000000,2011-09-23 00:00:00.000000000,2011-09-23 00:00:00.000000000,2011-03-11 00:00:00.000000000,2011-03-30 00:00:00.000000000,2011-03-30 00:00:00.000000000,2010-09-15 00:00:00.000000000,177 days 00:00:00.000000000,177 days 00:00:00.000000000,0 days 00:00:00.000000000
3283,2015-08-24 00:00:00.000000000,2015-08-24 00:00:00.000000000,2015-08-24 00:00:00.000000000,2014-09-11 00:00:00.000000000,2015-08-24 00:00:00.000000000,2015-08-24 00:00:00.000000000,2014-09-11 00:00:00.000000000,0 days 00:00:00.000000000,0 days 00:00:00.000000000,0 days 00:00:00.000000000
3284,2013-12-23 00:00:00.000000000,2013-12-23 00:00:00.000000000,2014-01-03 00:00:00.000000000,2013-03-25 00:00:00.000000000,2013-09-11 00:00:00.000000000,2013-09-11 00:00:00.000000000,2012-12-12 00:00:00.000000000,103 days 00:00:00.000000000,103 days 00:00:00.000000000,0 days 00:00:00.000000000
3285,2014-11-19 00:00:00.000000000,2014-11-19 00:00:00.000000000,2014-12-03 00:00:00.000000000,2014-07-30 00:00:00.000000000,2014-08-29 00:00:00.000000000,2014-08-29 00:00:00.000000000,2014-05-09 00:00:00.000000000,82 days 00:00:00.000000000,82 days 00:00:00.000000000,0 days 00:00:00.000000000
3286,2010-03-03 00:00:00.000000000,2010-03-03 00:00:00.000000000,2010-03-03 00:00:00.000000000,2009-09-09 00:00:00.000000000,2009-09-30 00:00:00.000000000,2009-09-30 00:00:00.000000000,2009-04-08 00:00:00.000000000,154 days 00:00:00.000000000,154 days 00:00:00.000000000,0 days 00:00:00.000000000
3287,2014-10-03 00:00:00.000000000,2014-10-03 00:00:00.000000000,2014-10-03 00:00:00.000000000,2014-04-30 00:00:00.000000000,2014-10-03 00:00:00.000000000,2014-10-03 00:00:00.000000000,2014-04-30 00:00:00.000000000,0 days 00:00:00.000000000,0 days 00:00:00.000000000,0 days 00:00:00.000000000
3288,2014-04-14 00:00:00.000000000,2014-04-14 00:00:00.000000000,2014-04-16 00:00:00.000000000,2014-01-21 00:00:00.000000000,2014-02-19 00:00:00.000000000,2014-02-19 00:00:00.000000000,2013-11-28 00:00:00.000000000,54 days 00:00:00.000000000,54 days 00:00:00.000000000,0 days 00:00:00.000000000
3289,2014-08-29 00:00:00.000000000,2014-08-29 00:00:00.000000000,2014-08-29 00:00:00.000000000,2013-07-11 00:00:00.000000000,2014-08-29 00:00:00.000000000,2014-08-29 00:00:00.000000000,2013-07-11 00:00:00.000000000,0 days 00:00:00.000000000,0 days 00:00:00.000000000,0 days 00:00:00.000000000
3290,2009-09-15 00:00:00.000000000,2009-09-15 00:00:00.000000000,2009-09-15 00:00:00.000000000,2009-07-06 00:00:00.000000000,2009-07-14 00:00:00.000000000,2009-07-14 00:00:00.000000000,2009-05-04 00:00:00.000000000,63 days 00:00:00.000000000,63 days 00:00:00.000000000,0 days 00:00:00.000000000
3291,2012-03-23 00:00:00.000000000,2012-03-23 00:00:00.000000000,2012-03-23 00:00:00.000000000,2011-09-08 00:00:00.000000000,2011-11-18 00:00:00.000000000,2011-11-18 00:00:00.000000000,2011-05-05 00:00:00.000000000,126 days 00:00:00.000000000,126 days 00:00:00.000000000,0 days 00:00:00.000000000
3292,2010-03-20 00:00:00.000000000,2010-03-20 00:00:00.000000000,2010-03-20 00:00:00.000000000,2009-10-20 00:00:00.000000000,2009-11-02 00:00:00.000000000,2009-11-02 00:00:00.000000000,2009-06-04 00:00:00.000000000,138 days 00:00:00.000000000,138 days 00:00:00.000000000,0 days 00:00:00.000000000
3293,2011-11-08 00:00:00.000000000,2011-11-08 00:00:00.000000000,2011-11-08 00:00:00.000000000,2011-03-10 00:00:00.000000000,2011-03-24 00:00:00.000000000,2011-03-24 00:00:00.000000000,2010-07-24 00:00:00.000000000,229 days 00:00:00.000000000,229 days 00:00:00.000000000,0 days 00:00:00.000000000
3294,2014-12-17 00:00:00.000000000,2014-12-17 00:00:00.000000000,2014-12-17 00:00:00.000000000,2014-07-09 00:00:00.000000000,2014-08-11 00:00:00.000000000,2014-08-11 00:00:00.000000000,2014-03-03 00:00:00.000000000,128 days 00:00:00.000000000,128 days 00:00:00.000000000,0 days 00:00:00.000000000
3295,2014-11-05 00:00:00.000000000,2014-11-05 00:00:00.000000000,2014-11-05 00:00:00.000000000,2014-04-30 00:00:00.000000000,2014-11-04 00:00:00.000000000,2014-11-04 00:00:00.000000000,2014-04-29 00:00:00.000000000,1 days 00:00:00.000000000,1 days 00:00:00.000000000,0 days 00:00:00.000000000
3296,2010-10-22 00:00:00.000000000,2010-10-22 00:00:00.000000000,2010-10-22 00:00:00.000000000,2010-08-19 00:00:00.000000000,2010-09-02 00:00:00.000000000,2010-09-02 00:00:00.000000000,2010-06-30 00:00:00.000000000,50 days 00:00:00.000000000,50 days 00:00:00.000000000,0 days 00:00:00.000000000
3297,2009-11-06 00:00:00.000000000,2009-11-06 00:00:00.000000000,2009-11-06 00:00:00.000000000,2009-07-20 00:00:00.000000000,2009-09-03 00:00:00.000000000,2009-09-03 00:00:00.000000000,2009-05-17 00:00:00.000000000,64 days 00:00:00.000000000,64 days 00:00:00.000000000,0 days 00:00:00.000000000
3298,2013-01-09 00:00:00.000000000,2013-03-20 00:00:00.000000000,2013-03-20 00:00:00.000000000,2012-10-05 00:00:00.000000000,2012-10-16 00:00:00.000000000,2012-10-16 00:00:00.000000000,2012-07-12 00:00:00.000000000,85 days 00:00:00.000000000,155 days 00:00:00.000000000,70 days 00:00:00.000000000
3299,2014-11-04 00:00:00.000000000,2014-11-04 00:00:00.000000000,2014-11-20 00:00:00.000000000,2014-08-11 00:00:00.000000000,2014-08-27 00:00:00.000000000,2014-08-27 00:00:00.000000000,2014-06-03 00:00:00.000000000,69 days 00:00:00.000000000,69 days 00:00:00.000000000,0 days 00:00:00.000000000
3300,2009-12-24 00:00:00.000000000,2009-12-24 00:00:00.000000000,2009-12-24 00:00:00.000000000,2009-08-27 00:00:00.000000000,2009-09-11 00:00:00.000000000,2009-09-11 00:00:00.000000000,2009-05-15 00:00:00.000000000,104 days 00:00:00.000000000,104 days 00:00:00.000000000,0 days 00:00:00.000000000
3301,2013-04-23 00:00:00.000000000,2013-04-23 00:00:00.000000000,2013-04-23 00:00:00.000000000,2012-10-11 00:00:00.000000000,2012-10-18 00:00:00.000000000,2012-10-18 00:00:00.000000000,2012-04-07 00:00:00.000000000,187 days 00:00:00.000000000,187 days 00:00:00.000000000,0 days 00:00:00.000000000
3302,2009-11-23 00:00:00.000000000,2009-11-23 00:00:00.000000000,2009-11-23 00:00:00.000000000,2009-07-28 00:00:00.000000000,2009-08-18 00:00:00.000000000,2009-08-18 00:00:00.000000000,2009-04-22 00:00:00.000000000,97 days 00:00:00.000000000,97 days 00:00:00.000000000,0 days 00:00:00.000000000
3303,2013-06-11 00:00:00.000000000,2013-06-11 00:00:00.000000000,2013-06-11 00:00:00.000000000,2013-03-14 00:00:00.000000000,2013-04-11 00:00:00.000000000,2013-04-11 00:00:00.000000000,2013-01-12 00:00:00.000000000,61 days 00:00:00.000000000,61 days 00:00:00.000000000,0 days 00:00:00.000000000
3304,2012-02-21 00:00:00.000000000,2012-02-21 00:00:00.000000000,2012-02-21 00:00:00.000000000,2012-01-13 00:00:00.000000000,2012-01-19 00:00:00.000000000,2012-01-19 00:00:00.000000000,2011-12-11 00:00:00.000000000,33 days 00:00:00.000000000,33 days 00:00:00.000000000,0 days 00:00:00.000000000
3305,2014-08-27 00:00:00.000000000,2014-08-27 00:00:00.000000000,2014-08-27 00:00:00.000000000,2013-07-11 00:00:00.000000000,2014-08-27 00:00:00.000000000,2014-08-27 00:00:00.000000000,2013-07-11 00:00:00.000000000,0 days 00:00:00.000000000,0 days 00:00:00.000000000,0 days 00:00:00.000000000
3306,2014-06-24 00:00:00.000000000,2014-06-24 00:00:00.000000000,2014-06-25 00:00:00.000000000,2013-11-26 00:00:00.000000000,2013-11-28 00:00:00.000000000,2013-11-28 00:00:00.000000000,2013-05-02 00:00:00.000000000,208 days 00:00:00.000000000,208 days 00:00:00.000000000,0 days 00:00:00.000000000
3307,2012-01-06 00:00:00.000000000,2012-01-06 00:00:00.000000000,2012-01-06 00:00:00.000000000,2011-08-29 00:00:00.000000000,2011-09-14 00:00:00.000000000,2011-09-14 00:00:00.000000000,2011-05-07 00:00:00.000000000,114 days 00:00:00.000000000,114 days 00:00:00.000000000,0 days 00:00:00.000000000
3308,2015-09-07 00:00:00.000000000,2015-09-07 00:00:00.000000000,2015-09-08 00:00:00.000000000,2015-03-04 00:00:00.000000000,2015-05-18 00:00:00.000000000,2015-05-18 00:00:00.000000000,2014-11-12 00:00:00.000000000,112 days 00:00:00.000000000,112 days 00:00:00.000000000,0 days 00:00:00.000000000
3309,2011-02-01 00:00:00.000000000,2011-03-04 00:00:00.000000000,2011-03-04 00:00:00.000000000,2010-08-31 00:00:00.000000000,2010-09-24 00:00:00.000000000,2010-09-24 00:00:00.000000000,2010-04-23 00:00:00.000000000,130 days 00:00:00.000000000,161 days 00:00:00.000000000,31 days 00:00:00.000000000
3310,2011-02-10 00:00:00.000000000,2011-02-10 00:00:00.000000000,2011-02-10 00:00:00.000000000,2010-09-27 00:00:00.000000000,2010-11-22 00:00:00.000000000,2010-11-22 00:00:00.000000000,2010-07-09 00:00:00.000000000,80 days 00:00:00.000000000,80 days 00:00:00.000000000,0 days 00:00:00.000000000
3311,2012-06-27 00:00:00.000000000,2012-06-27 00:00:00.000000000,2012-06-27 00:00:00.000000000,2012-05-24 00:00:00.000000000,2012-06-01 00:00:00.000000000,2012-06-01 00:00:00.000000000,2012-04-28 00:00:00.000000000,26 days 00:00:00.000000000,26 days 00:00:00.000000000,0 days 00:00:00.000000000
3312,2010-08-24 00:00:00.000000000,2010-09-20 00:00:00.000000000,2010-09-20 00:00:00.000000000,2010-03-18 00:00:00.000000000,2010-03-19 00:00:00.000000000,2010-03-19 00:00:00.000000000,2009-10-11 00:00:00.000000000,158 days 00:00:00.000000000,185 days 00:00:00.000000000,27 days 00:00:00.000000000
3313,2014-11-07 00:00:00.000000000,2014-11-07 00:00:00.000000000,2014-11-07 00:00:00.000000000,2014-02-03 00:00:00.000000000,2014-02-12 00:00:00.000000000,2014-02-12 00:00:00.000000000,2013-05-11 00:00:00.000000000,268 days 00:00:00.000000000,268 days 00:00:00.000000000,0 days 00:00:00.000000000
3314,2014-10-03 00:00:00.000000000,2014-10-03 00:00:00.000000000,2014-10-03 00:00:00.000000000,2014-04-30 00:00:00.000000000,2014-10-03 00:00:00.000000000,2014-10-03 00:00:00.000000000,2014-04-30 00:00:00.000000000,0 days 00:00:00.000000000,0 days 00:00:00.000000000,0 days 00:00:00.000000000
3315,2014-10-09 00:00:00.000000000,2014-10-09 00:00:00.000000000,2014-10-21 00:00:00.000000000,2014-05-15 00:00:00.000000000,2014-05-23 00:00:00.000000000,2014-05-23 00:00:00.000000000,2013-12-27 00:00:00.000000000,139 days 00:00:00.000000000,139 days 00:00:00.000000000,0 days 00:00:00.000000000
3316,2014-08-27 00:00:00.000000000,2014-08-27 00:00:00.000000000,2014-08-27 00:00:00.000000000,2013-07-11 00:00:00.000000000,2014-08-27 00:00:00.000000000,2014-08-27 00:00:00.000000000,2013-07-11 00:00:00.000000000,0 days 00:00:00.000000000,0 days 00:00:00.000000000,0 days 00:00:00.000000000
3317,2010-07-07 00:00:00.000000000,2010-07-07 00:00:00.000000000,2010-07-07 00:00:00.000000000,2010-03-18 00:00:00.000000000,2010-03-19 00:00:00.000000000,2010-03-19 00:00:00.000000000,2009-11-28 00:00:00.000000000,110 days 00:00:00.000000000,110 days 00:00:00.000000000,0 days 00:00:00.000000000
3318,2010-06-22 00:00:00.000000000,2010-06-22 00:00:00.000000000,2010-06-22 00:00:00.000000000,2010-03-15 00:00:00.000000000,2010-03-24 00:00:00.000000000,2010-03-24 00:00:00.000000000,2009-12-15 00:00:00.000000000,90 days 00:00:00.000000000,90 days 00:00:00.000000000,0 days 00:00:00.000000000
3319,2014-10-02 00:00:00.000000000,2014-10-02 00:00:00.000000000,2014-10-03 00:00:00.000000000,2014-04-11 00:00:00.000000000,2014-05-16 00:00:00.000000000,2014-05-16 00:00:00.000000000,2013-11-23 00:00:00.000000000,139 days 00:00:00.000000000,139 days 00:00:00.000000000,0 days 00:00:00.000000000
3320,2012-05-18 00:00:00.000000000,2012-05-18 00:00:00.000000000,2012-05-18 00:00:00.000000000,2012-01-10 00:00:00.000000000,2012-01-23 00:00:00.000000000,2012-01-23 00:00:00.000000000,2011-09-16 00:00:00.000000000,116 days 00:00:00.000000000,116 days 00:00:00.000000000,0 days 00:00:00.000000000
3321,2015-06-10 00:00:00.000000000,2015-06-10 00:00:00.000000000,2015-06-11 00:00:00.000000000,2014-10-22 00:00:00.000000000,2015-01-20 00:00:00.000000000,2015-01-20 00:00:00.000000000,2014-06-03 00:00:00.000000000,141 days 00:00:00.000000000,141 days 00:00:00.000000000,0 days 00:00:00.000000000
3322,2010-01-27 00:00:00.000000000,2010-01-27 00:00:00.000000000,2010-01-27 00:00:00.000000000,2009-06-30 00:00:00.000000000,2009-07-17 00:00:00.000000000,2009-07-17 00:00:00.000000000,2008-12-18 00:00:00.000000000,194 days 00:00:00.000000000,194 days 00:00:00.000000000,0 days 00:00:00.000000000
3323,2012-12-14 00:00:00.000000000,2012-12-14 00:00:00.000000000,2012-12-14 00:00:00.000000000,2012-10-10 00:00:00.000000000,2012-10-25 00:00:00.000000000,2012-10-25 00:00:00.000000000,2012-08-21 00:00:00.000000000,50 days 00:00:00.000000000,50 days 00:00:00.000000000,0 days 00:00:00.000000000
3324,2015-06-24 00:00:00.000000000,2015-06-24 00:00:00.000000000,2015-06-30 00:00:00.000000000,2015-05-04 00:00:00.000000000,2015-05-07 00:00:00.000000000,2015-05-07 00:00:00.000000000,2015-03-17 00:00:00.000000000,48 days 00:00:00.000000000,48 days 00:00:00.000000000,0 days 00:00:00.000000000
3325,2010-01-28 00:00:00.000000000,2010-01-28 00:00:00.000000000,2010-01-28 00:00:00.000000000,2009-08-31 00:00:00.000000000,2009-09-11 00:00:00.000000000,2009-09-11 00:00:00.000000000,2009-04-14 00:00:00.000000000,139 days 00:00:00.000000000,139 days 00:00:00.000000000,0 days 00:00:00.000000000
3326,2014-08-13 00:00:00.000000000,2014-08-13 00:00:00.000000000,2014-08-13 00:00:00.000000000,2013-07-11 00:00:00.000000000,2014-08-13 00:00:00.000000000,2014-08-13 00:00:00.000000000,2013-07-11 00:00:00.000000000,0 days 00:00:00.000000000,0 days 00:00:00.000000000,0 days 00:00:00.000000000
3327,2014-08-29 00:00:00.000000000,2014-08-29 00:00:00.000000000,2014-08-29 00:00:00.000000000,2013-07-11 00:00:00.000000000,2014-08-29 00:00:00.000000000,2014-08-29 00:00:00.000000000,2013-07-11 00:00:00.000000000,0 days 00:00:00.000000000,0 days 00:00:00.000000000,0 days 00:00:00.000000000
3328,2012-07-05 00:00:00.000000000,2012-07-05 00:00:00.000000000,2012-07-05 00:00:00.000000000,2012-03-15 00:00:00.000000000,2012-04-17 00:00:00.000000000,2012-04-17 00:00:00.000000000,2011-12-27 00:00:00.000000000,79 days 00:00:00.000000000,79 days 00:00:00.000000000,0 days 00:00:00.000000000
3329,2015-03-09 00:00:00.000000000,2015-03-09 00:00:00.000000000,2015-03-09 00:00:00.000000000,2014-09-11 00:00:00.000000000,2015-03-09 00:00:00.000000000,2015-03-09 00:00:00.000000000,2014-09-11 00:00:00.000000000,0 days 00:00:00.000000000,0 days 00:00:00.000000000,0 days 00:00:00.000000000
3330,2011-11-23 00:00:00.000000000,2011-11-23 00:00:00.000000000,2011-11-23 00:00:00.000000000,2011-07-25 00:00:00.000000000,2011-08-12 00:00:00.000000000,2011-08-12 00:00:00.000000000,2011-04-13 00:00:00.000000000,103 days 00:00:00.000000000,103 days 00:00:00.000000000,0 days 00:00:00.000000000
3331,2011-11-04 00:00:00.000000000,2011-11-04 00:00:00.000000000,2011-11-04 00:00:00.000000000,2011-08-05 00:00:00.000000000,2011-08-29 00:00:00.000000000,2011-08-29 00:00:00.000000000,2011-05-30 00:00:00.000000000,67 days 00:00:00.000000000,67 days 00:00:00.000000000,0 days 00:00:00.000000000
3332,2010-08-09 00:00:00.000000000,2010-08-09 00:00:00.000000000,2010-08-09 00:00:00.000000000,2010-04-15 00:00:00.000000000,2010-06-21 00:00:00.000000000,2010-06-21 00:00:00.000000000,2010-02-25 00:00:00.000000000,49 days 00:00:00.000000000,49 days 00:00:00.000000000,0 days 00:00:00.000000000
3333,2014-11-19 00:00:00.000000000,2014-11-19 00:00:00.000000000,2014-11-19 00:00:00.000000000,2014-07-30 00:00:00.000000000,2014-08-29 00:00:00.000000000,2014-08-29 00:00:00.000000000,2014-05-09 00:00:00.000000000,82 days 00:00:00.000000000,82 days 00:00:00.000000000,0 days 00:00:00.000000000
3334,2015-05-12 00:00:00.000000000,2015-05-12 00:00:00.000000000,2015-05-12 00:00:00.000000000,2014-09-11 00:00:00.000000000,2015-05-11 00:00:00.000000000,2015-05-11 00:00:00.000000000,2014-09-10 00:00:00.000000000,1 days 00:00:00.000000000,1 days 00:00:00.000000000,0 days 00:00:00.000000000
3335,2011-05-28 00:00:00.000000000,2011-05-28 00:00:00.000000000,2011-05-28 00:00:00.000000000,2011-01-17 00:00:00.000000000,2011-02-15 00:00:00.000000000,2011-02-15 00:00:00.000000000,2010-10-07 00:00:00.000000000,102 days 00:00:00.000000000,102 days 00:00:00.000000000,0 days 00:00:00.000000000
3336,2015-06-05 00:00:00.000000000,2015-06-05 00:00:00.000000000,2015-06-08 00:00:00.000000000,2014-10-22 00:00:00.000000000,2014-12-24 00:00:00.000000000,2014-12-24 00:00:00.000000000,2014-05-12 00:00:00.000000000,163 days 00:00:00.000000000,163 days 00:00:00.000000000,0 days 00:00:00.000000000
3337,2010-06-28 00:00:00.000000000,2010-06-28 00:00:00.000000000,2010-06-28 00:00:00.000000000,2009-12-28 00:00:00.000000000,2010-02-12 00:00:00.000000000,2010-02-12 00:00:00.000000000,2009-08-14 00:00:00.000000000,136 days 00:00:00.000000000,136 days 00:00:00.000000000,0 days 00:00:00.000000000
3338,2013-09-17 00:00:00.000000000,2013-09-15 00:00:00.000000000,2013-09-15 00:00:00.000000000,2013-04-30 00:00:00.000000000,2013-05-29 00:00:00.000000000,2013-05-29 00:00:00.000000000,2013-01-09 00:00:00.000000000,111 days 00:00:00.000000000,109 days 00:00:00.000000000,-2 days +00:00:00.000000000
3339,2013-09-03 00:00:00.000000000,2013-09-03 00:00:00.000000000,2013-09-03 00:00:00.000000000,2013-01-30 00:00:00.000000000,2013-02-11 00:00:00.000000000,2013-02-11 00:00:00.000000000,2012-07-10 00:00:00.000000000,204 days 00:00:00.000000000,204 days 00:00:00.000000000,0 days 00:00:00.000000000
3340,2014-08-27 00:00:00.000000000,2014-08-27 00:00:00.000000000,2014-08-27 00:00:00.000000000,2013-07-11 00:00:00.000000000,2014-08-27 00:00:00.000000000,2014-08-27 00:00:00.000000000,2013-07-11 00:00:00.000000000,0 days 00:00:00.000000000,0 days 00:00:00.000000000,0 days 00:00:00.000000000
3341,2010-05-31 00:00:00.000000000,2010-05-31 00:00:00.000000000,2010-05-31 00:00:00.000000000,2010-04-19 00:00:00.000000000,2010-04-21 00:00:00.000000000,2010-04-21 00:00:00.000000000,2010-03-10 00:00:00.000000000,40 days 00:00:00.000000000,40 days 00:00:00.000000000,0 days 00:00:00.000000000
3342,2013-07-01 00:00:00.000000000,2013-07-01 00:00:00.000000000,2013-07-01 00:00:00.000000000,2013-01-29 00:00:00.000000000,2013-02-06 00:00:00.000000000,2013-02-06 00:00:00.000000000,2012-09-06 00:00:00.000000000,145 days 00:00:00.000000000,145 days 00:00:00.000000000,0 days 00:00:00.000000000
3343,2012-10-15 00:00:00.000000000,2012-10-15 00:00:00.000000000,2012-10-15 00:00:00.000000000,2012-07-05 00:00:00.000000000,2012-07-26 00:00:00.000000000,2012-07-26 00:00:00.000000000,2012-04-15 00:00:00.000000000,81 days 00:00:00.000000000,81 days 00:00:00.000000000,0 days 00:00:00.000000000
3344,2012-11-20 00:00:00.000000000,2012-11-20 00:00:00.000000000,2012-11-20 00:00:00.000000000,2012-07-31 00:00:00.000000000,2012-08-21 00:00:00.000000000,2012-08-21 00:00:00.000000000,2012-05-01 00:00:00.000000000,91 days 00:00:00.000000000,91 days 00:00:00.000000000,0 days 00:00:00.000000000
3345,2014-02-06 00:00:00.000000000,2014-02-06 00:00:00.000000000,2014-02-06 00:00:00.000000000,2013-10-08 00:00:00.000000000,2013-12-02 00:00:00.000000000,2013-12-02 00:00:00.000000000,2013-08-03 00:00:00.000000000,66 days 00:00:00.000000000,66 days 00:00:00.000000000,0 days 00:00:00.000000000
3346,2010-06-24 00:00:00.000000000,2010-06-24 00:00:00.000000000,2010-06-24 00:00:00.000000000,2010-03-18 00:00:00.000000000,2010-03-19 00:00:00.000000000,2010-03-19 00:00:00.000000000,2009-12-11 00:00:00.000000000,97 days 00:00:00.000000000,97 days 00:00:00.000000000,0 days 00:00:00.000000000
3347,2013-04-09 00:00:00.000000000,2013-04-09 00:00:00.000000000,2013-04-09 00:00:00.000000000,2012-10-15 00:00:00.000000000,2012-11-07 00:00:00.000000000,2012-11-07 00:00:00.000000000,2012-05-15 00:00:00.000000000,153 days 00:00:00.000000000,153 days 00:00:00.000000000,0 days 00:00:00.000000000
3348,2013-05-13 00:00:00.000000000,2013-05-13 00:00:00.000000000,2013-05-13 00:00:00.000000000,2013-01-10 00:00:00.000000000,2013-01-22 00:00:00.000000000,2013-01-22 00:00:00.000000000,2012-09-21 00:00:00.000000000,111 days 00:00:00.000000000,111 days 00:00:00.000000000,0 days 00:00:00.000000000
3349,2014-08-16 00:00:00.000000000,2014-08-16 00:00:00.000000000,2014-08-25 00:00:00.000000000,2014-02-06 00:00:00.000000000,2014-03-10 00:00:00.000000000,2014-03-10 00:00:00.000000000,2013-08-31 00:00:00.000000000,159 days 00:00:00.000000000,159 days 00:00:00.000000000,0 days 00:00:00.000000000
3350,2012-02-29 00:00:00.000000000,2012-02-29 00:00:00.000000000,2012-02-29 00:00:00.000000000,2011-12-22 00:00:00.000000000,2012-01-24 00:00:00.000000000,2012-01-24 00:00:00.000000000,2011-11-16 00:00:00.000000000,36 days 00:00:00.000000000,36 days 00:00:00.000000000,0 days 00:00:00.000000000
3351,2013-12-10 00:00:00.000000000,2013-12-10 00:00:00.000000000,2013-12-10 00:00:00.000000000,2013-08-05 00:00:00.000000000,2013-08-09 00:00:00.000000000,2013-08-09 00:00:00.000000000,2013-04-04 00:00:00.000000000,123 days 00:00:00.000000000,123 days 00:00:00.000000000,0 days 00:00:00.000000000
3352,2010-06-21 00:00:00.000000000,2010-06-21 00:00:00.000000000,2010-06-21 00:00:00.000000000,2010-02-15 00:00:00.000000000,2010-03-05 00:00:00.000000000,2010-03-05 00:00:00.000000000,2009-10-30 00:00:00.000000000,108 days 00:00:00.000000000,108 days 00:00:00.000000000,0 days 00:00:00.000000000
3353,2014-08-29 00:00:00.000000000,2014-08-29 00:00:00.000000000,2014-08-29 00:00:00.000000000,2013-07-11 00:00:00.000000000,2014-08-29 00:00:00.000000000,2014-08-29 00:00:00.000000000,2013-07-11 00:00:00.000000000,0 days 00:00:00.000000000,0 days 00:00:00.000000000,0 days 00:00:00.000000000
3354,2011-03-31 00:00:00.000000000,2011-03-31 00:00:00.000000000,2011-03-31 00:00:00.000000000,2010-09-03 00:00:00.000000000,2010-09-27 00:00:00.000000000,2010-09-27 00:00:00.000000000,2010-03-02 00:00:00.000000000,185 days 00:00:00.000000000,185 days 00:00:00.000000000,0 days 00:00:00.000000000
3355,2015-05-11 00:00:00.000000000,2015-05-11 00:00:00.000000000,2015-05-13 00:00:00.000000000,2014-10-22 00:00:00.000000000,2014-12-24 00:00:00.000000000,2014-12-24 00:00:00.000000000,2014-06-06 00:00:00.000000000,138 days 00:00:00.000000000,138 days 00:00:00.000000000,0 days 00:00:00.000000000
3356,2009-11-11 00:00:00.000000000,2009-11-11 00:00:00.000000000,2009-11-11 00:00:00.000000000,2009-09-15 00:00:00.000000000,2009-10-06 00:00:00.000000000,2009-10-06 00:00:00.000000000,2009-08-10 00:00:00.000000000,36 days 00:00:00.000000000,36 days 00:00:00.000000000,0 days 00:00:00.000000000
3357,2014-11-26 00:00:00.000000000,2014-11-26 00:00:00.000000000,2014-11-26 00:00:00.000000000,2014-04-08 00:00:00.000000000,2014-04-30 00:00:00.000000000,2014-04-30 00:00:00.000000000,2013-09-10 00:00:00.000000000,210 days 00:00:00.000000000,210 days 00:00:00.000000000,0 days 00:00:00.000000000
3358,2010-01-27 00:00:00.000000000,2010-01-27 00:00:00.000000000,2010-01-27 00:00:00.000000000,2009-06-30 00:00:00.000000000,2009-12-08 00:00:00.000000000,2009-12-08 00:00:00.000000000,2009-05-11 00:00:00.000000000,50 days 00:00:00.000000000,50 days 00:00:00.000000000,0 days 00:00:00.000000000
3359,2014-08-28 00:00:00.000000000,2014-08-28 00:00:00.000000000,2014-08-28 00:00:00.000000000,2014-04-30 00:00:00.000000000,2014-08-28 00:00:00.000000000,2014-08-28 00:00:00.000000000,2014-04-30 00:00:00.000000000,0 days 00:00:00.000000000,0 days 00:00:00.000000000,0 days 00:00:00.000000000
3360,2011-10-05 00:00:00.000000000,2011-10-05 00:00:00.000000000,2011-10-05 00:00:00.000000000,2010-11-26 00:00:00.000000000,2010-12-14 00:00:00.000000000,2010-12-14 00:00:00.000000000,2010-02-04 00:00:00.000000000,295 days 00:00:00.000000000,295 days 00:00:00.000000000,0 days 00:00:00.000000000
3361,2014-09-10 00:00:00.000000000,2014-09-10 00:00:00.000000000,2014-10-03 00:00:00.000000000,2014-05-15 00:00:00.000000000,2014-07-30 00:00:00.000000000,2014-07-30 00:00:00.000000000,2014-04-03 00:00:00.000000000,42 days 00:00:00.000000000,42 days 00:00:00.000000000,0 days 00:00:00.000000000
3362,2015-02-20 00:00:00.000000000,2015-02-20 00:00:00.000000000,2015-02-20 00:00:00.000000000,2014-05-14 00:00:00.000000000,2014-07-09 00:00:00.000000000,2014-07-09 00:00:00.000000000,2013-09-30 00:00:00.000000000,226 days 00:00:00.000000000,226 days 00:00:00.000000000,0 days 00:00:00.000000000
3363,2013-06-18 00:00:00.000000000,2013-06-18 00:00:00.000000000,2013-06-18 00:00:00.000000000,2012-08-23 00:00:00.000000000,2012-09-12 00:00:00.000000000,2012-09-12 00:00:00.000000000,2011-11-18 00:00:00.000000000,279 days 00:00:00.000000000,279 days 00:00:00.000000000,0 days 00:00:00.000000000
3364,2011-04-08 00:00:00.000000000,2011-04-08 00:00:00.000000000,2011-04-08 00:00:00.000000000,2010-11-09 00:00:00.000000000,2010-11-24 00:00:00.000000000,2010-11-24 00:00:00.000000000,2010-06-27 00:00:00.000000000,135 days 00:00:00.000000000,135 days 00:00:00.000000000,0 days 00:00:00.000000000
3365,2012-02-09 00:00:00.000000000,2012-02-09 00:00:00.000000000,2012-02-09 00:00:00.000000000,2011-07-22 00:00:00.000000000,2011-08-01 00:00:00.000000000,2011-08-01 00:00:00.000000000,2011-01-11 00:00:00.000000000,192 days 00:00:00.000000000,192 days 00:00:00.000000000,0 days 00:00:00.000000000
3366,2009-10-19 00:00:00.000000000,2009-10-19 00:00:00.000000000,2009-10-19 00:00:00.000000000,2009-10-08 00:00:00.000000000,2009-10-15 00:00:00.000000000,2009-10-15 00:00:00.000000000,2009-10-04 00:00:00.000000000,4 days 00:00:00.000000000,4 days 00:00:00.000000000,0 days 00:00:00.000000000
3367,2015-08-24 00:00:00.000000000,2015-08-24 00:00:00.000000000,2015-08-24 00:00:00.000000000,2014-09-11 00:00:00.000000000,2015-08-24 00:00:00.000000000,2015-08-24 00:00:00.000000000,2014-09-11 00:00:00.000000000,0 days 00:00:00.000000000,0 days 00:00:00.000000000,0 days 00:00:00.000000000
3368,2015-04-28 00:00:00.000000000,2015-04-28 00:00:00.000000000,2015-04-28 00:00:00.000000000,2014-04-30 00:00:00.000000000,2015-04-28 00:00:00.000000000,2015-04-28 00:00:00.000000000,2014-04-30 00:00:00.000000000,0 days 00:00:00.000000000,0 days 00:00:00.000000000,0 days 00:00:00.000000000
3369,2010-07-06 00:00:00.000000000,2010-07-06 00:00:00.000000000,2010-07-06 00:00:00.000000000,2009-10-20 00:00:00.000000000,2009-11-09 00:00:00.000000000,2009-11-09 00:00:00.000000000,2009-02-23 00:00:00.000000000,239 days 00:00:00.000000000,239 days 00:00:00.000000000,0 days 00:00:00.000000000
3370,2013-01-09 00:00:00.000000000,2013-01-28 00:00:00.000000000,2013-01-28 00:00:00.000000000,2012-10-05 00:00:00.000000000,2012-10-16 00:00:00.000000000,2012-10-16 00:00:00.000000000,2012-07-12 00:00:00.000000000,85 days 00:00:00.000000000,104 days 00:00:00.000000000,19 days 00:00:00.000000000
3371,2011-09-02 00:00:00.000000000,2011-09-02 00:00:00.000000000,2011-09-02 00:00:00.000000000,2011-03-10 00:00:00.000000000,2011-03-24 00:00:00.000000000,2011-03-24 00:00:00.000000000,2010-09-29 00:00:00.000000000,162 days 00:00:00.000000000,162 days 00:00:00.000000000,0 days 00:00:00.000000000
3372,2015-05-05 00:00:00.000000000,2015-05-05 00:00:00.000000000,2015-05-05 00:00:00.000000000,2014-11-11 00:00:00.000000000,2014-12-04 00:00:00.000000000,2014-12-04 00:00:00.000000000,2014-06-12 00:00:00.000000000,152 days 00:00:00.000000000,152 days 00:00:00.000000000,0 days 00:00:00.000000000
3373,2010-02-03 00:00:00.000000000,2010-02-03 00:00:00.000000000,2010-02-03 00:00:00.000000000,2009-02-27 00:00:00.000000000,2009-04-15 00:00:00.000000000,2009-04-15 00:00:00.000000000,2008-05-09 00:00:00.000000000,294 days 00:00:00.000000000,294 days 00:00:00.000000000,0 days 00:00:00.000000000
3374,2010-06-04 00:00:00.000000000,2010-06-04 00:00:00.000000000,2010-06-04 00:00:00.000000000,2010-03-23 00:00:00.000000000,2010-03-25 00:00:00.000000000,2010-03-25 00:00:00.000000000,2010-01-11 00:00:00.000000000,71 days 00:00:00.000000000,71 days 00:00:00.000000000,0 days 00:00:00.000000000
3375,2015-09-03 00:00:00.000000000,2015-09-03 00:00:00.000000000,2015-09-03 00:00:00.000000000,2015-04-14 00:00:00.000000000,2015-05-13 00:00:00.000000000,2015-05-13 00:00:00.000000000,2014-12-22 00:00:00.000000000,113 days 00:00:00.000000000,113 days 00:00:00.000000000,0 days 00:00:00.000000000
3376,2009-12-28 00:00:00.000000000,2009-12-28 00:00:00.000000000,2009-12-28 00:00:00.000000000,2009-12-17 00:00:00.000000000,2009-12-23 00:00:00.000000000,2009-12-23 00:00:00.000000000,2009-12-12 00:00:00.000000000,5 days 00:00:00.000000000,5 days 00:00:00.000000000,0 days 00:00:00.000000000
3377,2012-11-07 00:00:00.000000000,2012-11-07 00:00:00.000000000,2012-11-07 00:00:00.000000000,2012-07-05 00:00:00.000000000,2012-07-26 00:00:00.000000000,2012-07-26 00:00:00.000000000,2012-03-23 00:00:00.000000000,104 days 00:00:00.000000000,104 days 00:00:00.000000000,0 days 00:00:00.000000000
3378,2012-08-17 00:00:00.000000000,2012-08-17 00:00:00.000000000,2012-08-17 00:00:00.000000000,2012-06-22 00:00:00.000000000,2012-07-16 00:00:00.000000000,2012-07-16 00:00:00.000000000,2012-05-21 00:00:00.000000000,32 days 00:00:00.000000000,32 days 00:00:00.000000000,0 days 00:00:00.000000000
3379,2011-11-22 00:00:00.000000000,2011-11-22 00:00:00.000000000,2011-11-22 00:00:00.000000000,2011-03-04 00:00:00.000000000,2011-03-30 00:00:00.000000000,2011-03-30 00:00:00.000000000,2010-07-10 00:00:00.000000000,237 days 00:00:00.000000000,237 days 00:00:00.000000000,0 days 00:00:00.000000000
3380,2012-05-18 00:00:00.000000000,2012-05-18 00:00:00.000000000,2012-05-18 00:00:00.000000000,2012-03-15 00:00:00.000000000,2012-04-17 00:00:00.000000000,2012-04-17 00:00:00.000000000,2012-02-13 00:00:00.000000000,31 days 00:00:00.000000000,31 days 00:00:00.000000000,0 days 00:00:00.000000000
3381,2015-02-12 00:00:00.000000000,2015-02-12 00:00:00.000000000,2015-02-12 00:00:00.000000000,2014-09-11 00:00:00.000000000,2015-02-12 00:00:00.000000000,2015-02-12 00:00:00.000000000,2014-09-11 00:00:00.000000000,0 days 00:00:00.000000000,0 days 00:00:00.000000000,0 days 00:00:00.000000000
3382,2011-10-19 00:00:00.000000000,2011-10-19 00:00:00.000000000,2011-10-19 00:00:00.000000000,2011-03-11 00:00:00.000000000,2011-03-25 00:00:00.000000000,2011-03-25 00:00:00.000000000,2010-08-15 00:00:00.000000000,208 days 00:00:00.000000000,208 days 00:00:00.000000000,0 days 00:00:00.000000000
3383,2015-04-23 00:00:00.000000000,2015-04-23 00:00:00.000000000,2015-06-01 00:00:00.000000000,2015-02-18 00:00:00.000000000,2015-02-27 00:00:00.000000000,2015-02-27 00:00:00.000000000,2014-12-25 00:00:00.000000000,55 days 00:00:00.000000000,55 days 00:00:00.000000000,0 days 00:00:00.000000000
3384,2010-12-08 00:00:00.000000000,2011-02-01 00:00:00.000000000,2011-02-01 00:00:00.000000000,2010-08-31 00:00:00.000000000,2010-09-24 00:00:00.000000000,2010-09-24 00:00:00.000000000,2010-06-17 00:00:00.000000000,75 days 00:00:00.000000000,130 days 00:00:00.000000000,55 days 00:00:00.000000000
3385,2011-02-09 00:00:00.000000000,2011-02-09 00:00:00.000000000,2011-02-09 00:00:00.000000000,2010-09-30 00:00:00.000000000,2010-10-18 00:00:00.000000000,2010-10-18 00:00:00.000000000,2010-06-08 00:00:00.000000000,114 days 00:00:00.000000000,114 days 00:00:00.000000000,0 days 00:00:00.000000000
3386,2014-02-11 00:00:00.000000000,2014-02-11 00:00:00.000000000,2014-02-13 00:00:00.000000000,2013-08-13 00:00:00.000000000,2013-09-17 00:00:00.000000000,2013-09-17 00:00:00.000000000,2013-03-19 00:00:00.000000000,147 days 00:00:00.000000000,147 days 00:00:00.000000000,0 days 00:00:00.000000000
3387,2015-05-26 00:00:00.000000000,2015-05-26 00:00:00.000000000,2015-05-26 00:00:00.000000000,2015-02-20 00:00:00.000000000,2015-05-29 00:00:00.000000000,2015-05-29 00:00:00.000000000,2015-02-23 00:00:00.000000000,-3 days +00:00:00.000000000,-3 days +00:00:00.000000000,0 days 00:00:00.000000000
3388,2014-11-28 00:00:00.000000000,2014-11-28 00:00:00.000000000,2014-11-28 00:00:00.000000000,2014-09-11 00:00:00.000000000,2014-11-28 00:00:00.000000000,2014-11-28 00:00:00.000000000,2014-09-11 00:00:00.000000000,0 days 00:00:00.000000000,0 days 00:00:00.000000000,0 days 00:00:00.000000000
3389,2014-03-21 00:00:00.000000000,2014-03-21 00:00:00.000000000,2014-03-21 00:00:00.000000000,2013-10-23 00:00:00.000000000,2013-10-30 00:00:00.000000000,2013-10-30 00:00:00.000000000,2013-06-03 00:00:00.000000000,142 days 00:00:00.000000000,142 days 00:00:00.000000000,0 days 00:00:00.000000000
3390,2014-06-14 00:00:00.000000000,2014-06-14 00:00:00.000000000,2014-06-16 00:00:00.000000000,2014-04-01 00:00:00.000000000,2014-04-11 00:00:00.000000000,2014-04-11 00:00:00.000000000,2014-01-27 00:00:00.000000000,64 days 00:00:00.000000000,64 days 00:00:00.000000000,0 days 00:00:00.000000000
3391,2010-10-27 00:00:00.000000000,2010-10-27 00:00:00.000000000,2010-10-27 00:00:00.000000000,2010-04-15 00:00:00.000000000,2010-06-21 00:00:00.000000000,2010-06-21 00:00:00.000000000,2009-12-08 00:00:00.000000000,128 days 00:00:00.000000000,128 days 00:00:00.000000000,0 days 00:00:00.000000000
3392,2015-07-24 00:00:00.000000000,2015-07-24 00:00:00.000000000,2015-07-24 00:00:00.000000000,2014-09-11 00:00:00.000000000,2014-10-09 00:00:00.000000000,2014-10-09 00:00:00.000000000,2013-11-27 00:00:00.000000000,288 days 00:00:00.000000000,288 days 00:00:00.000000000,0 days 00:00:00.000000000
3393,2013-08-30 00:00:00.000000000,2013-08-30 00:00:00.000000000,2013-08-30 00:00:00.000000000,2013-06-25 00:00:00.000000000,2013-07-22 00:00:00.000000000,2013-07-22 00:00:00.000000000,2013-05-17 00:00:00.000000000,39 days 00:00:00.000000000,39 days 00:00:00.000000000,0 days 00:00:00.000000000
3394,2010-06-30 00:00:00.000000000,2010-06-30 00:00:00.000000000,2010-06-30 00:00:00.000000000,2010-01-29 00:00:00.000000000,2010-02-09 00:00:00.000000000,2010-02-09 00:00:00.000000000,2009-09-10 00:00:00.000000000,141 days 00:00:00.000000000,141 days 00:00:00.000000000,0 days 00:00:00.000000000
3395,2011-03-11 00:00:00.000000000,2011-03-11 00:00:00.000000000,2011-03-11 00:00:00.000000000,2010-12-14 00:00:00.000000000,2011-01-12 00:00:00.000000000,2011-01-12 00:00:00.000000000,2010-10-17 00:00:00.000000000,58 days 00:00:00.000000000,58 days 00:00:00.000000000,0 days 00:00:00.000000000
3396,2010-06-11 00:00:00.000000000,2010-06-11 00:00:00.000000000,2010-06-11 00:00:00.000000000,2010-03-18 00:00:00.000000000,2010-03-19 00:00:00.000000000,2010-03-19 00:00:00.000000000,2009-12-24 00:00:00.000000000,84 days 00:00:00.000000000,84 days 00:00:00.000000000,0 days 00:00:00.000000000
3397,2010-09-21 00:00:00.000000000,2010-09-21 00:00:00.000000000,2010-09-21 00:00:00.000000000,2010-06-23 00:00:00.000000000,2010-07-01 00:00:00.000000000,2010-07-01 00:00:00.000000000,2010-04-02 00:00:00.000000000,82 days 00:00:00.000000000,82 days 00:00:00.000000000,0 days 00:00:00.000000000
3398,2013-04-30 00:00:00.000000000,2013-04-30 00:00:00.000000000,2013-04-30 00:00:00.000000000,2013-02-22 00:00:00.000000000,2013-03-14 00:00:00.000000000,2013-03-14 00:00:00.000000000,2013-01-06 00:00:00.000000000,47 days 00:00:00.000000000,47 days 00:00:00.000000000,0 days 00:00:00.000000000
3399,2014-09-16 00:00:00.000000000,2014-09-16 00:00:00.000000000,2014-10-01 00:00:00.000000000,2014-04-08 00:00:00.000000000,2014-04-30 00:00:00.000000000,2014-04-30 00:00:00.000000000,2013-11-20 00:00:00.000000000,139 days 00:00:00.000000000,139 days 00:00:00.000000000,0 days 00:00:00.000000000
3400,2013-11-27 00:00:00.000000000,2013-11-27 00:00:00.000000000,2013-11-27 00:00:00.000000000,2013-05-03 00:00:00.000000000,2013-05-15 00:00:00.000000000,2013-05-15 00:00:00.000000000,2012-10-19 00:00:00.000000000,196 days 00:00:00.000000000,196 days 00:00:00.000000000,0 days 00:00:00.000000000
3401,2013-09-03 00:00:00.000000000,2013-09-03 00:00:00.000000000,2013-09-03 00:00:00.000000000,2013-05-03 00:00:00.000000000,2013-05-17 00:00:00.000000000,2013-05-17 00:00:00.000000000,2013-01-14 00:00:00.000000000,109 days 00:00:00.000000000,109 days 00:00:00.000000000,0 days 00:00:00.000000000
3402,2011-11-22 00:00:00.000000000,2011-11-22 00:00:00.000000000,2011-11-22 00:00:00.000000000,2011-08-04 00:00:00.000000000,2011-08-30 00:00:00.000000000,2011-08-30 00:00:00.000000000,2011-05-12 00:00:00.000000000,84 days 00:00:00.000000000,84 days 00:00:00.000000000,0 days 00:00:00.000000000
3403,2011-04-08 00:00:00.000000000,2011-05-05 00:00:00.000000000,2011-05-05 00:00:00.000000000,2010-11-26 00:00:00.000000000,2010-12-14 00:00:00.000000000,2010-12-14 00:00:00.000000000,2010-08-03 00:00:00.000000000,115 days 00:00:00.000000000,142 days 00:00:00.000000000,27 days 00:00:00.000000000
3404,2010-08-24 00:00:00.000000000,2010-12-08 00:00:00.000000000,2010-12-08 00:00:00.000000000,2010-03-18 00:00:00.000000000,2010-03-19 00:00:00.000000000,2010-03-19 00:00:00.000000000,2009-10-11 00:00:00.000000000,158 days 00:00:00.000000000,264 days 00:00:00.000000000,106 days 00:00:00.000000000
3405,2012-05-08 00:00:00.000000000,2012-05-08 00:00:00.000000000,2012-05-08 00:00:00.000000000,2012-01-25 00:00:00.000000000,2012-02-17 00:00:00.000000000,2012-02-17 00:00:00.000000000,2011-11-05 00:00:00.000000000,81 days 00:00:00.000000000,81 days 00:00:00.000000000,0 days 00:00:00.000000000
3406,2012-06-29 00:00:00.000000000,2012-06-29 00:00:00.000000000,2012-06-29 00:00:00.000000000,2012-02-08 00:00:00.000000000,2012-05-15 00:00:00.000000000,2012-05-15 00:00:00.000000000,2011-12-25 00:00:00.000000000,45 days 00:00:00.000000000,45 days 00:00:00.000000000,0 days 00:00:00.000000000
3407,2009-10-26 00:00:00.000000000,2009-10-26 00:00:00.000000000,2009-10-26 00:00:00.000000000,2009-06-25 00:00:00.000000000,2009-06-26 00:00:00.000000000,2009-06-26 00:00:00.000000000,2009-02-23 00:00:00.000000000,122 days 00:00:00.000000000,122 days 00:00:00.000000000,0 days 00:00:00.000000000
3408,2015-07-02 00:00:00.000000000,2015-07-07 00:00:00.000000000,2015-07-07 00:00:00.000000000,2014-12-29 00:00:00.000000000,2015-02-20 00:00:00.000000000,2015-02-20 00:00:00.000000000,2014-08-19 00:00:00.000000000,132 days 00:00:00.000000000,137 days 00:00:00.000000000,5 days 00:00:00.000000000
3409,2014-09-22 00:00:00.000000000,2014-09-22 00:00:00.000000000,2014-11-04 00:00:00.000000000,2014-04-08 00:00:00.000000000,2014-04-30 00:00:00.000000000,2014-04-30 00:00:00.000000000,2013-11-14 00:00:00.000000000,145 days 00:00:00.000000000,145 days 00:00:00.000000000,0 days 00:00:00.000000000
3410,2015-04-09 00:00:00.000000000,2015-04-09 00:00:00.000000000,2015-04-13 00:00:00.000000000,2014-10-22 00:00:00.000000000,2015-01-07 00:00:00.000000000,2015-01-07 00:00:00.000000000,2014-07-22 00:00:00.000000000,92 days 00:00:00.000000000,92 days 00:00:00.000000000,0 days 00:00:00.000000000
3411,2011-03-28 00:00:00.000000000,2011-03-28 00:00:00.000000000,2011-03-28 00:00:00.000000000,2010-11-19 00:00:00.000000000,2010-12-22 00:00:00.000000000,2010-12-22 00:00:00.000000000,2010-08-15 00:00:00.000000000,96 days 00:00:00.000000000,96 days 00:00:00.000000000,0 days 00:00:00.000000000
3412,2013-11-07 00:00:00.000000000,2013-11-07 00:00:00.000000000,2013-11-08 00:00:00.000000000,2013-08-19 00:00:00.000000000,2013-09-13 00:00:00.000000000,2013-09-13 00:00:00.000000000,2013-06-25 00:00:00.000000000,55 days 00:00:00.000000000,55 days 00:00:00.000000000,0 days 00:00:00.000000000
3413,2012-11-28 00:00:00.000000000,2012-11-27 00:00:00.000000000,2012-11-27 00:00:00.000000000,2012-07-17 00:00:00.000000000,2012-08-13 00:00:00.000000000,2012-08-13 00:00:00.000000000,2012-04-01 00:00:00.000000000,107 days 00:00:00.000000000,106 days 00:00:00.000000000,-1 days +00:00:00.000000000
3414,2010-12-01 00:00:00.000000000,2010-12-01 00:00:00.000000000,2010-12-01 00:00:00.000000000,2010-08-05 00:00:00.000000000,2010-08-23 00:00:00.000000000,2010-08-23 00:00:00.000000000,2010-04-27 00:00:00.000000000,100 days 00:00:00.000000000,100 days 00:00:00.000000000,0 days 00:00:00.000000000
3415,2012-12-13 00:00:00.000000000,2012-12-13 00:00:00.000000000,2012-12-13 00:00:00.000000000,2012-08-15 00:00:00.000000000,2012-08-21 00:00:00.000000000,2012-08-21 00:00:00.000000000,2012-04-23 00:00:00.000000000,114 days 00:00:00.000000000,114 days 00:00:00.000000000,0 days 00:00:00.000000000
3416,2014-04-04 00:00:00.000000000,2014-04-04 00:00:00.000000000,2014-04-28 00:00:00.000000000,2014-01-22 00:00:00.000000000,2014-01-28 00:00:00.000000000,2014-01-28 00:00:00.000000000,2013-11-17 00:00:00.000000000,66 days 00:00:00.000000000,66 days 00:00:00.000000000,0 days 00:00:00.000000000
3417,2009-10-27 00:00:00.000000000,2009-10-27 00:00:00.000000000,2009-10-27 00:00:00.000000000,2009-05-07 00:00:00.000000000,2009-09-22 00:00:00.000000000,2009-09-22 00:00:00.000000000,2009-04-02 00:00:00.000000000,35 days 00:00:00.000000000,35 days 00:00:00.000000000,0 days 00:00:00.000000000
3418,2012-06-29 00:00:00.000000000,2012-06-29 00:00:00.000000000,2012-06-29 00:00:00.000000000,2012-05-25 00:00:00.000000000,2012-06-01 00:00:00.000000000,2012-06-01 00:00:00.000000000,2012-04-27 00:00:00.000000000,28 days 00:00:00.000000000,28 days 00:00:00.000000000,0 days 00:00:00.000000000
3419,2010-12-09 00:00:00.000000000,2010-12-09 00:00:00.000000000,2010-12-09 00:00:00.000000000,2010-09-03 00:00:00.000000000,2010-09-17 00:00:00.000000000,2010-09-17 00:00:00.000000000,2010-06-12 00:00:00.000000000,83 days 00:00:00.000000000,83 days 00:00:00.000000000,0 days 00:00:00.000000000
3420,2012-09-09 00:00:00.000000000,2012-09-09 00:00:00.000000000,2012-09-09 00:00:00.000000000,2012-07-05 00:00:00.000000000,2012-07-16 00:00:00.000000000,2012-07-16 00:00:00.000000000,2012-05-11 00:00:00.000000000,55 days 00:00:00.000000000,55 days 00:00:00.000000000,0 days 00:00:00.000000000
3421,2015-08-24 00:00:00.000000000,2015-08-24 00:00:00.000000000,2015-08-24 00:00:00.000000000,2014-09-11 00:00:00.000000000,2015-08-24 00:00:00.000000000,2015-08-24 00:00:00.000000000,2014-09-11 00:00:00.000000000,0 days 00:00:00.000000000,0 days 00:00:00.000000000,0 days 00:00:00.000000000
3422,2009-08-05 00:00:00.000000000,2009-08-05 00:00:00.000000000,2009-08-05 00:00:00.000000000,2009-05-07 00:00:00.000000000,2009-07-21 00:00:00.000000000,2009-07-21 00:00:00.000000000,2009-04-22 00:00:00.000000000,15 days 00:00:00.000000000,15 days 00:00:00.000000000,0 days 00:00:00.000000000
3423,2012-10-17 00:00:00.000000000,2012-10-17 00:00:00.000000000,2012-10-17 00:00:00.000000000,2011-08-31 00:00:00.000000000,2011-09-19 00:00:00.000000000,2011-09-19 00:00:00.000000000,2010-08-02 00:00:00.000000000,394 days 00:00:00.000000000,394 days 00:00:00.000000000,0 days 00:00:00.000000000
3424,2010-01-27 00:00:00.000000000,2010-01-27 00:00:00.000000000,2010-01-27 00:00:00.000000000,2009-06-30 00:00:00.000000000,2009-07-16 00:00:00.000000000,2009-07-16 00:00:00.000000000,2008-12-17 00:00:00.000000000,195 days 00:00:00.000000000,195 days 00:00:00.000000000,0 days 00:00:00.000000000
3425,2011-09-29 00:00:00.000000000,2011-09-29 00:00:00.000000000,2011-09-29 00:00:00.000000000,2011-06-24 00:00:00.000000000,2011-07-18 00:00:00.000000000,2011-07-18 00:00:00.000000000,2011-04-12 00:00:00.000000000,73 days 00:00:00.000000000,73 days 00:00:00.000000000,0 days 00:00:00.000000000
3426,2015-06-01 00:00:00.000000000,2015-06-01 00:00:00.000000000,2015-06-01 00:00:00.000000000,2014-10-30 00:00:00.000000000,2014-12-08 00:00:00.000000000,2014-12-08 00:00:00.000000000,2014-05-08 00:00:00.000000000,175 days 00:00:00.000000000,175 days 00:00:00.000000000,0 days 00:00:00.000000000
3427,2013-04-16 00:00:00.000000000,2013-04-16 00:00:00.000000000,2013-04-16 00:00:00.000000000,2013-03-18 00:00:00.000000000,1900-01-01 00:00:00.000000000,2013-04-09 00:00:00.000000000,2013-03-11 00:00:00.000000000,7 days 00:00:00.000000000,7 days 00:00:00.000000000,0 days 00:00:00.000000000
3428,2009-10-13 00:00:00.000000000,2009-10-13 00:00:00.000000000,2009-10-13 00:00:00.000000000,2009-07-20 00:00:00.000000000,2009-09-03 00:00:00.000000000,2009-09-03 00:00:00.000000000,2009-06-10 00:00:00.000000000,40 days 00:00:00.000000000,40 days 00:00:00.000000000,0 days 00:00:00.000000000
3429,2015-07-07 00:00:00.000000000,2015-07-07 00:00:00.000000000,2015-07-08 00:00:00.000000000,2014-12-04 00:00:00.000000000,2015-01-26 00:00:00.000000000,2015-01-26 00:00:00.000000000,2014-06-25 00:00:00.000000000,162 days 00:00:00.000000000,162 days 00:00:00.000000000,0 days 00:00:00.000000000
3430,2015-05-07 00:00:00.000000000,2015-05-07 00:00:00.000000000,2015-05-07 00:00:00.000000000,2014-10-27 00:00:00.000000000,2014-10-30 00:00:00.000000000,2014-10-30 00:00:00.000000000,2014-04-21 00:00:00.000000000,189 days 00:00:00.000000000,189 days 00:00:00.000000000,0 days 00:00:00.000000000
3431,2015-01-26 00:00:00.000000000,2015-01-26 00:00:00.000000000,2015-01-26 00:00:00.000000000,2014-09-11 00:00:00.000000000,2015-01-26 00:00:00.000000000,2015-01-26 00:00:00.000000000,2014-09-11 00:00:00.000000000,0 days 00:00:00.000000000,0 days 00:00:00.000000000,0 days 00:00:00.000000000
3432,2013-04-16 00:00:00.000000000,2013-04-16 00:00:00.000000000,2013-04-16 00:00:00.000000000,2013-03-18 00:00:00.000000000,1900-01-01 00:00:00.000000000,2013-04-09 00:00:00.000000000,2013-03-11 00:00:00.000000000,7 days 00:00:00.000000000,7 days 00:00:00.000000000,0 days 00:00:00.000000000
3433,2013-08-16 00:00:00.000000000,2013-08-16 00:00:00.000000000,2013-08-16 00:00:00.000000000,2013-02-08 00:00:00.000000000,2013-02-27 00:00:00.000000000,2013-02-27 00:00:00.000000000,2012-08-22 00:00:00.000000000,170 days 00:00:00.000000000,170 days 00:00:00.000000000,0 days 00:00:00.000000000
3434,2011-09-30 00:00:00.000000000,2011-09-30 00:00:00.000000000,2011-09-30 00:00:00.000000000,2011-06-23 00:00:00.000000000,2011-07-20 00:00:00.000000000,2011-07-20 00:00:00.000000000,2011-04-12 00:00:00.000000000,72 days 00:00:00.000000000,72 days 00:00:00.000000000,0 days 00:00:00.000000000
3435,2009-10-27 00:00:00.000000000,2009-10-27 00:00:00.000000000,2009-10-27 00:00:00.000000000,2009-09-03 00:00:00.000000000,2009-09-11 00:00:00.000000000,2009-09-11 00:00:00.000000000,2009-07-19 00:00:00.000000000,46 days 00:00:00.000000000,46 days 00:00:00.000000000,0 days 00:00:00.000000000
3436,2014-08-27 00:00:00.000000000,2014-08-27 00:00:00.000000000,2014-08-27 00:00:00.000000000,2013-07-11 00:00:00.000000000,2014-08-27 00:00:00.000000000,2014-08-27 00:00:00.000000000,2013-07-11 00:00:00.000000000,0 days 00:00:00.000000000,0 days 00:00:00.000000000,0 days 00:00:00.000000000
3437,2010-12-17 00:00:00.000000000,2010-12-17 00:00:00.000000000,2010-12-17 00:00:00.000000000,2010-09-08 00:00:00.000000000,2010-10-07 00:00:00.000000000,2010-10-07 00:00:00.000000000,2010-06-29 00:00:00.000000000,71 days 00:00:00.000000000,71 days 00:00:00.000000000,0 days 00:00:00.000000000
3438,2012-06-05 00:00:00.000000000,2012-06-05 00:00:00.000000000,2012-06-05 00:00:00.000000000,2012-03-19 00:00:00.000000000,2012-05-01 00:00:00.000000000,2012-05-01 00:00:00.000000000,2012-02-13 00:00:00.000000000,35 days 00:00:00.000000000,35 days 00:00:00.000000000,0 days 00:00:00.000000000
3439,2014-02-12 00:00:00.000000000,2014-02-12 00:00:00.000000000,2014-02-20 00:00:00.000000000,2013-12-16 00:00:00.000000000,2014-01-22 00:00:00.000000000,2014-01-22 00:00:00.000000000,2013-11-25 00:00:00.000000000,21 days 00:00:00.000000000,21 days 00:00:00.000000000,0 days 00:00:00.000000000
3440,2011-09-13 00:00:00.000000000,2011-09-13 00:00:00.000000000,2011-09-13 00:00:00.000000000,2011-05-31 00:00:00.000000000,2011-06-21 00:00:00.000000000,2011-06-21 00:00:00.000000000,2011-03-08 00:00:00.000000000,84 days 00:00:00.000000000,84 days 00:00:00.000000000,0 days 00:00:00.000000000
3441,2010-02-05 00:00:00.000000000,2010-02-05 00:00:00.000000000,2010-02-05 00:00:00.000000000,2009-09-09 00:00:00.000000000,2009-09-30 00:00:00.000000000,2009-09-30 00:00:00.000000000,2009-05-04 00:00:00.000000000,128 days 00:00:00.000000000,128 days 00:00:00.000000000,0 days 00:00:00.000000000
3442,2015-01-26 00:00:00.000000000,2015-01-26 00:00:00.000000000,2015-01-26 00:00:00.000000000,2014-09-11 00:00:00.000000000,2015-01-26 00:00:00.000000000,2015-01-26 00:00:00.000000000,2014-09-11 00:00:00.000000000,0 days 00:00:00.000000000,0 days 00:00:00.000000000,0 days 00:00:00.000000000
3443,2014-08-29 00:00:00.000000000,2014-08-29 00:00:00.000000000,2014-08-29 00:00:00.000000000,2013-07-11 00:00:00.000000000,2014-08-29 00:00:00.000000000,2014-08-29 00:00:00.000000000,2013-07-11 00:00:00.000000000,0 days 00:00:00.000000000,0 days 00:00:00.000000000,0 days 00:00:00.000000000
3444,2010-06-01 00:00:00.000000000,2010-06-04 00:00:00.000000000,2010-06-04 00:00:00.000000000,2010-03-18 00:00:00.000000000,2010-03-19 00:00:00.000000000,2010-03-19 00:00:00.000000000,2010-01-03 00:00:00.000000000,74 days 00:00:00.000000000,77 days 00:00:00.000000000,3 days 00:00:00.000000000
3445,2014-08-13 00:00:00.000000000,2014-08-13 00:00:00.000000000,2014-08-25 00:00:00.000000000,2014-02-06 00:00:00.000000000,2014-03-10 00:00:00.000000000,2014-03-10 00:00:00.000000000,2013-09-03 00:00:00.000000000,156 days 00:00:00.000000000,156 days 00:00:00.000000000,0 days 00:00:00.000000000
3446,2012-05-21 00:00:00.000000000,2012-05-21 00:00:00.000000000,2012-05-21 00:00:00.000000000,2012-03-15 00:00:00.000000000,2012-04-04 00:00:00.000000000,2012-04-04 00:00:00.000000000,2012-01-28 00:00:00.000000000,47 days 00:00:00.000000000,47 days 00:00:00.000000000,0 days 00:00:00.000000000
3447,2015-06-03 00:00:00.000000000,2015-06-03 00:00:00.000000000,2015-06-05 00:00:00.000000000,2014-12-29 00:00:00.000000000,2015-02-20 00:00:00.000000000,2015-02-20 00:00:00.000000000,2014-09-17 00:00:00.000000000,103 days 00:00:00.000000000,103 days 00:00:00.000000000,0 days 00:00:00.000000000
3448,2014-10-03 00:00:00.000000000,2014-10-03 00:00:00.000000000,2014-10-03 00:00:00.000000000,2014-04-30 00:00:00.000000000,2014-10-03 00:00:00.000000000,2014-10-03 00:00:00.000000000,2014-04-30 00:00:00.000000000,0 days 00:00:00.000000000,0 days 00:00:00.000000000,0 days 00:00:00.000000000
3449,2012-08-27 00:00:00.000000000,2012-08-27 00:00:00.000000000,2012-08-27 00:00:00.000000000,2012-07-27 00:00:00.000000000,2012-08-02 00:00:00.000000000,2012-08-02 00:00:00.000000000,2012-07-02 00:00:00.000000000,25 days 00:00:00.000000000,25 days 00:00:00.000000000,0 days 00:00:00.000000000
3450,2013-05-24 00:00:00.000000000,2013-05-24 00:00:00.000000000,2013-05-24 00:00:00.000000000,2013-01-29 00:00:00.000000000,2013-02-05 00:00:00.000000000,2013-02-05 00:00:00.000000000,2012-10-13 00:00:00.000000000,108 days 00:00:00.000000000,108 days 00:00:00.000000000,0 days 00:00:00.000000000
3451,2013-05-09 00:00:00.000000000,2013-05-09 00:00:00.000000000,2013-05-09 00:00:00.000000000,2013-01-04 00:00:00.000000000,2013-01-22 00:00:00.000000000,2013-01-22 00:00:00.000000000,2012-09-19 00:00:00.000000000,107 days 00:00:00.000000000,107 days 00:00:00.000000000,0 days 00:00:00.000000000
3452,2013-04-15 00:00:00.000000000,2013-04-16 00:00:00.000000000,2013-04-16 00:00:00.000000000,2013-03-18 00:00:00.000000000,1900-01-01 00:00:00.000000000,2013-04-08 00:00:00.000000000,2013-03-11 00:00:00.000000000,7 days 00:00:00.000000000,8 days 00:00:00.000000000,1 days 00:00:00.000000000
3453,2014-01-13 00:00:00.000000000,2014-01-13 00:00:00.000000000,2014-01-13 00:00:00.000000000,2013-11-14 00:00:00.000000000,2013-12-02 00:00:00.000000000,2013-12-02 00:00:00.000000000,2013-10-03 00:00:00.000000000,42 days 00:00:00.000000000,42 days 00:00:00.000000000,0 days 00:00:00.000000000
3454,2015-07-14 00:00:00.000000000,2015-07-09 00:00:00.000000000,2015-07-09 00:00:00.000000000,2015-05-07 00:00:00.000000000,2015-05-26 00:00:00.000000000,2015-05-26 00:00:00.000000000,2015-03-19 00:00:00.000000000,49 days 00:00:00.000000000,44 days 00:00:00.000000000,-5 days +00:00:00.000000000
3455,2009-12-11 00:00:00.000000000,2009-12-11 00:00:00.000000000,2009-12-11 00:00:00.000000000,2009-08-27 00:00:00.000000000,2009-09-03 00:00:00.000000000,2009-09-03 00:00:00.000000000,2009-05-20 00:00:00.000000000,99 days 00:00:00.000000000,99 days 00:00:00.000000000,0 days 00:00:00.000000000
3456,2010-10-13 00:00:00.000000000,2010-11-29 00:00:00.000000000,2010-11-29 00:00:00.000000000,2010-03-18 00:00:00.000000000,2010-03-19 00:00:00.000000000,2010-03-19 00:00:00.000000000,2009-08-22 00:00:00.000000000,208 days 00:00:00.000000000,255 days 00:00:00.000000000,47 days 00:00:00.000000000
3457,2010-04-20 00:00:00.000000000,2010-04-20 00:00:00.000000000,2010-04-20 00:00:00.000000000,2009-12-23 00:00:00.000000000,2010-01-25 00:00:00.000000000,2010-01-25 00:00:00.000000000,2009-09-29 00:00:00.000000000,85 days 00:00:00.000000000,85 days 00:00:00.000000000,0 days 00:00:00.000000000
3458,2012-01-11 00:00:00.000000000,2012-01-11 00:00:00.000000000,2012-01-11 00:00:00.000000000,2011-08-29 00:00:00.000000000,2011-09-07 00:00:00.000000000,2011-09-07 00:00:00.000000000,2011-04-25 00:00:00.000000000,126 days 00:00:00.000000000,126 days 00:00:00.000000000,0 days 00:00:00.000000000
3459,2010-10-12 00:00:00.000000000,2010-12-15 00:00:00.000000000,2010-12-15 00:00:00.000000000,2010-06-02 00:00:00.000000000,2010-06-17 00:00:00.000000000,2010-06-17 00:00:00.000000000,2010-02-05 00:00:00.000000000,117 days 00:00:00.000000000,181 days 00:00:00.000000000,64 days 00:00:00.000000000
3460,2011-01-06 00:00:00.000000000,2011-03-10 00:00:00.000000000,2011-03-10 00:00:00.000000000,2010-08-31 00:00:00.000000000,2010-09-24 00:00:00.000000000,2010-09-24 00:00:00.000000000,2010-05-19 00:00:00.000000000,104 days 00:00:00.000000000,167 days 00:00:00.000000000,63 days 00:00:00.000000000
3461,2014-01-08 00:00:00.000000000,2014-01-08 00:00:00.000000000,2014-01-10 00:00:00.000000000,2013-08-19 00:00:00.000000000,2013-08-23 00:00:00.000000000,2013-08-23 00:00:00.000000000,2013-04-03 00:00:00.000000000,138 days 00:00:00.000000000,138 days 00:00:00.000000000,0 days 00:00:00.000000000
3462,2013-04-25 00:00:00.000000000,2013-04-25 00:00:00.000000000,2013-04-25 00:00:00.000000000,2012-11-26 00:00:00.000000000,2012-12-12 00:00:00.000000000,2012-12-12 00:00:00.000000000,2012-07-15 00:00:00.000000000,134 days 00:00:00.000000000,134 days 00:00:00.000000000,0 days 00:00:00.000000000
3463,2011-01-13 00:00:00.000000000,2011-01-13 00:00:00.000000000,2011-01-13 00:00:00.000000000,2010-11-09 00:00:00.000000000,2010-11-24 00:00:00.000000000,2010-11-24 00:00:00.000000000,2010-09-20 00:00:00.000000000,50 days 00:00:00.000000000,50 days 00:00:00.000000000,0 days 00:00:00.000000000
3464,2014-02-06 00:00:00.000000000,2014-02-06 00:00:00.000000000,2014-02-06 00:00:00.000000000,2013-10-08 00:00:00.000000000,2013-12-02 00:00:00.000000000,2013-12-02 00:00:00.000000000,2013-08-03 00:00:00.000000000,66 days 00:00:00.000000000,66 days 00:00:00.000000000,0 days 00:00:00.000000000
3465,2014-09-26 00:00:00.000000000,2014-09-26 00:00:00.000000000,2014-10-06 00:00:00.000000000,2014-05-11 00:00:00.000000000,2014-05-28 00:00:00.000000000,2014-05-28 00:00:00.000000000,2014-01-10 00:00:00.000000000,121 days 00:00:00.000000000,121 days 00:00:00.000000000,0 days 00:00:00.000000000
3466,2014-11-08 00:00:00.000000000,2014-11-08 00:00:00.000000000,2014-11-12 00:00:00.000000000,2014-05-26 00:00:00.000000000,2014-06-23 00:00:00.000000000,2014-06-23 00:00:00.000000000,2014-01-08 00:00:00.000000000,138 days 00:00:00.000000000,138 days 00:00:00.000000000,0 days 00:00:00.000000000
3467,2013-05-16 00:00:00.000000000,2013-05-16 00:00:00.000000000,2013-05-16 00:00:00.000000000,2012-10-15 00:00:00.000000000,2012-11-07 00:00:00.000000000,2012-11-07 00:00:00.000000000,2012-04-08 00:00:00.000000000,190 days 00:00:00.000000000,190 days 00:00:00.000000000,0 days 00:00:00.000000000
3468,2014-11-28 00:00:00.000000000,2014-11-28 00:00:00.000000000,2014-11-28 00:00:00.000000000,2014-09-11 00:00:00.000000000,2014-11-28 00:00:00.000000000,2014-11-28 00:00:00.000000000,2014-09-11 00:00:00.000000000,0 days 00:00:00.000000000,0 days 00:00:00.000000000,0 days 00:00:00.000000000
3469,2013-03-21 00:00:00.000000000,2013-03-21 00:00:00.000000000,2013-03-21 00:00:00.000000000,2012-09-19 00:00:00.000000000,2012-10-12 00:00:00.000000000,2012-10-12 00:00:00.000000000,2012-04-12 00:00:00.000000000,160 days 00:00:00.000000000,160 days 00:00:00.000000000,0 days 00:00:00.000000000
3470,2010-07-19 00:00:00.000000000,2010-07-29 00:00:00.000000000,2010-07-29 00:00:00.000000000,2010-03-18 00:00:00.000000000,2010-03-19 00:00:00.000000000,2010-03-19 00:00:00.000000000,2009-11-16 00:00:00.000000000,122 days 00:00:00.000000000,132 days 00:00:00.000000000,10 days 00:00:00.000000000
3471,2014-09-08 00:00:00.000000000,2014-09-08 00:00:00.000000000,2014-09-10 00:00:00.000000000,2014-03-07 00:00:00.000000000,2014-04-14 00:00:00.000000000,2014-04-14 00:00:00.000000000,2013-10-11 00:00:00.000000000,147 days 00:00:00.000000000,147 days 00:00:00.000000000,0 days 00:00:00.000000000
3472,2013-08-27 00:00:00.000000000,2013-08-27 00:00:00.000000000,2013-08-27 00:00:00.000000000,2013-06-10 00:00:00.000000000,2013-07-10 00:00:00.000000000,2013-07-10 00:00:00.000000000,2013-04-23 00:00:00.000000000,48 days 00:00:00.000000000,48 days 00:00:00.000000000,0 days 00:00:00.000000000
3473,2013-07-26 00:00:00.000000000,2013-07-26 00:00:00.000000000,2013-07-26 00:00:00.000000000,2012-12-13 00:00:00.000000000,2013-02-04 00:00:00.000000000,2013-02-04 00:00:00.000000000,2012-06-24 00:00:00.000000000,172 days 00:00:00.000000000,172 days 00:00:00.000000000,0 days 00:00:00.000000000
3474,2014-02-18 00:00:00.000000000,2014-02-14 00:00:00.000000000,2014-03-19 00:00:00.000000000,2013-08-13 00:00:00.000000000,2013-11-01 00:00:00.000000000,2013-11-01 00:00:00.000000000,2013-04-26 00:00:00.000000000,109 days 00:00:00.000000000,105 days 00:00:00.000000000,-4 days +00:00:00.000000000
3475,2012-03-05 00:00:00.000000000,2012-03-05 00:00:00.000000000,2012-03-05 00:00:00.000000000,2011-12-07 00:00:00.000000000,2012-01-09 00:00:00.000000000,2012-01-09 00:00:00.000000000,2011-10-12 00:00:00.000000000,56 days 00:00:00.000000000,56 days 00:00:00.000000000,0 days 00:00:00.000000000
3476,2011-09-02 00:00:00.000000000,2011-09-02 00:00:00.000000000,2011-09-02 00:00:00.000000000,2011-03-10 00:00:00.000000000,2011-04-01 00:00:00.000000000,2011-04-01 00:00:00.000000000,2010-10-07 00:00:00.000000000,154 days 00:00:00.000000000,154 days 00:00:00.000000000,0 days 00:00:00.000000000
3477,2009-08-31 00:00:00.000000000,2009-08-31 00:00:00.000000000,2009-08-31 00:00:00.000000000,2009-07-29 00:00:00.000000000,2009-08-07 00:00:00.000000000,2009-08-07 00:00:00.000000000,2009-07-05 00:00:00.000000000,24 days 00:00:00.000000000,24 days 00:00:00.000000000,0 days 00:00:00.000000000
3478,2011-09-02 00:00:00.000000000,2011-09-02 00:00:00.000000000,2011-09-02 00:00:00.000000000,2011-03-10 00:00:00.000000000,2011-03-23 00:00:00.000000000,2011-03-23 00:00:00.000000000,2010-09-28 00:00:00.000000000,163 days 00:00:00.000000000,163 days 00:00:00.000000000,0 days 00:00:00.000000000
3479,2015-01-15 00:00:00.000000000,2015-01-15 00:00:00.000000000,2015-02-24 00:00:00.000000000,2014-10-09 00:00:00.000000000,2014-12-15 00:00:00.000000000,2014-12-15 00:00:00.000000000,2014-09-08 00:00:00.000000000,31 days 00:00:00.000000000,31 days 00:00:00.000000000,0 days 00:00:00.000000000
3480,2013-08-14 00:00:00.000000000,2013-08-14 00:00:00.000000000,2013-08-14 00:00:00.000000000,2013-02-07 00:00:00.000000000,2013-03-22 00:00:00.000000000,2013-03-22 00:00:00.000000000,2012-09-15 00:00:00.000000000,145 days 00:00:00.000000000,145 days 00:00:00.000000000,0 days 00:00:00.000000000
3481,2012-02-07 00:00:00.000000000,2012-02-07 00:00:00.000000000,2012-02-07 00:00:00.000000000,2011-08-29 00:00:00.000000000,2011-09-07 00:00:00.000000000,2011-09-07 00:00:00.000000000,2011-03-29 00:00:00.000000000,153 days 00:00:00.000000000,153 days 00:00:00.000000000,0 days 00:00:00.000000000
3482,2012-11-29 00:00:00.000000000,2012-11-29 00:00:00.000000000,2012-11-29 00:00:00.000000000,2012-07-25 00:00:00.000000000,2012-08-14 00:00:00.000000000,2012-08-14 00:00:00.000000000,2012-04-09 00:00:00.000000000,107 days 00:00:00.000000000,107 days 00:00:00.000000000,0 days 00:00:00.000000000
3483,2014-09-16 00:00:00.000000000,2014-09-16 00:00:00.000000000,2014-09-25 00:00:00.000000000,2014-03-19 00:00:00.000000000,2014-08-06 00:00:00.000000000,2014-08-06 00:00:00.000000000,2014-02-06 00:00:00.000000000,41 days 00:00:00.000000000,41 days 00:00:00.000000000,0 days 00:00:00.000000000
3484,2015-08-28 00:00:00.000000000,2015-08-28 00:00:00.000000000,2015-08-28 00:00:00.000000000,2015-06-24 00:00:00.000000000,2015-07-17 00:00:00.000000000,2015-07-17 00:00:00.000000000,2015-05-13 00:00:00.000000000,42 days 00:00:00.000000000,42 days 00:00:00.000000000,0 days 00:00:00.000000000
3485,2011-06-17 00:00:00.000000000,2011-06-17 00:00:00.000000000,2011-06-17 00:00:00.000000000,2010-09-03 00:00:00.000000000,2010-09-28 00:00:00.000000000,2010-09-28 00:00:00.000000000,2009-12-15 00:00:00.000000000,262 days 00:00:00.000000000,262 days 00:00:00.000000000,0 days 00:00:00.000000000
3486,2013-09-18 00:00:00.000000000,2013-09-24 00:00:00.000000000,2013-09-24 00:00:00.000000000,2013-06-10 00:00:00.000000000,2013-07-10 00:00:00.000000000,2013-07-10 00:00:00.000000000,2013-04-01 00:00:00.000000000,70 days 00:00:00.000000000,76 days 00:00:00.000000000,6 days 00:00:00.000000000
3487,2013-09-18 00:00:00.000000000,2013-09-18 00:00:00.000000000,2013-09-18 00:00:00.000000000,2013-07-17 00:00:00.000000000,2013-08-06 00:00:00.000000000,2013-08-06 00:00:00.000000000,2013-06-04 00:00:00.000000000,43 days 00:00:00.000000000,43 days 00:00:00.000000000,0 days 00:00:00.000000000
3488,2012-12-31 00:00:00.000000000,2012-12-31 00:00:00.000000000,2012-12-31 00:00:00.000000000,2012-10-11 00:00:00.000000000,2012-10-18 00:00:00.000000000,2012-10-18 00:00:00.000000000,2012-07-29 00:00:00.000000000,74 days 00:00:00.000000000,74 days 00:00:00.000000000,0 days 00:00:00.000000000
3489,2015-05-12 00:00:00.000000000,2015-05-12 00:00:00.000000000,2015-05-12 00:00:00.000000000,2014-09-11 00:00:00.000000000,2015-05-11 00:00:00.000000000,2015-05-11 00:00:00.000000000,2014-09-10 00:00:00.000000000,1 days 00:00:00.000000000,1 days 00:00:00.000000000,0 days 00:00:00.000000000
3490,2014-07-29 00:00:00.000000000,2014-07-29 00:00:00.000000000,2014-08-06 00:00:00.000000000,2014-02-06 00:00:00.000000000,2014-03-10 00:00:00.000000000,2014-03-10 00:00:00.000000000,2013-09-18 00:00:00.000000000,141 days 00:00:00.000000000,141 days 00:00:00.000000000,0 days 00:00:00.000000000
3491,2014-11-28 00:00:00.000000000,2014-11-28 00:00:00.000000000,2014-11-28 00:00:00.000000000,2014-09-11 00:00:00.000000000,2014-11-28 00:00:00.000000000,2014-11-28 00:00:00.000000000,2014-09-11 00:00:00.000000000,0 days 00:00:00.000000000,0 days 00:00:00.000000000,0 days 00:00:00.000000000
3492,2013-10-29 00:00:00.000000000,2013-10-29 00:00:00.000000000,2013-10-29 00:00:00.000000000,2013-04-15 00:00:00.000000000,2013-05-23 00:00:00.000000000,2013-05-23 00:00:00.000000000,2012-11-07 00:00:00.000000000,159 days 00:00:00.000000000,159 days 00:00:00.000000000,0 days 00:00:00.000000000
3493,2010-05-07 00:00:00.000000000,2010-05-07 00:00:00.000000000,2010-05-07 00:00:00.000000000,2010-03-15 00:00:00.000000000,2010-03-24 00:00:00.000000000,2010-03-24 00:00:00.000000000,2010-01-30 00:00:00.000000000,44 days 00:00:00.000000000,44 days 00:00:00.000000000,0 days 00:00:00.000000000
3494,2010-06-11 00:00:00.000000000,2010-06-11 00:00:00.000000000,2010-06-11 00:00:00.000000000,2010-04-19 00:00:00.000000000,2010-04-21 00:00:00.000000000,2010-04-21 00:00:00.000000000,2010-02-27 00:00:00.000000000,51 days 00:00:00.000000000,51 days 00:00:00.000000000,0 days 00:00:00.000000000
3495,2010-12-29 00:00:00.000000000,2010-12-29 00:00:00.000000000,2010-12-29 00:00:00.000000000,2010-08-31 00:00:00.000000000,2010-09-24 00:00:00.000000000,2010-09-24 00:00:00.000000000,2010-05-27 00:00:00.000000000,96 days 00:00:00.000000000,96 days 00:00:00.000000000,0 days 00:00:00.000000000
3496,2012-12-10 00:00:00.000000000,2012-12-10 00:00:00.000000000,2012-12-10 00:00:00.000000000,2012-07-12 00:00:00.000000000,2012-11-21 00:00:00.000000000,2012-11-21 00:00:00.000000000,2012-06-23 00:00:00.000000000,19 days 00:00:00.000000000,19 days 00:00:00.000000000,0 days 00:00:00.000000000
3497,2012-11-30 00:00:00.000000000,2012-11-30 00:00:00.000000000,2012-11-30 00:00:00.000000000,2012-05-18 00:00:00.000000000,2012-06-20 00:00:00.000000000,2012-06-20 00:00:00.000000000,2011-12-07 00:00:00.000000000,163 days 00:00:00.000000000,163 days 00:00:00.000000000,0 days 00:00:00.000000000
3498,2015-02-25 00:00:00.000000000,2015-02-25 00:00:00.000000000,2015-02-25 00:00:00.000000000,2014-10-15 00:00:00.000000000,2014-12-16 00:00:00.000000000,2014-12-16 00:00:00.000000000,2014-08-05 00:00:00.000000000,71 days 00:00:00.000000000,71 days 00:00:00.000000000,0 days 00:00:00.000000000
3499,2014-11-04 00:00:00.000000000,2014-11-04 00:00:00.000000000,2014-11-20 00:00:00.000000000,2014-08-11 00:00:00.000000000,2014-08-27 00:00:00.000000000,2014-08-27 00:00:00.000000000,2014-06-03 00:00:00.000000000,69 days 00:00:00.000000000,69 days 00:00:00.000000000,0 days 00:00:00.000000000
3500,2014-08-22 00:00:00.000000000,2014-08-22 00:00:00.000000000,2014-08-26 00:00:00.000000000,2014-03-10 00:00:00.000000000,2014-05-16 00:00:00.000000000,2014-05-16 00:00:00.000000000,2013-12-02 00:00:00.000000000,98 days 00:00:00.000000000,98 days 00:00:00.000000000,0 days 00:00:00.000000000
3501,2014-11-03 00:00:00.000000000,2014-11-03 00:00:00.000000000,2014-11-12 00:00:00.000000000,2014-04-30 00:00:00.000000000,2014-07-08 00:00:00.000000000,2014-07-08 00:00:00.000000000,2014-01-02 00:00:00.000000000,118 days 00:00:00.000000000,118 days 00:00:00.000000000,0 days 00:00:00.000000000
3502,2013-09-30 00:00:00.000000000,2013-09-30 00:00:00.000000000,2013-09-30 00:00:00.000000000,2013-07-08 00:00:00.000000000,2013-08-12 00:00:00.000000000,2013-08-12 00:00:00.000000000,2013-05-20 00:00:00.000000000,49 days 00:00:00.000000000,49 days 00:00:00.000000000,0 days 00:00:00.000000000
3503,2011-06-24 00:00:00.000000000,2011-06-24 00:00:00.000000000,2011-06-24 00:00:00.000000000,2011-03-29 00:00:00.000000000,2011-05-02 00:00:00.000000000,2011-05-02 00:00:00.000000000,2011-02-04 00:00:00.000000000,53 days 00:00:00.000000000,53 days 00:00:00.000000000,0 days 00:00:00.000000000
3504,2015-07-23 00:00:00.000000000,2015-07-23 00:00:00.000000000,2015-07-28 00:00:00.000000000,2014-09-24 00:00:00.000000000,2014-11-14 00:00:00.000000000,2014-11-14 00:00:00.000000000,2014-01-16 00:00:00.000000000,251 days 00:00:00.000000000,251 days 00:00:00.000000000,0 days 00:00:00.000000000
3505,2012-04-25 00:00:00.000000000,2012-04-25 00:00:00.000000000,2012-04-25 00:00:00.000000000,2012-03-19 00:00:00.000000000,2012-03-27 00:00:00.000000000,2012-03-27 00:00:00.000000000,2012-02-19 00:00:00.000000000,29 days 00:00:00.000000000,29 days 00:00:00.000000000,0 days 00:00:00.000000000
3506,2014-08-01 00:00:00.000000000,2014-08-01 00:00:00.000000000,2014-08-04 00:00:00.000000000,2014-06-11 00:00:00.000000000,2014-06-19 00:00:00.000000000,2014-06-19 00:00:00.000000000,2014-04-29 00:00:00.000000000,43 days 00:00:00.000000000,43 days 00:00:00.000000000,0 days 00:00:00.000000000
3507,2012-07-31 00:00:00.000000000,2012-07-31 00:00:00.000000000,2012-07-31 00:00:00.000000000,2012-01-10 00:00:00.000000000,2012-01-23 00:00:00.000000000,2012-01-23 00:00:00.000000000,2011-07-04 00:00:00.000000000,190 days 00:00:00.000000000,190 days 00:00:00.000000000,0 days 00:00:00.000000000
3508,2015-01-26 00:00:00.000000000,2015-01-26 00:00:00.000000000,2015-01-26 00:00:00.000000000,2014-09-11 00:00:00.000000000,2015-01-26 00:00:00.000000000,2015-01-26 00:00:00.000000000,2014-09-11 00:00:00.000000000,0 days 00:00:00.000000000,0 days 00:00:00.000000000,0 days 00:00:00.000000000
3509,2010-02-15 00:00:00.000000000,2010-02-15 00:00:00.000000000,2010-02-15 00:00:00.000000000,2009-12-10 00:00:00.000000000,2009-12-18 00:00:00.000000000,2009-12-18 00:00:00.000000000,2009-10-12 00:00:00.000000000,59 days 00:00:00.000000000,59 days 00:00:00.000000000,0 days 00:00:00.000000000
3510,2015-07-07 00:00:00.000000000,2015-07-07 00:00:00.000000000,2015-07-07 00:00:00.000000000,2014-10-22 00:00:00.000000000,2015-01-30 00:00:00.000000000,2015-01-30 00:00:00.000000000,2014-05-17 00:00:00.000000000,158 days 00:00:00.000000000,158 days 00:00:00.000000000,0 days 00:00:00.000000000
3511,2011-07-22 00:00:00.000000000,2011-07-22 00:00:00.000000000,2011-07-22 00:00:00.000000000,2011-04-29 00:00:00.000000000,2011-05-12 00:00:00.000000000,2011-05-12 00:00:00.000000000,2011-02-17 00:00:00.000000000,71 days 00:00:00.000000000,71 days 00:00:00.000000000,0 days 00:00:00.000000000
3512,2014-10-03 00:00:00.000000000,2014-10-03 00:00:00.000000000,2014-11-12 00:00:00.000000000,2014-06-17 00:00:00.000000000,2014-06-30 00:00:00.000000000,2014-06-30 00:00:00.000000000,2014-03-14 00:00:00.000000000,95 days 00:00:00.000000000,95 days 00:00:00.000000000,0 days 00:00:00.000000000
3513,2013-07-13 00:00:00.000000000,2013-07-13 00:00:00.000000000,2013-07-13 00:00:00.000000000,2013-02-07 00:00:00.000000000,2013-02-13 00:00:00.000000000,2013-02-13 00:00:00.000000000,2012-09-10 00:00:00.000000000,150 days 00:00:00.000000000,150 days 00:00:00.000000000,0 days 00:00:00.000000000
3514,2014-05-13 00:00:00.000000000,2014-05-13 00:00:00.000000000,2014-05-13 00:00:00.000000000,2014-02-27 00:00:00.000000000,2014-03-20 00:00:00.000000000,2014-03-20 00:00:00.000000000,2014-01-04 00:00:00.000000000,54 days 00:00:00.000000000,54 days 00:00:00.000000000,0 days 00:00:00.000000000
3515,2013-01-09 00:00:00.000000000,2013-01-09 00:00:00.000000000,2013-01-09 00:00:00.000000000,2012-10-15 00:00:00.000000000,2012-11-09 00:00:00.000000000,2012-11-09 00:00:00.000000000,2012-08-15 00:00:00.000000000,61 days 00:00:00.000000000,61 days 00:00:00.000000000,0 days 00:00:00.000000000
3516,2011-07-14 00:00:00.000000000,2011-07-14 00:00:00.000000000,2011-07-14 00:00:00.000000000,2011-01-27 00:00:00.000000000,2011-04-14 00:00:00.000000000,2011-04-14 00:00:00.000000000,2010-10-28 00:00:00.000000000,91 days 00:00:00.000000000,91 days 00:00:00.000000000,0 days 00:00:00.000000000
3517,2015-05-12 00:00:00.000000000,2015-05-12 00:00:00.000000000,2015-05-12 00:00:00.000000000,2014-09-11 00:00:00.000000000,2015-05-11 00:00:00.000000000,2015-05-11 00:00:00.000000000,2014-09-10 00:00:00.000000000,1 days 00:00:00.000000000,1 days 00:00:00.000000000,0 days 00:00:00.000000000
3518,2011-11-30 00:00:00.000000000,2011-11-30 00:00:00.000000000,2011-11-30 00:00:00.000000000,2011-08-31 00:00:00.000000000,2011-09-19 00:00:00.000000000,2011-09-19 00:00:00.000000000,2011-06-20 00:00:00.000000000,72 days 00:00:00.000000000,72 days 00:00:00.000000000,0 days 00:00:00.000000000
3519,2013-04-25 00:00:00.000000000,2013-04-25 00:00:00.000000000,2013-04-25 00:00:00.000000000,2012-12-07 00:00:00.000000000,2013-01-03 00:00:00.000000000,2013-01-03 00:00:00.000000000,2012-08-17 00:00:00.000000000,112 days 00:00:00.000000000,112 days 00:00:00.000000000,0 days 00:00:00.000000000
3520,2015-05-13 00:00:00.000000000,2015-05-13 00:00:00.000000000,2015-05-15 00:00:00.000000000,2014-10-22 00:00:00.000000000,2015-01-28 00:00:00.000000000,2015-01-28 00:00:00.000000000,2014-07-09 00:00:00.000000000,105 days 00:00:00.000000000,105 days 00:00:00.000000000,0 days 00:00:00.000000000
3521,2014-11-05 00:00:00.000000000,2014-11-05 00:00:00.000000000,2014-11-05 00:00:00.000000000,2014-04-30 00:00:00.000000000,2014-11-04 00:00:00.000000000,2014-11-04 00:00:00.000000000,2014-04-29 00:00:00.000000000,1 days 00:00:00.000000000,1 days 00:00:00.000000000,0 days 00:00:00.000000000
3522,2013-01-09 00:00:00.000000000,2013-02-26 00:00:00.000000000,2013-02-26 00:00:00.000000000,2012-10-05 00:00:00.000000000,2012-10-16 00:00:00.000000000,2012-10-16 00:00:00.000000000,2012-07-12 00:00:00.000000000,85 days 00:00:00.000000000,133 days 00:00:00.000000000,48 days 00:00:00.000000000
3523,2010-03-30 00:00:00.000000000,2010-03-30 00:00:00.000000000,2010-03-30 00:00:00.000000000,2010-02-10 00:00:00.000000000,2010-02-10 00:00:00.000000000,2010-02-10 00:00:00.000000000,2009-12-24 00:00:00.000000000,48 days 00:00:00.000000000,48 days 00:00:00.000000000,0 days 00:00:00.000000000
3524,2013-01-18 00:00:00.000000000,2013-01-18 00:00:00.000000000,2013-01-18 00:00:00.000000000,2012-07-16 00:00:00.000000000,2012-07-30 00:00:00.000000000,2012-07-30 00:00:00.000000000,2012-01-26 00:00:00.000000000,172 days 00:00:00.000000000,172 days 00:00:00.000000000,0 days 00:00:00.000000000
3525,2012-03-01 00:00:00.000000000,2012-03-01 00:00:00.000000000,2012-03-01 00:00:00.000000000,2011-09-21 00:00:00.000000000,2011-10-04 00:00:00.000000000,2011-10-04 00:00:00.000000000,2011-04-25 00:00:00.000000000,149 days 00:00:00.000000000,149 days 00:00:00.000000000,0 days 00:00:00.000000000
3526,2015-01-26 00:00:00.000000000,2015-01-26 00:00:00.000000000,2015-01-26 00:00:00.000000000,2014-09-11 00:00:00.000000000,2015-01-26 00:00:00.000000000,2015-01-26 00:00:00.000000000,2014-09-11 00:00:00.000000000,0 days 00:00:00.000000000,0 days 00:00:00.000000000,0 days 00:00:00.000000000
3527,2014-02-06 00:00:00.000000000,2014-02-06 00:00:00.000000000,2014-02-06 00:00:00.000000000,2013-10-08 00:00:00.000000000,2013-12-02 00:00:00.000000000,2013-12-02 00:00:00.000000000,2013-08-03 00:00:00.000000000,66 days 00:00:00.000000000,66 days 00:00:00.000000000,0 days 00:00:00.000000000
3528,2015-07-14 00:00:00.000000000,2015-07-14 00:00:00.000000000,2015-07-14 00:00:00.000000000,2014-09-11 00:00:00.000000000,2015-07-14 00:00:00.000000000,2015-07-14 00:00:00.000000000,2014-09-11 00:00:00.000000000,0 days 00:00:00.000000000,0 days 00:00:00.000000000,0 days 00:00:00.000000000
3529,2011-11-03 00:00:00.000000000,2011-11-03 00:00:00.000000000,2011-11-03 00:00:00.000000000,2011-03-10 00:00:00.000000000,2011-03-28 00:00:00.000000000,2011-03-28 00:00:00.000000000,2010-08-02 00:00:00.000000000,220 days 00:00:00.000000000,220 days 00:00:00.000000000,0 days 00:00:00.000000000
3530,2011-09-05 00:00:00.000000000,2011-09-05 00:00:00.000000000,2011-09-05 00:00:00.000000000,2011-03-10 00:00:00.000000000,2011-03-24 00:00:00.000000000,2011-03-24 00:00:00.000000000,2010-09-26 00:00:00.000000000,165 days 00:00:00.000000000,165 days 00:00:00.000000000,0 days 00:00:00.000000000
3531,2011-02-09 00:00:00.000000000,2011-02-09 00:00:00.000000000,2011-02-09 00:00:00.000000000,2010-09-03 00:00:00.000000000,2010-09-27 00:00:00.000000000,2010-09-27 00:00:00.000000000,2010-04-21 00:00:00.000000000,135 days 00:00:00.000000000,135 days 00:00:00.000000000,0 days 00:00:00.000000000
3532,2010-12-20 00:00:00.000000000,2010-12-20 00:00:00.000000000,2010-12-20 00:00:00.000000000,2010-06-02 00:00:00.000000000,2010-06-17 00:00:00.000000000,2010-06-17 00:00:00.000000000,2009-11-28 00:00:00.000000000,186 days 00:00:00.000000000,186 days 00:00:00.000000000,0 days 00:00:00.000000000
3533,2012-10-09 00:00:00.000000000,2012-10-09 00:00:00.000000000,2012-10-09 00:00:00.000000000,2012-07-26 00:00:00.000000000,2012-08-09 00:00:00.000000000,2012-08-09 00:00:00.000000000,2012-05-26 00:00:00.000000000,61 days 00:00:00.000000000,61 days 00:00:00.000000000,0 days 00:00:00.000000000
3534,2010-03-17 00:00:00.000000000,2010-03-17 00:00:00.000000000,2010-03-17 00:00:00.000000000,2009-12-10 00:00:00.000000000,2010-01-05 00:00:00.000000000,2010-01-05 00:00:00.000000000,2009-09-30 00:00:00.000000000,71 days 00:00:00.000000000,71 days 00:00:00.000000000,0 days 00:00:00.000000000
3535,2014-11-28 00:00:00.000000000,2014-11-28 00:00:00.000000000,2014-11-28 00:00:00.000000000,2014-09-11 00:00:00.000000000,2014-11-28 00:00:00.000000000,2014-11-28 00:00:00.000000000,2014-09-11 00:00:00.000000000,0 days 00:00:00.000000000,0 days 00:00:00.000000000,0 days 00:00:00.000000000
3536,2011-03-17 00:00:00.000000000,2011-03-17 00:00:00.000000000,2011-03-17 00:00:00.000000000,2010-10-26 00:00:00.000000000,2010-11-10 00:00:00.000000000,2010-11-10 00:00:00.000000000,2010-06-21 00:00:00.000000000,127 days 00:00:00.000000000,127 days 00:00:00.000000000,0 days 00:00:00.000000000
3537,2013-10-07 00:00:00.000000000,2013-10-07 00:00:00.000000000,2013-10-07 00:00:00.000000000,2013-05-03 00:00:00.000000000,2013-08-27 00:00:00.000000000,2013-08-27 00:00:00.000000000,2013-03-23 00:00:00.000000000,41 days 00:00:00.000000000,41 days 00:00:00.000000000,0 days 00:00:00.000000000
3538,2011-07-14 00:00:00.000000000,2011-07-14 00:00:00.000000000,2011-07-14 00:00:00.000000000,2011-03-10 00:00:00.000000000,2011-03-28 00:00:00.000000000,2011-03-28 00:00:00.000000000,2010-11-22 00:00:00.000000000,108 days 00:00:00.000000000,108 days 00:00:00.000000000,0 days 00:00:00.000000000
3539,2013-05-03 00:00:00.000000000,2013-05-03 00:00:00.000000000,2013-05-03 00:00:00.000000000,2013-01-29 00:00:00.000000000,2013-02-14 00:00:00.000000000,2013-02-14 00:00:00.000000000,2012-11-12 00:00:00.000000000,78 days 00:00:00.000000000,78 days 00:00:00.000000000,0 days 00:00:00.000000000
3540,2014-12-10 00:00:00.000000000,2014-12-10 00:00:00.000000000,2014-12-10 00:00:00.000000000,2014-10-29 00:00:00.000000000,2014-12-10 00:00:00.000000000,2014-12-10 00:00:00.000000000,2014-10-29 00:00:00.000000000,0 days 00:00:00.000000000,0 days 00:00:00.000000000,0 days 00:00:00.000000000
3541,2015-07-22 00:00:00.000000000,2015-07-22 00:00:00.000000000,2015-07-22 00:00:00.000000000,2015-04-28 00:00:00.000000000,2015-05-29 00:00:00.000000000,2015-05-29 00:00:00.000000000,2015-03-05 00:00:00.000000000,54 days 00:00:00.000000000,54 days 00:00:00.000000000,0 days 00:00:00.000000000
3542,2015-08-24 00:00:00.000000000,2015-08-24 00:00:00.000000000,2015-08-24 00:00:00.000000000,2014-09-11 00:00:00.000000000,2014-10-09 00:00:00.000000000,2014-10-09 00:00:00.000000000,2013-10-27 00:00:00.000000000,319 days 00:00:00.000000000,319 days 00:00:00.000000000,0 days 00:00:00.000000000
3543,2013-09-13 00:00:00.000000000,2013-09-13 00:00:00.000000000,2013-09-13 00:00:00.000000000,2013-02-22 00:00:00.000000000,2013-04-01 00:00:00.000000000,2013-04-01 00:00:00.000000000,2012-09-10 00:00:00.000000000,165 days 00:00:00.000000000,165 days 00:00:00.000000000,0 days 00:00:00.000000000
3544,2015-02-16 00:00:00.000000000,2015-02-16 00:00:00.000000000,2015-02-16 00:00:00.000000000,2014-04-30 00:00:00.000000000,2014-05-08 00:00:00.000000000,2014-05-08 00:00:00.000000000,2013-07-20 00:00:00.000000000,284 days 00:00:00.000000000,284 days 00:00:00.000000000,0 days 00:00:00.000000000
3545,2013-04-01 00:00:00.000000000,2013-04-01 00:00:00.000000000,2013-04-01 00:00:00.000000000,2012-12-17 00:00:00.000000000,2013-01-15 00:00:00.000000000,2013-01-15 00:00:00.000000000,2012-10-02 00:00:00.000000000,76 days 00:00:00.000000000,76 days 00:00:00.000000000,0 days 00:00:00.000000000
3546,2013-10-04 00:00:00.000000000,2013-10-04 00:00:00.000000000,2013-10-04 00:00:00.000000000,2013-07-03 00:00:00.000000000,2013-07-16 00:00:00.000000000,2013-07-16 00:00:00.000000000,2013-04-14 00:00:00.000000000,80 days 00:00:00.000000000,80 days 00:00:00.000000000,0 days 00:00:00.000000000
3547,2012-03-22 00:00:00.000000000,2012-03-22 00:00:00.000000000,2012-03-22 00:00:00.000000000,2012-01-09 00:00:00.000000000,2012-02-01 00:00:00.000000000,2012-02-01 00:00:00.000000000,2011-11-20 00:00:00.000000000,50 days 00:00:00.000000000,50 days 00:00:00.000000000,0 days 00:00:00.000000000
3548,2015-05-25 00:00:00.000000000,2015-05-25 00:00:00.000000000,2015-05-26 00:00:00.000000000,2015-05-11 00:00:00.000000000,2015-05-22 00:00:00.000000000,2015-05-22 00:00:00.000000000,2015-05-08 00:00:00.000000000,3 days 00:00:00.000000000,3 days 00:00:00.000000000,0 days 00:00:00.000000000
3549,2010-01-18 00:00:00.000000000,2010-01-18 00:00:00.000000000,2010-01-18 00:00:00.000000000,2009-09-16 00:00:00.000000000,2009-10-23 00:00:00.000000000,2009-10-23 00:00:00.000000000,2009-06-21 00:00:00.000000000,87 days 00:00:00.000000000,87 days 00:00:00.000000000,0 days 00:00:00.000000000
3550,2012-10-09 00:00:00.000000000,2012-10-12 00:00:00.000000000,2012-10-12 00:00:00.000000000,2012-07-26 00:00:00.000000000,2012-08-09 00:00:00.000000000,2012-08-09 00:00:00.000000000,2012-05-26 00:00:00.000000000,61 days 00:00:00.000000000,64 days 00:00:00.000000000,3 days 00:00:00.000000000
3551,2015-07-14 00:00:00.000000000,2015-07-14 00:00:00.000000000,2015-07-14 00:00:00.000000000,2015-05-07 00:00:00.000000000,2015-05-26 00:00:00.000000000,2015-05-26 00:00:00.000000000,2015-03-19 00:00:00.000000000,49 days 00:00:00.000000000,49 days 00:00:00.000000000,0 days 00:00:00.000000000
3552,2012-11-06 00:00:00.000000000,2012-11-09 00:00:00.000000000,2012-11-09 00:00:00.000000000,2012-07-17 00:00:00.000000000,2012-08-13 00:00:00.000000000,2012-08-13 00:00:00.000000000,2012-04-23 00:00:00.000000000,85 days 00:00:00.000000000,88 days 00:00:00.000000000,3 days 00:00:00.000000000
3553,2010-03-15 00:00:00.000000000,2010-03-15 00:00:00.000000000,2010-03-15 00:00:00.000000000,2010-01-25 00:00:00.000000000,2010-02-10 00:00:00.000000000,2010-02-10 00:00:00.000000000,2009-12-23 00:00:00.000000000,33 days 00:00:00.000000000,33 days 00:00:00.000000000,0 days 00:00:00.000000000
3554,2013-09-25 00:00:00.000000000,2013-09-25 00:00:00.000000000,2013-09-25 00:00:00.000000000,2013-05-03 00:00:00.000000000,2013-05-15 00:00:00.000000000,2013-05-15 00:00:00.000000000,2012-12-21 00:00:00.000000000,133 days 00:00:00.000000000,133 days 00:00:00.000000000,0 days 00:00:00.000000000
3555,2011-01-06 00:00:00.000000000,2011-01-31 00:00:00.000000000,2011-01-31 00:00:00.000000000,2010-08-31 00:00:00.000000000,2010-09-24 00:00:00.000000000,2010-09-24 00:00:00.000000000,2010-05-19 00:00:00.000000000,104 days 00:00:00.000000000,129 days 00:00:00.000000000,25 days 00:00:00.000000000
3556,2011-07-12 00:00:00.000000000,2011-07-12 00:00:00.000000000,2011-07-12 00:00:00.000000000,2011-03-04 00:00:00.000000000,2011-03-30 00:00:00.000000000,2011-03-30 00:00:00.000000000,2010-11-20 00:00:00.000000000,104 days 00:00:00.000000000,104 days 00:00:00.000000000,0 days 00:00:00.000000000
3557,2009-09-30 00:00:00.000000000,2009-09-30 00:00:00.000000000,2009-09-30 00:00:00.000000000,2009-06-15 00:00:00.000000000,2009-06-29 00:00:00.000000000,2009-06-29 00:00:00.000000000,2009-03-14 00:00:00.000000000,93 days 00:00:00.000000000,93 days 00:00:00.000000000,0 days 00:00:00.000000000
3558,2011-04-07 00:00:00.000000000,2011-04-26 00:00:00.000000000,2011-04-26 00:00:00.000000000,2010-08-31 00:00:00.000000000,2010-09-24 00:00:00.000000000,2010-09-24 00:00:00.000000000,2010-02-17 00:00:00.000000000,195 days 00:00:00.000000000,214 days 00:00:00.000000000,19 days 00:00:00.000000000
3559,2015-03-26 00:00:00.000000000,2015-03-26 00:00:00.000000000,2015-03-26 00:00:00.000000000,2014-10-30 00:00:00.000000000,2014-12-08 00:00:00.000000000,2014-12-08 00:00:00.000000000,2014-07-14 00:00:00.000000000,108 days 00:00:00.000000000,108 days 00:00:00.000000000,0 days 00:00:00.000000000
3560,2010-02-05 00:00:00.000000000,2010-02-05 00:00:00.000000000,2010-02-05 00:00:00.000000000,2009-03-10 00:00:00.000000000,2009-03-25 00:00:00.000000000,2009-03-25 00:00:00.000000000,2008-04-27 00:00:00.000000000,317 days 00:00:00.000000000,317 days 00:00:00.000000000,0 days 00:00:00.000000000
3561,2011-11-03 00:00:00.000000000,2011-11-03 00:00:00.000000000,2011-11-03 00:00:00.000000000,2011-03-10 00:00:00.000000000,2011-03-28 00:00:00.000000000,2011-03-28 00:00:00.000000000,2010-08-02 00:00:00.000000000,220 days 00:00:00.000000000,220 days 00:00:00.000000000,0 days 00:00:00.000000000
3562,2013-08-23 00:00:00.000000000,2013-08-23 00:00:00.000000000,2013-08-23 00:00:00.000000000,2013-05-14 00:00:00.000000000,2013-05-22 00:00:00.000000000,2013-05-22 00:00:00.000000000,2013-02-10 00:00:00.000000000,93 days 00:00:00.000000000,93 days 00:00:00.000000000,0 days 00:00:00.000000000
3563,2010-12-06 00:00:00.000000000,2010-12-06 00:00:00.000000000,2010-12-06 00:00:00.000000000,2010-08-18 00:00:00.000000000,2010-08-25 00:00:00.000000000,2010-08-25 00:00:00.000000000,2010-05-07 00:00:00.000000000,103 days 00:00:00.000000000,103 days 00:00:00.000000000,0 days 00:00:00.000000000
3564,2014-09-22 00:00:00.000000000,2014-09-22 00:00:00.000000000,2014-11-04 00:00:00.000000000,2014-04-08 00:00:00.000000000,2014-04-30 00:00:00.000000000,2014-04-30 00:00:00.000000000,2013-11-14 00:00:00.000000000,145 days 00:00:00.000000000,145 days 00:00:00.000000000,0 days 00:00:00.000000000
3565,2015-02-20 00:00:00.000000000,2015-02-20 00:00:00.000000000,2015-02-23 00:00:00.000000000,2014-01-21 00:00:00.000000000,2014-02-19 00:00:00.000000000,2014-02-19 00:00:00.000000000,2013-01-20 00:00:00.000000000,366 days 00:00:00.000000000,366 days 00:00:00.000000000,0 days 00:00:00.000000000
3566,2011-12-14 00:00:00.000000000,2011-12-14 00:00:00.000000000,2011-12-14 00:00:00.000000000,2011-08-11 00:00:00.000000000,2011-10-05 00:00:00.000000000,2011-10-05 00:00:00.000000000,2011-06-02 00:00:00.000000000,70 days 00:00:00.000000000,70 days 00:00:00.000000000,0 days 00:00:00.000000000
3567,2010-05-31 00:00:00.000000000,2010-05-31 00:00:00.000000000,2010-05-31 00:00:00.000000000,2010-04-28 00:00:00.000000000,2010-05-05 00:00:00.000000000,2010-05-05 00:00:00.000000000,2010-04-02 00:00:00.000000000,26 days 00:00:00.000000000,26 days 00:00:00.000000000,0 days 00:00:00.000000000
3568,2011-05-24 00:00:00.000000000,2011-05-24 00:00:00.000000000,2011-05-24 00:00:00.000000000,2011-01-21 00:00:00.000000000,2011-02-08 00:00:00.000000000,2011-02-08 00:00:00.000000000,2010-10-08 00:00:00.000000000,105 days 00:00:00.000000000,105 days 00:00:00.000000000,0 days 00:00:00.000000000
3569,2012-01-16 00:00:00.000000000,2012-01-23 00:00:00.000000000,2012-01-23 00:00:00.000000000,2011-03-10 00:00:00.000000000,2011-09-30 00:00:00.000000000,2011-09-30 00:00:00.000000000,2010-11-22 00:00:00.000000000,108 days 00:00:00.000000000,115 days 00:00:00.000000000,7 days 00:00:00.000000000
3570,2013-07-01 00:00:00.000000000,2013-07-01 00:00:00.000000000,2013-07-01 00:00:00.000000000,2013-05-06 00:00:00.000000000,2013-05-22 00:00:00.000000000,2013-05-22 00:00:00.000000000,2013-03-27 00:00:00.000000000,40 days 00:00:00.000000000,40 days 00:00:00.000000000,0 days 00:00:00.000000000
3571,2009-10-08 00:00:00.000000000,2009-10-08 00:00:00.000000000,2009-10-08 00:00:00.000000000,2009-05-07 00:00:00.000000000,2009-08-03 00:00:00.000000000,2009-08-03 00:00:00.000000000,2009-03-02 00:00:00.000000000,66 days 00:00:00.000000000,66 days 00:00:00.000000000,0 days 00:00:00.000000000
3572,2014-08-27 00:00:00.000000000,2014-08-27 00:00:00.000000000,2014-08-27 00:00:00.000000000,2013-07-11 00:00:00.000000000,2014-08-27 00:00:00.000000000,2014-08-27 00:00:00.000000000,2013-07-11 00:00:00.000000000,0 days 00:00:00.000000000,0 days 00:00:00.000000000,0 days 00:00:00.000000000
3573,2010-11-30 00:00:00.000000000,2010-11-30 00:00:00.000000000,2010-11-30 00:00:00.000000000,2010-08-12 00:00:00.000000000,2010-08-23 00:00:00.000000000,2010-08-23 00:00:00.000000000,2010-05-05 00:00:00.000000000,99 days 00:00:00.000000000,99 days 00:00:00.000000000,0 days 00:00:00.000000000
3574,2015-08-24 00:00:00.000000000,2015-08-24 00:00:00.000000000,2015-08-24 00:00:00.000000000,2014-09-11 00:00:00.000000000,2014-10-09 00:00:00.000000000,2014-10-09 00:00:00.000000000,2013-10-27 00:00:00.000000000,319 days 00:00:00.000000000,319 days 00:00:00.000000000,0 days 00:00:00.000000000
3575,2011-04-06 00:00:00.000000000,2011-04-06 00:00:00.000000000,2011-04-06 00:00:00.000000000,2011-01-14 00:00:00.000000000,2011-02-02 00:00:00.000000000,2011-02-02 00:00:00.000000000,2010-11-12 00:00:00.000000000,63 days 00:00:00.000000000,63 days 00:00:00.000000000,0 days 00:00:00.000000000
3576,2014-11-03 00:00:00.000000000,2014-11-03 00:00:00.000000000,2014-11-19 00:00:00.000000000,2014-01-21 00:00:00.000000000,2014-02-19 00:00:00.000000000,2014-02-19 00:00:00.000000000,2013-05-09 00:00:00.000000000,257 days 00:00:00.000000000,257 days 00:00:00.000000000,0 days 00:00:00.000000000
3577,2013-07-11 00:00:00.000000000,2013-07-11 00:00:00.000000000,2013-07-11 00:00:00.000000000,2013-02-13 00:00:00.000000000,2013-03-14 00:00:00.000000000,2013-03-14 00:00:00.000000000,2012-10-17 00:00:00.000000000,119 days 00:00:00.000000000,119 days 00:00:00.000000000,0 days 00:00:00.000000000
3578,2009-12-24 00:00:00.000000000,2009-12-24 00:00:00.000000000,2009-12-24 00:00:00.000000000,2009-12-09 00:00:00.000000000,2009-12-10 00:00:00.000000000,2009-12-10 00:00:00.000000000,2009-11-25 00:00:00.000000000,14 days 00:00:00.000000000,14 days 00:00:00.000000000,0 days 00:00:00.000000000
3579,2009-09-08 00:00:00.000000000,2009-09-08 00:00:00.000000000,2009-09-08 00:00:00.000000000,2009-06-30 00:00:00.000000000,2009-07-16 00:00:00.000000000,2009-07-16 00:00:00.000000000,2009-05-07 00:00:00.000000000,54 days 00:00:00.000000000,54 days 00:00:00.000000000,0 days 00:00:00.000000000
3580,2010-11-04 00:00:00.000000000,2010-11-04 00:00:00.000000000,2010-11-04 00:00:00.000000000,2010-06-02 00:00:00.000000000,2010-06-17 00:00:00.000000000,2010-06-17 00:00:00.000000000,2010-01-13 00:00:00.000000000,140 days 00:00:00.000000000,140 days 00:00:00.000000000,0 days 00:00:00.000000000
3581,2015-07-24 00:00:00.000000000,2015-07-24 00:00:00.000000000,2015-07-24 00:00:00.000000000,2014-09-11 00:00:00.000000000,2014-10-09 00:00:00.000000000,2014-10-09 00:00:00.000000000,2013-11-27 00:00:00.000000000,288 days 00:00:00.000000000,288 days 00:00:00.000000000,0 days 00:00:00.000000000
3582,2009-09-11 00:00:00.000000000,2009-09-11 00:00:00.000000000,2009-09-11 00:00:00.000000000,2009-05-07 00:00:00.000000000,2009-07-21 00:00:00.000000000,2009-07-21 00:00:00.000000000,2009-03-16 00:00:00.000000000,52 days 00:00:00.000000000,52 days 00:00:00.000000000,0 days 00:00:00.000000000
3583,2014-03-25 00:00:00.000000000,2014-03-25 00:00:00.000000000,2014-03-28 00:00:00.000000000,2013-12-16 00:00:00.000000000,2014-01-22 00:00:00.000000000,2014-01-22 00:00:00.000000000,2013-10-15 00:00:00.000000000,62 days 00:00:00.000000000,62 days 00:00:00.000000000,0 days 00:00:00.000000000
3584,2010-12-08 00:00:00.000000000,2010-12-08 00:00:00.000000000,2010-12-08 00:00:00.000000000,2010-03-18 00:00:00.000000000,2010-03-19 00:00:00.000000000,2010-03-19 00:00:00.000000000,2009-06-27 00:00:00.000000000,264 days 00:00:00.000000000,264 days 00:00:00.000000000,0 days 00:00:00.000000000
3585,2014-01-15 00:00:00.000000000,2014-01-15 00:00:00.000000000,2014-01-15 00:00:00.000000000,2013-10-16 00:00:00.000000000,2013-10-30 00:00:00.000000000,2013-10-30 00:00:00.000000000,2013-07-31 00:00:00.000000000,77 days 00:00:00.000000000,77 days 00:00:00.000000000,0 days 00:00:00.000000000
3586,2012-05-25 00:00:00.000000000,2012-05-25 00:00:00.000000000,2012-05-25 00:00:00.000000000,2011-08-04 00:00:00.000000000,2012-03-19 00:00:00.000000000,2012-03-19 00:00:00.000000000,2011-05-29 00:00:00.000000000,67 days 00:00:00.000000000,67 days 00:00:00.000000000,0 days 00:00:00.000000000
3587,2013-05-24 00:00:00.000000000,2013-05-24 00:00:00.000000000,2013-05-24 00:00:00.000000000,2012-12-13 00:00:00.000000000,2013-02-04 00:00:00.000000000,2013-02-04 00:00:00.000000000,2012-08-26 00:00:00.000000000,109 days 00:00:00.000000000,109 days 00:00:00.000000000,0 days 00:00:00.000000000
3588,2010-11-25 00:00:00.000000000,2010-11-25 00:00:00.000000000,2010-11-25 00:00:00.000000000,2010-06-02 00:00:00.000000000,2010-06-17 00:00:00.000000000,2010-06-17 00:00:00.000000000,2009-12-23 00:00:00.000000000,161 days 00:00:00.000000000,161 days 00:00:00.000000000,0 days 00:00:00.000000000
3589,2014-02-06 00:00:00.000000000,2014-02-06 00:00:00.000000000,2014-02-06 00:00:00.000000000,2013-10-08 00:00:00.000000000,2013-12-02 00:00:00.000000000,2013-12-02 00:00:00.000000000,2013-08-03 00:00:00.000000000,66 days 00:00:00.000000000,66 days 00:00:00.000000000,0 days 00:00:00.000000000
3590,2012-11-29 00:00:00.000000000,2012-11-29 00:00:00.000000000,2012-11-29 00:00:00.000000000,2012-10-03 00:00:00.000000000,2012-10-16 00:00:00.000000000,2012-10-16 00:00:00.000000000,2012-08-20 00:00:00.000000000,44 days 00:00:00.000000000,44 days 00:00:00.000000000,0 days 00:00:00.000000000
3591,2015-08-18 00:00:00.000000000,2015-08-18 00:00:00.000000000,2015-08-18 00:00:00.000000000,2015-01-20 00:00:00.000000000,2015-02-12 00:00:00.000000000,2015-02-12 00:00:00.000000000,2014-07-17 00:00:00.000000000,187 days 00:00:00.000000000,187 days 00:00:00.000000000,0 days 00:00:00.000000000
3592,2013-06-03 00:00:00.000000000,2013-06-03 00:00:00.000000000,2013-06-03 00:00:00.000000000,2013-01-29 00:00:00.000000000,2013-02-11 00:00:00.000000000,2013-02-11 00:00:00.000000000,2012-10-09 00:00:00.000000000,112 days 00:00:00.000000000,112 days 00:00:00.000000000,0 days 00:00:00.000000000
3593,2011-03-08 00:00:00.000000000,2011-03-08 00:00:00.000000000,2011-03-08 00:00:00.000000000,2010-11-10 00:00:00.000000000,2010-12-01 00:00:00.000000000,2010-12-01 00:00:00.000000000,2010-08-05 00:00:00.000000000,97 days 00:00:00.000000000,97 days 00:00:00.000000000,0 days 00:00:00.000000000
3594,2010-09-07 00:00:00.000000000,2010-09-07 00:00:00.000000000,2010-09-07 00:00:00.000000000,2010-06-25 00:00:00.000000000,2010-07-20 00:00:00.000000000,2010-07-20 00:00:00.000000000,2010-05-07 00:00:00.000000000,49 days 00:00:00.000000000,49 days 00:00:00.000000000,0 days 00:00:00.000000000
3595,2014-11-17 00:00:00.000000000,2014-11-17 00:00:00.000000000,2014-11-17 00:00:00.000000000,2014-05-11 00:00:00.000000000,2014-07-31 00:00:00.000000000,2014-07-31 00:00:00.000000000,2014-01-22 00:00:00.000000000,109 days 00:00:00.000000000,109 days 00:00:00.000000000,0 days 00:00:00.000000000
3596,2012-02-03 00:00:00.000000000,2012-02-03 00:00:00.000000000,2012-02-03 00:00:00.000000000,2011-08-29 00:00:00.000000000,2011-09-14 00:00:00.000000000,2011-09-14 00:00:00.000000000,2011-04-09 00:00:00.000000000,142 days 00:00:00.000000000,142 days 00:00:00.000000000,0 days 00:00:00.000000000
3597,2012-10-12 00:00:00.000000000,2012-10-12 00:00:00.000000000,2012-10-12 00:00:00.000000000,2012-04-11 00:00:00.000000000,2012-06-08 00:00:00.000000000,2012-06-08 00:00:00.000000000,2011-12-07 00:00:00.000000000,126 days 00:00:00.000000000,126 days 00:00:00.000000000,0 days 00:00:00.000000000
3598,2015-03-09 00:00:00.000000000,2015-03-09 00:00:00.000000000,2015-03-09 00:00:00.000000000,2014-09-11 00:00:00.000000000,2015-03-09 00:00:00.000000000,2015-03-09 00:00:00.000000000,2014-09-11 00:00:00.000000000,0 days 00:00:00.000000000,0 days 00:00:00.000000000,0 days 00:00:00.000000000
3599,2010-12-23 00:00:00.000000000,2010-12-23 00:00:00.000000000,2010-12-23 00:00:00.000000000,2010-09-03 00:00:00.000000000,2010-09-27 00:00:00.000000000,2010-09-27 00:00:00.000000000,2010-06-08 00:00:00.000000000,87 days 00:00:00.000000000,87 days 00:00:00.000000000,0 days 00:00:00.000000000
3600,2013-09-14 00:00:00.000000000,2013-09-14 00:00:00.000000000,2013-09-14 00:00:00.000000000,2013-07-08 00:00:00.000000000,2013-07-24 00:00:00.000000000,2013-07-24 00:00:00.000000000,2013-05-17 00:00:00.000000000,52 days 00:00:00.000000000,52 days 00:00:00.000000000,0 days 00:00:00.000000000
3601,2013-12-24 00:00:00.000000000,2013-12-24 00:00:00.000000000,2013-12-23 00:00:00.000000000,2013-07-11 00:00:00.000000000,2013-07-25 00:00:00.000000000,2013-07-25 00:00:00.000000000,2013-02-09 00:00:00.000000000,152 days 00:00:00.000000000,152 days 00:00:00.000000000,0 days 00:00:00.000000000
3602,2015-05-13 00:00:00.000000000,2015-05-13 00:00:00.000000000,2015-05-15 00:00:00.000000000,2014-10-22 00:00:00.000000000,2015-01-28 00:00:00.000000000,2015-01-28 00:00:00.000000000,2014-07-09 00:00:00.000000000,105 days 00:00:00.000000000,105 days 00:00:00.000000000,0 days 00:00:00.000000000
3603,2011-04-05 00:00:00.000000000,2011-04-05 00:00:00.000000000,2011-04-05 00:00:00.000000000,2010-08-31 00:00:00.000000000,2010-09-21 00:00:00.000000000,2010-09-21 00:00:00.000000000,2010-02-16 00:00:00.000000000,196 days 00:00:00.000000000,196 days 00:00:00.000000000,0 days 00:00:00.000000000
3604,2014-08-27 00:00:00.000000000,2014-08-27 00:00:00.000000000,2014-08-27 00:00:00.000000000,2013-07-11 00:00:00.000000000,2014-08-27 00:00:00.000000000,2014-08-27 00:00:00.000000000,2013-07-11 00:00:00.000000000,0 days 00:00:00.000000000,0 days 00:00:00.000000000,0 days 00:00:00.000000000
3605,2009-10-08 00:00:00.000000000,2009-10-08 00:00:00.000000000,2009-10-08 00:00:00.000000000,2009-05-07 00:00:00.000000000,2009-08-03 00:00:00.000000000,2009-08-03 00:00:00.000000000,2009-03-02 00:00:00.000000000,66 days 00:00:00.000000000,66 days 00:00:00.000000000,0 days 00:00:00.000000000
3606,2012-05-31 00:00:00.000000000,2012-05-31 00:00:00.000000000,2012-05-31 00:00:00.000000000,2012-01-19 00:00:00.000000000,2012-02-06 00:00:00.000000000,2012-02-06 00:00:00.000000000,2011-09-26 00:00:00.000000000,115 days 00:00:00.000000000,115 days 00:00:00.000000000,0 days 00:00:00.000000000
3607,2013-08-05 00:00:00.000000000,2013-08-05 00:00:00.000000000,2013-08-05 00:00:00.000000000,2013-05-02 00:00:00.000000000,2013-05-22 00:00:00.000000000,2013-05-22 00:00:00.000000000,2013-02-16 00:00:00.000000000,75 days 00:00:00.000000000,75 days 00:00:00.000000000,0 days 00:00:00.000000000
3608,2009-10-23 00:00:00.000000000,2009-10-23 00:00:00.000000000,2009-10-23 00:00:00.000000000,2009-07-20 00:00:00.000000000,2009-09-03 00:00:00.000000000,2009-09-03 00:00:00.000000000,2009-05-31 00:00:00.000000000,50 days 00:00:00.000000000,50 days 00:00:00.000000000,0 days 00:00:00.000000000
3609,2011-11-04 00:00:00.000000000,2011-11-04 00:00:00.000000000,2011-11-04 00:00:00.000000000,2011-08-05 00:00:00.000000000,2011-08-28 00:00:00.000000000,2011-08-28 00:00:00.000000000,2011-05-29 00:00:00.000000000,68 days 00:00:00.000000000,68 days 00:00:00.000000000,0 days 00:00:00.000000000
3610,2012-11-01 00:00:00.000000000,2012-11-01 00:00:00.000000000,2012-11-01 00:00:00.000000000,2012-07-26 00:00:00.000000000,2012-08-09 00:00:00.000000000,2012-08-09 00:00:00.000000000,2012-05-03 00:00:00.000000000,84 days 00:00:00.000000000,84 days 00:00:00.000000000,0 days 00:00:00.000000000
3611,2010-04-01 00:00:00.000000000,2010-04-01 00:00:00.000000000,2010-04-01 00:00:00.000000000,2009-01-04 00:00:00.000000000,2010-01-12 00:00:00.000000000,2010-01-12 00:00:00.000000000,2008-10-17 00:00:00.000000000,79 days 00:00:00.000000000,79 days 00:00:00.000000000,0 days 00:00:00.000000000
3612,2014-03-20 00:00:00.000000000,2014-03-20 00:00:00.000000000,2014-03-20 00:00:00.000000000,2013-05-03 00:00:00.000000000,2013-12-19 00:00:00.000000000,2013-12-19 00:00:00.000000000,2013-02-01 00:00:00.000000000,91 days 00:00:00.000000000,91 days 00:00:00.000000000,0 days 00:00:00.000000000
3613,2011-08-08 00:00:00.000000000,2011-08-08 00:00:00.000000000,2011-08-08 00:00:00.000000000,2011-03-28 00:00:00.000000000,2011-06-17 00:00:00.000000000,2011-06-17 00:00:00.000000000,2011-02-04 00:00:00.000000000,52 days 00:00:00.000000000,52 days 00:00:00.000000000,0 days 00:00:00.000000000
3614,2009-10-08 00:00:00.000000000,2009-10-08 00:00:00.000000000,2009-10-08 00:00:00.000000000,2009-05-07 00:00:00.000000000,2009-09-22 00:00:00.000000000,2009-09-22 00:00:00.000000000,2009-04-21 00:00:00.000000000,16 days 00:00:00.000000000,16 days 00:00:00.000000000,0 days 00:00:00.000000000
3615,2015-04-28 00:00:00.000000000,2015-04-28 00:00:00.000000000,2015-04-28 00:00:00.000000000,2014-04-30 00:00:00.000000000,2015-04-28 00:00:00.000000000,2015-04-28 00:00:00.000000000,2014-04-30 00:00:00.000000000,0 days 00:00:00.000000000,0 days 00:00:00.000000000,0 days 00:00:00.000000000
3616,2011-02-28 00:00:00.000000000,2011-02-28 00:00:00.000000000,2011-02-28 00:00:00.000000000,2010-09-30 00:00:00.000000000,2010-10-14 00:00:00.000000000,2010-10-14 00:00:00.000000000,2010-05-16 00:00:00.000000000,137 days 00:00:00.000000000,137 days 00:00:00.000000000,0 days 00:00:00.000000000
3617,2015-02-05 00:00:00.000000000,2015-02-05 00:00:00.000000000,2015-02-24 00:00:00.000000000,2014-07-09 00:00:00.000000000,2014-11-24 00:00:00.000000000,2014-11-24 00:00:00.000000000,2014-04-27 00:00:00.000000000,73 days 00:00:00.000000000,73 days 00:00:00.000000000,0 days 00:00:00.000000000
3618,2015-03-27 00:00:00.000000000,2015-03-26 00:00:00.000000000,2015-03-30 00:00:00.000000000,2014-09-24 00:00:00.000000000,2014-11-14 00:00:00.000000000,2014-11-14 00:00:00.000000000,2014-05-14 00:00:00.000000000,133 days 00:00:00.000000000,132 days 00:00:00.000000000,-1 days +00:00:00.000000000
3619,2012-12-10 00:00:00.000000000,2012-12-10 00:00:00.000000000,2012-12-10 00:00:00.000000000,2012-07-05 00:00:00.000000000,2012-07-18 00:00:00.000000000,2012-07-18 00:00:00.000000000,2012-02-11 00:00:00.000000000,145 days 00:00:00.000000000,145 days 00:00:00.000000000,0 days 00:00:00.000000000
3620,2010-02-24 00:00:00.000000000,2010-02-24 00:00:00.000000000,2010-02-24 00:00:00.000000000,2009-11-03 00:00:00.000000000,2009-11-24 00:00:00.000000000,2009-11-24 00:00:00.000000000,2009-08-03 00:00:00.000000000,92 days 00:00:00.000000000,92 days 00:00:00.000000000,0 days 00:00:00.000000000
3621,2015-09-03 00:00:00.000000000,2015-09-03 00:00:00.000000000,2015-09-03 00:00:00.000000000,2015-04-14 00:00:00.000000000,2015-05-13 00:00:00.000000000,2015-05-13 00:00:00.000000000,2014-12-22 00:00:00.000000000,113 days 00:00:00.000000000,113 days 00:00:00.000000000,0 days 00:00:00.000000000
3622,2012-11-29 00:00:00.000000000,2012-11-29 00:00:00.000000000,2012-11-29 00:00:00.000000000,2012-04-11 00:00:00.000000000,2012-06-15 00:00:00.000000000,2012-06-15 00:00:00.000000000,2011-10-27 00:00:00.000000000,167 days 00:00:00.000000000,167 days 00:00:00.000000000,0 days 00:00:00.000000000
3623,2015-07-02 00:00:00.000000000,2015-07-02 00:00:00.000000000,2015-07-30 00:00:00.000000000,2015-03-10 00:00:00.000000000,2015-03-16 00:00:00.000000000,2015-03-16 00:00:00.000000000,2014-11-22 00:00:00.000000000,108 days 00:00:00.000000000,108 days 00:00:00.000000000,0 days 00:00:00.000000000
3624,2015-05-09 00:00:00.000000000,2015-05-09 00:00:00.000000000,2015-05-11 00:00:00.000000000,2014-10-22 00:00:00.000000000,2014-12-31 00:00:00.000000000,2014-12-31 00:00:00.000000000,2014-06-15 00:00:00.000000000,129 days 00:00:00.000000000,129 days 00:00:00.000000000,0 days 00:00:00.000000000
3625,2010-06-28 00:00:00.000000000,2010-06-28 00:00:00.000000000,2010-06-28 00:00:00.000000000,2010-05-26 00:00:00.000000000,2010-06-01 00:00:00.000000000,2010-06-01 00:00:00.000000000,2010-04-29 00:00:00.000000000,27 days 00:00:00.000000000,27 days 00:00:00.000000000,0 days 00:00:00.000000000
3626,2012-12-20 00:00:00.000000000,2012-12-20 00:00:00.000000000,2012-12-20 00:00:00.000000000,2012-05-14 00:00:00.000000000,2012-07-03 00:00:00.000000000,2012-07-03 00:00:00.000000000,2011-11-26 00:00:00.000000000,170 days 00:00:00.000000000,170 days 00:00:00.000000000,0 days 00:00:00.000000000
3627,2012-11-26 00:00:00.000000000,2012-11-26 00:00:00.000000000,2012-11-26 00:00:00.000000000,2012-04-11 00:00:00.000000000,2012-06-12 00:00:00.000000000,2012-06-12 00:00:00.000000000,2011-10-27 00:00:00.000000000,167 days 00:00:00.000000000,167 days 00:00:00.000000000,0 days 00:00:00.000000000
3628,2014-10-14 00:00:00.000000000,2014-10-14 00:00:00.000000000,2014-10-20 00:00:00.000000000,2014-03-20 00:00:00.000000000,2014-04-30 00:00:00.000000000,2014-04-30 00:00:00.000000000,2013-10-04 00:00:00.000000000,167 days 00:00:00.000000000,167 days 00:00:00.000000000,0 days 00:00:00.000000000
3629,2013-04-16 00:00:00.000000000,2013-04-16 00:00:00.000000000,2013-04-16 00:00:00.000000000,2013-03-18 00:00:00.000000000,1900-01-01 00:00:00.000000000,2013-04-09 00:00:00.000000000,2013-03-11 00:00:00.000000000,7 days 00:00:00.000000000,7 days 00:00:00.000000000,0 days 00:00:00.000000000
3630,2015-07-13 00:00:00.000000000,2015-07-13 00:00:00.000000000,2015-07-14 00:00:00.000000000,2015-01-28 00:00:00.000000000,2015-02-17 00:00:00.000000000,2015-02-17 00:00:00.000000000,2014-09-04 00:00:00.000000000,146 days 00:00:00.000000000,146 days 00:00:00.000000000,0 days 00:00:00.000000000
3631,2013-07-29 00:00:00.000000000,2013-07-29 00:00:00.000000000,2013-07-29 00:00:00.000000000,2012-11-16 00:00:00.000000000,2012-12-06 00:00:00.000000000,2012-12-06 00:00:00.000000000,2012-03-26 00:00:00.000000000,235 days 00:00:00.000000000,235 days 00:00:00.000000000,0 days 00:00:00.000000000
3632,2013-07-11 00:00:00.000000000,2013-07-11 00:00:00.000000000,2013-07-11 00:00:00.000000000,2013-04-23 00:00:00.000000000,2013-05-09 00:00:00.000000000,2013-05-09 00:00:00.000000000,2013-02-19 00:00:00.000000000,63 days 00:00:00.000000000,63 days 00:00:00.000000000,0 days 00:00:00.000000000
3633,2011-01-31 00:00:00.000000000,2011-01-31 00:00:00.000000000,2011-01-31 00:00:00.000000000,2010-08-31 00:00:00.000000000,2010-09-24 00:00:00.000000000,2010-09-24 00:00:00.000000000,2010-04-24 00:00:00.000000000,129 days 00:00:00.000000000,129 days 00:00:00.000000000,0 days 00:00:00.000000000
3634,2014-07-17 00:00:00.000000000,2014-07-24 00:00:00.000000000,2014-07-31 00:00:00.000000000,2014-03-24 00:00:00.000000000,2014-04-23 00:00:00.000000000,2014-04-23 00:00:00.000000000,2013-12-29 00:00:00.000000000,85 days 00:00:00.000000000,92 days 00:00:00.000000000,7 days 00:00:00.000000000
3635,2013-07-15 00:00:00.000000000,2013-07-15 00:00:00.000000000,2013-07-15 00:00:00.000000000,2013-04-23 00:00:00.000000000,2013-05-09 00:00:00.000000000,2013-05-09 00:00:00.000000000,2013-02-15 00:00:00.000000000,67 days 00:00:00.000000000,67 days 00:00:00.000000000,0 days 00:00:00.000000000
3636,2009-10-19 00:00:00.000000000,2009-10-19 00:00:00.000000000,2009-10-19 00:00:00.000000000,2009-10-08 00:00:00.000000000,2009-10-15 00:00:00.000000000,2009-10-15 00:00:00.000000000,2009-10-04 00:00:00.000000000,4 days 00:00:00.000000000,4 days 00:00:00.000000000,0 days 00:00:00.000000000
3637,2013-06-10 00:00:00.000000000,2013-06-10 00:00:00.000000000,2013-06-10 00:00:00.000000000,2013-01-30 00:00:00.000000000,2013-03-11 00:00:00.000000000,2013-03-11 00:00:00.000000000,2012-10-31 00:00:00.000000000,91 days 00:00:00.000000000,91 days 00:00:00.000000000,0 days 00:00:00.000000000
3638,2010-10-20 00:00:00.000000000,2010-10-20 00:00:00.000000000,2010-10-20 00:00:00.000000000,2010-09-20 00:00:00.000000000,2010-09-21 00:00:00.000000000,2010-09-21 00:00:00.000000000,2010-08-22 00:00:00.000000000,29 days 00:00:00.000000000,29 days 00:00:00.000000000,0 days 00:00:00.000000000
3639,2010-12-21 00:00:00.000000000,2010-12-21 00:00:00.000000000,2010-12-21 00:00:00.000000000,2010-09-30 00:00:00.000000000,2010-10-14 00:00:00.000000000,2010-10-14 00:00:00.000000000,2010-07-24 00:00:00.000000000,68 days 00:00:00.000000000,68 days 00:00:00.000000000,0 days 00:00:00.000000000
3640,2015-02-19 00:00:00.000000000,2015-02-19 00:00:00.000000000,2015-02-19 00:00:00.000000000,2014-04-30 00:00:00.000000000,2014-05-08 00:00:00.000000000,2014-05-08 00:00:00.000000000,2013-07-17 00:00:00.000000000,287 days 00:00:00.000000000,287 days 00:00:00.000000000,0 days 00:00:00.000000000
3641,2013-03-28 00:00:00.000000000,2013-03-28 00:00:00.000000000,2013-03-28 00:00:00.000000000,2012-12-13 00:00:00.000000000,2013-02-05 00:00:00.000000000,2013-02-05 00:00:00.000000000,2012-10-23 00:00:00.000000000,51 days 00:00:00.000000000,51 days 00:00:00.000000000,0 days 00:00:00.000000000
3642,2010-12-08 00:00:00.000000000,2010-12-08 00:00:00.000000000,2010-12-08 00:00:00.000000000,2010-06-23 00:00:00.000000000,2010-07-01 00:00:00.000000000,2010-07-01 00:00:00.000000000,2010-01-14 00:00:00.000000000,160 days 00:00:00.000000000,160 days 00:00:00.000000000,0 days 00:00:00.000000000
3643,2010-12-17 00:00:00.000000000,2010-12-17 00:00:00.000000000,2010-12-17 00:00:00.000000000,2010-10-29 00:00:00.000000000,2010-11-09 00:00:00.000000000,2010-11-09 00:00:00.000000000,2010-09-21 00:00:00.000000000,38 days 00:00:00.000000000,38 days 00:00:00.000000000,0 days 00:00:00.000000000
3644,2013-08-28 00:00:00.000000000,2013-08-28 00:00:00.000000000,2013-08-28 00:00:00.000000000,2013-06-21 00:00:00.000000000,2013-06-28 00:00:00.000000000,2013-06-28 00:00:00.000000000,2013-04-21 00:00:00.000000000,61 days 00:00:00.000000000,61 days 00:00:00.000000000,0 days 00:00:00.000000000
3645,2014-02-06 00:00:00.000000000,2014-02-06 00:00:00.000000000,2014-02-06 00:00:00.000000000,2013-10-08 00:00:00.000000000,2013-12-02 00:00:00.000000000,2013-12-02 00:00:00.000000000,2013-08-03 00:00:00.000000000,66 days 00:00:00.000000000,66 days 00:00:00.000000000,0 days 00:00:00.000000000
3646,2015-02-12 00:00:00.000000000,2015-02-12 00:00:00.000000000,2015-02-12 00:00:00.000000000,2014-09-11 00:00:00.000000000,2015-02-12 00:00:00.000000000,2015-02-12 00:00:00.000000000,2014-09-11 00:00:00.000000000,0 days 00:00:00.000000000,0 days 00:00:00.000000000,0 days 00:00:00.000000000
3647,2011-09-15 00:00:00.000000000,2011-09-15 00:00:00.000000000,2011-09-15 00:00:00.000000000,2010-10-26 00:00:00.000000000,2010-11-10 00:00:00.000000000,2010-11-10 00:00:00.000000000,2009-12-21 00:00:00.000000000,309 days 00:00:00.000000000,309 days 00:00:00.000000000,0 days 00:00:00.000000000
3648,2013-03-12 00:00:00.000000000,2013-03-12 00:00:00.000000000,2013-03-12 00:00:00.000000000,2012-12-13 00:00:00.000000000,2013-01-11 00:00:00.000000000,2013-01-11 00:00:00.000000000,2012-10-14 00:00:00.000000000,60 days 00:00:00.000000000,60 days 00:00:00.000000000,0 days 00:00:00.000000000
3649,2014-10-02 00:00:00.000000000,2014-10-02 00:00:00.000000000,2014-10-03 00:00:00.000000000,2014-04-11 00:00:00.000000000,2014-05-16 00:00:00.000000000,2014-05-16 00:00:00.000000000,2013-11-23 00:00:00.000000000,139 days 00:00:00.000000000,139 days 00:00:00.000000000,0 days 00:00:00.000000000
3650,2013-07-11 00:00:00.000000000,2013-07-11 00:00:00.000000000,2013-07-11 00:00:00.000000000,2013-04-23 00:00:00.000000000,2013-05-09 00:00:00.000000000,2013-05-09 00:00:00.000000000,2013-02-19 00:00:00.000000000,63 days 00:00:00.000000000,63 days 00:00:00.000000000,0 days 00:00:00.000000000
3651,2009-11-25 00:00:00.000000000,2009-11-25 00:00:00.000000000,2009-11-25 00:00:00.000000000,2009-08-21 00:00:00.000000000,2009-09-14 00:00:00.000000000,2009-09-14 00:00:00.000000000,2009-06-10 00:00:00.000000000,72 days 00:00:00.000000000,72 days 00:00:00.000000000,0 days 00:00:00.000000000
3652,2010-11-03 00:00:00.000000000,2010-11-03 00:00:00.000000000,2010-11-03 00:00:00.000000000,2010-06-23 00:00:00.000000000,2010-06-30 00:00:00.000000000,2010-06-30 00:00:00.000000000,2010-02-17 00:00:00.000000000,126 days 00:00:00.000000000,126 days 00:00:00.000000000,0 days 00:00:00.000000000
3653,2012-08-22 00:00:00.000000000,2012-08-22 00:00:00.000000000,2012-08-22 00:00:00.000000000,2012-02-13 00:00:00.000000000,2012-07-04 00:00:00.000000000,2012-07-04 00:00:00.000000000,2011-12-26 00:00:00.000000000,49 days 00:00:00.000000000,49 days 00:00:00.000000000,0 days 00:00:00.000000000
3654,2011-04-08 00:00:00.000000000,2011-04-08 00:00:00.000000000,2011-04-08 00:00:00.000000000,2010-09-03 00:00:00.000000000,2010-09-27 00:00:00.000000000,2010-09-27 00:00:00.000000000,2010-02-22 00:00:00.000000000,193 days 00:00:00.000000000,193 days 00:00:00.000000000,0 days 00:00:00.000000000
3655,2015-02-06 00:00:00.000000000,2015-02-06 00:00:00.000000000,2015-02-06 00:00:00.000000000,2014-09-24 00:00:00.000000000,2014-11-14 00:00:00.000000000,2014-11-14 00:00:00.000000000,2014-07-02 00:00:00.000000000,84 days 00:00:00.000000000,84 days 00:00:00.000000000,0 days 00:00:00.000000000
3656,2012-09-09 00:00:00.000000000,2012-09-09 00:00:00.000000000,2012-09-09 00:00:00.000000000,2012-07-05 00:00:00.000000000,2012-07-16 00:00:00.000000000,2012-07-16 00:00:00.000000000,2012-05-11 00:00:00.000000000,55 days 00:00:00.000000000,55 days 00:00:00.000000000,0 days 00:00:00.000000000
3657,2012-09-04 00:00:00.000000000,2012-09-04 00:00:00.000000000,2012-09-04 00:00:00.000000000,2012-05-28 00:00:00.000000000,2012-06-13 00:00:00.000000000,2012-06-13 00:00:00.000000000,2012-03-06 00:00:00.000000000,83 days 00:00:00.000000000,83 days 00:00:00.000000000,0 days 00:00:00.000000000
3658,2013-07-15 00:00:00.000000000,2013-07-15 00:00:00.000000000,2013-07-15 00:00:00.000000000,2013-04-23 00:00:00.000000000,2013-05-09 00:00:00.000000000,2013-05-09 00:00:00.000000000,2013-02-15 00:00:00.000000000,67 days 00:00:00.000000000,67 days 00:00:00.000000000,0 days 00:00:00.000000000
3659,2014-08-05 00:00:00.000000000,2014-08-05 00:00:00.000000000,2014-08-05 00:00:00.000000000,2014-04-30 00:00:00.000000000,2014-08-05 00:00:00.000000000,2014-08-05 00:00:00.000000000,2014-04-30 00:00:00.000000000,0 days 00:00:00.000000000,0 days 00:00:00.000000000,0 days 00:00:00.000000000
3660,2010-08-03 00:00:00.000000000,2010-08-03 00:00:00.000000000,2010-08-03 00:00:00.000000000,2010-03-22 00:00:00.000000000,2010-03-29 00:00:00.000000000,2010-03-29 00:00:00.000000000,2009-11-15 00:00:00.000000000,127 days 00:00:00.000000000,127 days 00:00:00.000000000,0 days 00:00:00.000000000
3661,2012-10-19 00:00:00.000000000,2012-10-19 00:00:00.000000000,2012-10-19 00:00:00.000000000,2012-07-05 00:00:00.000000000,2012-07-31 00:00:00.000000000,2012-07-31 00:00:00.000000000,2012-04-16 00:00:00.000000000,80 days 00:00:00.000000000,80 days 00:00:00.000000000,0 days 00:00:00.000000000
3662,2013-07-17 00:00:00.000000000,2013-07-17 00:00:00.000000000,2013-07-17 00:00:00.000000000,2013-04-26 00:00:00.000000000,2013-05-21 00:00:00.000000000,2013-05-21 00:00:00.000000000,2013-02-28 00:00:00.000000000,57 days 00:00:00.000000000,57 days 00:00:00.000000000,0 days 00:00:00.000000000
3663,2012-09-20 00:00:00.000000000,2012-09-20 00:00:00.000000000,2012-09-20 00:00:00.000000000,2012-05-18 00:00:00.000000000,2012-06-20 00:00:00.000000000,2012-06-20 00:00:00.000000000,2012-02-16 00:00:00.000000000,92 days 00:00:00.000000000,92 days 00:00:00.000000000,0 days 00:00:00.000000000
3664,2013-11-20 00:00:00.000000000,2013-11-20 00:00:00.000000000,2013-11-21 00:00:00.000000000,2013-08-20 00:00:00.000000000,2013-09-11 00:00:00.000000000,2013-09-11 00:00:00.000000000,2013-06-11 00:00:00.000000000,70 days 00:00:00.000000000,70 days 00:00:00.000000000,0 days 00:00:00.000000000
3665,2015-06-03 00:00:00.000000000,2015-06-03 00:00:00.000000000,2015-06-05 00:00:00.000000000,2014-12-29 00:00:00.000000000,2015-02-20 00:00:00.000000000,2015-02-20 00:00:00.000000000,2014-09-17 00:00:00.000000000,103 days 00:00:00.000000000,103 days 00:00:00.000000000,0 days 00:00:00.000000000
3666,2013-05-03 00:00:00.000000000,2013-05-03 00:00:00.000000000,2013-05-03 00:00:00.000000000,2013-01-30 00:00:00.000000000,2013-02-11 00:00:00.000000000,2013-02-11 00:00:00.000000000,2012-11-10 00:00:00.000000000,81 days 00:00:00.000000000,81 days 00:00:00.000000000,0 days 00:00:00.000000000
3667,2012-03-13 00:00:00.000000000,2012-03-13 00:00:00.000000000,2012-03-13 00:00:00.000000000,2012-01-13 00:00:00.000000000,2012-01-19 00:00:00.000000000,2012-01-19 00:00:00.000000000,2011-11-20 00:00:00.000000000,54 days 00:00:00.000000000,54 days 00:00:00.000000000,0 days 00:00:00.000000000
3668,2009-10-28 00:00:00.000000000,2009-10-28 00:00:00.000000000,2009-10-28 00:00:00.000000000,2009-05-07 00:00:00.000000000,2009-09-22 00:00:00.000000000,2009-09-22 00:00:00.000000000,2009-04-01 00:00:00.000000000,36 days 00:00:00.000000000,36 days 00:00:00.000000000,0 days 00:00:00.000000000
3669,2010-09-06 00:00:00.000000000,2010-09-06 00:00:00.000000000,2010-09-06 00:00:00.000000000,2010-03-30 00:00:00.000000000,2010-06-08 00:00:00.000000000,2010-06-08 00:00:00.000000000,2009-12-30 00:00:00.000000000,90 days 00:00:00.000000000,90 days 00:00:00.000000000,0 days 00:00:00.000000000
3670,2015-03-11 00:00:00.000000000,2015-03-26 00:00:00.000000000,2015-04-01 00:00:00.000000000,2014-08-19 00:00:00.000000000,2014-09-19 00:00:00.000000000,2014-09-19 00:00:00.000000000,2014-02-27 00:00:00.000000000,173 days 00:00:00.000000000,188 days 00:00:00.000000000,15 days 00:00:00.000000000
3671,2011-06-28 00:00:00.000000000,2011-06-28 00:00:00.000000000,2011-06-28 00:00:00.000000000,2011-04-03 00:00:00.000000000,2011-04-28 00:00:00.000000000,2011-04-28 00:00:00.000000000,2011-02-01 00:00:00.000000000,61 days 00:00:00.000000000,61 days 00:00:00.000000000,0 days 00:00:00.000000000
3672,2013-04-16 00:00:00.000000000,2013-04-16 00:00:00.000000000,2013-04-16 00:00:00.000000000,2013-03-18 00:00:00.000000000,1900-01-01 00:00:00.000000000,2013-04-09 00:00:00.000000000,2013-03-11 00:00:00.000000000,7 days 00:00:00.000000000,7 days 00:00:00.000000000,0 days 00:00:00.000000000
3673,2013-02-01 00:00:00.000000000,2013-02-01 00:00:00.000000000,2013-02-01 00:00:00.000000000,2012-10-05 00:00:00.000000000,2012-10-16 00:00:00.000000000,2012-10-16 00:00:00.000000000,2012-06-19 00:00:00.000000000,108 days 00:00:00.000000000,108 days 00:00:00.000000000,0 days 00:00:00.000000000
3674,2013-12-23 00:00:00.000000000,2013-12-16 00:00:00.000000000,2013-12-16 00:00:00.000000000,2013-08-13 00:00:00.000000000,2013-11-01 00:00:00.000000000,2013-11-01 00:00:00.000000000,2013-06-22 00:00:00.000000000,52 days 00:00:00.000000000,45 days 00:00:00.000000000,-7 days +00:00:00.000000000
3675,2012-12-25 00:00:00.000000000,2012-12-25 00:00:00.000000000,2012-12-25 00:00:00.000000000,2012-09-20 00:00:00.000000000,2012-10-05 00:00:00.000000000,2012-10-05 00:00:00.000000000,2012-07-01 00:00:00.000000000,81 days 00:00:00.000000000,81 days 00:00:00.000000000,0 days 00:00:00.000000000
3676,2015-07-24 00:00:00.000000000,2015-07-24 00:00:00.000000000,2015-07-24 00:00:00.000000000,2014-09-11 00:00:00.000000000,2014-10-09 00:00:00.000000000,2014-10-09 00:00:00.000000000,2013-11-27 00:00:00.000000000,288 days 00:00:00.000000000,288 days 00:00:00.000000000,0 days 00:00:00.000000000
3677,2010-05-03 00:00:00.000000000,2010-04-23 00:00:00.000000000,2010-04-23 00:00:00.000000000,2009-12-16 00:00:00.000000000,2009-12-22 00:00:00.000000000,2009-12-22 00:00:00.000000000,2009-08-06 00:00:00.000000000,132 days 00:00:00.000000000,122 days 00:00:00.000000000,-10 days +00:00:00.000000000
3678,2011-12-20 00:00:00.000000000,2011-12-20 00:00:00.000000000,2011-12-20 00:00:00.000000000,2011-08-31 00:00:00.000000000,2011-09-22 00:00:00.000000000,2011-09-22 00:00:00.000000000,2011-06-03 00:00:00.000000000,89 days 00:00:00.000000000,89 days 00:00:00.000000000,0 days 00:00:00.000000000
3679,2012-05-15 00:00:00.000000000,2012-05-15 00:00:00.000000000,2012-05-15 00:00:00.000000000,2011-12-15 00:00:00.000000000,2012-01-16 00:00:00.000000000,2012-01-16 00:00:00.000000000,2011-08-17 00:00:00.000000000,120 days 00:00:00.000000000,120 days 00:00:00.000000000,0 days 00:00:00.000000000
3680,2012-11-06 00:00:00.000000000,2012-11-08 00:00:00.000000000,2012-11-08 00:00:00.000000000,2012-07-17 00:00:00.000000000,2012-08-13 00:00:00.000000000,2012-08-13 00:00:00.000000000,2012-04-23 00:00:00.000000000,85 days 00:00:00.000000000,87 days 00:00:00.000000000,2 days 00:00:00.000000000
3681,2010-09-07 00:00:00.000000000,2010-10-15 00:00:00.000000000,2010-10-15 00:00:00.000000000,2010-03-18 00:00:00.000000000,2010-03-19 00:00:00.000000000,2010-03-19 00:00:00.000000000,2009-09-27 00:00:00.000000000,172 days 00:00:00.000000000,210 days 00:00:00.000000000,38 days 00:00:00.000000000
3682,2009-12-29 00:00:00.000000000,2009-12-29 00:00:00.000000000,2009-12-29 00:00:00.000000000,2009-12-17 00:00:00.000000000,2009-12-23 00:00:00.000000000,2009-12-23 00:00:00.000000000,2009-12-11 00:00:00.000000000,6 days 00:00:00.000000000,6 days 00:00:00.000000000,0 days 00:00:00.000000000
3683,2015-07-24 00:00:00.000000000,2015-07-24 00:00:00.000000000,2015-07-24 00:00:00.000000000,2014-09-11 00:00:00.000000000,2014-10-09 00:00:00.000000000,2014-10-09 00:00:00.000000000,2013-11-27 00:00:00.000000000,288 days 00:00:00.000000000,288 days 00:00:00.000000000,0 days 00:00:00.000000000
3684,2011-12-13 00:00:00.000000000,2011-12-13 00:00:00.000000000,2011-12-13 00:00:00.000000000,2011-08-19 00:00:00.000000000,2011-08-29 00:00:00.000000000,2011-08-29 00:00:00.000000000,2011-05-05 00:00:00.000000000,106 days 00:00:00.000000000,106 days 00:00:00.000000000,0 days 00:00:00.000000000
3685,2014-08-29 00:00:00.000000000,2014-08-29 00:00:00.000000000,2014-08-29 00:00:00.000000000,2013-07-11 00:00:00.000000000,2014-08-29 00:00:00.000000000,2014-08-29 00:00:00.000000000,2013-07-11 00:00:00.000000000,0 days 00:00:00.000000000,0 days 00:00:00.000000000,0 days 00:00:00.000000000
3686,2009-12-28 00:00:00.000000000,2009-12-28 00:00:00.000000000,2009-12-28 00:00:00.000000000,2009-12-17 00:00:00.000000000,2009-12-23 00:00:00.000000000,2009-12-23 00:00:00.000000000,2009-12-12 00:00:00.000000000,5 days 00:00:00.000000000,5 days 00:00:00.000000000,0 days 00:00:00.000000000
3687,2011-03-08 00:00:00.000000000,2011-03-08 00:00:00.000000000,2011-03-08 00:00:00.000000000,2010-11-10 00:00:00.000000000,2010-12-01 00:00:00.000000000,2010-12-01 00:00:00.000000000,2010-08-05 00:00:00.000000000,97 days 00:00:00.000000000,97 days 00:00:00.000000000,0 days 00:00:00.000000000
3688,2013-10-24 00:00:00.000000000,2013-10-24 00:00:00.000000000,2013-10-24 00:00:00.000000000,2013-04-19 00:00:00.000000000,2013-04-25 00:00:00.000000000,2013-04-25 00:00:00.000000000,2012-10-19 00:00:00.000000000,182 days 00:00:00.000000000,182 days 00:00:00.000000000,0 days 00:00:00.000000000
3689,2011-06-01 00:00:00.000000000,2011-06-01 00:00:00.000000000,2011-06-01 00:00:00.000000000,2010-12-27 00:00:00.000000000,2011-03-02 00:00:00.000000000,2011-03-02 00:00:00.000000000,2010-09-27 00:00:00.000000000,91 days 00:00:00.000000000,91 days 00:00:00.000000000,0 days 00:00:00.000000000
3690,2015-02-03 00:00:00.000000000,2015-02-03 00:00:00.000000000,2015-02-24 00:00:00.000000000,2014-11-14 00:00:00.000000000,2014-11-17 00:00:00.000000000,2014-11-17 00:00:00.000000000,2014-08-28 00:00:00.000000000,78 days 00:00:00.000000000,78 days 00:00:00.000000000,0 days 00:00:00.000000000
3691,2012-02-03 00:00:00.000000000,2012-02-03 00:00:00.000000000,2012-02-03 00:00:00.000000000,2011-08-29 00:00:00.000000000,2011-09-14 00:00:00.000000000,2011-09-14 00:00:00.000000000,2011-04-09 00:00:00.000000000,142 days 00:00:00.000000000,142 days 00:00:00.000000000,0 days 00:00:00.000000000
3692,2015-03-23 00:00:00.000000000,2015-03-26 00:00:00.000000000,2015-03-26 00:00:00.000000000,2014-10-30 00:00:00.000000000,2014-12-08 00:00:00.000000000,2014-12-08 00:00:00.000000000,2014-07-17 00:00:00.000000000,105 days 00:00:00.000000000,108 days 00:00:00.000000000,3 days 00:00:00.000000000
3693,2015-08-28 00:00:00.000000000,2015-08-28 00:00:00.000000000,2015-08-30 00:00:00.000000000,2014-10-09 00:00:00.000000000,2014-12-15 00:00:00.000000000,2014-12-15 00:00:00.000000000,2014-01-26 00:00:00.000000000,256 days 00:00:00.000000000,256 days 00:00:00.000000000,0 days 00:00:00.000000000
3694,2010-12-13 00:00:00.000000000,2010-12-13 00:00:00.000000000,2010-12-13 00:00:00.000000000,2010-06-02 00:00:00.000000000,2010-06-17 00:00:00.000000000,2010-06-17 00:00:00.000000000,2009-12-05 00:00:00.000000000,179 days 00:00:00.000000000,179 days 00:00:00.000000000,0 days 00:00:00.000000000
3695,2013-09-16 00:00:00.000000000,2013-09-16 00:00:00.000000000,2013-09-16 00:00:00.000000000,2013-05-03 00:00:00.000000000,2013-08-19 00:00:00.000000000,2013-08-19 00:00:00.000000000,2013-04-05 00:00:00.000000000,28 days 00:00:00.000000000,28 days 00:00:00.000000000,0 days 00:00:00.000000000
3696,2014-06-26 00:00:00.000000000,2014-06-26 00:00:00.000000000,2014-06-26 00:00:00.000000000,2014-04-10 00:00:00.000000000,2014-04-30 00:00:00.000000000,2014-04-30 00:00:00.000000000,2014-02-12 00:00:00.000000000,57 days 00:00:00.000000000,57 days 00:00:00.000000000,0 days 00:00:00.000000000
3697,2012-02-13 00:00:00.000000000,2012-02-13 00:00:00.000000000,2012-02-13 00:00:00.000000000,2011-08-19 00:00:00.000000000,2011-08-29 00:00:00.000000000,2011-08-29 00:00:00.000000000,2011-03-04 00:00:00.000000000,168 days 00:00:00.000000000,168 days 00:00:00.000000000,0 days 00:00:00.000000000
3698,2010-06-04 00:00:00.000000000,2010-06-04 00:00:00.000000000,2010-06-04 00:00:00.000000000,2010-01-13 00:00:00.000000000,2010-02-05 00:00:00.000000000,2010-02-05 00:00:00.000000000,2009-09-16 00:00:00.000000000,119 days 00:00:00.000000000,119 days 00:00:00.000000000,0 days 00:00:00.000000000
3699,2009-09-03 00:00:00.000000000,2009-09-03 00:00:00.000000000,2009-09-03 00:00:00.000000000,2009-05-07 00:00:00.000000000,2009-08-03 00:00:00.000000000,2009-08-03 00:00:00.000000000,2009-04-06 00:00:00.000000000,31 days 00:00:00.000000000,31 days 00:00:00.000000000,0 days 00:00:00.000000000
3700,2011-07-27 00:00:00.000000000,2011-07-27 00:00:00.000000000,2011-07-27 00:00:00.000000000,2011-01-17 00:00:00.000000000,2011-02-15 00:00:00.000000000,2011-02-15 00:00:00.000000000,2010-08-08 00:00:00.000000000,162 days 00:00:00.000000000,162 days 00:00:00.000000000,0 days 00:00:00.000000000
3701,2011-12-20 00:00:00.000000000,2011-12-20 00:00:00.000000000,2011-12-20 00:00:00.000000000,2011-06-27 00:00:00.000000000,2011-07-08 00:00:00.000000000,2011-07-08 00:00:00.000000000,2011-01-13 00:00:00.000000000,165 days 00:00:00.000000000,165 days 00:00:00.000000000,0 days 00:00:00.000000000
3702,2014-04-04 00:00:00.000000000,2014-04-04 00:00:00.000000000,2014-04-28 00:00:00.000000000,2014-01-22 00:00:00.000000000,2014-01-28 00:00:00.000000000,2014-01-28 00:00:00.000000000,2013-11-17 00:00:00.000000000,66 days 00:00:00.000000000,66 days 00:00:00.000000000,0 days 00:00:00.000000000
3703,2012-09-05 00:00:00.000000000,2012-09-05 00:00:00.000000000,2012-09-05 00:00:00.000000000,2012-01-05 00:00:00.000000000,2012-01-23 00:00:00.000000000,2012-01-23 00:00:00.000000000,2011-05-24 00:00:00.000000000,226 days 00:00:00.000000000,226 days 00:00:00.000000000,0 days 00:00:00.000000000
3704,2012-05-15 00:00:00.000000000,2012-05-15 00:00:00.000000000,2012-05-15 00:00:00.000000000,2011-12-15 00:00:00.000000000,2012-01-16 00:00:00.000000000,2012-01-16 00:00:00.000000000,2011-08-17 00:00:00.000000000,120 days 00:00:00.000000000,120 days 00:00:00.000000000,0 days 00:00:00.000000000
3705,2014-08-22 00:00:00.000000000,2014-08-22 00:00:00.000000000,2014-08-26 00:00:00.000000000,2014-03-19 00:00:00.000000000,2014-04-24 00:00:00.000000000,2014-04-24 00:00:00.000000000,2013-11-19 00:00:00.000000000,120 days 00:00:00.000000000,120 days 00:00:00.000000000,0 days 00:00:00.000000000
3706,2013-09-13 00:00:00.000000000,2013-09-13 00:00:00.000000000,2013-09-13 00:00:00.000000000,2013-02-22 00:00:00.000000000,2013-04-01 00:00:00.000000000,2013-04-01 00:00:00.000000000,2012-09-10 00:00:00.000000000,165 days 00:00:00.000000000,165 days 00:00:00.000000000,0 days 00:00:00.000000000
3707,2014-06-25 00:00:00.000000000,2014-06-25 00:00:00.000000000,2014-06-25 00:00:00.000000000,2014-04-30 00:00:00.000000000,2014-06-25 00:00:00.000000000,2014-06-25 00:00:00.000000000,2014-04-30 00:00:00.000000000,0 days 00:00:00.000000000,0 days 00:00:00.000000000,0 days 00:00:00.000000000
3708,2015-08-10 00:00:00.000000000,2015-08-10 00:00:00.000000000,2015-08-11 00:00:00.000000000,2015-05-05 00:00:00.000000000,2015-05-27 00:00:00.000000000,2015-05-27 00:00:00.000000000,2015-02-19 00:00:00.000000000,75 days 00:00:00.000000000,75 days 00:00:00.000000000,0 days 00:00:00.000000000
3709,2015-02-05 00:00:00.000000000,2015-02-05 00:00:00.000000000,2015-02-11 00:00:00.000000000,2014-07-23 00:00:00.000000000,2014-08-04 00:00:00.000000000,2014-08-04 00:00:00.000000000,2014-01-19 00:00:00.000000000,185 days 00:00:00.000000000,185 days 00:00:00.000000000,0 days 00:00:00.000000000
3710,2014-02-06 00:00:00.000000000,2014-02-06 00:00:00.000000000,2014-02-06 00:00:00.000000000,2013-10-08 00:00:00.000000000,2013-12-02 00:00:00.000000000,2013-12-02 00:00:00.000000000,2013-08-03 00:00:00.000000000,66 days 00:00:00.000000000,66 days 00:00:00.000000000,0 days 00:00:00.000000000
3711,2014-11-25 00:00:00.000000000,2014-11-25 00:00:00.000000000,2014-11-26 00:00:00.000000000,2014-07-30 00:00:00.000000000,2014-08-19 00:00:00.000000000,2014-08-19 00:00:00.000000000,2014-04-23 00:00:00.000000000,98 days 00:00:00.000000000,98 days 00:00:00.000000000,0 days 00:00:00.000000000
3712,2014-04-04 00:00:00.000000000,2014-04-04 00:00:00.000000000,2014-05-08 00:00:00.000000000,2013-10-04 00:00:00.000000000,2013-10-10 00:00:00.000000000,2013-10-10 00:00:00.000000000,2013-04-11 00:00:00.000000000,176 days 00:00:00.000000000,176 days 00:00:00.000000000,0 days 00:00:00.000000000
3713,2011-01-10 00:00:00.000000000,2011-01-10 00:00:00.000000000,2011-01-10 00:00:00.000000000,2010-09-03 00:00:00.000000000,2010-09-27 00:00:00.000000000,2010-09-27 00:00:00.000000000,2010-05-21 00:00:00.000000000,105 days 00:00:00.000000000,105 days 00:00:00.000000000,0 days 00:00:00.000000000
3714,2014-08-27 00:00:00.000000000,2014-08-27 00:00:00.000000000,2014-08-27 00:00:00.000000000,2013-07-11 00:00:00.000000000,2014-08-27 00:00:00.000000000,2014-08-27 00:00:00.000000000,2013-07-11 00:00:00.000000000,0 days 00:00:00.000000000,0 days 00:00:00.000000000,0 days 00:00:00.000000000
3715,2013-06-07 00:00:00.000000000,2013-06-07 00:00:00.000000000,2013-06-07 00:00:00.000000000,2013-02-22 00:00:00.000000000,2013-04-01 00:00:00.000000000,2013-04-01 00:00:00.000000000,2012-12-17 00:00:00.000000000,67 days 00:00:00.000000000,67 days 00:00:00.000000000,0 days 00:00:00.000000000
3716,2011-12-06 00:00:00.000000000,2011-12-06 00:00:00.000000000,2011-12-06 00:00:00.000000000,2011-03-10 00:00:00.000000000,2011-04-01 00:00:00.000000000,2011-04-01 00:00:00.000000000,2010-07-04 00:00:00.000000000,249 days 00:00:00.000000000,249 days 00:00:00.000000000,0 days 00:00:00.000000000
3717,2014-08-29 00:00:00.000000000,2014-08-29 00:00:00.000000000,2014-08-29 00:00:00.000000000,2013-07-11 00:00:00.000000000,2014-08-29 00:00:00.000000000,2014-08-29 00:00:00.000000000,2013-07-11 00:00:00.000000000,0 days 00:00:00.000000000,0 days 00:00:00.000000000,0 days 00:00:00.000000000
3718,2011-07-14 00:00:00.000000000,2011-11-18 00:00:00.000000000,2011-11-18 00:00:00.000000000,2011-03-10 00:00:00.000000000,2011-03-28 00:00:00.000000000,2011-03-28 00:00:00.000000000,2010-11-22 00:00:00.000000000,108 days 00:00:00.000000000,235 days 00:00:00.000000000,127 days 00:00:00.000000000
3719,2013-11-09 00:00:00.000000000,2013-11-09 00:00:00.000000000,2013-11-19 00:00:00.000000000,2013-06-21 00:00:00.000000000,2013-06-28 00:00:00.000000000,2013-06-28 00:00:00.000000000,2013-02-07 00:00:00.000000000,134 days 00:00:00.000000000,134 days 00:00:00.000000000,0 days 00:00:00.000000000
3720,2010-05-29 00:00:00.000000000,2010-05-29 00:00:00.000000000,2010-05-29 00:00:00.000000000,2009-06-30 00:00:00.000000000,2009-07-15 00:00:00.000000000,2009-07-15 00:00:00.000000000,2008-08-16 00:00:00.000000000,318 days 00:00:00.000000000,318 days 00:00:00.000000000,0 days 00:00:00.000000000
3721,2015-01-26 00:00:00.000000000,2015-01-26 00:00:00.000000000,2015-01-26 00:00:00.000000000,2014-09-11 00:00:00.000000000,2015-01-26 00:00:00.000000000,2015-01-26 00:00:00.000000000,2014-09-11 00:00:00.000000000,0 days 00:00:00.000000000,0 days 00:00:00.000000000,0 days 00:00:00.000000000
3722,2011-02-01 00:00:00.000000000,2011-03-10 00:00:00.000000000,2011-03-10 00:00:00.000000000,2010-08-31 00:00:00.000000000,2010-09-24 00:00:00.000000000,2010-09-24 00:00:00.000000000,2010-04-23 00:00:00.000000000,130 days 00:00:00.000000000,167 days 00:00:00.000000000,37 days 00:00:00.000000000
3723,2010-09-27 00:00:00.000000000,2010-09-27 00:00:00.000000000,2010-09-27 00:00:00.000000000,2010-02-24 00:00:00.000000000,2010-03-30 00:00:00.000000000,2010-03-30 00:00:00.000000000,2009-08-27 00:00:00.000000000,181 days 00:00:00.000000000,181 days 00:00:00.000000000,0 days 00:00:00.000000000
3724,2013-08-01 00:00:00.000000000,2013-08-01 00:00:00.000000000,2013-08-01 00:00:00.000000000,2013-04-29 00:00:00.000000000,2013-06-12 00:00:00.000000000,2013-06-12 00:00:00.000000000,2013-03-10 00:00:00.000000000,50 days 00:00:00.000000000,50 days 00:00:00.000000000,0 days 00:00:00.000000000
3725,2013-01-30 00:00:00.000000000,2013-01-30 00:00:00.000000000,2013-01-30 00:00:00.000000000,2012-07-25 00:00:00.000000000,2012-08-15 00:00:00.000000000,2012-08-15 00:00:00.000000000,2012-02-08 00:00:00.000000000,168 days 00:00:00.000000000,168 days 00:00:00.000000000,0 days 00:00:00.000000000
3726,2011-03-04 00:00:00.000000000,2011-03-04 00:00:00.000000000,2011-03-04 00:00:00.000000000,2010-08-31 00:00:00.000000000,2010-09-24 00:00:00.000000000,2010-09-24 00:00:00.000000000,2010-03-23 00:00:00.000000000,161 days 00:00:00.000000000,161 days 00:00:00.000000000,0 days 00:00:00.000000000
3727,2014-09-12 00:00:00.000000000,2014-09-12 00:00:00.000000000,2014-09-12 00:00:00.000000000,2014-05-26 00:00:00.000000000,2014-07-09 00:00:00.000000000,2014-07-09 00:00:00.000000000,2014-03-22 00:00:00.000000000,65 days 00:00:00.000000000,65 days 00:00:00.000000000,0 days 00:00:00.000000000
3728,2014-08-27 00:00:00.000000000,2014-08-27 00:00:00.000000000,2014-08-27 00:00:00.000000000,2013-07-11 00:00:00.000000000,2014-08-27 00:00:00.000000000,2014-08-27 00:00:00.000000000,2013-07-11 00:00:00.000000000,0 days 00:00:00.000000000,0 days 00:00:00.000000000,0 days 00:00:00.000000000
3729,2015-05-25 00:00:00.000000000,2015-05-25 00:00:00.000000000,2015-05-26 00:00:00.000000000,2014-09-24 00:00:00.000000000,2014-11-14 00:00:00.000000000,2014-11-14 00:00:00.000000000,2014-03-16 00:00:00.000000000,192 days 00:00:00.000000000,192 days 00:00:00.000000000,0 days 00:00:00.000000000
3730,2011-04-17 00:00:00.000000000,2011-04-17 00:00:00.000000000,2011-04-17 00:00:00.000000000,2011-01-03 00:00:00.000000000,2011-01-07 00:00:00.000000000,2011-01-07 00:00:00.000000000,2010-09-25 00:00:00.000000000,100 days 00:00:00.000000000,100 days 00:00:00.000000000,0 days 00:00:00.000000000
3731,2015-05-27 00:00:00.000000000,2015-05-27 00:00:00.000000000,2015-05-27 00:00:00.000000000,2015-02-20 00:00:00.000000000,2015-05-27 00:00:00.000000000,2015-05-27 00:00:00.000000000,2015-02-20 00:00:00.000000000,0 days 00:00:00.000000000,0 days 00:00:00.000000000,0 days 00:00:00.000000000
3732,2014-08-27 00:00:00.000000000,2014-08-27 00:00:00.000000000,2014-08-27 00:00:00.000000000,2013-07-11 00:00:00.000000000,2014-08-27 00:00:00.000000000,2014-08-27 00:00:00.000000000,2013-07-11 00:00:00.000000000,0 days 00:00:00.000000000,0 days 00:00:00.000000000,0 days 00:00:00.000000000
3733,2011-11-23 00:00:00.000000000,2011-11-23 00:00:00.000000000,2011-11-23 00:00:00.000000000,2011-06-27 00:00:00.000000000,2011-07-07 00:00:00.000000000,2011-07-07 00:00:00.000000000,2011-02-08 00:00:00.000000000,139 days 00:00:00.000000000,139 days 00:00:00.000000000,0 days 00:00:00.000000000
3734,2010-01-22 00:00:00.000000000,2010-01-22 00:00:00.000000000,2010-01-22 00:00:00.000000000,2009-12-23 00:00:00.000000000,2009-12-29 00:00:00.000000000,2009-12-29 00:00:00.000000000,2009-11-29 00:00:00.000000000,24 days 00:00:00.000000000,24 days 00:00:00.000000000,0 days 00:00:00.000000000
3735,2014-04-22 00:00:00.000000000,2014-04-22 00:00:00.000000000,2014-04-22 00:00:00.000000000,2013-10-04 00:00:00.000000000,2013-10-10 00:00:00.000000000,2013-10-10 00:00:00.000000000,2013-03-24 00:00:00.000000000,194 days 00:00:00.000000000,194 days 00:00:00.000000000,0 days 00:00:00.000000000
3736,2014-06-14 00:00:00.000000000,2014-06-14 00:00:00.000000000,2014-06-14 00:00:00.000000000,2014-02-27 00:00:00.000000000,2014-03-20 00:00:00.000000000,2014-03-20 00:00:00.000000000,2013-12-03 00:00:00.000000000,86 days 00:00:00.000000000,86 days 00:00:00.000000000,0 days 00:00:00.000000000
3737,2014-09-04 00:00:00.000000000,2014-09-04 00:00:00.000000000,2014-10-28 00:00:00.000000000,2014-04-08 00:00:00.000000000,2014-05-16 00:00:00.000000000,2014-05-16 00:00:00.000000000,2013-12-18 00:00:00.000000000,111 days 00:00:00.000000000,111 days 00:00:00.000000000,0 days 00:00:00.000000000
3738,2011-06-30 00:00:00.000000000,2011-06-30 00:00:00.000000000,2011-06-30 00:00:00.000000000,2011-01-05 00:00:00.000000000,2011-03-24 00:00:00.000000000,2011-03-24 00:00:00.000000000,2010-09-29 00:00:00.000000000,98 days 00:00:00.000000000,98 days 00:00:00.000000000,0 days 00:00:00.000000000
3739,2013-09-24 00:00:00.000000000,2013-09-24 00:00:00.000000000,2013-09-24 00:00:00.000000000,2013-05-03 00:00:00.000000000,2013-05-21 00:00:00.000000000,2013-05-21 00:00:00.000000000,2012-12-28 00:00:00.000000000,126 days 00:00:00.000000000,126 days 00:00:00.000000000,0 days 00:00:00.000000000
3740,2013-04-16 00:00:00.000000000,2013-04-16 00:00:00.000000000,2013-04-16 00:00:00.000000000,2013-03-18 00:00:00.000000000,1900-01-01 00:00:00.000000000,2013-04-09 00:00:00.000000000,2013-03-11 00:00:00.000000000,7 days 00:00:00.000000000,7 days 00:00:00.000000000,0 days 00:00:00.000000000
3741,2011-06-14 00:00:00.000000000,2011-06-14 00:00:00.000000000,2011-06-14 00:00:00.000000000,2011-02-28 00:00:00.000000000,2011-04-04 00:00:00.000000000,2011-04-04 00:00:00.000000000,2010-12-19 00:00:00.000000000,71 days 00:00:00.000000000,71 days 00:00:00.000000000,0 days 00:00:00.000000000
3742,2014-09-17 00:00:00.000000000,2014-09-17 00:00:00.000000000,2014-09-19 00:00:00.000000000,2014-04-01 00:00:00.000000000,2014-05-27 00:00:00.000000000,2014-05-27 00:00:00.000000000,2013-12-09 00:00:00.000000000,113 days 00:00:00.000000000,113 days 00:00:00.000000000,0 days 00:00:00.000000000
3743,2014-09-05 00:00:00.000000000,2014-09-05 00:00:00.000000000,2014-09-16 00:00:00.000000000,2014-04-23 00:00:00.000000000,2014-05-20 00:00:00.000000000,2014-05-20 00:00:00.000000000,2014-01-05 00:00:00.000000000,108 days 00:00:00.000000000,108 days 00:00:00.000000000,0 days 00:00:00.000000000
3744,2011-07-01 00:00:00.000000000,2011-07-01 00:00:00.000000000,2011-07-01 00:00:00.000000000,2010-08-10 00:00:00.000000000,2010-09-10 00:00:00.000000000,2010-09-10 00:00:00.000000000,2009-10-20 00:00:00.000000000,294 days 00:00:00.000000000,294 days 00:00:00.000000000,0 days 00:00:00.000000000
3745,2014-08-26 00:00:00.000000000,2014-08-26 00:00:00.000000000,2014-09-16 00:00:00.000000000,2014-03-19 00:00:00.000000000,2014-05-05 00:00:00.000000000,2014-05-05 00:00:00.000000000,2013-11-26 00:00:00.000000000,113 days 00:00:00.000000000,113 days 00:00:00.000000000,0 days 00:00:00.000000000
3746,2010-04-01 00:00:00.000000000,2010-04-01 00:00:00.000000000,2010-04-01 00:00:00.000000000,2009-01-04 00:00:00.000000000,2010-01-12 00:00:00.000000000,2010-01-12 00:00:00.000000000,2008-10-17 00:00:00.000000000,79 days 00:00:00.000000000,79 days 00:00:00.000000000,0 days 00:00:00.000000000
3747,2012-03-27 00:00:00.000000000,2012-03-27 00:00:00.000000000,2012-03-27 00:00:00.000000000,2012-01-18 00:00:00.000000000,2012-01-23 00:00:00.000000000,2012-01-23 00:00:00.000000000,2011-11-15 00:00:00.000000000,64 days 00:00:00.000000000,64 days 00:00:00.000000000,0 days 00:00:00.000000000
3748,2015-02-18 00:00:00.000000000,2015-02-18 00:00:00.000000000,2015-02-19 00:00:00.000000000,2014-10-15 00:00:00.000000000,2014-12-18 00:00:00.000000000,2014-12-18 00:00:00.000000000,2014-08-14 00:00:00.000000000,62 days 00:00:00.000000000,62 days 00:00:00.000000000,0 days 00:00:00.000000000
3749,2015-09-14 00:00:00.000000000,2015-09-14 00:00:00.000000000,2015-09-14 00:00:00.000000000,2015-02-13 00:00:00.000000000,2015-03-04 00:00:00.000000000,2015-03-04 00:00:00.000000000,2014-08-03 00:00:00.000000000,194 days 00:00:00.000000000,194 days 00:00:00.000000000,0 days 00:00:00.000000000
3750,2015-07-10 00:00:00.000000000,2015-07-07 00:00:00.000000000,2015-07-07 00:00:00.000000000,2015-01-28 00:00:00.000000000,2015-02-17 00:00:00.000000000,2015-02-17 00:00:00.000000000,2014-09-07 00:00:00.000000000,143 days 00:00:00.000000000,140 days 00:00:00.000000000,-3 days +00:00:00.000000000
3751,2014-01-14 00:00:00.000000000,2014-01-14 00:00:00.000000000,2014-01-15 00:00:00.000000000,2013-10-25 00:00:00.000000000,2013-11-06 00:00:00.000000000,2013-11-06 00:00:00.000000000,2013-08-17 00:00:00.000000000,69 days 00:00:00.000000000,69 days 00:00:00.000000000,0 days 00:00:00.000000000
3752,2009-08-12 00:00:00.000000000,2009-08-12 00:00:00.000000000,2009-08-12 00:00:00.000000000,2009-05-07 00:00:00.000000000,2009-07-21 00:00:00.000000000,2009-07-21 00:00:00.000000000,2009-04-15 00:00:00.000000000,22 days 00:00:00.000000000,22 days 00:00:00.000000000,0 days 00:00:00.000000000
3753,2015-03-31 00:00:00.000000000,2015-03-31 00:00:00.000000000,2015-04-01 00:00:00.000000000,2014-10-30 00:00:00.000000000,2014-12-08 00:00:00.000000000,2014-12-08 00:00:00.000000000,2014-07-09 00:00:00.000000000,113 days 00:00:00.000000000,113 days 00:00:00.000000000,0 days 00:00:00.000000000
3754,2011-04-25 00:00:00.000000000,2011-04-25 00:00:00.000000000,2011-04-25 00:00:00.000000000,2010-09-03 00:00:00.000000000,2010-09-27 00:00:00.000000000,2010-09-27 00:00:00.000000000,2010-02-05 00:00:00.000000000,210 days 00:00:00.000000000,210 days 00:00:00.000000000,0 days 00:00:00.000000000
3755,2012-01-06 00:00:00.000000000,2012-01-06 00:00:00.000000000,2012-01-06 00:00:00.000000000,2011-09-07 00:00:00.000000000,2011-09-14 00:00:00.000000000,2011-09-14 00:00:00.000000000,2011-05-16 00:00:00.000000000,114 days 00:00:00.000000000,114 days 00:00:00.000000000,0 days 00:00:00.000000000
3756,2010-10-22 00:00:00.000000000,2010-10-22 00:00:00.000000000,2010-10-22 00:00:00.000000000,2010-08-19 00:00:00.000000000,2010-09-02 00:00:00.000000000,2010-09-02 00:00:00.000000000,2010-06-30 00:00:00.000000000,50 days 00:00:00.000000000,50 days 00:00:00.000000000,0 days 00:00:00.000000000
3757,2010-09-20 00:00:00.000000000,2010-09-20 00:00:00.000000000,2010-09-20 00:00:00.000000000,2010-03-18 00:00:00.000000000,2010-03-19 00:00:00.000000000,2010-03-19 00:00:00.000000000,2009-09-14 00:00:00.000000000,185 days 00:00:00.000000000,185 days 00:00:00.000000000,0 days 00:00:00.000000000
3758,2011-04-29 00:00:00.000000000,2011-04-29 00:00:00.000000000,2011-04-29 00:00:00.000000000,2011-02-05 00:00:00.000000000,2011-03-02 00:00:00.000000000,2011-03-02 00:00:00.000000000,2010-12-09 00:00:00.000000000,58 days 00:00:00.000000000,58 days 00:00:00.000000000,0 days 00:00:00.000000000
3759,2011-04-16 00:00:00.000000000,2011-04-16 00:00:00.000000000,2011-04-16 00:00:00.000000000,2010-10-20 00:00:00.000000000,2010-11-04 00:00:00.000000000,2010-11-04 00:00:00.000000000,2010-05-10 00:00:00.000000000,163 days 00:00:00.000000000,163 days 00:00:00.000000000,0 days 00:00:00.000000000
3760,2013-04-09 00:00:00.000000000,2013-04-09 00:00:00.000000000,2013-04-09 00:00:00.000000000,2012-12-13 00:00:00.000000000,2013-01-11 00:00:00.000000000,2013-01-11 00:00:00.000000000,2012-09-16 00:00:00.000000000,88 days 00:00:00.000000000,88 days 00:00:00.000000000,0 days 00:00:00.000000000
3761,2014-02-07 00:00:00.000000000,2014-02-07 00:00:00.000000000,2014-02-07 00:00:00.000000000,2013-07-11 00:00:00.000000000,2013-08-13 00:00:00.000000000,2013-08-13 00:00:00.000000000,2013-01-14 00:00:00.000000000,178 days 00:00:00.000000000,178 days 00:00:00.000000000,0 days 00:00:00.000000000
3762,2014-12-24 00:00:00.000000000,2014-12-24 00:00:00.000000000,2015-01-02 00:00:00.000000000,2014-04-30 00:00:00.000000000,2014-07-08 00:00:00.000000000,2014-07-08 00:00:00.000000000,2013-11-12 00:00:00.000000000,169 days 00:00:00.000000000,169 days 00:00:00.000000000,0 days 00:00:00.000000000
3763,2011-07-14 00:00:00.000000000,2011-07-14 00:00:00.000000000,2011-07-14 00:00:00.000000000,2011-03-10 00:00:00.000000000,2011-03-28 00:00:00.000000000,2011-03-28 00:00:00.000000000,2010-11-22 00:00:00.000000000,108 days 00:00:00.000000000,108 days 00:00:00.000000000,0 days 00:00:00.000000000
3764,2014-04-21 00:00:00.000000000,2014-04-21 00:00:00.000000000,2014-04-22 00:00:00.000000000,2013-10-04 00:00:00.000000000,2013-10-10 00:00:00.000000000,2013-10-10 00:00:00.000000000,2013-03-25 00:00:00.000000000,193 days 00:00:00.000000000,193 days 00:00:00.000000000,0 days 00:00:00.000000000
3765,2013-07-24 00:00:00.000000000,2013-07-24 00:00:00.000000000,2013-07-24 00:00:00.000000000,2012-10-17 00:00:00.000000000,2012-10-31 00:00:00.000000000,2012-10-31 00:00:00.000000000,2012-01-25 00:00:00.000000000,266 days 00:00:00.000000000,266 days 00:00:00.000000000,0 days 00:00:00.000000000
3766,2014-05-02 00:00:00.000000000,2014-05-02 00:00:00.000000000,2014-05-02 00:00:00.000000000,2014-02-21 00:00:00.000000000,2014-02-28 00:00:00.000000000,2014-02-28 00:00:00.000000000,2013-12-20 00:00:00.000000000,63 days 00:00:00.000000000,63 days 00:00:00.000000000,0 days 00:00:00.000000000
3767,2009-11-27 00:00:00.000000000,2009-11-27 00:00:00.000000000,2009-11-27 00:00:00.000000000,2009-06-11 00:00:00.000000000,2009-06-29 00:00:00.000000000,2009-06-29 00:00:00.000000000,2009-01-11 00:00:00.000000000,151 days 00:00:00.000000000,151 days 00:00:00.000000000,0 days 00:00:00.000000000
3768,2013-12-23 00:00:00.000000000,2013-12-23 00:00:00.000000000,2013-12-23 00:00:00.000000000,2013-07-11 00:00:00.000000000,2013-08-02 00:00:00.000000000,2013-08-02 00:00:00.000000000,2013-02-18 00:00:00.000000000,143 days 00:00:00.000000000,143 days 00:00:00.000000000,0 days 00:00:00.000000000
3769,2011-09-02 00:00:00.000000000,2011-09-02 00:00:00.000000000,2011-09-02 00:00:00.000000000,2011-03-10 00:00:00.000000000,2011-03-24 00:00:00.000000000,2011-03-24 00:00:00.000000000,2010-09-29 00:00:00.000000000,162 days 00:00:00.000000000,162 days 00:00:00.000000000,0 days 00:00:00.000000000
3770,2013-04-30 00:00:00.000000000,2013-04-30 00:00:00.000000000,2013-04-30 00:00:00.000000000,2012-12-13 00:00:00.000000000,2013-02-04 00:00:00.000000000,2013-02-04 00:00:00.000000000,2012-09-19 00:00:00.000000000,85 days 00:00:00.000000000,85 days 00:00:00.000000000,0 days 00:00:00.000000000
3771,2015-02-12 00:00:00.000000000,2015-02-12 00:00:00.000000000,2015-02-12 00:00:00.000000000,2014-09-11 00:00:00.000000000,2015-02-12 00:00:00.000000000,2015-02-12 00:00:00.000000000,2014-09-11 00:00:00.000000000,0 days 00:00:00.000000000,0 days 00:00:00.000000000,0 days 00:00:00.000000000
3772,2011-04-04 00:00:00.000000000,2011-04-04 00:00:00.000000000,2011-04-04 00:00:00.000000000,2010-11-10 00:00:00.000000000,2010-12-01 00:00:00.000000000,2010-12-01 00:00:00.000000000,2010-07-09 00:00:00.000000000,124 days 00:00:00.000000000,124 days 00:00:00.000000000,0 days 00:00:00.000000000
3773,2011-04-12 00:00:00.000000000,2011-04-12 00:00:00.000000000,2011-04-12 00:00:00.000000000,2011-01-05 00:00:00.000000000,2011-02-02 00:00:00.000000000,2011-02-02 00:00:00.000000000,2010-10-28 00:00:00.000000000,69 days 00:00:00.000000000,69 days 00:00:00.000000000,0 days 00:00:00.000000000
3774,2011-12-22 00:00:00.000000000,2011-12-22 00:00:00.000000000,2011-12-22 00:00:00.000000000,2011-03-10 00:00:00.000000000,2011-09-30 00:00:00.000000000,2011-09-30 00:00:00.000000000,2010-12-17 00:00:00.000000000,83 days 00:00:00.000000000,83 days 00:00:00.000000000,0 days 00:00:00.000000000
3775,2012-12-17 00:00:00.000000000,2012-12-17 00:00:00.000000000,2012-12-17 00:00:00.000000000,2012-04-24 00:00:00.000000000,2012-05-07 00:00:00.000000000,2012-05-07 00:00:00.000000000,2011-09-13 00:00:00.000000000,224 days 00:00:00.000000000,224 days 00:00:00.000000000,0 days 00:00:00.000000000
3776,2013-03-15 00:00:00.000000000,2013-03-15 00:00:00.000000000,2013-03-15 00:00:00.000000000,2013-01-22 00:00:00.000000000,2013-02-12 00:00:00.000000000,2013-02-12 00:00:00.000000000,2012-12-22 00:00:00.000000000,31 days 00:00:00.000000000,31 days 00:00:00.000000000,0 days 00:00:00.000000000
3777,2012-09-10 00:00:00.000000000,2012-09-10 00:00:00.000000000,2012-09-10 00:00:00.000000000,2012-06-22 00:00:00.000000000,2012-07-16 00:00:00.000000000,2012-07-16 00:00:00.000000000,2012-04-27 00:00:00.000000000,56 days 00:00:00.000000000,56 days 00:00:00.000000000,0 days 00:00:00.000000000
3778,2014-01-06 00:00:00.000000000,2014-01-06 00:00:00.000000000,2014-01-06 00:00:00.000000000,2013-07-11 00:00:00.000000000,2013-07-30 00:00:00.000000000,2013-07-30 00:00:00.000000000,2013-02-01 00:00:00.000000000,160 days 00:00:00.000000000,160 days 00:00:00.000000000,0 days 00:00:00.000000000
3779,2012-08-23 00:00:00.000000000,2012-08-23 00:00:00.000000000,2012-08-23 00:00:00.000000000,2011-12-07 00:00:00.000000000,2012-04-20 00:00:00.000000000,2012-04-20 00:00:00.000000000,2011-08-04 00:00:00.000000000,125 days 00:00:00.000000000,125 days 00:00:00.000000000,0 days 00:00:00.000000000
3780,2011-06-22 00:00:00.000000000,2011-06-22 00:00:00.000000000,2011-06-22 00:00:00.000000000,2011-01-17 00:00:00.000000000,2011-02-15 00:00:00.000000000,2011-02-15 00:00:00.000000000,2010-09-12 00:00:00.000000000,127 days 00:00:00.000000000,127 days 00:00:00.000000000,0 days 00:00:00.000000000
3781,2014-10-22 00:00:00.000000000,2014-10-22 00:00:00.000000000,2014-10-22 00:00:00.000000000,2014-04-08 00:00:00.000000000,2014-04-30 00:00:00.000000000,2014-04-30 00:00:00.000000000,2013-10-15 00:00:00.000000000,175 days 00:00:00.000000000,175 days 00:00:00.000000000,0 days 00:00:00.000000000
3782,2012-08-10 00:00:00.000000000,2012-08-10 00:00:00.000000000,2012-08-10 00:00:00.000000000,2012-05-22 00:00:00.000000000,2012-06-13 00:00:00.000000000,2012-06-13 00:00:00.000000000,2012-03-25 00:00:00.000000000,58 days 00:00:00.000000000,58 days 00:00:00.000000000,0 days 00:00:00.000000000
3783,2010-12-08 00:00:00.000000000,2010-12-08 00:00:00.000000000,2010-12-08 00:00:00.000000000,2010-03-18 00:00:00.000000000,2010-03-19 00:00:00.000000000,2010-03-19 00:00:00.000000000,2009-06-27 00:00:00.000000000,264 days 00:00:00.000000000,264 days 00:00:00.000000000,0 days 00:00:00.000000000
3784,2014-12-31 00:00:00.000000000,2014-12-31 00:00:00.000000000,2014-12-31 00:00:00.000000000,2014-08-11 00:00:00.000000000,2014-08-27 00:00:00.000000000,2014-08-27 00:00:00.000000000,2014-04-07 00:00:00.000000000,126 days 00:00:00.000000000,126 days 00:00:00.000000000,0 days 00:00:00.000000000
3785,2014-11-05 00:00:00.000000000,2014-11-05 00:00:00.000000000,2014-11-05 00:00:00.000000000,2014-04-30 00:00:00.000000000,2014-11-04 00:00:00.000000000,2014-11-04 00:00:00.000000000,2014-04-29 00:00:00.000000000,1 days 00:00:00.000000000,1 days 00:00:00.000000000,0 days 00:00:00.000000000
3786,2013-04-16 00:00:00.000000000,2013-04-16 00:00:00.000000000,2013-04-16 00:00:00.000000000,2013-03-18 00:00:00.000000000,1900-01-01 00:00:00.000000000,2013-04-09 00:00:00.000000000,2013-03-11 00:00:00.000000000,7 days 00:00:00.000000000,7 days 00:00:00.000000000,0 days 00:00:00.000000000
3787,2014-05-02 00:00:00.000000000,2014-05-02 00:00:00.000000000,2014-05-07 00:00:00.000000000,2013-12-11 00:00:00.000000000,2013-12-17 00:00:00.000000000,2013-12-17 00:00:00.000000000,2013-07-28 00:00:00.000000000,136 days 00:00:00.000000000,136 days 00:00:00.000000000,0 days 00:00:00.000000000
3788,2015-07-23 00:00:00.000000000,2015-07-23 00:00:00.000000000,2015-07-29 00:00:00.000000000,2015-03-10 00:00:00.000000000,2015-03-17 00:00:00.000000000,2015-03-17 00:00:00.000000000,2014-11-02 00:00:00.000000000,128 days 00:00:00.000000000,128 days 00:00:00.000000000,0 days 00:00:00.000000000
3789,2014-08-29 00:00:00.000000000,2014-08-29 00:00:00.000000000,2014-08-29 00:00:00.000000000,2013-07-11 00:00:00.000000000,2014-08-29 00:00:00.000000000,2014-08-29 00:00:00.000000000,2013-07-11 00:00:00.000000000,0 days 00:00:00.000000000,0 days 00:00:00.000000000,0 days 00:00:00.000000000
3790,2015-08-24 00:00:00.000000000,2015-08-24 00:00:00.000000000,2015-08-24 00:00:00.000000000,2014-09-11 00:00:00.000000000,2014-10-09 00:00:00.000000000,2014-10-09 00:00:00.000000000,2013-10-27 00:00:00.000000000,319 days 00:00:00.000000000,319 days 00:00:00.000000000,0 days 00:00:00.000000000
3791,2014-01-31 00:00:00.000000000,2014-01-31 00:00:00.000000000,2014-03-04 00:00:00.000000000,2013-08-09 00:00:00.000000000,2013-09-19 00:00:00.000000000,2013-09-19 00:00:00.000000000,2013-03-28 00:00:00.000000000,134 days 00:00:00.000000000,134 days 00:00:00.000000000,0 days 00:00:00.000000000
3792,2010-08-31 00:00:00.000000000,2010-08-31 00:00:00.000000000,2010-08-31 00:00:00.000000000,2009-09-09 00:00:00.000000000,2009-09-30 00:00:00.000000000,2009-09-30 00:00:00.000000000,2008-10-09 00:00:00.000000000,335 days 00:00:00.000000000,335 days 00:00:00.000000000,0 days 00:00:00.000000000
3793,2014-03-17 00:00:00.000000000,2014-03-17 00:00:00.000000000,2014-03-18 00:00:00.000000000,2013-08-09 00:00:00.000000000,2013-12-09 00:00:00.000000000,2013-12-09 00:00:00.000000000,2013-05-03 00:00:00.000000000,98 days 00:00:00.000000000,98 days 00:00:00.000000000,0 days 00:00:00.000000000
3794,2015-07-24 00:00:00.000000000,2015-07-24 00:00:00.000000000,2015-07-24 00:00:00.000000000,2014-09-11 00:00:00.000000000,2014-10-09 00:00:00.000000000,2014-10-09 00:00:00.000000000,2013-11-27 00:00:00.000000000,288 days 00:00:00.000000000,288 days 00:00:00.000000000,0 days 00:00:00.000000000
3795,2015-08-10 00:00:00.000000000,2015-08-10 00:00:00.000000000,2015-08-11 00:00:00.000000000,2015-05-05 00:00:00.000000000,2015-05-27 00:00:00.000000000,2015-05-27 00:00:00.000000000,2015-02-19 00:00:00.000000000,75 days 00:00:00.000000000,75 days 00:00:00.000000000,0 days 00:00:00.000000000
3796,2014-11-19 00:00:00.000000000,2014-11-19 00:00:00.000000000,2014-11-19 00:00:00.000000000,2013-07-12 00:00:00.000000000,2013-08-13 00:00:00.000000000,2013-08-13 00:00:00.000000000,2012-04-05 00:00:00.000000000,463 days 00:00:00.000000000,463 days 00:00:00.000000000,0 days 00:00:00.000000000
3797,2015-03-10 00:00:00.000000000,2015-03-10 00:00:00.000000000,2015-03-10 00:00:00.000000000,2014-01-31 00:00:00.000000000,2014-03-03 00:00:00.000000000,2014-03-03 00:00:00.000000000,2013-01-24 00:00:00.000000000,372 days 00:00:00.000000000,372 days 00:00:00.000000000,0 days 00:00:00.000000000
3798,2011-03-23 00:00:00.000000000,2011-03-23 00:00:00.000000000,2011-03-23 00:00:00.000000000,2010-08-31 00:00:00.000000000,2010-09-24 00:00:00.000000000,2010-09-24 00:00:00.000000000,2010-03-04 00:00:00.000000000,180 days 00:00:00.000000000,180 days 00:00:00.000000000,0 days 00:00:00.000000000
3799,2013-04-16 00:00:00.000000000,2013-04-16 00:00:00.000000000,2013-04-16 00:00:00.000000000,2013-03-18 00:00:00.000000000,1900-01-01 00:00:00.000000000,2013-04-09 00:00:00.000000000,2013-03-11 00:00:00.000000000,7 days 00:00:00.000000000,7 days 00:00:00.000000000,0 days 00:00:00.000000000
3800,2012-08-04 00:00:00.000000000,2012-08-04 00:00:00.000000000,2012-08-04 00:00:00.000000000,2012-06-04 00:00:00.000000000,2012-06-12 00:00:00.000000000,2012-06-12 00:00:00.000000000,2012-04-12 00:00:00.000000000,53 days 00:00:00.000000000,53 days 00:00:00.000000000,0 days 00:00:00.000000000
3801,2010-05-20 00:00:00.000000000,2010-05-20 00:00:00.000000000,2010-05-20 00:00:00.000000000,2010-01-04 00:00:00.000000000,2010-01-07 00:00:00.000000000,2010-01-07 00:00:00.000000000,2009-08-24 00:00:00.000000000,133 days 00:00:00.000000000,133 days 00:00:00.000000000,0 days 00:00:00.000000000
3802,2013-06-18 00:00:00.000000000,2013-06-18 00:00:00.000000000,2013-06-18 00:00:00.000000000,2013-01-15 00:00:00.000000000,2013-02-15 00:00:00.000000000,2013-02-15 00:00:00.000000000,2012-09-14 00:00:00.000000000,123 days 00:00:00.000000000,123 days 00:00:00.000000000,0 days 00:00:00.000000000
3803,2015-05-05 00:00:00.000000000,2015-05-05 00:00:00.000000000,2015-05-05 00:00:00.000000000,2014-11-11 00:00:00.000000000,2014-12-04 00:00:00.000000000,2014-12-04 00:00:00.000000000,2014-06-12 00:00:00.000000000,152 days 00:00:00.000000000,152 days 00:00:00.000000000,0 days 00:00:00.000000000
3804,2015-05-12 00:00:00.000000000,2015-05-12 00:00:00.000000000,2015-05-12 00:00:00.000000000,2014-09-11 00:00:00.000000000,2015-05-11 00:00:00.000000000,2015-05-11 00:00:00.000000000,2014-09-10 00:00:00.000000000,1 days 00:00:00.000000000,1 days 00:00:00.000000000,0 days 00:00:00.000000000
3805,2014-10-20 00:00:00.000000000,2014-10-20 00:00:00.000000000,2014-10-24 00:00:00.000000000,2014-05-11 00:00:00.000000000,2014-06-02 00:00:00.000000000,2014-06-02 00:00:00.000000000,2013-12-22 00:00:00.000000000,140 days 00:00:00.000000000,140 days 00:00:00.000000000,0 days 00:00:00.000000000
3806,2014-06-26 00:00:00.000000000,2014-06-26 00:00:00.000000000,2014-06-27 00:00:00.000000000,2014-02-19 00:00:00.000000000,2014-03-21 00:00:00.000000000,2014-03-21 00:00:00.000000000,2013-11-14 00:00:00.000000000,97 days 00:00:00.000000000,97 days 00:00:00.000000000,0 days 00:00:00.000000000
3807,2012-11-08 00:00:00.000000000,2012-11-08 00:00:00.000000000,2012-11-08 00:00:00.000000000,2012-04-20 00:00:00.000000000,2012-08-03 00:00:00.000000000,2012-08-03 00:00:00.000000000,2012-01-14 00:00:00.000000000,97 days 00:00:00.000000000,97 days 00:00:00.000000000,0 days 00:00:00.000000000
3808,2011-03-29 00:00:00.000000000,2011-03-29 00:00:00.000000000,2011-03-29 00:00:00.000000000,2011-01-06 00:00:00.000000000,2011-01-21 00:00:00.000000000,2011-01-21 00:00:00.000000000,2010-10-31 00:00:00.000000000,67 days 00:00:00.000000000,67 days 00:00:00.000000000,0 days 00:00:00.000000000
3809,2011-11-18 00:00:00.000000000,2011-11-18 00:00:00.000000000,2011-11-18 00:00:00.000000000,2011-03-10 00:00:00.000000000,2011-03-28 00:00:00.000000000,2011-03-28 00:00:00.000000000,2010-07-18 00:00:00.000000000,235 days 00:00:00.000000000,235 days 00:00:00.000000000,0 days 00:00:00.000000000
3810,2015-09-02 00:00:00.000000000,2015-09-02 00:00:00.000000000,2015-09-09 00:00:00.000000000,2015-07-07 00:00:00.000000000,2015-08-04 00:00:00.000000000,2015-08-04 00:00:00.000000000,2015-06-08 00:00:00.000000000,29 days 00:00:00.000000000,29 days 00:00:00.000000000,0 days 00:00:00.000000000
3811,2014-11-01 00:00:00.000000000,2014-11-01 00:00:00.000000000,2014-11-02 00:00:00.000000000,2014-05-26 00:00:00.000000000,2014-08-25 00:00:00.000000000,2014-08-25 00:00:00.000000000,2014-03-19 00:00:00.000000000,68 days 00:00:00.000000000,68 days 00:00:00.000000000,0 days 00:00:00.000000000
3812,2013-04-02 00:00:00.000000000,2013-04-02 00:00:00.000000000,2013-04-02 00:00:00.000000000,2013-01-31 00:00:00.000000000,2013-02-27 00:00:00.000000000,2013-02-27 00:00:00.000000000,2012-12-28 00:00:00.000000000,34 days 00:00:00.000000000,34 days 00:00:00.000000000,0 days 00:00:00.000000000
3813,2014-11-17 00:00:00.000000000,2014-11-17 00:00:00.000000000,2014-11-17 00:00:00.000000000,2014-05-11 00:00:00.000000000,2014-07-31 00:00:00.000000000,2014-07-31 00:00:00.000000000,2014-01-22 00:00:00.000000000,109 days 00:00:00.000000000,109 days 00:00:00.000000000,0 days 00:00:00.000000000
3814,2014-03-31 00:00:00.000000000,2014-03-31 00:00:00.000000000,2014-04-14 00:00:00.000000000,2013-12-16 00:00:00.000000000,2014-01-22 00:00:00.000000000,2014-01-22 00:00:00.000000000,2013-10-09 00:00:00.000000000,68 days 00:00:00.000000000,68 days 00:00:00.000000000,0 days 00:00:00.000000000
3815,2009-09-14 00:00:00.000000000,2009-09-30 00:00:00.000000000,2009-09-30 00:00:00.000000000,2009-05-07 00:00:00.000000000,2009-07-21 00:00:00.000000000,2009-07-21 00:00:00.000000000,2009-03-13 00:00:00.000000000,55 days 00:00:00.000000000,71 days 00:00:00.000000000,16 days 00:00:00.000000000
3816,2013-05-15 00:00:00.000000000,2013-05-15 00:00:00.000000000,2013-05-15 00:00:00.000000000,2012-10-15 00:00:00.000000000,2012-07-11 00:00:00.000000000,2012-07-11 00:00:00.000000000,2011-12-12 00:00:00.000000000,308 days 00:00:00.000000000,308 days 00:00:00.000000000,0 days 00:00:00.000000000
3817,2014-12-24 00:00:00.000000000,2014-12-24 00:00:00.000000000,2014-12-24 00:00:00.000000000,2014-07-09 00:00:00.000000000,2014-08-11 00:00:00.000000000,2014-08-11 00:00:00.000000000,2014-02-24 00:00:00.000000000,135 days 00:00:00.000000000,135 days 00:00:00.000000000,0 days 00:00:00.000000000
3818,2012-03-20 00:00:00.000000000,2012-03-20 00:00:00.000000000,2012-03-20 00:00:00.000000000,2011-04-07 00:00:00.000000000,2011-05-05 00:00:00.000000000,2011-05-05 00:00:00.000000000,2010-05-22 00:00:00.000000000,320 days 00:00:00.000000000,320 days 00:00:00.000000000,0 days 00:00:00.000000000
3819,2014-07-30 00:00:00.000000000,2014-07-30 00:00:00.000000000,2014-08-01 00:00:00.000000000,2014-02-06 00:00:00.000000000,2014-03-10 00:00:00.000000000,2014-03-10 00:00:00.000000000,2013-09-17 00:00:00.000000000,142 days 00:00:00.000000000,142 days 00:00:00.000000000,0 days 00:00:00.000000000
3820,2013-02-06 00:00:00.000000000,2013-02-06 00:00:00.000000000,2013-02-06 00:00:00.000000000,2012-05-11 00:00:00.000000000,2012-06-13 00:00:00.000000000,2012-06-13 00:00:00.000000000,2011-09-16 00:00:00.000000000,238 days 00:00:00.000000000,238 days 00:00:00.000000000,0 days 00:00:00.000000000
3821,2013-09-30 00:00:00.000000000,2013-09-30 00:00:00.000000000,2013-09-30 00:00:00.000000000,2013-04-19 00:00:00.000000000,2013-04-25 00:00:00.000000000,2013-04-25 00:00:00.000000000,2012-11-12 00:00:00.000000000,158 days 00:00:00.000000000,158 days 00:00:00.000000000,0 days 00:00:00.000000000
3822,2014-08-29 00:00:00.000000000,2014-08-29 00:00:00.000000000,2014-08-29 00:00:00.000000000,2013-07-11 00:00:00.000000000,2014-08-29 00:00:00.000000000,2014-08-29 00:00:00.000000000,2013-07-11 00:00:00.000000000,0 days 00:00:00.000000000,0 days 00:00:00.000000000,0 days 00:00:00.000000000
3823,2013-12-13 00:00:00.000000000,2013-12-13 00:00:00.000000000,2013-12-16 00:00:00.000000000,2013-04-19 00:00:00.000000000,2013-04-25 00:00:00.000000000,2013-04-25 00:00:00.000000000,2012-08-30 00:00:00.000000000,232 days 00:00:00.000000000,232 days 00:00:00.000000000,0 days 00:00:00.000000000
3824,2011-02-01 00:00:00.000000000,2011-02-01 00:00:00.000000000,2011-02-01 00:00:00.000000000,2010-08-31 00:00:00.000000000,2010-09-24 00:00:00.000000000,2010-09-24 00:00:00.000000000,2010-04-23 00:00:00.000000000,130 days 00:00:00.000000000,130 days 00:00:00.000000000,0 days 00:00:00.000000000
3825,2014-06-25 00:00:00.000000000,2014-06-25 00:00:00.000000000,2014-06-25 00:00:00.000000000,2014-04-30 00:00:00.000000000,2014-06-25 00:00:00.000000000,2014-06-25 00:00:00.000000000,2014-04-30 00:00:00.000000000,0 days 00:00:00.000000000,0 days 00:00:00.000000000,0 days 00:00:00.000000000
3826,2014-09-11 00:00:00.000000000,2014-09-11 00:00:00.000000000,2014-09-11 00:00:00.000000000,2014-04-12 00:00:00.000000000,2014-05-15 00:00:00.000000000,2014-05-15 00:00:00.000000000,2013-12-14 00:00:00.000000000,119 days 00:00:00.000000000,119 days 00:00:00.000000000,0 days 00:00:00.000000000
3827,2013-04-26 00:00:00.000000000,2013-04-26 00:00:00.000000000,2013-04-26 00:00:00.000000000,2012-12-14 00:00:00.000000000,2013-01-15 00:00:00.000000000,2013-01-15 00:00:00.000000000,2012-09-04 00:00:00.000000000,101 days 00:00:00.000000000,101 days 00:00:00.000000000,0 days 00:00:00.000000000
3828,2014-02-06 00:00:00.000000000,2014-02-06 00:00:00.000000000,2014-02-06 00:00:00.000000000,2013-10-08 00:00:00.000000000,2013-12-02 00:00:00.000000000,2013-12-02 00:00:00.000000000,2013-08-03 00:00:00.000000000,66 days 00:00:00.000000000,66 days 00:00:00.000000000,0 days 00:00:00.000000000
3829,2015-08-24 00:00:00.000000000,2015-08-24 00:00:00.000000000,2015-08-24 00:00:00.000000000,2014-09-11 00:00:00.000000000,2015-08-24 00:00:00.000000000,2015-08-24 00:00:00.000000000,2014-09-11 00:00:00.000000000,0 days 00:00:00.000000000,0 days 00:00:00.000000000,0 days 00:00:00.000000000
3830,2012-03-29 00:00:00.000000000,2012-03-29 00:00:00.000000000,2012-03-29 00:00:00.000000000,2011-06-27 00:00:00.000000000,2011-07-08 00:00:00.000000000,2011-07-08 00:00:00.000000000,2010-10-05 00:00:00.000000000,265 days 00:00:00.000000000,265 days 00:00:00.000000000,0 days 00:00:00.000000000
3831,2015-07-24 00:00:00.000000000,2015-07-24 00:00:00.000000000,2015-07-24 00:00:00.000000000,2014-09-11 00:00:00.000000000,2014-10-09 00:00:00.000000000,2014-10-09 00:00:00.000000000,2013-11-27 00:00:00.000000000,288 days 00:00:00.000000000,288 days 00:00:00.000000000,0 days 00:00:00.000000000
3832,2014-03-07 00:00:00.000000000,2014-03-07 00:00:00.000000000,2014-03-11 00:00:00.000000000,2013-10-03 00:00:00.000000000,2013-10-31 00:00:00.000000000,2013-10-31 00:00:00.000000000,2013-05-29 00:00:00.000000000,127 days 00:00:00.000000000,127 days 00:00:00.000000000,0 days 00:00:00.000000000
3833,2013-09-11 00:00:00.000000000,2013-09-11 00:00:00.000000000,2013-09-11 00:00:00.000000000,2013-01-16 00:00:00.000000000,2013-02-05 00:00:00.000000000,2013-02-05 00:00:00.000000000,2012-06-12 00:00:00.000000000,218 days 00:00:00.000000000,218 days 00:00:00.000000000,0 days 00:00:00.000000000
3834,2013-06-21 00:00:00.000000000,2013-06-21 00:00:00.000000000,2013-06-21 00:00:00.000000000,2012-10-17 00:00:00.000000000,2012-10-31 00:00:00.000000000,2012-10-31 00:00:00.000000000,2012-02-27 00:00:00.000000000,233 days 00:00:00.000000000,233 days 00:00:00.000000000,0 days 00:00:00.000000000
3835,2015-05-12 00:00:00.000000000,2015-05-12 00:00:00.000000000,2015-05-12 00:00:00.000000000,2014-09-11 00:00:00.000000000,2015-05-11 00:00:00.000000000,2015-05-11 00:00:00.000000000,2014-09-10 00:00:00.000000000,1 days 00:00:00.000000000,1 days 00:00:00.000000000,0 days 00:00:00.000000000
3836,2010-07-01 00:00:00.000000000,2010-07-01 00:00:00.000000000,2010-07-01 00:00:00.000000000,2010-03-24 00:00:00.000000000,2010-03-25 00:00:00.000000000,2010-03-25 00:00:00.000000000,2009-12-16 00:00:00.000000000,98 days 00:00:00.000000000,98 days 00:00:00.000000000,0 days 00:00:00.000000000
3837,2013-07-17 00:00:00.000000000,2013-07-17 00:00:00.000000000,2013-07-17 00:00:00.000000000,2013-03-15 00:00:00.000000000,2013-04-11 00:00:00.000000000,2013-04-11 00:00:00.000000000,2012-12-08 00:00:00.000000000,97 days 00:00:00.000000000,97 days 00:00:00.000000000,0 days 00:00:00.000000000
3838,2015-02-19 00:00:00.000000000,2015-02-19 00:00:00.000000000,2015-02-19 00:00:00.000000000,2014-04-30 00:00:00.000000000,2014-05-08 00:00:00.000000000,2014-05-08 00:00:00.000000000,2013-07-17 00:00:00.000000000,287 days 00:00:00.000000000,287 days 00:00:00.000000000,0 days 00:00:00.000000000
3839,2013-10-18 00:00:00.000000000,2013-11-09 00:00:00.000000000,2013-11-19 00:00:00.000000000,2013-08-19 00:00:00.000000000,2013-08-23 00:00:00.000000000,2013-08-23 00:00:00.000000000,2013-06-24 00:00:00.000000000,56 days 00:00:00.000000000,78 days 00:00:00.000000000,22 days 00:00:00.000000000
3840,2011-06-26 00:00:00.000000000,2011-06-26 00:00:00.000000000,2011-06-26 00:00:00.000000000,2010-11-26 00:00:00.000000000,2010-12-06 00:00:00.000000000,2010-12-06 00:00:00.000000000,2010-05-08 00:00:00.000000000,202 days 00:00:00.000000000,202 days 00:00:00.000000000,0 days 00:00:00.000000000
3841,2014-07-29 00:00:00.000000000,2014-07-29 00:00:00.000000000,2014-08-06 00:00:00.000000000,2014-02-06 00:00:00.000000000,2014-03-10 00:00:00.000000000,2014-03-10 00:00:00.000000000,2013-09-18 00:00:00.000000000,141 days 00:00:00.000000000,141 days 00:00:00.000000000,0 days 00:00:00.000000000
3842,2011-05-05 00:00:00.000000000,2011-05-05 00:00:00.000000000,2011-05-05 00:00:00.000000000,2010-11-26 00:00:00.000000000,2010-12-14 00:00:00.000000000,2010-12-14 00:00:00.000000000,2010-07-07 00:00:00.000000000,142 days 00:00:00.000000000,142 days 00:00:00.000000000,0 days 00:00:00.000000000
3843,2014-11-21 00:00:00.000000000,2014-11-21 00:00:00.000000000,2014-11-25 00:00:00.000000000,2014-03-07 00:00:00.000000000,2014-04-15 00:00:00.000000000,2014-04-15 00:00:00.000000000,2013-07-30 00:00:00.000000000,220 days 00:00:00.000000000,220 days 00:00:00.000000000,0 days 00:00:00.000000000
3844,2015-01-09 00:00:00.000000000,2015-01-09 00:00:00.000000000,2015-01-19 00:00:00.000000000,2014-06-17 00:00:00.000000000,2014-07-01 00:00:00.000000000,2014-07-01 00:00:00.000000000,2013-12-07 00:00:00.000000000,192 days 00:00:00.000000000,192 days 00:00:00.000000000,0 days 00:00:00.000000000
3845,2014-08-05 00:00:00.000000000,2014-08-05 00:00:00.000000000,2014-08-05 00:00:00.000000000,2014-04-30 00:00:00.000000000,2014-08-05 00:00:00.000000000,2014-08-05 00:00:00.000000000,2014-04-30 00:00:00.000000000,0 days 00:00:00.000000000,0 days 00:00:00.000000000,0 days 00:00:00.000000000
3846,2009-12-21 00:00:00.000000000,2009-12-21 00:00:00.000000000,2009-12-21 00:00:00.000000000,2009-10-13 00:00:00.000000000,2009-11-06 00:00:00.000000000,2009-11-06 00:00:00.000000000,2009-08-29 00:00:00.000000000,45 days 00:00:00.000000000,45 days 00:00:00.000000000,0 days 00:00:00.000000000
3847,2013-10-18 00:00:00.000000000,2013-10-18 00:00:00.000000000,2013-10-18 00:00:00.000000000,2013-08-19 00:00:00.000000000,2013-08-23 00:00:00.000000000,2013-08-23 00:00:00.000000000,2013-06-24 00:00:00.000000000,56 days 00:00:00.000000000,56 days 00:00:00.000000000,0 days 00:00:00.000000000
3848,2010-09-21 00:00:00.000000000,2010-09-21 00:00:00.000000000,2010-09-21 00:00:00.000000000,2010-04-15 00:00:00.000000000,2010-04-23 00:00:00.000000000,2010-04-23 00:00:00.000000000,2009-11-15 00:00:00.000000000,151 days 00:00:00.000000000,151 days 00:00:00.000000000,0 days 00:00:00.000000000
3849,2015-05-26 00:00:00.000000000,2015-05-26 00:00:00.000000000,2015-06-01 00:00:00.000000000,2014-11-11 00:00:00.000000000,2014-11-25 00:00:00.000000000,2014-11-25 00:00:00.000000000,2014-05-13 00:00:00.000000000,182 days 00:00:00.000000000,182 days 00:00:00.000000000,0 days 00:00:00.000000000
3850,2010-06-13 00:00:00.000000000,2010-06-13 00:00:00.000000000,2010-06-13 00:00:00.000000000,2009-07-28 00:00:00.000000000,2009-08-18 00:00:00.000000000,2009-08-18 00:00:00.000000000,2008-10-02 00:00:00.000000000,299 days 00:00:00.000000000,299 days 00:00:00.000000000,0 days 00:00:00.000000000
3851,2015-04-28 00:00:00.000000000,2015-04-28 00:00:00.000000000,2015-04-28 00:00:00.000000000,2014-03-27 00:00:00.000000000,2014-05-06 00:00:00.000000000,2014-05-06 00:00:00.000000000,2013-04-04 00:00:00.000000000,357 days 00:00:00.000000000,357 days 00:00:00.000000000,0 days 00:00:00.000000000
3852,2014-05-30 00:00:00.000000000,2014-05-30 00:00:00.000000000,2014-05-31 00:00:00.000000000,2013-05-03 00:00:00.000000000,2013-11-28 00:00:00.000000000,2013-11-28 00:00:00.000000000,2012-11-01 00:00:00.000000000,183 days 00:00:00.000000000,183 days 00:00:00.000000000,0 days 00:00:00.000000000
3853,2014-08-28 00:00:00.000000000,2014-08-28 00:00:00.000000000,2014-08-28 00:00:00.000000000,2014-01-21 00:00:00.000000000,2014-02-19 00:00:00.000000000,2014-02-19 00:00:00.000000000,2013-07-15 00:00:00.000000000,190 days 00:00:00.000000000,190 days 00:00:00.000000000,0 days 00:00:00.000000000
3854,2013-09-20 00:00:00.000000000,2013-09-20 00:00:00.000000000,2013-09-20 00:00:00.000000000,2013-01-24 00:00:00.000000000,2013-02-26 00:00:00.000000000,2013-02-26 00:00:00.000000000,2012-07-02 00:00:00.000000000,206 days 00:00:00.000000000,206 days 00:00:00.000000000,0 days 00:00:00.000000000
3855,2015-07-24 00:00:00.000000000,2015-07-24 00:00:00.000000000,2015-07-24 00:00:00.000000000,2014-09-11 00:00:00.000000000,2014-10-09 00:00:00.000000000,2014-10-09 00:00:00.000000000,2013-11-27 00:00:00.000000000,288 days 00:00:00.000000000,288 days 00:00:00.000000000,0 days 00:00:00.000000000
3856,2014-03-17 00:00:00.000000000,2014-03-17 00:00:00.000000000,2014-03-18 00:00:00.000000000,2013-10-25 00:00:00.000000000,2013-11-21 00:00:00.000000000,2013-11-21 00:00:00.000000000,2013-07-01 00:00:00.000000000,116 days 00:00:00.000000000,116 days 00:00:00.000000000,0 days 00:00:00.000000000
3857,2015-08-24 00:00:00.000000000,2015-08-24 00:00:00.000000000,2015-08-28 00:00:00.000000000,2015-06-08 00:00:00.000000000,2015-06-25 00:00:00.000000000,2015-06-25 00:00:00.000000000,2015-04-09 00:00:00.000000000,60 days 00:00:00.000000000,60 days 00:00:00.000000000,0 days 00:00:00.000000000
3858,2015-05-12 00:00:00.000000000,2015-05-12 00:00:00.000000000,2015-05-12 00:00:00.000000000,2014-09-11 00:00:00.000000000,2015-05-11 00:00:00.000000000,2015-05-11 00:00:00.000000000,2014-09-10 00:00:00.000000000,1 days 00:00:00.000000000,1 days 00:00:00.000000000,0 days 00:00:00.000000000
3859,2011-08-08 00:00:00.000000000,2011-08-08 00:00:00.000000000,2011-08-08 00:00:00.000000000,2011-03-28 00:00:00.000000000,2011-06-17 00:00:00.000000000,2011-06-17 00:00:00.000000000,2011-02-04 00:00:00.000000000,52 days 00:00:00.000000000,52 days 00:00:00.000000000,0 days 00:00:00.000000000
3860,2011-05-10 00:00:00.000000000,2011-05-10 00:00:00.000000000,2011-05-10 00:00:00.000000000,2011-01-17 00:00:00.000000000,2011-02-09 00:00:00.000000000,2011-02-09 00:00:00.000000000,2010-10-19 00:00:00.000000000,90 days 00:00:00.000000000,90 days 00:00:00.000000000,0 days 00:00:00.000000000
3861,2010-05-18 00:00:00.000000000,2010-05-18 00:00:00.000000000,2010-05-18 00:00:00.000000000,2010-03-15 00:00:00.000000000,2010-03-24 00:00:00.000000000,2010-03-24 00:00:00.000000000,2010-01-19 00:00:00.000000000,55 days 00:00:00.000000000,55 days 00:00:00.000000000,0 days 00:00:00.000000000
3862,2010-05-31 00:00:00.000000000,2010-05-31 00:00:00.000000000,2010-05-31 00:00:00.000000000,2010-04-19 00:00:00.000000000,2010-04-21 00:00:00.000000000,2010-04-21 00:00:00.000000000,2010-03-10 00:00:00.000000000,40 days 00:00:00.000000000,40 days 00:00:00.000000000,0 days 00:00:00.000000000
3863,2014-04-22 00:00:00.000000000,2014-04-22 00:00:00.000000000,2014-04-24 00:00:00.000000000,2014-02-27 00:00:00.000000000,2014-03-19 00:00:00.000000000,2014-03-19 00:00:00.000000000,2014-01-24 00:00:00.000000000,34 days 00:00:00.000000000,34 days 00:00:00.000000000,0 days 00:00:00.000000000
3864,2010-08-03 00:00:00.000000000,2010-08-03 00:00:00.000000000,2010-08-03 00:00:00.000000000,2010-03-22 00:00:00.000000000,2010-03-29 00:00:00.000000000,2010-03-29 00:00:00.000000000,2009-11-15 00:00:00.000000000,127 days 00:00:00.000000000,127 days 00:00:00.000000000,0 days 00:00:00.000000000
3865,2015-01-19 00:00:00.000000000,2015-01-19 00:00:00.000000000,2015-01-22 00:00:00.000000000,2014-09-22 00:00:00.000000000,2014-10-29 00:00:00.000000000,2014-10-29 00:00:00.000000000,2014-07-02 00:00:00.000000000,82 days 00:00:00.000000000,82 days 00:00:00.000000000,0 days 00:00:00.000000000
3866,2015-02-19 00:00:00.000000000,2015-02-19 00:00:00.000000000,2015-02-19 00:00:00.000000000,2014-04-30 00:00:00.000000000,2014-05-08 00:00:00.000000000,2014-05-08 00:00:00.000000000,2013-07-17 00:00:00.000000000,287 days 00:00:00.000000000,287 days 00:00:00.000000000,0 days 00:00:00.000000000
3867,2010-01-08 00:00:00.000000000,2010-01-08 00:00:00.000000000,2010-01-08 00:00:00.000000000,2009-10-27 00:00:00.000000000,2009-10-29 00:00:00.000000000,2009-10-29 00:00:00.000000000,2009-08-17 00:00:00.000000000,71 days 00:00:00.000000000,71 days 00:00:00.000000000,0 days 00:00:00.000000000
3868,2011-06-15 00:00:00.000000000,2011-06-15 00:00:00.000000000,2011-06-15 00:00:00.000000000,2011-01-05 00:00:00.000000000,2011-03-11 00:00:00.000000000,2011-03-11 00:00:00.000000000,2010-10-01 00:00:00.000000000,96 days 00:00:00.000000000,96 days 00:00:00.000000000,0 days 00:00:00.000000000
3869,2014-07-11 00:00:00.000000000,2014-07-11 00:00:00.000000000,2014-07-11 00:00:00.000000000,2013-07-12 00:00:00.000000000,2014-07-11 00:00:00.000000000,2014-07-11 00:00:00.000000000,2013-07-12 00:00:00.000000000,0 days 00:00:00.000000000,0 days 00:00:00.000000000,0 days 00:00:00.000000000
3870,2014-06-12 00:00:00.000000000,2014-06-12 00:00:00.000000000,2014-06-12 00:00:00.000000000,2014-03-07 00:00:00.000000000,2014-04-14 00:00:00.000000000,2014-04-14 00:00:00.000000000,2014-01-07 00:00:00.000000000,59 days 00:00:00.000000000,59 days 00:00:00.000000000,0 days 00:00:00.000000000
3871,2012-09-28 00:00:00.000000000,2012-09-28 00:00:00.000000000,2012-09-28 00:00:00.000000000,2012-04-11 00:00:00.000000000,2012-06-08 00:00:00.000000000,2012-06-08 00:00:00.000000000,2011-12-21 00:00:00.000000000,112 days 00:00:00.000000000,112 days 00:00:00.000000000,0 days 00:00:00.000000000
3872,2014-09-05 00:00:00.000000000,2014-09-05 00:00:00.000000000,2014-09-16 00:00:00.000000000,2014-04-23 00:00:00.000000000,2014-05-20 00:00:00.000000000,2014-05-20 00:00:00.000000000,2014-01-05 00:00:00.000000000,108 days 00:00:00.000000000,108 days 00:00:00.000000000,0 days 00:00:00.000000000
3873,2015-09-08 00:00:00.000000000,2015-09-08 00:00:00.000000000,2015-09-08 00:00:00.000000000,2015-03-26 00:00:00.000000000,2015-04-02 00:00:00.000000000,2015-04-02 00:00:00.000000000,2014-10-18 00:00:00.000000000,159 days 00:00:00.000000000,159 days 00:00:00.000000000,0 days 00:00:00.000000000
3874,2013-12-23 00:00:00.000000000,2013-12-23 00:00:00.000000000,2014-01-10 00:00:00.000000000,2013-08-13 00:00:00.000000000,2013-11-01 00:00:00.000000000,2013-11-01 00:00:00.000000000,2013-06-22 00:00:00.000000000,52 days 00:00:00.000000000,52 days 00:00:00.000000000,0 days 00:00:00.000000000
3875,2009-12-24 00:00:00.000000000,2009-12-24 00:00:00.000000000,2009-12-24 00:00:00.000000000,2009-08-27 00:00:00.000000000,2009-09-11 00:00:00.000000000,2009-09-11 00:00:00.000000000,2009-05-15 00:00:00.000000000,104 days 00:00:00.000000000,104 days 00:00:00.000000000,0 days 00:00:00.000000000
3876,2015-04-21 00:00:00.000000000,2015-04-21 00:00:00.000000000,2015-04-21 00:00:00.000000000,2014-10-17 00:00:00.000000000,2014-11-12 00:00:00.000000000,2014-11-12 00:00:00.000000000,2014-05-10 00:00:00.000000000,160 days 00:00:00.000000000,160 days 00:00:00.000000000,0 days 00:00:00.000000000
3877,2009-10-13 00:00:00.000000000,2009-10-13 00:00:00.000000000,2009-10-13 00:00:00.000000000,2009-07-20 00:00:00.000000000,2009-08-03 00:00:00.000000000,2009-08-03 00:00:00.000000000,2009-05-10 00:00:00.000000000,71 days 00:00:00.000000000,71 days 00:00:00.000000000,0 days 00:00:00.000000000
3878,2014-10-27 00:00:00.000000000,2014-10-27 00:00:00.000000000,2014-10-28 00:00:00.000000000,2014-02-06 00:00:00.000000000,2014-06-27 00:00:00.000000000,2014-06-27 00:00:00.000000000,2013-10-07 00:00:00.000000000,122 days 00:00:00.000000000,122 days 00:00:00.000000000,0 days 00:00:00.000000000
3879,2011-12-20 00:00:00.000000000,2011-12-16 00:00:00.000000000,2011-12-16 00:00:00.000000000,2011-08-31 00:00:00.000000000,2011-09-22 00:00:00.000000000,2011-09-22 00:00:00.000000000,2011-06-03 00:00:00.000000000,89 days 00:00:00.000000000,85 days 00:00:00.000000000,-4 days +00:00:00.000000000
3880,2010-11-04 00:00:00.000000000,2010-11-04 00:00:00.000000000,2010-11-04 00:00:00.000000000,2010-06-20 00:00:00.000000000,2010-08-10 00:00:00.000000000,2010-08-10 00:00:00.000000000,2010-03-26 00:00:00.000000000,86 days 00:00:00.000000000,86 days 00:00:00.000000000,0 days 00:00:00.000000000
3881,2010-12-06 00:00:00.000000000,2010-12-06 00:00:00.000000000,2010-12-06 00:00:00.000000000,2010-08-10 00:00:00.000000000,2010-09-10 00:00:00.000000000,2010-09-10 00:00:00.000000000,2010-05-15 00:00:00.000000000,87 days 00:00:00.000000000,87 days 00:00:00.000000000,0 days 00:00:00.000000000
3882,2013-11-20 00:00:00.000000000,2013-11-20 00:00:00.000000000,2013-11-26 00:00:00.000000000,2013-04-23 00:00:00.000000000,2013-05-23 00:00:00.000000000,2013-05-23 00:00:00.000000000,2012-10-24 00:00:00.000000000,181 days 00:00:00.000000000,181 days 00:00:00.000000000,0 days 00:00:00.000000000
3883,2012-04-13 00:00:00.000000000,2012-04-13 00:00:00.000000000,2012-04-13 00:00:00.000000000,2011-12-05 00:00:00.000000000,2012-01-12 00:00:00.000000000,2012-01-12 00:00:00.000000000,2011-09-04 00:00:00.000000000,92 days 00:00:00.000000000,92 days 00:00:00.000000000,0 days 00:00:00.000000000
3884,2014-08-19 00:00:00.000000000,2014-08-26 00:00:00.000000000,2014-09-07 00:00:00.000000000,2014-05-16 00:00:00.000000000,2014-06-02 00:00:00.000000000,2014-06-02 00:00:00.000000000,2014-02-27 00:00:00.000000000,78 days 00:00:00.000000000,85 days 00:00:00.000000000,7 days 00:00:00.000000000
3885,2014-05-13 00:00:00.000000000,2014-05-13 00:00:00.000000000,2014-05-15 00:00:00.000000000,2013-10-28 00:00:00.000000000,2013-11-22 00:00:00.000000000,2013-11-22 00:00:00.000000000,2013-05-09 00:00:00.000000000,172 days 00:00:00.000000000,172 days 00:00:00.000000000,0 days 00:00:00.000000000
3886,2013-11-07 00:00:00.000000000,2013-11-11 00:00:00.000000000,2013-11-17 00:00:00.000000000,2013-06-10 00:00:00.000000000,2013-07-10 00:00:00.000000000,2013-07-10 00:00:00.000000000,2013-02-10 00:00:00.000000000,120 days 00:00:00.000000000,124 days 00:00:00.000000000,4 days 00:00:00.000000000
3887,2013-11-20 00:00:00.000000000,2013-11-20 00:00:00.000000000,2013-11-26 00:00:00.000000000,2013-04-23 00:00:00.000000000,2013-05-23 00:00:00.000000000,2013-05-23 00:00:00.000000000,2012-10-24 00:00:00.000000000,181 days 00:00:00.000000000,181 days 00:00:00.000000000,0 days 00:00:00.000000000
3888,2015-04-28 00:00:00.000000000,2015-04-28 00:00:00.000000000,2015-04-28 00:00:00.000000000,2014-11-11 00:00:00.000000000,2014-12-04 00:00:00.000000000,2014-12-04 00:00:00.000000000,2014-06-19 00:00:00.000000000,145 days 00:00:00.000000000,145 days 00:00:00.000000000,0 days 00:00:00.000000000
3889,2011-09-02 00:00:00.000000000,2011-09-02 00:00:00.000000000,2011-09-02 00:00:00.000000000,2011-03-10 00:00:00.000000000,2011-03-28 00:00:00.000000000,2011-03-28 00:00:00.000000000,2010-10-03 00:00:00.000000000,158 days 00:00:00.000000000,158 days 00:00:00.000000000,0 days 00:00:00.000000000
3890,2011-09-15 00:00:00.000000000,2011-09-15 00:00:00.000000000,2011-09-15 00:00:00.000000000,2010-11-26 00:00:00.000000000,2010-12-14 00:00:00.000000000,2010-12-14 00:00:00.000000000,2010-02-24 00:00:00.000000000,275 days 00:00:00.000000000,275 days 00:00:00.000000000,0 days 00:00:00.000000000
3891,2012-03-12 00:00:00.000000000,2012-03-12 00:00:00.000000000,2012-03-12 00:00:00.000000000,2012-01-10 00:00:00.000000000,2012-01-23 00:00:00.000000000,2012-01-23 00:00:00.000000000,2011-11-22 00:00:00.000000000,49 days 00:00:00.000000000,49 days 00:00:00.000000000,0 days 00:00:00.000000000
3892,2015-02-12 00:00:00.000000000,2015-02-12 00:00:00.000000000,2015-02-12 00:00:00.000000000,2014-09-11 00:00:00.000000000,2015-02-12 00:00:00.000000000,2015-02-12 00:00:00.000000000,2014-09-11 00:00:00.000000000,0 days 00:00:00.000000000,0 days 00:00:00.000000000,0 days 00:00:00.000000000
3893,2014-08-29 00:00:00.000000000,2014-08-29 00:00:00.000000000,2014-08-29 00:00:00.000000000,2013-07-11 00:00:00.000000000,2014-08-29 00:00:00.000000000,2014-08-29 00:00:00.000000000,2013-07-11 00:00:00.000000000,0 days 00:00:00.000000000,0 days 00:00:00.000000000,0 days 00:00:00.000000000
3894,2009-08-05 00:00:00.000000000,2009-08-05 00:00:00.000000000,2009-08-05 00:00:00.000000000,2009-05-07 00:00:00.000000000,2009-07-21 00:00:00.000000000,2009-07-21 00:00:00.000000000,2009-04-22 00:00:00.000000000,15 days 00:00:00.000000000,15 days 00:00:00.000000000,0 days 00:00:00.000000000
3895,2011-09-29 00:00:00.000000000,2011-09-20 00:00:00.000000000,2011-09-20 00:00:00.000000000,2011-06-24 00:00:00.000000000,2011-07-18 00:00:00.000000000,2011-07-18 00:00:00.000000000,2011-04-12 00:00:00.000000000,73 days 00:00:00.000000000,64 days 00:00:00.000000000,-9 days +00:00:00.000000000
3896,2009-08-07 00:00:00.000000000,2009-08-07 00:00:00.000000000,2009-08-07 00:00:00.000000000,2009-05-07 00:00:00.000000000,2009-07-21 00:00:00.000000000,2009-07-21 00:00:00.000000000,2009-04-20 00:00:00.000000000,17 days 00:00:00.000000000,17 days 00:00:00.000000000,0 days 00:00:00.000000000
3897,2013-04-15 00:00:00.000000000,2013-04-15 00:00:00.000000000,2013-04-15 00:00:00.000000000,2013-03-18 00:00:00.000000000,1900-01-01 00:00:00.000000000,2013-04-08 00:00:00.000000000,2013-03-11 00:00:00.000000000,7 days 00:00:00.000000000,7 days 00:00:00.000000000,0 days 00:00:00.000000000
3898,2014-06-13 00:00:00.000000000,2014-01-22 00:00:00.000000000,2014-01-22 00:00:00.000000000,2013-07-11 00:00:00.000000000,2013-08-02 00:00:00.000000000,2013-08-02 00:00:00.000000000,2012-08-30 00:00:00.000000000,315 days 00:00:00.000000000,173 days 00:00:00.000000000,-142 days +00:00:00.000000000
3899,2009-10-19 00:00:00.000000000,2009-10-19 00:00:00.000000000,2009-10-19 00:00:00.000000000,2009-10-08 00:00:00.000000000,2009-10-15 00:00:00.000000000,2009-10-15 00:00:00.000000000,2009-10-04 00:00:00.000000000,4 days 00:00:00.000000000,4 days 00:00:00.000000000,0 days 00:00:00.000000000
3900,2015-01-26 00:00:00.000000000,2015-01-26 00:00:00.000000000,2015-01-26 00:00:00.000000000,2014-09-11 00:00:00.000000000,2015-01-26 00:00:00.000000000,2015-01-26 00:00:00.000000000,2014-09-11 00:00:00.000000000,0 days 00:00:00.000000000,0 days 00:00:00.000000000,0 days 00:00:00.000000000
3901,2014-12-24 00:00:00.000000000,2014-12-13 00:00:00.000000000,2014-12-13 00:00:00.000000000,2014-07-09 00:00:00.000000000,2014-08-11 00:00:00.000000000,2014-08-11 00:00:00.000000000,2014-02-24 00:00:00.000000000,135 days 00:00:00.000000000,124 days 00:00:00.000000000,-11 days +00:00:00.000000000
3902,2012-06-05 00:00:00.000000000,2012-06-05 00:00:00.000000000,2012-06-05 00:00:00.000000000,2011-12-15 00:00:00.000000000,2012-01-18 00:00:00.000000000,2012-01-18 00:00:00.000000000,2011-07-29 00:00:00.000000000,139 days 00:00:00.000000000,139 days 00:00:00.000000000,0 days 00:00:00.000000000
3903,2015-07-13 00:00:00.000000000,2015-07-13 00:00:00.000000000,2015-07-14 00:00:00.000000000,2015-01-28 00:00:00.000000000,2015-02-17 00:00:00.000000000,2015-02-17 00:00:00.000000000,2014-09-04 00:00:00.000000000,146 days 00:00:00.000000000,146 days 00:00:00.000000000,0 days 00:00:00.000000000
3904,2012-01-04 00:00:00.000000000,2012-01-04 00:00:00.000000000,2012-01-04 00:00:00.000000000,2011-10-18 00:00:00.000000000,2011-10-31 00:00:00.000000000,2011-10-31 00:00:00.000000000,2011-08-14 00:00:00.000000000,65 days 00:00:00.000000000,65 days 00:00:00.000000000,0 days 00:00:00.000000000
3905,2013-01-09 00:00:00.000000000,2013-01-09 00:00:00.000000000,2013-01-09 00:00:00.000000000,2012-10-05 00:00:00.000000000,2012-10-16 00:00:00.000000000,2012-10-16 00:00:00.000000000,2012-07-12 00:00:00.000000000,85 days 00:00:00.000000000,85 days 00:00:00.000000000,0 days 00:00:00.000000000
3906,2009-09-28 00:00:00.000000000,2009-09-28 00:00:00.000000000,2009-09-28 00:00:00.000000000,2009-06-25 00:00:00.000000000,2009-06-29 00:00:00.000000000,2009-06-29 00:00:00.000000000,2009-03-26 00:00:00.000000000,91 days 00:00:00.000000000,91 days 00:00:00.000000000,0 days 00:00:00.000000000
3907,2015-01-19 00:00:00.000000000,2015-01-20 00:00:00.000000000,2015-01-22 00:00:00.000000000,2014-09-22 00:00:00.000000000,2014-10-29 00:00:00.000000000,2014-10-29 00:00:00.000000000,2014-07-02 00:00:00.000000000,82 days 00:00:00.000000000,83 days 00:00:00.000000000,1 days 00:00:00.000000000
3908,2013-11-07 00:00:00.000000000,2013-11-08 00:00:00.000000000,2013-11-17 00:00:00.000000000,2013-06-10 00:00:00.000000000,2013-07-10 00:00:00.000000000,2013-07-10 00:00:00.000000000,2013-02-10 00:00:00.000000000,120 days 00:00:00.000000000,121 days 00:00:00.000000000,1 days 00:00:00.000000000
3909,2013-11-20 00:00:00.000000000,2013-11-20 00:00:00.000000000,2013-11-21 00:00:00.000000000,2013-05-17 00:00:00.000000000,2013-07-03 00:00:00.000000000,2013-07-03 00:00:00.000000000,2012-12-28 00:00:00.000000000,140 days 00:00:00.000000000,140 days 00:00:00.000000000,0 days 00:00:00.000000000
3910,2015-05-12 00:00:00.000000000,2015-05-12 00:00:00.000000000,2015-05-12 00:00:00.000000000,2014-09-11 00:00:00.000000000,2015-05-11 00:00:00.000000000,2015-05-11 00:00:00.000000000,2014-09-10 00:00:00.000000000,1 days 00:00:00.000000000,1 days 00:00:00.000000000,0 days 00:00:00.000000000
3911,2009-10-30 00:00:00.000000000,2009-10-30 00:00:00.000000000,2009-10-30 00:00:00.000000000,2009-07-24 00:00:00.000000000,2009-08-19 00:00:00.000000000,2009-08-19 00:00:00.000000000,2009-05-13 00:00:00.000000000,72 days 00:00:00.000000000,72 days 00:00:00.000000000,0 days 00:00:00.000000000
3912,2014-08-18 00:00:00.000000000,2014-08-18 00:00:00.000000000,2014-08-25 00:00:00.000000000,2014-02-06 00:00:00.000000000,2014-03-10 00:00:00.000000000,2014-03-10 00:00:00.000000000,2013-08-29 00:00:00.000000000,161 days 00:00:00.000000000,161 days 00:00:00.000000000,0 days 00:00:00.000000000
3913,2010-03-29 00:00:00.000000000,2010-03-29 00:00:00.000000000,2010-03-29 00:00:00.000000000,2009-01-04 00:00:00.000000000,2010-01-12 00:00:00.000000000,2010-01-12 00:00:00.000000000,2008-10-20 00:00:00.000000000,76 days 00:00:00.000000000,76 days 00:00:00.000000000,0 days 00:00:00.000000000
3914,2015-01-13 00:00:00.000000000,2015-01-13 00:00:00.000000000,2015-01-16 00:00:00.000000000,2014-11-12 00:00:00.000000000,2014-11-19 00:00:00.000000000,2014-11-19 00:00:00.000000000,2014-09-18 00:00:00.000000000,55 days 00:00:00.000000000,55 days 00:00:00.000000000,0 days 00:00:00.000000000
3915,2009-09-15 00:00:00.000000000,2009-09-15 00:00:00.000000000,2009-09-15 00:00:00.000000000,2009-05-07 00:00:00.000000000,2009-08-03 00:00:00.000000000,2009-08-03 00:00:00.000000000,2009-03-25 00:00:00.000000000,43 days 00:00:00.000000000,43 days 00:00:00.000000000,0 days 00:00:00.000000000
3916,2014-08-29 00:00:00.000000000,2014-08-29 00:00:00.000000000,2014-08-29 00:00:00.000000000,2013-07-11 00:00:00.000000000,2014-08-29 00:00:00.000000000,2014-08-29 00:00:00.000000000,2013-07-11 00:00:00.000000000,0 days 00:00:00.000000000,0 days 00:00:00.000000000,0 days 00:00:00.000000000
3917,2015-07-24 00:00:00.000000000,2015-07-24 00:00:00.000000000,2015-07-24 00:00:00.000000000,2014-09-11 00:00:00.000000000,2014-10-09 00:00:00.000000000,2014-10-09 00:00:00.000000000,2013-11-27 00:00:00.000000000,288 days 00:00:00.000000000,288 days 00:00:00.000000000,0 days 00:00:00.000000000
3918,2014-01-13 00:00:00.000000000,2014-01-13 00:00:00.000000000,2014-01-13 00:00:00.000000000,2013-11-14 00:00:00.000000000,2013-12-02 00:00:00.000000000,2013-12-02 00:00:00.000000000,2013-10-03 00:00:00.000000000,42 days 00:00:00.000000000,42 days 00:00:00.000000000,0 days 00:00:00.000000000
3919,2011-06-06 00:00:00.000000000,2011-06-06 00:00:00.000000000,2011-06-06 00:00:00.000000000,2011-01-17 00:00:00.000000000,2011-02-09 00:00:00.000000000,2011-02-09 00:00:00.000000000,2010-09-22 00:00:00.000000000,117 days 00:00:00.000000000,117 days 00:00:00.000000000,0 days 00:00:00.000000000
3920,2010-11-04 00:00:00.000000000,2010-11-04 00:00:00.000000000,2010-11-04 00:00:00.000000000,2010-06-02 00:00:00.000000000,2010-06-17 00:00:00.000000000,2010-06-17 00:00:00.000000000,2010-01-13 00:00:00.000000000,140 days 00:00:00.000000000,140 days 00:00:00.000000000,0 days 00:00:00.000000000
3921,2013-10-17 00:00:00.000000000,2013-10-17 00:00:00.000000000,2013-10-28 00:00:00.000000000,2013-04-29 00:00:00.000000000,2013-06-12 00:00:00.000000000,2013-06-12 00:00:00.000000000,2012-12-23 00:00:00.000000000,127 days 00:00:00.000000000,127 days 00:00:00.000000000,0 days 00:00:00.000000000
3922,2012-03-30 00:00:00.000000000,2012-03-30 00:00:00.000000000,2012-03-30 00:00:00.000000000,2011-10-26 00:00:00.000000000,2011-11-09 00:00:00.000000000,2011-11-09 00:00:00.000000000,2011-06-06 00:00:00.000000000,142 days 00:00:00.000000000,142 days 00:00:00.000000000,0 days 00:00:00.000000000
3923,2014-11-26 00:00:00.000000000,2014-11-26 00:00:00.000000000,2014-11-26 00:00:00.000000000,2014-04-08 00:00:00.000000000,2014-04-30 00:00:00.000000000,2014-04-30 00:00:00.000000000,2013-09-10 00:00:00.000000000,210 days 00:00:00.000000000,210 days 00:00:00.000000000,0 days 00:00:00.000000000
3924,2011-11-03 00:00:00.000000000,2011-11-03 00:00:00.000000000,2011-11-03 00:00:00.000000000,2011-03-10 00:00:00.000000000,2011-04-01 00:00:00.000000000,2011-04-01 00:00:00.000000000,2010-08-06 00:00:00.000000000,216 days 00:00:00.000000000,216 days 00:00:00.000000000,0 days 00:00:00.000000000
3925,2013-12-31 00:00:00.000000000,2013-12-31 00:00:00.000000000,2014-01-03 00:00:00.000000000,2013-07-15 00:00:00.000000000,2013-08-09 00:00:00.000000000,2013-08-09 00:00:00.000000000,2013-02-21 00:00:00.000000000,144 days 00:00:00.000000000,144 days 00:00:00.000000000,0 days 00:00:00.000000000
3926,2012-07-09 00:00:00.000000000,2012-07-28 00:00:00.000000000,2012-07-28 00:00:00.000000000,2012-06-05 00:00:00.000000000,2012-06-14 00:00:00.000000000,2012-06-14 00:00:00.000000000,2012-05-11 00:00:00.000000000,25 days 00:00:00.000000000,44 days 00:00:00.000000000,19 days 00:00:00.000000000
3927,2015-01-19 00:00:00.000000000,2015-01-16 00:00:00.000000000,2015-01-22 00:00:00.000000000,2014-09-22 00:00:00.000000000,2014-10-29 00:00:00.000000000,2014-10-29 00:00:00.000000000,2014-07-02 00:00:00.000000000,82 days 00:00:00.000000000,79 days 00:00:00.000000000,-3 days +00:00:00.000000000
3928,2013-08-27 00:00:00.000000000,2013-08-27 00:00:00.000000000,2013-08-27 00:00:00.000000000,2013-04-19 00:00:00.000000000,2013-05-13 00:00:00.000000000,2013-05-13 00:00:00.000000000,2013-01-03 00:00:00.000000000,106 days 00:00:00.000000000,106 days 00:00:00.000000000,0 days 00:00:00.000000000
3929,2010-06-01 00:00:00.000000000,2010-06-01 00:00:00.000000000,2010-06-01 00:00:00.000000000,2010-03-18 00:00:00.000000000,2010-03-19 00:00:00.000000000,2010-03-19 00:00:00.000000000,2010-01-03 00:00:00.000000000,74 days 00:00:00.000000000,74 days 00:00:00.000000000,0 days 00:00:00.000000000
3930,2012-02-03 00:00:00.000000000,2012-02-03 00:00:00.000000000,2012-02-03 00:00:00.000000000,2011-08-29 00:00:00.000000000,2011-09-14 00:00:00.000000000,2011-09-14 00:00:00.000000000,2011-04-09 00:00:00.000000000,142 days 00:00:00.000000000,142 days 00:00:00.000000000,0 days 00:00:00.000000000
3931,2014-08-27 00:00:00.000000000,2014-08-27 00:00:00.000000000,2014-08-27 00:00:00.000000000,2013-07-11 00:00:00.000000000,2014-08-27 00:00:00.000000000,2014-08-27 00:00:00.000000000,2013-07-11 00:00:00.000000000,0 days 00:00:00.000000000,0 days 00:00:00.000000000,0 days 00:00:00.000000000
3932,2015-05-12 00:00:00.000000000,2015-05-12 00:00:00.000000000,2015-05-12 00:00:00.000000000,2014-09-11 00:00:00.000000000,2015-05-11 00:00:00.000000000,2015-05-11 00:00:00.000000000,2014-09-10 00:00:00.000000000,1 days 00:00:00.000000000,1 days 00:00:00.000000000,0 days 00:00:00.000000000
3933,2014-07-17 00:00:00.000000000,2014-07-23 00:00:00.000000000,2014-07-31 00:00:00.000000000,2014-03-24 00:00:00.000000000,2014-04-23 00:00:00.000000000,2014-04-23 00:00:00.000000000,2013-12-29 00:00:00.000000000,85 days 00:00:00.000000000,91 days 00:00:00.000000000,6 days 00:00:00.000000000
3934,2014-08-05 00:00:00.000000000,2014-08-05 00:00:00.000000000,2014-08-05 00:00:00.000000000,2014-04-30 00:00:00.000000000,2014-08-05 00:00:00.000000000,2014-08-05 00:00:00.000000000,2014-04-30 00:00:00.000000000,0 days 00:00:00.000000000,0 days 00:00:00.000000000,0 days 00:00:00.000000000
3935,2011-09-13 00:00:00.000000000,2011-09-13 00:00:00.000000000,2011-09-13 00:00:00.000000000,2011-07-12 00:00:00.000000000,2011-07-20 00:00:00.000000000,2011-07-20 00:00:00.000000000,2011-05-18 00:00:00.000000000,55 days 00:00:00.000000000,55 days 00:00:00.000000000,0 days 00:00:00.000000000
3936,2015-05-04 00:00:00.000000000,2015-05-04 00:00:00.000000000,2015-05-05 00:00:00.000000000,2014-10-09 00:00:00.000000000,2014-12-15 00:00:00.000000000,2014-12-15 00:00:00.000000000,2014-05-22 00:00:00.000000000,140 days 00:00:00.000000000,140 days 00:00:00.000000000,0 days 00:00:00.000000000
3937,2014-08-29 00:00:00.000000000,2014-08-29 00:00:00.000000000,2014-08-29 00:00:00.000000000,2013-07-11 00:00:00.000000000,2014-08-29 00:00:00.000000000,2014-08-29 00:00:00.000000000,2013-07-11 00:00:00.000000000,0 days 00:00:00.000000000,0 days 00:00:00.000000000,0 days 00:00:00.000000000
3938,2013-06-05 00:00:00.000000000,2013-06-05 00:00:00.000000000,2013-06-05 00:00:00.000000000,2013-01-08 00:00:00.000000000,2013-01-23 00:00:00.000000000,2013-01-23 00:00:00.000000000,2012-08-28 00:00:00.000000000,133 days 00:00:00.000000000,133 days 00:00:00.000000000,0 days 00:00:00.000000000
3939,2012-11-20 00:00:00.000000000,2012-11-20 00:00:00.000000000,2012-11-20 00:00:00.000000000,2011-12-14 00:00:00.000000000,2012-01-09 00:00:00.000000000,2012-01-09 00:00:00.000000000,2011-02-01 00:00:00.000000000,316 days 00:00:00.000000000,316 days 00:00:00.000000000,0 days 00:00:00.000000000
3940,2013-12-16 00:00:00.000000000,2013-12-16 00:00:00.000000000,2013-12-17 00:00:00.000000000,2013-08-19 00:00:00.000000000,2013-08-23 00:00:00.000000000,2013-08-23 00:00:00.000000000,2013-04-26 00:00:00.000000000,115 days 00:00:00.000000000,115 days 00:00:00.000000000,0 days 00:00:00.000000000
3941,2010-07-19 00:00:00.000000000,2010-07-19 00:00:00.000000000,2010-07-19 00:00:00.000000000,2010-03-18 00:00:00.000000000,2010-03-19 00:00:00.000000000,2010-03-19 00:00:00.000000000,2009-11-16 00:00:00.000000000,122 days 00:00:00.000000000,122 days 00:00:00.000000000,0 days 00:00:00.000000000
3942,2015-05-08 00:00:00.000000000,2015-05-08 00:00:00.000000000,2015-05-11 00:00:00.000000000,2015-01-15 00:00:00.000000000,2015-02-23 00:00:00.000000000,2015-02-23 00:00:00.000000000,2014-11-02 00:00:00.000000000,74 days 00:00:00.000000000,74 days 00:00:00.000000000,0 days 00:00:00.000000000
3943,2011-10-13 00:00:00.000000000,2012-01-24 00:00:00.000000000,2012-01-24 00:00:00.000000000,2011-03-10 00:00:00.000000000,2011-03-24 00:00:00.000000000,2011-03-24 00:00:00.000000000,2010-08-19 00:00:00.000000000,203 days 00:00:00.000000000,306 days 00:00:00.000000000,103 days 00:00:00.000000000
3944,2012-08-03 00:00:00.000000000,2012-08-03 00:00:00.000000000,2012-08-03 00:00:00.000000000,2011-12-14 00:00:00.000000000,2012-01-09 00:00:00.000000000,2012-01-09 00:00:00.000000000,2011-05-21 00:00:00.000000000,207 days 00:00:00.000000000,207 days 00:00:00.000000000,0 days 00:00:00.000000000
3945,2013-10-03 00:00:00.000000000,2013-10-03 00:00:00.000000000,2013-10-05 00:00:00.000000000,2013-07-08 00:00:00.000000000,2013-07-31 00:00:00.000000000,2013-07-31 00:00:00.000000000,2013-05-05 00:00:00.000000000,64 days 00:00:00.000000000,64 days 00:00:00.000000000,0 days 00:00:00.000000000
3946,2010-10-13 00:00:00.000000000,2010-10-27 00:00:00.000000000,2010-10-27 00:00:00.000000000,2010-03-18 00:00:00.000000000,2010-03-19 00:00:00.000000000,2010-03-19 00:00:00.000000000,2009-08-22 00:00:00.000000000,208 days 00:00:00.000000000,222 days 00:00:00.000000000,14 days 00:00:00.000000000
3947,2010-06-12 00:00:00.000000000,2010-06-12 00:00:00.000000000,2010-06-12 00:00:00.000000000,2010-04-15 00:00:00.000000000,2010-04-23 00:00:00.000000000,2010-04-23 00:00:00.000000000,2010-02-24 00:00:00.000000000,50 days 00:00:00.000000000,50 days 00:00:00.000000000,0 days 00:00:00.000000000
3948,2013-03-14 00:00:00.000000000,2013-03-14 00:00:00.000000000,2013-03-14 00:00:00.000000000,2012-12-13 00:00:00.000000000,2013-01-17 00:00:00.000000000,2013-01-17 00:00:00.000000000,2012-10-18 00:00:00.000000000,56 days 00:00:00.000000000,56 days 00:00:00.000000000,0 days 00:00:00.000000000
3949,2014-01-22 00:00:00.000000000,2014-01-22 00:00:00.000000000,2014-01-22 00:00:00.000000000,2013-05-03 00:00:00.000000000,2013-05-17 00:00:00.000000000,2013-05-17 00:00:00.000000000,2012-08-26 00:00:00.000000000,250 days 00:00:00.000000000,250 days 00:00:00.000000000,0 days 00:00:00.000000000
3950,2012-08-09 00:00:00.000000000,2012-08-09 00:00:00.000000000,2012-08-09 00:00:00.000000000,2012-05-18 00:00:00.000000000,2012-06-21 00:00:00.000000000,2012-06-21 00:00:00.000000000,2012-03-30 00:00:00.000000000,49 days 00:00:00.000000000,49 days 00:00:00.000000000,0 days 00:00:00.000000000
3951,2014-11-05 00:00:00.000000000,2014-11-05 00:00:00.000000000,2014-11-05 00:00:00.000000000,2014-04-30 00:00:00.000000000,2014-11-04 00:00:00.000000000,2014-11-04 00:00:00.000000000,2014-04-29 00:00:00.000000000,1 days 00:00:00.000000000,1 days 00:00:00.000000000,0 days 00:00:00.000000000
3952,2011-06-13 00:00:00.000000000,2011-09-22 00:00:00.000000000,2011-09-22 00:00:00.000000000,2010-11-26 00:00:00.000000000,2010-12-14 00:00:00.000000000,2010-12-14 00:00:00.000000000,2010-05-29 00:00:00.000000000,181 days 00:00:00.000000000,282 days 00:00:00.000000000,101 days 00:00:00.000000000
3953,2014-02-06 00:00:00.000000000,2014-02-06 00:00:00.000000000,2014-02-06 00:00:00.000000000,2013-10-08 00:00:00.000000000,2013-12-02 00:00:00.000000000,2013-12-02 00:00:00.000000000,2013-08-03 00:00:00.000000000,66 days 00:00:00.000000000,66 days 00:00:00.000000000,0 days 00:00:00.000000000
3954,2014-05-09 00:00:00.000000000,2014-05-09 00:00:00.000000000,2014-05-12 00:00:00.000000000,2013-08-21 00:00:00.000000000,2014-02-03 00:00:00.000000000,2014-02-03 00:00:00.000000000,2013-05-18 00:00:00.000000000,95 days 00:00:00.000000000,95 days 00:00:00.000000000,0 days 00:00:00.000000000
3955,2015-07-10 00:00:00.000000000,2015-07-10 00:00:00.000000000,2015-07-10 00:00:00.000000000,2015-01-28 00:00:00.000000000,2015-02-17 00:00:00.000000000,2015-02-17 00:00:00.000000000,2014-09-07 00:00:00.000000000,143 days 00:00:00.000000000,143 days 00:00:00.000000000,0 days 00:00:00.000000000
3956,2012-08-22 00:00:00.000000000,2012-08-22 00:00:00.000000000,2012-08-22 00:00:00.000000000,2012-02-13 00:00:00.000000000,2012-07-04 00:00:00.000000000,2012-07-04 00:00:00.000000000,2011-12-26 00:00:00.000000000,49 days 00:00:00.000000000,49 days 00:00:00.000000000,0 days 00:00:00.000000000
3957,2015-08-24 00:00:00.000000000,2015-08-24 00:00:00.000000000,2015-08-24 00:00:00.000000000,2014-09-11 00:00:00.000000000,2015-08-24 00:00:00.000000000,2015-08-24 00:00:00.000000000,2014-09-11 00:00:00.000000000,0 days 00:00:00.000000000,0 days 00:00:00.000000000,0 days 00:00:00.000000000
3958,2010-08-09 00:00:00.000000000,2010-08-09 00:00:00.000000000,2010-08-09 00:00:00.000000000,2010-03-22 00:00:00.000000000,2010-03-29 00:00:00.000000000,2010-03-29 00:00:00.000000000,2009-11-09 00:00:00.000000000,133 days 00:00:00.000000000,133 days 00:00:00.000000000,0 days 00:00:00.000000000
3959,2015-08-27 00:00:00.000000000,2015-08-27 00:00:00.000000000,2015-08-27 00:00:00.000000000,2014-10-09 00:00:00.000000000,2014-12-15 00:00:00.000000000,2014-12-15 00:00:00.000000000,2014-01-27 00:00:00.000000000,255 days 00:00:00.000000000,255 days 00:00:00.000000000,0 days 00:00:00.000000000
3960,2015-04-28 00:00:00.000000000,2015-04-28 00:00:00.000000000,2015-04-28 00:00:00.000000000,2014-03-27 00:00:00.000000000,2014-04-29 00:00:00.000000000,2014-04-29 00:00:00.000000000,2013-03-28 00:00:00.000000000,364 days 00:00:00.000000000,364 days 00:00:00.000000000,0 days 00:00:00.000000000
3961,2013-01-29 00:00:00.000000000,2013-01-29 00:00:00.000000000,2013-01-29 00:00:00.000000000,2012-07-25 00:00:00.000000000,2012-08-14 00:00:00.000000000,2012-08-14 00:00:00.000000000,2012-02-08 00:00:00.000000000,168 days 00:00:00.000000000,168 days 00:00:00.000000000,0 days 00:00:00.000000000
3962,2009-10-30 00:00:00.000000000,2009-10-30 00:00:00.000000000,2009-10-30 00:00:00.000000000,2009-05-07 00:00:00.000000000,2009-08-03 00:00:00.000000000,2009-08-03 00:00:00.000000000,2009-02-08 00:00:00.000000000,88 days 00:00:00.000000000,88 days 00:00:00.000000000,0 days 00:00:00.000000000
3963,2014-08-22 00:00:00.000000000,2014-08-22 00:00:00.000000000,2014-08-27 00:00:00.000000000,2014-02-04 00:00:00.000000000,2014-04-10 00:00:00.000000000,2014-04-10 00:00:00.000000000,2013-09-23 00:00:00.000000000,134 days 00:00:00.000000000,134 days 00:00:00.000000000,0 days 00:00:00.000000000
3964,2015-07-13 00:00:00.000000000,2015-07-13 00:00:00.000000000,2015-07-14 00:00:00.000000000,2015-01-28 00:00:00.000000000,2015-02-17 00:00:00.000000000,2015-02-17 00:00:00.000000000,2014-09-04 00:00:00.000000000,146 days 00:00:00.000000000,146 days 00:00:00.000000000,0 days 00:00:00.000000000
3965,2014-01-13 00:00:00.000000000,2014-01-13 00:00:00.000000000,2014-01-13 00:00:00.000000000,2013-11-14 00:00:00.000000000,2013-12-02 00:00:00.000000000,2013-12-02 00:00:00.000000000,2013-10-03 00:00:00.000000000,42 days 00:00:00.000000000,42 days 00:00:00.000000000,0 days 00:00:00.000000000
3966,2013-04-02 00:00:00.000000000,2013-04-02 00:00:00.000000000,2013-04-02 00:00:00.000000000,2012-10-15 00:00:00.000000000,2012-11-07 00:00:00.000000000,2012-11-07 00:00:00.000000000,2012-05-22 00:00:00.000000000,146 days 00:00:00.000000000,146 days 00:00:00.000000000,0 days 00:00:00.000000000
3967,2013-03-22 00:00:00.000000000,2013-03-22 00:00:00.000000000,2013-03-22 00:00:00.000000000,2012-12-17 00:00:00.000000000,2013-01-11 00:00:00.000000000,2013-01-11 00:00:00.000000000,2012-10-08 00:00:00.000000000,70 days 00:00:00.000000000,70 days 00:00:00.000000000,0 days 00:00:00.000000000
3968,2010-05-31 00:00:00.000000000,2010-05-31 00:00:00.000000000,2010-05-31 00:00:00.000000000,2010-04-19 00:00:00.000000000,2010-04-21 00:00:00.000000000,2010-04-21 00:00:00.000000000,2010-03-10 00:00:00.000000000,40 days 00:00:00.000000000,40 days 00:00:00.000000000,0 days 00:00:00.000000000
3969,2013-06-13 00:00:00.000000000,2013-06-13 00:00:00.000000000,2013-06-13 00:00:00.000000000,2013-01-30 00:00:00.000000000,2013-03-17 00:00:00.000000000,2013-03-17 00:00:00.000000000,2012-11-03 00:00:00.000000000,88 days 00:00:00.000000000,88 days 00:00:00.000000000,0 days 00:00:00.000000000
3970,2012-11-06 00:00:00.000000000,2012-11-08 00:00:00.000000000,2012-11-08 00:00:00.000000000,2012-07-17 00:00:00.000000000,2012-08-13 00:00:00.000000000,2012-08-13 00:00:00.000000000,2012-04-23 00:00:00.000000000,85 days 00:00:00.000000000,87 days 00:00:00.000000000,2 days 00:00:00.000000000
3971,2014-02-28 00:00:00.000000000,2014-02-28 00:00:00.000000000,2014-03-03 00:00:00.000000000,2013-08-21 00:00:00.000000000,2013-10-22 00:00:00.000000000,2013-10-22 00:00:00.000000000,2013-04-14 00:00:00.000000000,129 days 00:00:00.000000000,129 days 00:00:00.000000000,0 days 00:00:00.000000000
3972,2014-08-27 00:00:00.000000000,2014-08-27 00:00:00.000000000,2014-08-27 00:00:00.000000000,2013-07-11 00:00:00.000000000,2014-08-27 00:00:00.000000000,2014-08-27 00:00:00.000000000,2013-07-11 00:00:00.000000000,0 days 00:00:00.000000000,0 days 00:00:00.000000000,0 days 00:00:00.000000000
3973,2014-01-13 00:00:00.000000000,2014-01-13 00:00:00.000000000,2014-01-13 00:00:00.000000000,2013-11-14 00:00:00.000000000,2013-12-02 00:00:00.000000000,2013-12-02 00:00:00.000000000,2013-10-03 00:00:00.000000000,42 days 00:00:00.000000000,42 days 00:00:00.000000000,0 days 00:00:00.000000000
3974,2011-09-05 00:00:00.000000000,2011-09-05 00:00:00.000000000,2011-09-05 00:00:00.000000000,2011-03-10 00:00:00.000000000,2011-03-24 00:00:00.000000000,2011-03-24 00:00:00.000000000,2010-09-26 00:00:00.000000000,165 days 00:00:00.000000000,165 days 00:00:00.000000000,0 days 00:00:00.000000000
3975,2010-10-01 00:00:00.000000000,2010-10-01 00:00:00.000000000,2010-10-01 00:00:00.000000000,2010-07-19 00:00:00.000000000,2010-07-30 00:00:00.000000000,2010-07-30 00:00:00.000000000,2010-05-17 00:00:00.000000000,63 days 00:00:00.000000000,63 days 00:00:00.000000000,0 days 00:00:00.000000000
3976,2010-03-22 00:00:00.000000000,2010-03-22 00:00:00.000000000,2010-03-22 00:00:00.000000000,2009-01-04 00:00:00.000000000,2010-01-11 00:00:00.000000000,2010-01-11 00:00:00.000000000,2008-10-26 00:00:00.000000000,70 days 00:00:00.000000000,70 days 00:00:00.000000000,0 days 00:00:00.000000000
3977,2015-06-17 00:00:00.000000000,2015-06-17 00:00:00.000000000,2015-06-18 00:00:00.000000000,2014-10-22 00:00:00.000000000,2014-12-24 00:00:00.000000000,2014-12-24 00:00:00.000000000,2014-04-30 00:00:00.000000000,175 days 00:00:00.000000000,175 days 00:00:00.000000000,0 days 00:00:00.000000000
3978,2010-11-24 00:00:00.000000000,2010-11-24 00:00:00.000000000,2010-11-24 00:00:00.000000000,2010-09-13 00:00:00.000000000,2010-09-17 00:00:00.000000000,2010-09-17 00:00:00.000000000,2010-07-07 00:00:00.000000000,68 days 00:00:00.000000000,68 days 00:00:00.000000000,0 days 00:00:00.000000000
3979,2015-05-12 00:00:00.000000000,2015-05-12 00:00:00.000000000,2015-05-12 00:00:00.000000000,2014-09-11 00:00:00.000000000,2015-05-11 00:00:00.000000000,2015-05-11 00:00:00.000000000,2014-09-10 00:00:00.000000000,1 days 00:00:00.000000000,1 days 00:00:00.000000000,0 days 00:00:00.000000000
3980,2014-07-18 00:00:00.000000000,2014-07-18 00:00:00.000000000,2014-07-18 00:00:00.000000000,2014-04-01 00:00:00.000000000,2014-04-24 00:00:00.000000000,2014-04-24 00:00:00.000000000,2014-01-06 00:00:00.000000000,85 days 00:00:00.000000000,85 days 00:00:00.000000000,0 days 00:00:00.000000000
3981,2011-12-13 00:00:00.000000000,2012-01-30 00:00:00.000000000,2012-01-30 00:00:00.000000000,2011-03-10 00:00:00.000000000,2011-03-28 00:00:00.000000000,2011-03-28 00:00:00.000000000,2010-06-23 00:00:00.000000000,260 days 00:00:00.000000000,308 days 00:00:00.000000000,48 days 00:00:00.000000000
3982,2014-07-18 00:00:00.000000000,2014-07-18 00:00:00.000000000,2014-07-31 00:00:00.000000000,2014-05-11 00:00:00.000000000,2014-06-02 00:00:00.000000000,2014-06-02 00:00:00.000000000,2014-03-26 00:00:00.000000000,46 days 00:00:00.000000000,46 days 00:00:00.000000000,0 days 00:00:00.000000000
3983,2011-10-05 00:00:00.000000000,2011-10-14 00:00:00.000000000,2011-10-14 00:00:00.000000000,2010-11-26 00:00:00.000000000,2010-12-14 00:00:00.000000000,2010-12-14 00:00:00.000000000,2010-02-04 00:00:00.000000000,295 days 00:00:00.000000000,304 days 00:00:00.000000000,9 days 00:00:00.000000000
3984,2011-06-27 00:00:00.000000000,2011-06-27 00:00:00.000000000,2011-06-27 00:00:00.000000000,2011-02-05 00:00:00.000000000,2011-03-02 00:00:00.000000000,2011-03-02 00:00:00.000000000,2010-10-11 00:00:00.000000000,117 days 00:00:00.000000000,117 days 00:00:00.000000000,0 days 00:00:00.000000000
3985,2015-07-10 00:00:00.000000000,2015-07-10 00:00:00.000000000,2015-07-10 00:00:00.000000000,2015-01-28 00:00:00.000000000,2015-02-17 00:00:00.000000000,2015-02-17 00:00:00.000000000,2014-09-07 00:00:00.000000000,143 days 00:00:00.000000000,143 days 00:00:00.000000000,0 days 00:00:00.000000000
3986,2011-02-09 00:00:00.000000000,2011-02-09 00:00:00.000000000,2011-02-09 00:00:00.000000000,2010-09-30 00:00:00.000000000,2010-10-18 00:00:00.000000000,2010-10-18 00:00:00.000000000,2010-06-08 00:00:00.000000000,114 days 00:00:00.000000000,114 days 00:00:00.000000000,0 days 00:00:00.000000000
3987,2013-02-28 00:00:00.000000000,2013-02-28 00:00:00.000000000,2013-02-28 00:00:00.000000000,2012-11-13 00:00:00.000000000,2012-12-12 00:00:00.000000000,2012-12-12 00:00:00.000000000,2012-08-27 00:00:00.000000000,78 days 00:00:00.000000000,78 days 00:00:00.000000000,0 days 00:00:00.000000000
3988,2013-01-21 00:00:00.000000000,2013-01-21 00:00:00.000000000,2013-01-21 00:00:00.000000000,2012-10-10 00:00:00.000000000,2012-10-25 00:00:00.000000000,2012-10-25 00:00:00.000000000,2012-07-14 00:00:00.000000000,88 days 00:00:00.000000000,88 days 00:00:00.000000000,0 days 00:00:00.000000000
3989,2014-02-06 00:00:00.000000000,2014-02-06 00:00:00.000000000,2014-02-06 00:00:00.000000000,2013-10-08 00:00:00.000000000,2013-12-02 00:00:00.000000000,2013-12-02 00:00:00.000000000,2013-08-03 00:00:00.000000000,66 days 00:00:00.000000000,66 days 00:00:00.000000000,0 days 00:00:00.000000000
3990,2011-03-02 00:00:00.000000000,2011-03-02 00:00:00.000000000,2011-03-02 00:00:00.000000000,2009-12-23 00:00:00.000000000,2010-08-25 00:00:00.000000000,2010-08-25 00:00:00.000000000,2009-06-17 00:00:00.000000000,189 days 00:00:00.000000000,189 days 00:00:00.000000000,0 days 00:00:00.000000000
3991,2011-09-08 00:00:00.000000000,2011-09-08 00:00:00.000000000,2011-09-08 00:00:00.000000000,2011-04-07 00:00:00.000000000,2011-05-05 00:00:00.000000000,2011-05-05 00:00:00.000000000,2010-12-02 00:00:00.000000000,126 days 00:00:00.000000000,126 days 00:00:00.000000000,0 days 00:00:00.000000000
3992,2015-07-24 00:00:00.000000000,2015-07-24 00:00:00.000000000,2015-07-24 00:00:00.000000000,2014-09-11 00:00:00.000000000,2014-10-09 00:00:00.000000000,2014-10-09 00:00:00.000000000,2013-11-27 00:00:00.000000000,288 days 00:00:00.000000000,288 days 00:00:00.000000000,0 days 00:00:00.000000000
3993,2014-06-07 00:00:00.000000000,2014-06-07 00:00:00.000000000,2014-06-07 00:00:00.000000000,2014-02-06 00:00:00.000000000,2014-03-10 00:00:00.000000000,2014-03-10 00:00:00.000000000,2013-11-09 00:00:00.000000000,89 days 00:00:00.000000000,89 days 00:00:00.000000000,0 days 00:00:00.000000000
3994,2015-03-31 00:00:00.000000000,2015-03-31 00:00:00.000000000,2015-04-01 00:00:00.000000000,2014-10-30 00:00:00.000000000,2014-12-08 00:00:00.000000000,2014-12-08 00:00:00.000000000,2014-07-09 00:00:00.000000000,113 days 00:00:00.000000000,113 days 00:00:00.000000000,0 days 00:00:00.000000000
3995,2015-05-14 00:00:00.000000000,2015-05-14 00:00:00.000000000,2015-05-14 00:00:00.000000000,2014-11-17 00:00:00.000000000,2015-01-26 00:00:00.000000000,2015-01-26 00:00:00.000000000,2014-08-01 00:00:00.000000000,108 days 00:00:00.000000000,108 days 00:00:00.000000000,0 days 00:00:00.000000000
3996,2010-09-20 00:00:00.000000000,2010-12-13 00:00:00.000000000,2010-12-13 00:00:00.000000000,2010-03-18 00:00:00.000000000,2010-03-19 00:00:00.000000000,2010-03-19 00:00:00.000000000,2009-09-14 00:00:00.000000000,185 days 00:00:00.000000000,269 days 00:00:00.000000000,84 days 00:00:00.000000000
3997,2011-06-02 00:00:00.000000000,2011-06-02 00:00:00.000000000,2011-06-02 00:00:00.000000000,2011-03-11 00:00:00.000000000,2011-03-25 00:00:00.000000000,2011-03-25 00:00:00.000000000,2011-01-01 00:00:00.000000000,69 days 00:00:00.000000000,69 days 00:00:00.000000000,0 days 00:00:00.000000000
3998,2014-02-06 00:00:00.000000000,2014-02-06 00:00:00.000000000,2014-02-06 00:00:00.000000000,2013-10-08 00:00:00.000000000,2013-12-02 00:00:00.000000000,2013-12-02 00:00:00.000000000,2013-08-03 00:00:00.000000000,66 days 00:00:00.000000000,66 days 00:00:00.000000000,0 days 00:00:00.000000000
3999,2014-08-29 00:00:00.000000000,2014-08-29 00:00:00.000000000,2014-08-29 00:00:00.000000000,2013-07-11 00:00:00.000000000,2014-08-29 00:00:00.000000000,2014-08-29 00:00:00.000000000,2013-07-11 00:00:00.000000000,0 days 00:00:00.000000000,0 days 00:00:00.000000000,0 days 00:00:00.000000000
4000,2013-05-03 00:00:00.000000000,2013-05-03 00:00:00.000000000,2013-05-03 00:00:00.000000000,2013-02-22 00:00:00.000000000,2013-03-14 00:00:00.000000000,2013-03-14 00:00:00.000000000,2013-01-03 00:00:00.000000000,50 days 00:00:00.000000000,50 days 00:00:00.000000000,0 days 00:00:00.000000000
4001,2010-08-03 00:00:00.000000000,2010-08-03 00:00:00.000000000,2010-08-03 00:00:00.000000000,2010-02-25 00:00:00.000000000,2010-06-07 00:00:00.000000000,2010-06-07 00:00:00.000000000,2009-12-30 00:00:00.000000000,57 days 00:00:00.000000000,57 days 00:00:00.000000000,0 days 00:00:00.000000000
4002,2013-01-30 00:00:00.000000000,2013-01-30 00:00:00.000000000,2013-01-30 00:00:00.000000000,2012-10-03 00:00:00.000000000,2012-10-17 00:00:00.000000000,2012-10-17 00:00:00.000000000,2012-06-20 00:00:00.000000000,105 days 00:00:00.000000000,105 days 00:00:00.000000000,0 days 00:00:00.000000000
4003,2014-01-13 00:00:00.000000000,2014-01-13 00:00:00.000000000,2014-01-13 00:00:00.000000000,2013-11-14 00:00:00.000000000,2013-12-02 00:00:00.000000000,2013-12-02 00:00:00.000000000,2013-10-03 00:00:00.000000000,42 days 00:00:00.000000000,42 days 00:00:00.000000000,0 days 00:00:00.000000000
4004,2014-02-06 00:00:00.000000000,2014-02-06 00:00:00.000000000,2014-02-06 00:00:00.000000000,2013-10-08 00:00:00.000000000,2013-12-02 00:00:00.000000000,2013-12-02 00:00:00.000000000,2013-08-03 00:00:00.000000000,66 days 00:00:00.000000000,66 days 00:00:00.000000000,0 days 00:00:00.000000000
4005,2015-09-02 00:00:00.000000000,2015-09-02 00:00:00.000000000,2015-09-09 00:00:00.000000000,2015-07-07 00:00:00.000000000,2015-08-04 00:00:00.000000000,2015-08-04 00:00:00.000000000,2015-06-08 00:00:00.000000000,29 days 00:00:00.000000000,29 days 00:00:00.000000000,0 days 00:00:00.000000000
4006,2012-01-17 00:00:00.000000000,2012-01-17 00:00:00.000000000,2012-01-17 00:00:00.000000000,2011-10-05 00:00:00.000000000,2011-10-26 00:00:00.000000000,2011-10-26 00:00:00.000000000,2011-07-14 00:00:00.000000000,83 days 00:00:00.000000000,83 days 00:00:00.000000000,0 days 00:00:00.000000000
4007,2012-08-16 00:00:00.000000000,2012-08-16 00:00:00.000000000,2012-08-16 00:00:00.000000000,2012-05-14 00:00:00.000000000,2012-07-12 00:00:00.000000000,2012-07-12 00:00:00.000000000,2012-04-09 00:00:00.000000000,35 days 00:00:00.000000000,35 days 00:00:00.000000000,0 days 00:00:00.000000000
4008,2013-12-23 00:00:00.000000000,2013-12-12 00:00:00.000000000,2013-12-16 00:00:00.000000000,2013-08-13 00:00:00.000000000,2013-11-01 00:00:00.000000000,2013-11-01 00:00:00.000000000,2013-06-22 00:00:00.000000000,52 days 00:00:00.000000000,41 days 00:00:00.000000000,-11 days +00:00:00.000000000
4009,2010-04-22 00:00:00.000000000,2010-04-22 00:00:00.000000000,2010-04-22 00:00:00.000000000,2009-12-23 00:00:00.000000000,2010-01-25 00:00:00.000000000,2010-01-25 00:00:00.000000000,2009-09-27 00:00:00.000000000,87 days 00:00:00.000000000,87 days 00:00:00.000000000,0 days 00:00:00.000000000
4010,2013-01-30 00:00:00.000000000,2013-01-30 00:00:00.000000000,2013-01-30 00:00:00.000000000,2012-07-25 00:00:00.000000000,2012-08-15 00:00:00.000000000,2012-08-15 00:00:00.000000000,2012-02-08 00:00:00.000000000,168 days 00:00:00.000000000,168 days 00:00:00.000000000,0 days 00:00:00.000000000
4011,2014-08-27 00:00:00.000000000,2014-08-27 00:00:00.000000000,2014-08-27 00:00:00.000000000,2013-07-11 00:00:00.000000000,2014-08-27 00:00:00.000000000,2014-08-27 00:00:00.000000000,2013-07-11 00:00:00.000000000,0 days 00:00:00.000000000,0 days 00:00:00.000000000,0 days 00:00:00.000000000
4012,2009-12-29 00:00:00.000000000,2009-12-29 00:00:00.000000000,2009-12-29 00:00:00.000000000,2009-12-17 00:00:00.000000000,2009-12-23 00:00:00.000000000,2009-12-23 00:00:00.000000000,2009-12-11 00:00:00.000000000,6 days 00:00:00.000000000,6 days 00:00:00.000000000,0 days 00:00:00.000000000
4013,2014-02-06 00:00:00.000000000,2014-02-06 00:00:00.000000000,2014-02-06 00:00:00.000000000,2013-10-08 00:00:00.000000000,2013-12-02 00:00:00.000000000,2013-12-02 00:00:00.000000000,2013-08-03 00:00:00.000000000,66 days 00:00:00.000000000,66 days 00:00:00.000000000,0 days 00:00:00.000000000
4014,2010-07-27 00:00:00.000000000,2010-07-27 00:00:00.000000000,2010-07-27 00:00:00.000000000,2010-04-15 00:00:00.000000000,2010-06-21 00:00:00.000000000,2010-06-21 00:00:00.000000000,2010-03-10 00:00:00.000000000,36 days 00:00:00.000000000,36 days 00:00:00.000000000,0 days 00:00:00.000000000
4015,2014-08-29 00:00:00.000000000,2014-08-29 00:00:00.000000000,2014-08-29 00:00:00.000000000,2013-07-11 00:00:00.000000000,2014-08-29 00:00:00.000000000,2014-08-29 00:00:00.000000000,2013-07-11 00:00:00.000000000,0 days 00:00:00.000000000,0 days 00:00:00.000000000,0 days 00:00:00.000000000
4016,2011-02-10 00:00:00.000000000,2011-02-10 00:00:00.000000000,2011-02-10 00:00:00.000000000,2010-09-27 00:00:00.000000000,2010-11-22 00:00:00.000000000,2010-11-22 00:00:00.000000000,2010-07-09 00:00:00.000000000,80 days 00:00:00.000000000,80 days 00:00:00.000000000,0 days 00:00:00.000000000
4017,2010-03-22 00:00:00.000000000,2010-03-22 00:00:00.000000000,2010-03-22 00:00:00.000000000,2009-10-20 00:00:00.000000000,2009-11-03 00:00:00.000000000,2009-11-03 00:00:00.000000000,2009-06-03 00:00:00.000000000,139 days 00:00:00.000000000,139 days 00:00:00.000000000,0 days 00:00:00.000000000
4018,2013-02-04 00:00:00.000000000,2013-02-04 00:00:00.000000000,2013-02-04 00:00:00.000000000,2012-07-25 00:00:00.000000000,2012-08-15 00:00:00.000000000,2012-08-15 00:00:00.000000000,2012-02-03 00:00:00.000000000,173 days 00:00:00.000000000,173 days 00:00:00.000000000,0 days 00:00:00.000000000
4019,2012-12-10 00:00:00.000000000,2012-12-10 00:00:00.000000000,2012-12-10 00:00:00.000000000,2012-07-25 00:00:00.000000000,2012-08-14 00:00:00.000000000,2012-08-14 00:00:00.000000000,2012-03-29 00:00:00.000000000,118 days 00:00:00.000000000,118 days 00:00:00.000000000,0 days 00:00:00.000000000
4020,2014-09-17 00:00:00.000000000,2014-09-17 00:00:00.000000000,2014-09-19 00:00:00.000000000,2014-04-01 00:00:00.000000000,2014-05-27 00:00:00.000000000,2014-05-27 00:00:00.000000000,2013-12-09 00:00:00.000000000,113 days 00:00:00.000000000,113 days 00:00:00.000000000,0 days 00:00:00.000000000
4021,2009-10-27 00:00:00.000000000,2009-10-27 00:00:00.000000000,2009-10-27 00:00:00.000000000,2009-05-07 00:00:00.000000000,2009-09-22 00:00:00.000000000,2009-09-22 00:00:00.000000000,2009-04-02 00:00:00.000000000,35 days 00:00:00.000000000,35 days 00:00:00.000000000,0 days 00:00:00.000000000
4022,2014-08-27 00:00:00.000000000,2014-08-27 00:00:00.000000000,2014-08-27 00:00:00.000000000,2013-07-11 00:00:00.000000000,2014-08-27 00:00:00.000000000,2014-08-27 00:00:00.000000000,2013-07-11 00:00:00.000000000,0 days 00:00:00.000000000,0 days 00:00:00.000000000,0 days 00:00:00.000000000
4023,2015-03-09 00:00:00.000000000,2015-03-09 00:00:00.000000000,2015-03-09 00:00:00.000000000,2014-09-11 00:00:00.000000000,2015-03-09 00:00:00.000000000,2015-03-09 00:00:00.000000000,2014-09-11 00:00:00.000000000,0 days 00:00:00.000000000,0 days 00:00:00.000000000,0 days 00:00:00.000000000
4024,2015-08-18 00:00:00.000000000,2015-08-18 00:00:00.000000000,2015-08-21 00:00:00.000000000,2015-06-30 00:00:00.000000000,2015-07-28 00:00:00.000000000,2015-07-28 00:00:00.000000000,2015-06-09 00:00:00.000000000,21 days 00:00:00.000000000,21 days 00:00:00.000000000,0 days 00:00:00.000000000
4025,2015-06-02 00:00:00.000000000,2015-06-02 00:00:00.000000000,2015-06-02 00:00:00.000000000,2014-09-11 00:00:00.000000000,2015-06-02 00:00:00.000000000,2015-06-02 00:00:00.000000000,2014-09-11 00:00:00.000000000,0 days 00:00:00.000000000,0 days 00:00:00.000000000,0 days 00:00:00.000000000
4026,2012-05-10 00:00:00.000000000,2012-05-10 00:00:00.000000000,2012-05-10 00:00:00.000000000,2011-12-07 00:00:00.000000000,2012-01-05 00:00:00.000000000,2012-01-05 00:00:00.000000000,2011-08-03 00:00:00.000000000,126 days 00:00:00.000000000,126 days 00:00:00.000000000,0 days 00:00:00.000000000
4027,2011-05-24 00:00:00.000000000,2011-05-24 00:00:00.000000000,2011-05-24 00:00:00.000000000,2011-01-21 00:00:00.000000000,2011-02-08 00:00:00.000000000,2011-02-08 00:00:00.000000000,2010-10-08 00:00:00.000000000,105 days 00:00:00.000000000,105 days 00:00:00.000000000,0 days 00:00:00.000000000
4028,2010-02-02 00:00:00.000000000,2010-02-02 00:00:00.000000000,2010-02-02 00:00:00.000000000,2009-11-16 00:00:00.000000000,2009-11-25 00:00:00.000000000,2009-11-25 00:00:00.000000000,2009-09-08 00:00:00.000000000,69 days 00:00:00.000000000,69 days 00:00:00.000000000,0 days 00:00:00.000000000
4029,2011-10-26 00:00:00.000000000,2011-10-26 00:00:00.000000000,2011-10-26 00:00:00.000000000,2011-05-31 00:00:00.000000000,2011-06-13 00:00:00.000000000,2011-06-13 00:00:00.000000000,2011-01-16 00:00:00.000000000,135 days 00:00:00.000000000,135 days 00:00:00.000000000,0 days 00:00:00.000000000
4030,2011-09-02 00:00:00.000000000,2011-09-02 00:00:00.000000000,2011-09-02 00:00:00.000000000,2011-03-10 00:00:00.000000000,2011-03-24 00:00:00.000000000,2011-03-24 00:00:00.000000000,2010-09-29 00:00:00.000000000,162 days 00:00:00.000000000,162 days 00:00:00.000000000,0 days 00:00:00.000000000
4031,2011-04-29 00:00:00.000000000,2011-04-29 00:00:00.000000000,2011-04-29 00:00:00.000000000,2011-02-05 00:00:00.000000000,2011-03-02 00:00:00.000000000,2011-03-02 00:00:00.000000000,2010-12-09 00:00:00.000000000,58 days 00:00:00.000000000,58 days 00:00:00.000000000,0 days 00:00:00.000000000
4032,2014-06-03 00:00:00.000000000,2014-06-03 00:00:00.000000000,2014-06-05 00:00:00.000000000,2013-08-21 00:00:00.000000000,2013-10-24 00:00:00.000000000,2013-10-24 00:00:00.000000000,2013-01-11 00:00:00.000000000,222 days 00:00:00.000000000,222 days 00:00:00.000000000,0 days 00:00:00.000000000
4033,2012-08-29 00:00:00.000000000,2012-08-29 00:00:00.000000000,2012-08-29 00:00:00.000000000,2012-07-11 00:00:00.000000000,2012-07-31 00:00:00.000000000,2012-07-31 00:00:00.000000000,2012-06-12 00:00:00.000000000,29 days 00:00:00.000000000,29 days 00:00:00.000000000,0 days 00:00:00.000000000
4034,2014-11-19 00:00:00.000000000,2014-11-19 00:00:00.000000000,2014-11-19 00:00:00.000000000,2013-07-12 00:00:00.000000000,2013-08-13 00:00:00.000000000,2013-08-13 00:00:00.000000000,2012-04-05 00:00:00.000000000,463 days 00:00:00.000000000,463 days 00:00:00.000000000,0 days 00:00:00.000000000
4035,2014-08-29 00:00:00.000000000,2014-08-29 00:00:00.000000000,2014-08-29 00:00:00.000000000,2013-07-11 00:00:00.000000000,2014-08-29 00:00:00.000000000,2014-08-29 00:00:00.000000000,2013-07-11 00:00:00.000000000,0 days 00:00:00.000000000,0 days 00:00:00.000000000,0 days 00:00:00.000000000
4036,2014-03-25 00:00:00.000000000,2014-03-25 00:00:00.000000000,2014-03-26 00:00:00.000000000,2013-08-23 00:00:00.000000000,2013-10-08 00:00:00.000000000,2013-10-08 00:00:00.000000000,2013-03-08 00:00:00.000000000,168 days 00:00:00.000000000,168 days 00:00:00.000000000,0 days 00:00:00.000000000
4037,2014-02-06 00:00:00.000000000,2014-02-06 00:00:00.000000000,2014-02-06 00:00:00.000000000,2013-10-08 00:00:00.000000000,2013-12-02 00:00:00.000000000,2013-12-02 00:00:00.000000000,2013-08-03 00:00:00.000000000,66 days 00:00:00.000000000,66 days 00:00:00.000000000,0 days 00:00:00.000000000
4038,2015-01-29 00:00:00.000000000,2015-01-29 00:00:00.000000000,2015-01-29 00:00:00.000000000,2014-09-11 00:00:00.000000000,2015-01-29 00:00:00.000000000,2015-01-29 00:00:00.000000000,2014-09-11 00:00:00.000000000,0 days 00:00:00.000000000,0 days 00:00:00.000000000,0 days 00:00:00.000000000
4039,2010-12-14 00:00:00.000000000,2010-12-14 00:00:00.000000000,2010-12-14 00:00:00.000000000,2010-09-08 00:00:00.000000000,2010-10-07 00:00:00.000000000,2010-10-07 00:00:00.000000000,2010-07-02 00:00:00.000000000,68 days 00:00:00.000000000,68 days 00:00:00.000000000,0 days 00:00:00.000000000
4040,2015-05-12 00:00:00.000000000,2015-05-12 00:00:00.000000000,2015-05-12 00:00:00.000000000,2014-09-11 00:00:00.000000000,2015-05-11 00:00:00.000000000,2015-05-11 00:00:00.000000000,2014-09-10 00:00:00.000000000,1 days 00:00:00.000000000,1 days 00:00:00.000000000,0 days 00:00:00.000000000
4041,2015-07-02 00:00:00.000000000,2015-07-02 00:00:00.000000000,2015-07-30 00:00:00.000000000,2015-03-10 00:00:00.000000000,2015-03-16 00:00:00.000000000,2015-03-16 00:00:00.000000000,2014-11-22 00:00:00.000000000,108 days 00:00:00.000000000,108 days 00:00:00.000000000,0 days 00:00:00.000000000
4042,2013-02-02 00:00:00.000000000,2013-02-02 00:00:00.000000000,2013-02-02 00:00:00.000000000,2012-07-25 00:00:00.000000000,2012-08-14 00:00:00.000000000,2012-08-14 00:00:00.000000000,2012-02-04 00:00:00.000000000,172 days 00:00:00.000000000,172 days 00:00:00.000000000,0 days 00:00:00.000000000
4043,2010-09-09 00:00:00.000000000,2010-09-09 00:00:00.000000000,2010-09-09 00:00:00.000000000,2010-06-07 00:00:00.000000000,2010-07-22 00:00:00.000000000,2010-07-22 00:00:00.000000000,2010-04-19 00:00:00.000000000,49 days 00:00:00.000000000,49 days 00:00:00.000000000,0 days 00:00:00.000000000
4044,2014-08-29 00:00:00.000000000,2014-08-29 00:00:00.000000000,2014-08-29 00:00:00.000000000,2013-07-11 00:00:00.000000000,2014-08-29 00:00:00.000000000,2014-08-29 00:00:00.000000000,2013-07-11 00:00:00.000000000,0 days 00:00:00.000000000,0 days 00:00:00.000000000,0 days 00:00:00.000000000
4045,2009-09-30 00:00:00.000000000,2009-09-30 00:00:00.000000000,2009-09-30 00:00:00.000000000,2009-05-07 00:00:00.000000000,2009-07-21 00:00:00.000000000,2009-07-21 00:00:00.000000000,2009-02-25 00:00:00.000000000,71 days 00:00:00.000000000,71 days 00:00:00.000000000,0 days 00:00:00.000000000
4046,2014-06-13 00:00:00.000000000,2014-06-13 00:00:00.000000000,2014-06-13 00:00:00.000000000,2014-02-21 00:00:00.000000000,2014-02-28 00:00:00.000000000,2014-02-28 00:00:00.000000000,2013-11-08 00:00:00.000000000,105 days 00:00:00.000000000,105 days 00:00:00.000000000,0 days 00:00:00.000000000
4047,2010-03-22 00:00:00.000000000,2010-03-22 00:00:00.000000000,2010-03-22 00:00:00.000000000,2009-01-04 00:00:00.000000000,2010-01-11 00:00:00.000000000,2010-01-11 00:00:00.000000000,2008-10-26 00:00:00.000000000,70 days 00:00:00.000000000,70 days 00:00:00.000000000,0 days 00:00:00.000000000
4048,2011-04-26 00:00:00.000000000,2011-04-26 00:00:00.000000000,2011-04-26 00:00:00.000000000,2010-08-31 00:00:00.000000000,2010-09-24 00:00:00.000000000,2010-09-24 00:00:00.000000000,2010-01-29 00:00:00.000000000,214 days 00:00:00.000000000,214 days 00:00:00.000000000,0 days 00:00:00.000000000
4049,2013-02-04 00:00:00.000000000,2013-02-04 00:00:00.000000000,2013-02-04 00:00:00.000000000,2012-09-18 00:00:00.000000000,2012-09-24 00:00:00.000000000,2012-09-24 00:00:00.000000000,2012-05-08 00:00:00.000000000,133 days 00:00:00.000000000,133 days 00:00:00.000000000,0 days 00:00:00.000000000
4050,2010-08-24 00:00:00.000000000,2010-08-24 00:00:00.000000000,2010-08-24 00:00:00.000000000,2010-03-18 00:00:00.000000000,2010-03-19 00:00:00.000000000,2010-03-19 00:00:00.000000000,2009-10-11 00:00:00.000000000,158 days 00:00:00.000000000,158 days 00:00:00.000000000,0 days 00:00:00.000000000
4051,2010-11-24 00:00:00.000000000,2010-11-24 00:00:00.000000000,2010-11-24 00:00:00.000000000,2010-07-14 00:00:00.000000000,2010-07-30 00:00:00.000000000,2010-07-30 00:00:00.000000000,2010-03-19 00:00:00.000000000,117 days 00:00:00.000000000,117 days 00:00:00.000000000,0 days 00:00:00.000000000
4052,2014-09-10 00:00:00.000000000,2014-09-10 00:00:00.000000000,2014-10-30 00:00:00.000000000,2014-04-08 00:00:00.000000000,2014-05-15 00:00:00.000000000,2014-05-15 00:00:00.000000000,2013-12-11 00:00:00.000000000,118 days 00:00:00.000000000,118 days 00:00:00.000000000,0 days 00:00:00.000000000
4053,2015-07-23 00:00:00.000000000,2015-07-23 00:00:00.000000000,2015-07-29 00:00:00.000000000,2015-03-10 00:00:00.000000000,2015-03-17 00:00:00.000000000,2015-03-17 00:00:00.000000000,2014-11-02 00:00:00.000000000,128 days 00:00:00.000000000,128 days 00:00:00.000000000,0 days 00:00:00.000000000
4054,2011-07-12 00:00:00.000000000,2011-07-12 00:00:00.000000000,2011-07-12 00:00:00.000000000,2010-10-26 00:00:00.000000000,2010-11-10 00:00:00.000000000,2010-11-10 00:00:00.000000000,2010-02-24 00:00:00.000000000,244 days 00:00:00.000000000,244 days 00:00:00.000000000,0 days 00:00:00.000000000
4055,2013-01-09 00:00:00.000000000,2013-01-10 00:00:00.000000000,2013-01-10 00:00:00.000000000,2012-10-05 00:00:00.000000000,2012-10-16 00:00:00.000000000,2012-10-16 00:00:00.000000000,2012-07-12 00:00:00.000000000,85 days 00:00:00.000000000,86 days 00:00:00.000000000,1 days 00:00:00.000000000
4056,2014-08-29 00:00:00.000000000,2014-08-29 00:00:00.000000000,2014-08-29 00:00:00.000000000,2013-07-11 00:00:00.000000000,2014-08-29 00:00:00.000000000,2014-08-29 00:00:00.000000000,2013-07-11 00:00:00.000000000,0 days 00:00:00.000000000,0 days 00:00:00.000000000,0 days 00:00:00.000000000
4057,2015-07-02 00:00:00.000000000,2015-07-02 00:00:00.000000000,2015-07-30 00:00:00.000000000,2015-03-10 00:00:00.000000000,2015-03-16 00:00:00.000000000,2015-03-16 00:00:00.000000000,2014-11-22 00:00:00.000000000,108 days 00:00:00.000000000,108 days 00:00:00.000000000,0 days 00:00:00.000000000
4058,2013-06-05 00:00:00.000000000,2013-06-05 00:00:00.000000000,2013-06-05 00:00:00.000000000,2013-01-10 00:00:00.000000000,2013-01-22 00:00:00.000000000,2013-01-22 00:00:00.000000000,2012-08-29 00:00:00.000000000,134 days 00:00:00.000000000,134 days 00:00:00.000000000,0 days 00:00:00.000000000
4059,2010-01-27 00:00:00.000000000,2010-01-27 00:00:00.000000000,2010-01-27 00:00:00.000000000,2009-05-07 00:00:00.000000000,2009-09-22 00:00:00.000000000,2009-09-22 00:00:00.000000000,2008-12-31 00:00:00.000000000,127 days 00:00:00.000000000,127 days 00:00:00.000000000,0 days 00:00:00.000000000
4060,2015-04-28 00:00:00.000000000,2015-04-28 00:00:00.000000000,2015-04-28 00:00:00.000000000,2014-04-30 00:00:00.000000000,2015-04-28 00:00:00.000000000,2015-04-28 00:00:00.000000000,2014-04-30 00:00:00.000000000,0 days 00:00:00.000000000,0 days 00:00:00.000000000,0 days 00:00:00.000000000
4061,2014-01-08 00:00:00.000000000,2014-01-08 00:00:00.000000000,2014-01-08 00:00:00.000000000,2013-07-11 00:00:00.000000000,2013-07-30 00:00:00.000000000,2013-07-30 00:00:00.000000000,2013-01-30 00:00:00.000000000,162 days 00:00:00.000000000,162 days 00:00:00.000000000,0 days 00:00:00.000000000
4062,2013-09-20 00:00:00.000000000,2013-09-20 00:00:00.000000000,2013-09-20 00:00:00.000000000,2013-06-21 00:00:00.000000000,2013-08-09 00:00:00.000000000,2013-08-09 00:00:00.000000000,2013-05-10 00:00:00.000000000,42 days 00:00:00.000000000,42 days 00:00:00.000000000,0 days 00:00:00.000000000
4063,2012-04-13 00:00:00.000000000,2012-04-13 00:00:00.000000000,2012-04-13 00:00:00.000000000,2011-06-27 00:00:00.000000000,2011-07-08 00:00:00.000000000,2011-07-08 00:00:00.000000000,2010-09-20 00:00:00.000000000,280 days 00:00:00.000000000,280 days 00:00:00.000000000,0 days 00:00:00.000000000
4064,2013-12-12 00:00:00.000000000,2013-12-12 00:00:00.000000000,2013-12-12 00:00:00.000000000,2013-07-11 00:00:00.000000000,2013-07-25 00:00:00.000000000,2013-07-25 00:00:00.000000000,2013-02-21 00:00:00.000000000,140 days 00:00:00.000000000,140 days 00:00:00.000000000,0 days 00:00:00.000000000
4065,2010-07-19 00:00:00.000000000,2010-10-13 00:00:00.000000000,2010-10-13 00:00:00.000000000,2010-03-18 00:00:00.000000000,2010-03-19 00:00:00.000000000,2010-03-19 00:00:00.000000000,2009-11-16 00:00:00.000000000,122 days 00:00:00.000000000,208 days 00:00:00.000000000,86 days 00:00:00.000000000
4066,2014-07-15 00:00:00.000000000,2014-07-15 00:00:00.000000000,2014-08-12 00:00:00.000000000,2014-03-27 00:00:00.000000000,2014-05-06 00:00:00.000000000,2014-05-06 00:00:00.000000000,2014-01-16 00:00:00.000000000,70 days 00:00:00.000000000,70 days 00:00:00.000000000,0 days 00:00:00.000000000
4067,2010-08-24 00:00:00.000000000,2010-08-04 00:00:00.000000000,2010-08-04 00:00:00.000000000,2010-03-18 00:00:00.000000000,2010-03-19 00:00:00.000000000,2010-03-19 00:00:00.000000000,2009-10-11 00:00:00.000000000,158 days 00:00:00.000000000,138 days 00:00:00.000000000,-20 days +00:00:00.000000000
4068,2012-12-13 00:00:00.000000000,2012-12-13 00:00:00.000000000,2012-12-13 00:00:00.000000000,2012-05-29 00:00:00.000000000,2012-07-18 00:00:00.000000000,2012-07-18 00:00:00.000000000,2012-01-02 00:00:00.000000000,148 days 00:00:00.000000000,148 days 00:00:00.000000000,0 days 00:00:00.000000000
4069,2011-06-22 00:00:00.000000000,2011-06-22 00:00:00.000000000,2011-06-22 00:00:00.000000000,2011-01-17 00:00:00.000000000,2011-02-15 00:00:00.000000000,2011-02-15 00:00:00.000000000,2010-09-12 00:00:00.000000000,127 days 00:00:00.000000000,127 days 00:00:00.000000000,0 days 00:00:00.000000000
4070,2012-11-08 00:00:00.000000000,2012-11-08 00:00:00.000000000,2012-11-08 00:00:00.000000000,2012-05-29 00:00:00.000000000,2012-07-18 00:00:00.000000000,2012-07-18 00:00:00.000000000,2012-02-06 00:00:00.000000000,113 days 00:00:00.000000000,113 days 00:00:00.000000000,0 days 00:00:00.000000000
4071,2011-01-12 00:00:00.000000000,2011-01-12 00:00:00.000000000,2011-01-12 00:00:00.000000000,2010-06-02 00:00:00.000000000,2010-06-17 00:00:00.000000000,2010-06-17 00:00:00.000000000,2009-11-05 00:00:00.000000000,209 days 00:00:00.000000000,209 days 00:00:00.000000000,0 days 00:00:00.000000000
4072,2015-04-04 00:00:00.000000000,2015-04-04 00:00:00.000000000,2015-05-11 00:00:00.000000000,2014-10-07 00:00:00.000000000,2014-11-19 00:00:00.000000000,2014-11-19 00:00:00.000000000,2014-05-24 00:00:00.000000000,136 days 00:00:00.000000000,136 days 00:00:00.000000000,0 days 00:00:00.000000000
4073,2011-03-15 00:00:00.000000000,2011-03-15 00:00:00.000000000,2011-03-15 00:00:00.000000000,2011-01-11 00:00:00.000000000,2011-01-21 00:00:00.000000000,2011-01-21 00:00:00.000000000,2010-11-19 00:00:00.000000000,53 days 00:00:00.000000000,53 days 00:00:00.000000000,0 days 00:00:00.000000000
4074,2015-07-24 00:00:00.000000000,2015-07-24 00:00:00.000000000,2015-07-24 00:00:00.000000000,2014-09-11 00:00:00.000000000,2014-10-09 00:00:00.000000000,2014-10-09 00:00:00.000000000,2013-11-27 00:00:00.000000000,288 days 00:00:00.000000000,288 days 00:00:00.000000000,0 days 00:00:00.000000000
4075,2015-01-05 00:00:00.000000000,2015-01-05 00:00:00.000000000,2015-01-05 00:00:00.000000000,2014-09-24 00:00:00.000000000,2014-11-14 00:00:00.000000000,2014-11-14 00:00:00.000000000,2014-08-03 00:00:00.000000000,52 days 00:00:00.000000000,52 days 00:00:00.000000000,0 days 00:00:00.000000000
4076,2014-06-25 00:00:00.000000000,2014-06-25 00:00:00.000000000,2014-06-25 00:00:00.000000000,2014-04-30 00:00:00.000000000,2014-06-25 00:00:00.000000000,2014-06-25 00:00:00.000000000,2014-04-30 00:00:00.000000000,0 days 00:00:00.000000000,0 days 00:00:00.000000000,0 days 00:00:00.000000000
4077,2014-10-30 00:00:00.000000000,2014-10-30 00:00:00.000000000,2014-11-12 00:00:00.000000000,2014-05-11 00:00:00.000000000,2014-06-02 00:00:00.000000000,2014-06-02 00:00:00.000000000,2013-12-12 00:00:00.000000000,150 days 00:00:00.000000000,150 days 00:00:00.000000000,0 days 00:00:00.000000000
4078,2015-06-20 00:00:00.000000000,2015-06-20 00:00:00.000000000,2015-06-23 00:00:00.000000000,2015-01-12 00:00:00.000000000,2015-02-23 00:00:00.000000000,2015-02-23 00:00:00.000000000,2014-09-17 00:00:00.000000000,117 days 00:00:00.000000000,117 days 00:00:00.000000000,0 days 00:00:00.000000000
4079,2012-06-29 00:00:00.000000000,2012-06-29 00:00:00.000000000,2012-06-29 00:00:00.000000000,2012-06-04 00:00:00.000000000,2012-06-12 00:00:00.000000000,2012-06-12 00:00:00.000000000,2012-05-18 00:00:00.000000000,17 days 00:00:00.000000000,17 days 00:00:00.000000000,0 days 00:00:00.000000000
4080,2012-05-02 00:00:00.000000000,2012-05-02 00:00:00.000000000,2012-05-02 00:00:00.000000000,2011-10-05 00:00:00.000000000,2011-12-29 00:00:00.000000000,2011-12-29 00:00:00.000000000,2011-06-02 00:00:00.000000000,125 days 00:00:00.000000000,125 days 00:00:00.000000000,0 days 00:00:00.000000000
4081,2014-01-31 00:00:00.000000000,2014-01-31 00:00:00.000000000,2014-02-03 00:00:00.000000000,2013-07-16 00:00:00.000000000,2013-08-15 00:00:00.000000000,2013-08-15 00:00:00.000000000,2013-01-28 00:00:00.000000000,169 days 00:00:00.000000000,169 days 00:00:00.000000000,0 days 00:00:00.000000000
4082,2013-01-09 00:00:00.000000000,2013-01-08 00:00:00.000000000,2013-01-08 00:00:00.000000000,2012-10-05 00:00:00.000000000,2012-10-16 00:00:00.000000000,2012-10-16 00:00:00.000000000,2012-07-12 00:00:00.000000000,85 days 00:00:00.000000000,84 days 00:00:00.000000000,-1 days +00:00:00.000000000
4083,2012-07-23 00:00:00.000000000,2012-07-23 00:00:00.000000000,2012-07-23 00:00:00.000000000,2011-04-07 00:00:00.000000000,2011-05-05 00:00:00.000000000,2011-05-05 00:00:00.000000000,2010-01-17 00:00:00.000000000,445 days 00:00:00.000000000,445 days 00:00:00.000000000,0 days 00:00:00.000000000
4084,2014-11-05 00:00:00.000000000,2014-11-05 00:00:00.000000000,2014-11-05 00:00:00.000000000,2014-04-30 00:00:00.000000000,2014-11-04 00:00:00.000000000,2014-11-04 00:00:00.000000000,2014-04-29 00:00:00.000000000,1 days 00:00:00.000000000,1 days 00:00:00.000000000,0 days 00:00:00.000000000
4085,2013-07-01 00:00:00.000000000,2013-07-01 00:00:00.000000000,2013-07-01 00:00:00.000000000,2013-04-15 00:00:00.000000000,2013-05-23 00:00:00.000000000,2013-05-23 00:00:00.000000000,2013-03-07 00:00:00.000000000,39 days 00:00:00.000000000,39 days 00:00:00.000000000,0 days 00:00:00.000000000
4086,2011-07-27 00:00:00.000000000,2011-07-27 00:00:00.000000000,2011-07-27 00:00:00.000000000,2011-01-17 00:00:00.000000000,2011-02-15 00:00:00.000000000,2011-02-15 00:00:00.000000000,2010-08-08 00:00:00.000000000,162 days 00:00:00.000000000,162 days 00:00:00.000000000,0 days 00:00:00.000000000
4087,2013-09-20 00:00:00.000000000,2013-09-20 00:00:00.000000000,2013-09-20 00:00:00.000000000,2013-04-12 00:00:00.000000000,2013-05-08 00:00:00.000000000,2013-05-08 00:00:00.000000000,2012-11-28 00:00:00.000000000,135 days 00:00:00.000000000,135 days 00:00:00.000000000,0 days 00:00:00.000000000
4088,2012-01-12 00:00:00.000000000,2012-01-27 00:00:00.000000000,2012-01-27 00:00:00.000000000,2011-03-10 00:00:00.000000000,2011-03-28 00:00:00.000000000,2011-03-28 00:00:00.000000000,2010-05-24 00:00:00.000000000,290 days 00:00:00.000000000,305 days 00:00:00.000000000,15 days 00:00:00.000000000
4089,2014-02-06 00:00:00.000000000,2014-02-06 00:00:00.000000000,2014-02-06 00:00:00.000000000,2013-10-08 00:00:00.000000000,2013-12-02 00:00:00.000000000,2013-12-02 00:00:00.000000000,2013-08-03 00:00:00.000000000,66 days 00:00:00.000000000,66 days 00:00:00.000000000,0 days 00:00:00.000000000
4090,2014-05-09 00:00:00.000000000,2014-05-09 00:00:00.000000000,2014-05-12 00:00:00.000000000,2013-08-21 00:00:00.000000000,2013-10-24 00:00:00.000000000,2013-10-24 00:00:00.000000000,2013-02-05 00:00:00.000000000,197 days 00:00:00.000000000,197 days 00:00:00.000000000,0 days 00:00:00.000000000
4091,2013-04-03 00:00:00.000000000,2013-04-03 00:00:00.000000000,2013-04-03 00:00:00.000000000,2012-10-15 00:00:00.000000000,2012-11-07 00:00:00.000000000,2012-11-07 00:00:00.000000000,2012-05-21 00:00:00.000000000,147 days 00:00:00.000000000,147 days 00:00:00.000000000,0 days 00:00:00.000000000
4092,2015-07-02 00:00:00.000000000,2015-07-02 00:00:00.000000000,2015-07-06 00:00:00.000000000,2015-05-05 00:00:00.000000000,2015-05-29 00:00:00.000000000,2015-05-29 00:00:00.000000000,2015-04-01 00:00:00.000000000,34 days 00:00:00.000000000,34 days 00:00:00.000000000,0 days 00:00:00.000000000
4093,2010-03-10 00:00:00.000000000,2010-03-10 00:00:00.000000000,2010-03-10 00:00:00.000000000,2009-11-25 00:00:00.000000000,2009-12-02 00:00:00.000000000,2009-12-02 00:00:00.000000000,2009-08-19 00:00:00.000000000,98 days 00:00:00.000000000,98 days 00:00:00.000000000,0 days 00:00:00.000000000
4094,2013-04-11 00:00:00.000000000,2013-04-11 00:00:00.000000000,2013-04-11 00:00:00.000000000,2012-10-10 00:00:00.000000000,2012-10-25 00:00:00.000000000,2012-10-25 00:00:00.000000000,2012-04-25 00:00:00.000000000,168 days 00:00:00.000000000,168 days 00:00:00.000000000,0 days 00:00:00.000000000
4095,2010-06-09 00:00:00.000000000,2010-07-07 00:00:00.000000000,2010-07-07 00:00:00.000000000,2010-03-18 00:00:00.000000000,2010-03-19 00:00:00.000000000,2010-03-19 00:00:00.000000000,2009-12-26 00:00:00.000000000,82 days 00:00:00.000000000,110 days 00:00:00.000000000,28 days 00:00:00.000000000
4096,2013-10-18 00:00:00.000000000,2013-10-18 00:00:00.000000000,2013-10-18 00:00:00.000000000,2013-08-19 00:00:00.000000000,2013-08-23 00:00:00.000000000,2013-08-23 00:00:00.000000000,2013-06-24 00:00:00.000000000,56 days 00:00:00.000000000,56 days 00:00:00.000000000,0 days 00:00:00.000000000
4097,2011-04-26 00:00:00.000000000,2011-04-26 00:00:00.000000000,2011-04-26 00:00:00.000000000,2010-12-27 00:00:00.000000000,2011-02-25 00:00:00.000000000,2011-02-25 00:00:00.000000000,2010-10-28 00:00:00.000000000,60 days 00:00:00.000000000,60 days 00:00:00.000000000,0 days 00:00:00.000000000
4098,2014-08-19 00:00:00.000000000,2014-08-27 00:00:00.000000000,2014-09-04 00:00:00.000000000,2014-05-16 00:00:00.000000000,2014-06-02 00:00:00.000000000,2014-06-02 00:00:00.000000000,2014-02-27 00:00:00.000000000,78 days 00:00:00.000000000,86 days 00:00:00.000000000,8 days 00:00:00.000000000
4099,2015-05-12 00:00:00.000000000,2015-05-12 00:00:00.000000000,2015-05-12 00:00:00.000000000,2014-09-11 00:00:00.000000000,2015-05-11 00:00:00.000000000,2015-05-11 00:00:00.000000000,2014-09-10 00:00:00.000000000,1 days 00:00:00.000000000,1 days 00:00:00.000000000,0 days 00:00:00.000000000
4100,2014-04-24 00:00:00.000000000,2014-04-24 00:00:00.000000000,2014-04-24 00:00:00.000000000,2014-02-26 00:00:00.000000000,2014-03-20 00:00:00.000000000,2014-03-20 00:00:00.000000000,2014-01-22 00:00:00.000000000,35 days 00:00:00.000000000,35 days 00:00:00.000000000,0 days 00:00:00.000000000
4101,2013-06-21 00:00:00.000000000,2013-06-21 00:00:00.000000000,2013-06-21 00:00:00.000000000,2013-01-29 00:00:00.000000000,2013-02-05 00:00:00.000000000,2013-02-05 00:00:00.000000000,2012-09-15 00:00:00.000000000,136 days 00:00:00.000000000,136 days 00:00:00.000000000,0 days 00:00:00.000000000
4102,2012-02-07 00:00:00.000000000,2012-02-07 00:00:00.000000000,2012-02-07 00:00:00.000000000,2011-08-29 00:00:00.000000000,2011-09-07 00:00:00.000000000,2011-09-07 00:00:00.000000000,2011-03-29 00:00:00.000000000,153 days 00:00:00.000000000,153 days 00:00:00.000000000,0 days 00:00:00.000000000
4103,2013-04-16 00:00:00.000000000,2013-04-16 00:00:00.000000000,2013-04-16 00:00:00.000000000,2013-03-18 00:00:00.000000000,1900-01-01 00:00:00.000000000,2013-04-09 00:00:00.000000000,2013-03-11 00:00:00.000000000,7 days 00:00:00.000000000,7 days 00:00:00.000000000,0 days 00:00:00.000000000
4104,2015-08-13 00:00:00.000000000,2015-08-13 00:00:00.000000000,2015-08-14 00:00:00.000000000,2015-05-05 00:00:00.000000000,2015-05-27 00:00:00.000000000,2015-05-27 00:00:00.000000000,2015-02-16 00:00:00.000000000,78 days 00:00:00.000000000,78 days 00:00:00.000000000,0 days 00:00:00.000000000
4105,2013-03-13 00:00:00.000000000,2013-03-13 00:00:00.000000000,2013-03-13 00:00:00.000000000,2012-10-15 00:00:00.000000000,2012-11-07 00:00:00.000000000,2012-11-07 00:00:00.000000000,2012-06-11 00:00:00.000000000,126 days 00:00:00.000000000,126 days 00:00:00.000000000,0 days 00:00:00.000000000
4106,2012-12-13 00:00:00.000000000,2012-12-13 00:00:00.000000000,2012-12-13 00:00:00.000000000,2012-08-15 00:00:00.000000000,2012-08-21 00:00:00.000000000,2012-08-21 00:00:00.000000000,2012-04-23 00:00:00.000000000,114 days 00:00:00.000000000,114 days 00:00:00.000000000,0 days 00:00:00.000000000
4107,2015-08-13 00:00:00.000000000,2015-08-13 00:00:00.000000000,2015-08-13 00:00:00.000000000,2015-02-13 00:00:00.000000000,2015-03-04 00:00:00.000000000,2015-03-04 00:00:00.000000000,2014-09-04 00:00:00.000000000,162 days 00:00:00.000000000,162 days 00:00:00.000000000,0 days 00:00:00.000000000
4108,2010-06-11 00:00:00.000000000,2010-06-11 00:00:00.000000000,2010-06-11 00:00:00.000000000,2010-04-19 00:00:00.000000000,2010-04-21 00:00:00.000000000,2010-04-21 00:00:00.000000000,2010-02-27 00:00:00.000000000,51 days 00:00:00.000000000,51 days 00:00:00.000000000,0 days 00:00:00.000000000
4109,2010-07-13 00:00:00.000000000,2010-07-13 00:00:00.000000000,2010-07-13 00:00:00.000000000,2010-01-29 00:00:00.000000000,2010-02-09 00:00:00.000000000,2010-02-09 00:00:00.000000000,2009-08-28 00:00:00.000000000,154 days 00:00:00.000000000,154 days 00:00:00.000000000,0 days 00:00:00.000000000
4110,2010-05-03 00:00:00.000000000,2010-05-03 00:00:00.000000000,2010-05-03 00:00:00.000000000,2009-12-16 00:00:00.000000000,2009-12-22 00:00:00.000000000,2009-12-22 00:00:00.000000000,2009-08-06 00:00:00.000000000,132 days 00:00:00.000000000,132 days 00:00:00.000000000,0 days 00:00:00.000000000
4111,2014-08-29 00:00:00.000000000,2014-08-29 00:00:00.000000000,2014-08-29 00:00:00.000000000,2013-07-11 00:00:00.000000000,2014-08-29 00:00:00.000000000,2014-08-29 00:00:00.000000000,2013-07-11 00:00:00.000000000,0 days 00:00:00.000000000,0 days 00:00:00.000000000,0 days 00:00:00.000000000
4112,2014-11-19 00:00:00.000000000,2014-11-19 00:00:00.000000000,2014-11-19 00:00:00.000000000,2014-07-30 00:00:00.000000000,2014-08-29 00:00:00.000000000,2014-08-29 00:00:00.000000000,2014-05-09 00:00:00.000000000,82 days 00:00:00.000000000,82 days 00:00:00.000000000,0 days 00:00:00.000000000
4113,2014-09-29 00:00:00.000000000,2014-09-29 00:00:00.000000000,2014-09-30 00:00:00.000000000,2014-06-17 00:00:00.000000000,2014-07-01 00:00:00.000000000,2014-07-01 00:00:00.000000000,2014-03-19 00:00:00.000000000,90 days 00:00:00.000000000,90 days 00:00:00.000000000,0 days 00:00:00.000000000
4114,2015-03-27 00:00:00.000000000,2015-03-27 00:00:00.000000000,2015-03-30 00:00:00.000000000,2014-09-24 00:00:00.000000000,2014-11-14 00:00:00.000000000,2014-11-14 00:00:00.000000000,2014-05-14 00:00:00.000000000,133 days 00:00:00.000000000,133 days 00:00:00.000000000,0 days 00:00:00.000000000
4115,2015-01-09 00:00:00.000000000,2015-01-09 00:00:00.000000000,2015-01-12 00:00:00.000000000,2014-05-11 00:00:00.000000000,2014-06-02 00:00:00.000000000,2014-06-02 00:00:00.000000000,2013-10-02 00:00:00.000000000,221 days 00:00:00.000000000,221 days 00:00:00.000000000,0 days 00:00:00.000000000
4116,2012-07-04 00:00:00.000000000,2012-07-04 00:00:00.000000000,2012-07-04 00:00:00.000000000,2012-04-11 00:00:00.000000000,2012-04-23 00:00:00.000000000,2012-04-23 00:00:00.000000000,2012-01-30 00:00:00.000000000,72 days 00:00:00.000000000,72 days 00:00:00.000000000,0 days 00:00:00.000000000
4117,2011-09-24 00:00:00.000000000,2011-09-24 00:00:00.000000000,2011-09-24 00:00:00.000000000,2011-03-11 00:00:00.000000000,2011-03-30 00:00:00.000000000,2011-03-30 00:00:00.000000000,2010-09-14 00:00:00.000000000,178 days 00:00:00.000000000,178 days 00:00:00.000000000,0 days 00:00:00.000000000
4118,2011-04-18 00:00:00.000000000,2011-04-18 00:00:00.000000000,2011-04-18 00:00:00.000000000,2011-03-09 00:00:00.000000000,2011-03-25 00:00:00.000000000,2011-03-25 00:00:00.000000000,2011-02-13 00:00:00.000000000,24 days 00:00:00.000000000,24 days 00:00:00.000000000,0 days 00:00:00.000000000
4119,2011-10-19 00:00:00.000000000,2011-10-19 00:00:00.000000000,2011-10-19 00:00:00.000000000,2011-04-07 00:00:00.000000000,2011-05-05 00:00:00.000000000,2011-05-05 00:00:00.000000000,2010-10-22 00:00:00.000000000,167 days 00:00:00.000000000,167 days 00:00:00.000000000,0 days 00:00:00.000000000
4120,2013-03-20 00:00:00.000000000,2013-03-20 00:00:00.000000000,2013-03-20 00:00:00.000000000,2012-10-18 00:00:00.000000000,2012-11-06 00:00:00.000000000,2012-11-06 00:00:00.000000000,2012-06-06 00:00:00.000000000,134 days 00:00:00.000000000,134 days 00:00:00.000000000,0 days 00:00:00.000000000
4121,2010-05-28 00:00:00.000000000,2010-05-28 00:00:00.000000000,2010-05-28 00:00:00.000000000,2010-04-15 00:00:00.000000000,2010-04-26 00:00:00.000000000,2010-04-26 00:00:00.000000000,2010-03-14 00:00:00.000000000,32 days 00:00:00.000000000,32 days 00:00:00.000000000,0 days 00:00:00.000000000
4122,2011-06-06 00:00:00.000000000,2011-06-06 00:00:00.000000000,2011-06-06 00:00:00.000000000,2011-03-29 00:00:00.000000000,2011-04-20 00:00:00.000000000,2011-04-20 00:00:00.000000000,2011-02-10 00:00:00.000000000,47 days 00:00:00.000000000,47 days 00:00:00.000000000,0 days 00:00:00.000000000
4123,2015-08-11 00:00:00.000000000,2015-08-11 00:00:00.000000000,2015-08-11 00:00:00.000000000,2015-06-09 00:00:00.000000000,2015-06-25 00:00:00.000000000,2015-06-25 00:00:00.000000000,2015-04-23 00:00:00.000000000,47 days 00:00:00.000000000,47 days 00:00:00.000000000,0 days 00:00:00.000000000
4124,2013-01-09 00:00:00.000000000,2013-01-09 00:00:00.000000000,2013-01-09 00:00:00.000000000,2012-10-05 00:00:00.000000000,2012-10-16 00:00:00.000000000,2012-10-16 00:00:00.000000000,2012-07-12 00:00:00.000000000,85 days 00:00:00.000000000,85 days 00:00:00.000000000,0 days 00:00:00.000000000
4125,2010-04-01 00:00:00.000000000,2010-04-01 00:00:00.000000000,2010-04-01 00:00:00.000000000,2010-03-23 00:00:00.000000000,2010-03-25 00:00:00.000000000,2010-03-25 00:00:00.000000000,2010-03-16 00:00:00.000000000,7 days 00:00:00.000000000,7 days 00:00:00.000000000,0 days 00:00:00.000000000
4126,2011-03-07 00:00:00.000000000,2011-03-07 00:00:00.000000000,2011-03-07 00:00:00.000000000,2010-08-31 00:00:00.000000000,2010-09-21 00:00:00.000000000,2010-09-21 00:00:00.000000000,2010-03-17 00:00:00.000000000,167 days 00:00:00.000000000,167 days 00:00:00.000000000,0 days 00:00:00.000000000
4127,2015-08-24 00:00:00.000000000,2015-08-24 00:00:00.000000000,2015-08-24 00:00:00.000000000,2014-09-11 00:00:00.000000000,2014-10-09 00:00:00.000000000,2014-10-09 00:00:00.000000000,2013-10-27 00:00:00.000000000,319 days 00:00:00.000000000,319 days 00:00:00.000000000,0 days 00:00:00.000000000
4128,2015-06-12 00:00:00.000000000,2015-06-12 00:00:00.000000000,2015-06-12 00:00:00.000000000,2015-05-04 00:00:00.000000000,2015-05-12 00:00:00.000000000,2015-05-12 00:00:00.000000000,2015-04-03 00:00:00.000000000,31 days 00:00:00.000000000,31 days 00:00:00.000000000,0 days 00:00:00.000000000
4129,2015-06-03 00:00:00.000000000,2015-06-03 00:00:00.000000000,2015-06-05 00:00:00.000000000,2014-12-29 00:00:00.000000000,2015-02-20 00:00:00.000000000,2015-02-20 00:00:00.000000000,2014-09-17 00:00:00.000000000,103 days 00:00:00.000000000,103 days 00:00:00.000000000,0 days 00:00:00.000000000
4130,2011-05-25 00:00:00.000000000,2011-05-25 00:00:00.000000000,2011-05-25 00:00:00.000000000,2011-02-04 00:00:00.000000000,2011-03-02 00:00:00.000000000,2011-03-02 00:00:00.000000000,2010-11-12 00:00:00.000000000,84 days 00:00:00.000000000,84 days 00:00:00.000000000,0 days 00:00:00.000000000
4131,2014-08-29 00:00:00.000000000,2014-08-29 00:00:00.000000000,2014-08-29 00:00:00.000000000,2013-07-11 00:00:00.000000000,2014-08-29 00:00:00.000000000,2014-08-29 00:00:00.000000000,2013-07-11 00:00:00.000000000,0 days 00:00:00.000000000,0 days 00:00:00.000000000,0 days 00:00:00.000000000
4132,2011-01-28 00:00:00.000000000,2011-01-28 00:00:00.000000000,2011-01-28 00:00:00.000000000,2009-12-28 00:00:00.000000000,2010-02-12 00:00:00.000000000,2010-02-12 00:00:00.000000000,2009-01-12 00:00:00.000000000,350 days 00:00:00.000000000,350 days 00:00:00.000000000,0 days 00:00:00.000000000
4133,2011-04-26 00:00:00.000000000,2011-06-08 00:00:00.000000000,2011-06-08 00:00:00.000000000,2010-08-31 00:00:00.000000000,2010-09-24 00:00:00.000000000,2010-09-24 00:00:00.000000000,2010-01-29 00:00:00.000000000,214 days 00:00:00.000000000,257 days 00:00:00.000000000,43 days 00:00:00.000000000
4134,2011-02-01 00:00:00.000000000,2011-02-01 00:00:00.000000000,2011-02-01 00:00:00.000000000,2010-08-31 00:00:00.000000000,2010-09-24 00:00:00.000000000,2010-09-24 00:00:00.000000000,2010-04-23 00:00:00.000000000,130 days 00:00:00.000000000,130 days 00:00:00.000000000,0 days 00:00:00.000000000
4135,2012-04-18 00:00:00.000000000,2012-04-18 00:00:00.000000000,2012-04-18 00:00:00.000000000,2012-01-17 00:00:00.000000000,2012-02-15 00:00:00.000000000,2012-02-15 00:00:00.000000000,2011-11-15 00:00:00.000000000,63 days 00:00:00.000000000,63 days 00:00:00.000000000,0 days 00:00:00.000000000
4136,2014-08-28 00:00:00.000000000,2014-08-28 00:00:00.000000000,2014-08-28 00:00:00.000000000,2014-04-30 00:00:00.000000000,2014-08-28 00:00:00.000000000,2014-08-28 00:00:00.000000000,2014-04-30 00:00:00.000000000,0 days 00:00:00.000000000,0 days 00:00:00.000000000,0 days 00:00:00.000000000
4137,2012-03-27 00:00:00.000000000,2012-03-27 00:00:00.000000000,2012-03-27 00:00:00.000000000,2012-01-18 00:00:00.000000000,2012-01-23 00:00:00.000000000,2012-01-23 00:00:00.000000000,2011-11-15 00:00:00.000000000,64 days 00:00:00.000000000,64 days 00:00:00.000000000,0 days 00:00:00.000000000
4138,2013-12-30 00:00:00.000000000,2013-12-30 00:00:00.000000000,2013-12-30 00:00:00.000000000,2013-08-13 00:00:00.000000000,2013-09-17 00:00:00.000000000,2013-09-17 00:00:00.000000000,2013-05-01 00:00:00.000000000,104 days 00:00:00.000000000,104 days 00:00:00.000000000,0 days 00:00:00.000000000
4139,2014-07-10 00:00:00.000000000,2014-07-10 00:00:00.000000000,2014-07-10 00:00:00.000000000,2013-07-11 00:00:00.000000000,2014-07-10 00:00:00.000000000,2014-07-10 00:00:00.000000000,2013-07-11 00:00:00.000000000,0 days 00:00:00.000000000,0 days 00:00:00.000000000,0 days 00:00:00.000000000
4140,2013-12-02 00:00:00.000000000,2013-12-02 00:00:00.000000000,2013-12-02 00:00:00.000000000,2013-03-25 00:00:00.000000000,2013-09-11 00:00:00.000000000,2013-09-11 00:00:00.000000000,2013-01-02 00:00:00.000000000,82 days 00:00:00.000000000,82 days 00:00:00.000000000,0 days 00:00:00.000000000
4141,2010-04-01 00:00:00.000000000,2010-04-01 00:00:00.000000000,2010-04-01 00:00:00.000000000,2009-01-04 00:00:00.000000000,2010-01-12 00:00:00.000000000,2010-01-12 00:00:00.000000000,2008-10-17 00:00:00.000000000,79 days 00:00:00.000000000,79 days 00:00:00.000000000,0 days 00:00:00.000000000
4142,2011-10-04 00:00:00.000000000,2011-10-04 00:00:00.000000000,2011-10-04 00:00:00.000000000,2011-03-10 00:00:00.000000000,2011-03-24 00:00:00.000000000,2011-03-24 00:00:00.000000000,2010-08-28 00:00:00.000000000,194 days 00:00:00.000000000,194 days 00:00:00.000000000,0 days 00:00:00.000000000
4143,2011-09-08 00:00:00.000000000,2011-09-08 00:00:00.000000000,2011-09-08 00:00:00.000000000,2011-03-09 00:00:00.000000000,2011-05-05 00:00:00.000000000,2011-05-05 00:00:00.000000000,2010-11-03 00:00:00.000000000,126 days 00:00:00.000000000,126 days 00:00:00.000000000,0 days 00:00:00.000000000
4144,2010-05-29 00:00:00.000000000,2010-05-29 00:00:00.000000000,2010-05-29 00:00:00.000000000,2009-06-30 00:00:00.000000000,2009-07-15 00:00:00.000000000,2009-07-15 00:00:00.000000000,2008-08-16 00:00:00.000000000,318 days 00:00:00.000000000,318 days 00:00:00.000000000,0 days 00:00:00.000000000
4145,2012-07-09 00:00:00.000000000,2012-07-28 00:00:00.000000000,2012-07-28 00:00:00.000000000,2012-06-05 00:00:00.000000000,2012-06-14 00:00:00.000000000,2012-06-14 00:00:00.000000000,2012-05-11 00:00:00.000000000,25 days 00:00:00.000000000,44 days 00:00:00.000000000,19 days 00:00:00.000000000
4146,2015-03-09 00:00:00.000000000,2015-03-09 00:00:00.000000000,2015-03-09 00:00:00.000000000,2014-09-11 00:00:00.000000000,2015-03-09 00:00:00.000000000,2015-03-09 00:00:00.000000000,2014-09-11 00:00:00.000000000,0 days 00:00:00.000000000,0 days 00:00:00.000000000,0 days 00:00:00.000000000
4147,2010-07-29 00:00:00.000000000,2010-07-29 00:00:00.000000000,2010-07-29 00:00:00.000000000,2009-11-18 00:00:00.000000000,2010-05-27 00:00:00.000000000,2010-05-27 00:00:00.000000000,2009-09-16 00:00:00.000000000,63 days 00:00:00.000000000,63 days 00:00:00.000000000,0 days 00:00:00.000000000
4148,2011-02-16 00:00:00.000000000,2011-02-16 00:00:00.000000000,2011-02-16 00:00:00.000000000,2010-09-30 00:00:00.000000000,2010-10-18 00:00:00.000000000,2010-10-18 00:00:00.000000000,2010-06-01 00:00:00.000000000,121 days 00:00:00.000000000,121 days 00:00:00.000000000,0 days 00:00:00.000000000
4149,2014-09-23 00:00:00.000000000,2014-09-23 00:00:00.000000000,2014-09-23 00:00:00.000000000,2014-06-11 00:00:00.000000000,2014-06-23 00:00:00.000000000,2014-06-23 00:00:00.000000000,2014-03-11 00:00:00.000000000,92 days 00:00:00.000000000,92 days 00:00:00.000000000,0 days 00:00:00.000000000
4150,2012-01-31 00:00:00.000000000,2012-01-31 00:00:00.000000000,2012-01-31 00:00:00.000000000,2011-03-10 00:00:00.000000000,2011-03-28 00:00:00.000000000,2011-03-28 00:00:00.000000000,2010-05-05 00:00:00.000000000,309 days 00:00:00.000000000,309 days 00:00:00.000000000,0 days 00:00:00.000000000
4151,2011-02-09 00:00:00.000000000,2011-02-09 00:00:00.000000000,2011-02-09 00:00:00.000000000,2010-08-31 00:00:00.000000000,2010-09-28 00:00:00.000000000,2010-09-28 00:00:00.000000000,2010-04-19 00:00:00.000000000,134 days 00:00:00.000000000,134 days 00:00:00.000000000,0 days 00:00:00.000000000
4152,2015-07-10 00:00:00.000000000,2015-07-07 00:00:00.000000000,2015-07-07 00:00:00.000000000,2015-01-28 00:00:00.000000000,2015-02-17 00:00:00.000000000,2015-02-17 00:00:00.000000000,2014-09-07 00:00:00.000000000,143 days 00:00:00.000000000,140 days 00:00:00.000000000,-3 days +00:00:00.000000000
4153,2011-11-04 00:00:00.000000000,2011-11-04 00:00:00.000000000,2011-11-04 00:00:00.000000000,2011-08-05 00:00:00.000000000,2011-08-28 00:00:00.000000000,2011-08-28 00:00:00.000000000,2011-05-29 00:00:00.000000000,68 days 00:00:00.000000000,68 days 00:00:00.000000000,0 days 00:00:00.000000000
4154,2010-09-21 00:00:00.000000000,2010-09-21 00:00:00.000000000,2010-09-21 00:00:00.000000000,2009-12-28 00:00:00.000000000,2010-02-12 00:00:00.000000000,2010-02-12 00:00:00.000000000,2009-05-21 00:00:00.000000000,221 days 00:00:00.000000000,221 days 00:00:00.000000000,0 days 00:00:00.000000000
4155,2012-06-26 00:00:00.000000000,2012-06-26 00:00:00.000000000,2012-06-26 00:00:00.000000000,2011-12-22 00:00:00.000000000,2012-01-27 00:00:00.000000000,2012-01-27 00:00:00.000000000,2011-07-24 00:00:00.000000000,151 days 00:00:00.000000000,151 days 00:00:00.000000000,0 days 00:00:00.000000000
4156,2015-07-23 00:00:00.000000000,2015-07-23 00:00:00.000000000,2015-07-23 00:00:00.000000000,2015-02-20 00:00:00.000000000,2015-02-24 00:00:00.000000000,2015-02-24 00:00:00.000000000,2014-09-24 00:00:00.000000000,149 days 00:00:00.000000000,149 days 00:00:00.000000000,0 days 00:00:00.000000000
4157,2015-07-02 00:00:00.000000000,2015-07-02 00:00:00.000000000,2015-07-30 00:00:00.000000000,2015-03-10 00:00:00.000000000,2015-03-16 00:00:00.000000000,2015-03-16 00:00:00.000000000,2014-11-22 00:00:00.000000000,108 days 00:00:00.000000000,108 days 00:00:00.000000000,0 days 00:00:00.000000000
4158,2014-09-17 00:00:00.000000000,2014-09-17 00:00:00.000000000,2014-11-10 00:00:00.000000000,2014-07-28 00:00:00.000000000,2014-08-13 00:00:00.000000000,2014-08-13 00:00:00.000000000,2014-06-23 00:00:00.000000000,35 days 00:00:00.000000000,35 days 00:00:00.000000000,0 days 00:00:00.000000000
4159,2011-06-10 00:00:00.000000000,2011-06-10 00:00:00.000000000,2011-06-10 00:00:00.000000000,2011-01-04 00:00:00.000000000,2011-01-28 00:00:00.000000000,2011-01-28 00:00:00.000000000,2010-08-24 00:00:00.000000000,133 days 00:00:00.000000000,133 days 00:00:00.000000000,0 days 00:00:00.000000000
4160,2014-02-07 00:00:00.000000000,2014-02-07 00:00:00.000000000,2014-02-07 00:00:00.000000000,2013-07-11 00:00:00.000000000,2013-08-13 00:00:00.000000000,2013-08-13 00:00:00.000000000,2013-01-14 00:00:00.000000000,178 days 00:00:00.000000000,178 days 00:00:00.000000000,0 days 00:00:00.000000000
4161,2010-08-03 00:00:00.000000000,2010-08-03 00:00:00.000000000,2010-08-03 00:00:00.000000000,2010-02-25 00:00:00.000000000,2010-06-07 00:00:00.000000000,2010-06-07 00:00:00.000000000,2009-12-30 00:00:00.000000000,57 days 00:00:00.000000000,57 days 00:00:00.000000000,0 days 00:00:00.000000000
4162,2011-10-05 00:00:00.000000000,2011-10-05 00:00:00.000000000,2011-10-05 00:00:00.000000000,2011-07-22 00:00:00.000000000,2011-08-03 00:00:00.000000000,2011-08-03 00:00:00.000000000,2011-05-20 00:00:00.000000000,63 days 00:00:00.000000000,63 days 00:00:00.000000000,0 days 00:00:00.000000000
4163,2009-10-19 00:00:00.000000000,2009-10-19 00:00:00.000000000,2009-10-19 00:00:00.000000000,2009-10-08 00:00:00.000000000,2009-10-15 00:00:00.000000000,2009-10-15 00:00:00.000000000,2009-10-04 00:00:00.000000000,4 days 00:00:00.000000000,4 days 00:00:00.000000000,0 days 00:00:00.000000000
4164,2014-10-14 00:00:00.000000000,2014-10-14 00:00:00.000000000,2014-10-20 00:00:00.000000000,2014-03-20 00:00:00.000000000,2014-04-30 00:00:00.000000000,2014-04-30 00:00:00.000000000,2013-10-04 00:00:00.000000000,167 days 00:00:00.000000000,167 days 00:00:00.000000000,0 days 00:00:00.000000000
4165,2010-02-23 00:00:00.000000000,2010-02-23 00:00:00.000000000,2010-02-23 00:00:00.000000000,2009-12-10 00:00:00.000000000,2010-01-08 00:00:00.000000000,2010-01-08 00:00:00.000000000,2009-10-25 00:00:00.000000000,46 days 00:00:00.000000000,46 days 00:00:00.000000000,0 days 00:00:00.000000000
4166,2015-05-13 00:00:00.000000000,2015-05-13 00:00:00.000000000,2015-05-13 00:00:00.000000000,2014-10-07 00:00:00.000000000,2014-11-19 00:00:00.000000000,2014-11-19 00:00:00.000000000,2014-04-15 00:00:00.000000000,175 days 00:00:00.000000000,175 days 00:00:00.000000000,0 days 00:00:00.000000000
4167,2014-06-12 00:00:00.000000000,2014-06-12 00:00:00.000000000,2014-06-12 00:00:00.000000000,2014-03-07 00:00:00.000000000,2014-05-09 00:00:00.000000000,2014-05-09 00:00:00.000000000,2014-02-01 00:00:00.000000000,34 days 00:00:00.000000000,34 days 00:00:00.000000000,0 days 00:00:00.000000000
4168,2011-09-05 00:00:00.000000000,2011-09-05 00:00:00.000000000,2011-09-05 00:00:00.000000000,2011-04-21 00:00:00.000000000,2011-05-04 00:00:00.000000000,2011-05-04 00:00:00.000000000,2010-12-18 00:00:00.000000000,124 days 00:00:00.000000000,124 days 00:00:00.000000000,0 days 00:00:00.000000000
4169,2015-08-24 00:00:00.000000000,2015-08-24 00:00:00.000000000,2015-08-24 00:00:00.000000000,2014-09-11 00:00:00.000000000,2014-10-09 00:00:00.000000000,2014-10-09 00:00:00.000000000,2013-10-27 00:00:00.000000000,319 days 00:00:00.000000000,319 days 00:00:00.000000000,0 days 00:00:00.000000000
4170,2013-01-04 00:00:00.000000000,2013-01-04 00:00:00.000000000,2013-01-04 00:00:00.000000000,2012-11-07 00:00:00.000000000,2012-11-21 00:00:00.000000000,2012-11-21 00:00:00.000000000,2012-09-24 00:00:00.000000000,44 days 00:00:00.000000000,44 days 00:00:00.000000000,0 days 00:00:00.000000000
4171,2014-11-12 00:00:00.000000000,2014-11-12 00:00:00.000000000,2014-11-24 00:00:00.000000000,2014-08-04 00:00:00.000000000,2014-08-19 00:00:00.000000000,2014-08-19 00:00:00.000000000,2014-05-11 00:00:00.000000000,85 days 00:00:00.000000000,85 days 00:00:00.000000000,0 days 00:00:00.000000000
4172,2009-10-23 00:00:00.000000000,2009-10-23 00:00:00.000000000,2009-10-23 00:00:00.000000000,2009-08-21 00:00:00.000000000,2009-09-11 00:00:00.000000000,2009-09-11 00:00:00.000000000,2009-07-10 00:00:00.000000000,42 days 00:00:00.000000000,42 days 00:00:00.000000000,0 days 00:00:00.000000000
4173,2010-12-31 00:00:00.000000000,2011-02-01 00:00:00.000000000,2011-02-01 00:00:00.000000000,2010-08-31 00:00:00.000000000,2010-09-24 00:00:00.000000000,2010-09-24 00:00:00.000000000,2010-05-25 00:00:00.000000000,98 days 00:00:00.000000000,130 days 00:00:00.000000000,32 days 00:00:00.000000000
4174,2012-02-20 00:00:00.000000000,2012-02-20 00:00:00.000000000,2012-02-20 00:00:00.000000000,2011-09-07 00:00:00.000000000,2011-09-14 00:00:00.000000000,2011-09-14 00:00:00.000000000,2011-04-01 00:00:00.000000000,159 days 00:00:00.000000000,159 days 00:00:00.000000000,0 days 00:00:00.000000000
4175,2013-12-09 00:00:00.000000000,2013-12-09 00:00:00.000000000,2013-12-10 00:00:00.000000000,2013-09-24 00:00:00.000000000,2013-10-18 00:00:00.000000000,2013-10-18 00:00:00.000000000,2013-08-03 00:00:00.000000000,52 days 00:00:00.000000000,52 days 00:00:00.000000000,0 days 00:00:00.000000000
4176,2013-08-29 00:00:00.000000000,2013-08-29 00:00:00.000000000,2013-08-29 00:00:00.000000000,2013-07-08 00:00:00.000000000,2013-07-31 00:00:00.000000000,2013-07-31 00:00:00.000000000,2013-06-09 00:00:00.000000000,29 days 00:00:00.000000000,29 days 00:00:00.000000000,0 days 00:00:00.000000000
4177,2014-12-10 00:00:00.000000000,2014-12-10 00:00:00.000000000,2014-12-10 00:00:00.000000000,2014-10-29 00:00:00.000000000,2014-12-10 00:00:00.000000000,2014-12-10 00:00:00.000000000,2014-10-29 00:00:00.000000000,0 days 00:00:00.000000000,0 days 00:00:00.000000000,0 days 00:00:00.000000000
4178,2014-08-13 00:00:00.000000000,2014-08-13 00:00:00.000000000,2014-08-25 00:00:00.000000000,2014-02-06 00:00:00.000000000,2014-03-10 00:00:00.000000000,2014-03-10 00:00:00.000000000,2013-09-03 00:00:00.000000000,156 days 00:00:00.000000000,156 days 00:00:00.000000000,0 days 00:00:00.000000000
4179,2013-04-30 00:00:00.000000000,2013-04-30 00:00:00.000000000,2013-04-30 00:00:00.000000000,2012-11-26 00:00:00.000000000,2012-12-07 00:00:00.000000000,2012-12-07 00:00:00.000000000,2012-07-05 00:00:00.000000000,144 days 00:00:00.000000000,144 days 00:00:00.000000000,0 days 00:00:00.000000000
4180,2014-08-16 00:00:00.000000000,2014-08-16 00:00:00.000000000,2014-08-25 00:00:00.000000000,2014-02-06 00:00:00.000000000,2014-05-27 00:00:00.000000000,2014-05-27 00:00:00.000000000,2013-11-17 00:00:00.000000000,81 days 00:00:00.000000000,81 days 00:00:00.000000000,0 days 00:00:00.000000000
4181,2015-02-18 00:00:00.000000000,2015-02-18 00:00:00.000000000,2015-02-19 00:00:00.000000000,2014-10-15 00:00:00.000000000,2014-12-18 00:00:00.000000000,2014-12-18 00:00:00.000000000,2014-08-14 00:00:00.000000000,62 days 00:00:00.000000000,62 days 00:00:00.000000000,0 days 00:00:00.000000000
4182,2011-04-14 00:00:00.000000000,2011-04-14 00:00:00.000000000,2011-04-14 00:00:00.000000000,2010-09-21 00:00:00.000000000,2010-10-06 00:00:00.000000000,2010-10-06 00:00:00.000000000,2010-03-15 00:00:00.000000000,190 days 00:00:00.000000000,190 days 00:00:00.000000000,0 days 00:00:00.000000000
4183,2015-06-01 00:00:00.000000000,2015-06-01 00:00:00.000000000,2015-06-01 00:00:00.000000000,2014-10-30 00:00:00.000000000,2014-12-08 00:00:00.000000000,2014-12-08 00:00:00.000000000,2014-05-08 00:00:00.000000000,175 days 00:00:00.000000000,175 days 00:00:00.000000000,0 days 00:00:00.000000000
4184,2010-02-12 00:00:00.000000000,2010-02-12 00:00:00.000000000,2010-02-12 00:00:00.000000000,2009-10-07 00:00:00.000000000,2009-10-13 00:00:00.000000000,2009-10-13 00:00:00.000000000,2009-06-07 00:00:00.000000000,122 days 00:00:00.000000000,122 days 00:00:00.000000000,0 days 00:00:00.000000000
4185,2013-10-07 00:00:00.000000000,2013-10-07 00:00:00.000000000,2013-10-08 00:00:00.000000000,2013-07-30 00:00:00.000000000,2013-09-02 00:00:00.000000000,2013-09-02 00:00:00.000000000,2013-06-25 00:00:00.000000000,35 days 00:00:00.000000000,35 days 00:00:00.000000000,0 days 00:00:00.000000000
4186,2012-12-11 00:00:00.000000000,2012-12-11 00:00:00.000000000,2012-12-11 00:00:00.000000000,2012-07-25 00:00:00.000000000,2012-08-14 00:00:00.000000000,2012-08-14 00:00:00.000000000,2012-03-28 00:00:00.000000000,119 days 00:00:00.000000000,119 days 00:00:00.000000000,0 days 00:00:00.000000000
4187,2015-04-08 00:00:00.000000000,2015-04-08 00:00:00.000000000,2015-04-08 00:00:00.000000000,2014-11-11 00:00:00.000000000,2014-11-25 00:00:00.000000000,2014-11-25 00:00:00.000000000,2014-06-30 00:00:00.000000000,134 days 00:00:00.000000000,134 days 00:00:00.000000000,0 days 00:00:00.000000000
4188,2014-11-19 00:00:00.000000000,2014-11-19 00:00:00.000000000,2014-11-19 00:00:00.000000000,2013-07-12 00:00:00.000000000,2013-08-13 00:00:00.000000000,2013-08-13 00:00:00.000000000,2012-04-05 00:00:00.000000000,463 days 00:00:00.000000000,463 days 00:00:00.000000000,0 days 00:00:00.000000000
4189,2015-06-02 00:00:00.000000000,2015-06-02 00:00:00.000000000,2015-06-02 00:00:00.000000000,2014-09-11 00:00:00.000000000,2015-06-02 00:00:00.000000000,2015-06-02 00:00:00.000000000,2014-09-11 00:00:00.000000000,0 days 00:00:00.000000000,0 days 00:00:00.000000000,0 days 00:00:00.000000000
4190,2014-08-27 00:00:00.000000000,2014-08-27 00:00:00.000000000,2014-08-27 00:00:00.000000000,2013-07-11 00:00:00.000000000,2014-08-27 00:00:00.000000000,2014-08-27 00:00:00.000000000,2013-07-11 00:00:00.000000000,0 days 00:00:00.000000000,0 days 00:00:00.000000000,0 days 00:00:00.000000000
4191,2015-06-02 00:00:00.000000000,2015-06-02 00:00:00.000000000,2015-06-02 00:00:00.000000000,2014-09-11 00:00:00.000000000,2015-06-02 00:00:00.000000000,2015-06-02 00:00:00.000000000,2014-09-11 00:00:00.000000000,0 days 00:00:00.000000000,0 days 00:00:00.000000000,0 days 00:00:00.000000000
4192,2014-11-28 00:00:00.000000000,2014-11-28 00:00:00.000000000,2014-11-28 00:00:00.000000000,2014-09-11 00:00:00.000000000,2014-11-28 00:00:00.000000000,2014-11-28 00:00:00.000000000,2014-09-11 00:00:00.000000000,0 days 00:00:00.000000000,0 days 00:00:00.000000000,0 days 00:00:00.000000000
4193,2015-05-08 00:00:00.000000000,2015-05-08 00:00:00.000000000,2015-05-11 00:00:00.000000000,2014-12-29 00:00:00.000000000,2015-02-20 00:00:00.000000000,2015-02-20 00:00:00.000000000,2014-10-13 00:00:00.000000000,77 days 00:00:00.000000000,77 days 00:00:00.000000000,0 days 00:00:00.000000000
4194,2011-08-18 00:00:00.000000000,2011-08-18 00:00:00.000000000,2011-08-18 00:00:00.000000000,2011-01-05 00:00:00.000000000,2011-04-01 00:00:00.000000000,2011-04-01 00:00:00.000000000,2010-08-19 00:00:00.000000000,139 days 00:00:00.000000000,139 days 00:00:00.000000000,0 days 00:00:00.000000000
4195,2014-12-19 00:00:00.000000000,2014-12-19 00:00:00.000000000,2014-12-19 00:00:00.000000000,2014-03-10 00:00:00.000000000,2014-05-16 00:00:00.000000000,2014-05-16 00:00:00.000000000,2013-08-05 00:00:00.000000000,217 days 00:00:00.000000000,217 days 00:00:00.000000000,0 days 00:00:00.000000000
4196,2014-04-07 00:00:00.000000000,2014-04-07 00:00:00.000000000,2014-05-08 00:00:00.000000000,2013-10-04 00:00:00.000000000,2013-10-10 00:00:00.000000000,2013-10-10 00:00:00.000000000,2013-04-08 00:00:00.000000000,179 days 00:00:00.000000000,179 days 00:00:00.000000000,0 days 00:00:00.000000000
4197,2013-02-04 00:00:00.000000000,2013-02-04 00:00:00.000000000,2013-02-04 00:00:00.000000000,2012-12-13 00:00:00.000000000,2013-01-02 00:00:00.000000000,2013-01-02 00:00:00.000000000,2012-11-10 00:00:00.000000000,33 days 00:00:00.000000000,33 days 00:00:00.000000000,0 days 00:00:00.000000000
4198,2014-01-22 00:00:00.000000000,2014-01-22 00:00:00.000000000,2014-01-24 00:00:00.000000000,2013-10-28 00:00:00.000000000,2013-12-02 00:00:00.000000000,2013-12-02 00:00:00.000000000,2013-09-07 00:00:00.000000000,51 days 00:00:00.000000000,51 days 00:00:00.000000000,0 days 00:00:00.000000000
4199,2012-01-18 00:00:00.000000000,2012-01-18 00:00:00.000000000,2012-01-18 00:00:00.000000000,2011-12-07 00:00:00.000000000,2011-12-30 00:00:00.000000000,2011-12-30 00:00:00.000000000,2011-11-18 00:00:00.000000000,19 days 00:00:00.000000000,19 days 00:00:00.000000000,0 days 00:00:00.000000000
4200,2010-10-12 00:00:00.000000000,2010-12-15 00:00:00.000000000,2010-12-15 00:00:00.000000000,2010-06-02 00:00:00.000000000,2010-06-17 00:00:00.000000000,2010-06-17 00:00:00.000000000,2010-02-05 00:00:00.000000000,117 days 00:00:00.000000000,181 days 00:00:00.000000000,64 days 00:00:00.000000000
4201,2015-07-03 00:00:00.000000000,2015-07-03 00:00:00.000000000,2015-07-13 00:00:00.000000000,2014-10-22 00:00:00.000000000,2014-12-24 00:00:00.000000000,2014-12-24 00:00:00.000000000,2014-04-14 00:00:00.000000000,191 days 00:00:00.000000000,191 days 00:00:00.000000000,0 days 00:00:00.000000000
4202,2011-03-29 00:00:00.000000000,2011-03-29 00:00:00.000000000,2011-03-29 00:00:00.000000000,2010-12-27 00:00:00.000000000,2011-02-02 00:00:00.000000000,2011-02-02 00:00:00.000000000,2010-11-02 00:00:00.000000000,55 days 00:00:00.000000000,55 days 00:00:00.000000000,0 days 00:00:00.000000000
4203,2015-02-19 00:00:00.000000000,2015-02-19 00:00:00.000000000,2015-02-19 00:00:00.000000000,2014-04-30 00:00:00.000000000,2014-05-08 00:00:00.000000000,2014-05-08 00:00:00.000000000,2013-07-17 00:00:00.000000000,287 days 00:00:00.000000000,287 days 00:00:00.000000000,0 days 00:00:00.000000000
4204,2015-03-19 00:00:00.000000000,2015-03-19 00:00:00.000000000,2015-03-19 00:00:00.000000000,2014-12-05 00:00:00.000000000,2014-12-18 00:00:00.000000000,2014-12-18 00:00:00.000000000,2014-09-05 00:00:00.000000000,91 days 00:00:00.000000000,91 days 00:00:00.000000000,0 days 00:00:00.000000000
4205,2014-09-30 00:00:00.000000000,2014-09-30 00:00:00.000000000,2014-10-07 00:00:00.000000000,2014-04-11 00:00:00.000000000,2014-05-16 00:00:00.000000000,2014-05-16 00:00:00.000000000,2013-11-25 00:00:00.000000000,137 days 00:00:00.000000000,137 days 00:00:00.000000000,0 days 00:00:00.000000000
4206,2011-02-10 00:00:00.000000000,2011-02-10 00:00:00.000000000,2011-02-10 00:00:00.000000000,2010-09-27 00:00:00.000000000,2010-11-22 00:00:00.000000000,2010-11-22 00:00:00.000000000,2010-07-09 00:00:00.000000000,80 days 00:00:00.000000000,80 days 00:00:00.000000000,0 days 00:00:00.000000000
4207,2014-09-29 00:00:00.000000000,2014-09-29 00:00:00.000000000,2014-09-30 00:00:00.000000000,2014-06-17 00:00:00.000000000,2014-07-01 00:00:00.000000000,2014-07-01 00:00:00.000000000,2014-03-19 00:00:00.000000000,90 days 00:00:00.000000000,90 days 00:00:00.000000000,0 days 00:00:00.000000000
4208,2014-08-05 00:00:00.000000000,2014-08-05 00:00:00.000000000,2014-08-05 00:00:00.000000000,2014-04-30 00:00:00.000000000,2014-08-05 00:00:00.000000000,2014-08-05 00:00:00.000000000,2014-04-30 00:00:00.000000000,0 days 00:00:00.000000000,0 days 00:00:00.000000000,0 days 00:00:00.000000000
4209,2010-04-16 00:00:00.000000000,2010-04-16 00:00:00.000000000,2010-04-16 00:00:00.000000000,2009-11-05 00:00:00.000000000,2009-11-17 00:00:00.000000000,2009-11-17 00:00:00.000000000,2009-06-08 00:00:00.000000000,150 days 00:00:00.000000000,150 days 00:00:00.000000000,0 days 00:00:00.000000000
4210,2010-06-11 00:00:00.000000000,2010-06-04 00:00:00.000000000,2010-06-04 00:00:00.000000000,2010-03-01 00:00:00.000000000,2010-03-12 00:00:00.000000000,2010-03-12 00:00:00.000000000,2009-11-30 00:00:00.000000000,91 days 00:00:00.000000000,84 days 00:00:00.000000000,-7 days +00:00:00.000000000
4211,2013-08-27 00:00:00.000000000,2013-08-27 00:00:00.000000000,2013-08-27 00:00:00.000000000,2013-07-02 00:00:00.000000000,2013-07-22 00:00:00.000000000,2013-07-22 00:00:00.000000000,2013-05-27 00:00:00.000000000,36 days 00:00:00.000000000,36 days 00:00:00.000000000,0 days 00:00:00.000000000
4212,2011-08-15 00:00:00.000000000,2011-09-15 00:00:00.000000000,2011-09-15 00:00:00.000000000,2011-03-10 00:00:00.000000000,2011-04-01 00:00:00.000000000,2011-04-01 00:00:00.000000000,2010-10-25 00:00:00.000000000,136 days 00:00:00.000000000,167 days 00:00:00.000000000,31 days 00:00:00.000000000
4213,2014-08-29 00:00:00.000000000,2014-08-29 00:00:00.000000000,2014-08-29 00:00:00.000000000,2013-07-11 00:00:00.000000000,2014-08-29 00:00:00.000000000,2014-08-29 00:00:00.000000000,2013-07-11 00:00:00.000000000,0 days 00:00:00.000000000,0 days 00:00:00.000000000,0 days 00:00:00.000000000
4214,2010-01-19 00:00:00.000000000,2010-01-19 00:00:00.000000000,2010-01-19 00:00:00.000000000,2009-11-16 00:00:00.000000000,2009-11-24 00:00:00.000000000,2009-11-24 00:00:00.000000000,2009-09-21 00:00:00.000000000,56 days 00:00:00.000000000,56 days 00:00:00.000000000,0 days 00:00:00.000000000
4215,2011-11-22 00:00:00.000000000,2011-12-05 00:00:00.000000000,2011-12-05 00:00:00.000000000,2011-08-04 00:00:00.000000000,2011-08-30 00:00:00.000000000,2011-08-30 00:00:00.000000000,2011-05-12 00:00:00.000000000,84 days 00:00:00.000000000,97 days 00:00:00.000000000,13 days 00:00:00.000000000
4216,2011-09-16 00:00:00.000000000,2011-09-16 00:00:00.000000000,2011-09-16 00:00:00.000000000,2011-03-10 00:00:00.000000000,2011-03-28 00:00:00.000000000,2011-03-28 00:00:00.000000000,2010-09-19 00:00:00.000000000,172 days 00:00:00.000000000,172 days 00:00:00.000000000,0 days 00:00:00.000000000
4217,2010-01-29 00:00:00.000000000,2010-01-29 00:00:00.000000000,2010-01-29 00:00:00.000000000,2010-01-05 00:00:00.000000000,2010-01-12 00:00:00.000000000,2010-01-12 00:00:00.000000000,2009-12-19 00:00:00.000000000,17 days 00:00:00.000000000,17 days 00:00:00.000000000,0 days 00:00:00.000000000
4218,2012-09-04 00:00:00.000000000,2012-09-04 00:00:00.000000000,2012-09-04 00:00:00.000000000,2012-05-21 00:00:00.000000000,2012-07-25 00:00:00.000000000,2012-07-25 00:00:00.000000000,2012-04-10 00:00:00.000000000,41 days 00:00:00.000000000,41 days 00:00:00.000000000,0 days 00:00:00.000000000
4219,2014-02-27 00:00:00.000000000,2014-02-27 00:00:00.000000000,2014-03-26 00:00:00.000000000,2013-08-09 00:00:00.000000000,2013-09-17 00:00:00.000000000,2013-09-17 00:00:00.000000000,2013-02-27 00:00:00.000000000,163 days 00:00:00.000000000,163 days 00:00:00.000000000,0 days 00:00:00.000000000
4220,2015-06-03 00:00:00.000000000,2015-06-03 00:00:00.000000000,2015-06-05 00:00:00.000000000,2014-12-29 00:00:00.000000000,2015-02-20 00:00:00.000000000,2015-02-20 00:00:00.000000000,2014-09-17 00:00:00.000000000,103 days 00:00:00.000000000,103 days 00:00:00.000000000,0 days 00:00:00.000000000
4221,2012-07-18 00:00:00.000000000,2012-07-23 00:00:00.000000000,2012-07-23 00:00:00.000000000,2012-06-07 00:00:00.000000000,2012-06-12 00:00:00.000000000,2012-06-12 00:00:00.000000000,2012-05-02 00:00:00.000000000,36 days 00:00:00.000000000,41 days 00:00:00.000000000,5 days 00:00:00.000000000
4222,2014-05-02 00:00:00.000000000,2014-05-02 00:00:00.000000000,2014-05-02 00:00:00.000000000,2013-10-15 00:00:00.000000000,2013-11-13 00:00:00.000000000,2013-11-13 00:00:00.000000000,2013-04-28 00:00:00.000000000,170 days 00:00:00.000000000,170 days 00:00:00.000000000,0 days 00:00:00.000000000
4223,2014-08-27 00:00:00.000000000,2014-08-27 00:00:00.000000000,2014-08-27 00:00:00.000000000,2013-07-11 00:00:00.000000000,2014-08-27 00:00:00.000000000,2014-08-27 00:00:00.000000000,2013-07-11 00:00:00.000000000,0 days 00:00:00.000000000,0 days 00:00:00.000000000,0 days 00:00:00.000000000
4224,2011-12-22 00:00:00.000000000,2011-12-22 00:00:00.000000000,2011-12-22 00:00:00.000000000,2011-06-27 00:00:00.000000000,2011-07-08 00:00:00.000000000,2011-07-08 00:00:00.000000000,2011-01-11 00:00:00.000000000,167 days 00:00:00.000000000,167 days 00:00:00.000000000,0 days 00:00:00.000000000
4225,2011-11-18 00:00:00.000000000,2011-11-18 00:00:00.000000000,2011-11-18 00:00:00.000000000,2011-03-11 00:00:00.000000000,2011-03-30 00:00:00.000000000,2011-03-30 00:00:00.000000000,2010-07-21 00:00:00.000000000,233 days 00:00:00.000000000,233 days 00:00:00.000000000,0 days 00:00:00.000000000
4226,2010-04-29 00:00:00.000000000,2010-04-29 00:00:00.000000000,2010-04-29 00:00:00.000000000,2009-06-30 00:00:00.000000000,2009-07-15 00:00:00.000000000,2009-07-15 00:00:00.000000000,2008-09-15 00:00:00.000000000,288 days 00:00:00.000000000,288 days 00:00:00.000000000,0 days 00:00:00.000000000
4227,2013-11-09 00:00:00.000000000,2013-10-30 00:00:00.000000000,2013-10-31 00:00:00.000000000,2013-06-21 00:00:00.000000000,2013-06-28 00:00:00.000000000,2013-06-28 00:00:00.000000000,2013-02-07 00:00:00.000000000,134 days 00:00:00.000000000,124 days 00:00:00.000000000,-10 days +00:00:00.000000000
4228,2012-01-04 00:00:00.000000000,2012-01-04 00:00:00.000000000,2012-01-04 00:00:00.000000000,2011-03-10 00:00:00.000000000,2011-03-24 00:00:00.000000000,2011-03-24 00:00:00.000000000,2010-05-28 00:00:00.000000000,286 days 00:00:00.000000000,286 days 00:00:00.000000000,0 days 00:00:00.000000000
4229,2014-11-04 00:00:00.000000000,2014-11-04 00:00:00.000000000,2014-11-20 00:00:00.000000000,2014-08-11 00:00:00.000000000,2014-08-27 00:00:00.000000000,2014-08-27 00:00:00.000000000,2014-06-03 00:00:00.000000000,69 days 00:00:00.000000000,69 days 00:00:00.000000000,0 days 00:00:00.000000000
4230,2014-08-27 00:00:00.000000000,2014-08-27 00:00:00.000000000,2014-08-27 00:00:00.000000000,2013-07-11 00:00:00.000000000,2014-08-27 00:00:00.000000000,2014-08-27 00:00:00.000000000,2013-07-11 00:00:00.000000000,0 days 00:00:00.000000000,0 days 00:00:00.000000000,0 days 00:00:00.000000000
4231,2013-09-26 00:00:00.000000000,2013-09-26 00:00:00.000000000,2013-09-26 00:00:00.000000000,2013-08-19 00:00:00.000000000,2013-08-23 00:00:00.000000000,2013-08-23 00:00:00.000000000,2013-07-16 00:00:00.000000000,34 days 00:00:00.000000000,34 days 00:00:00.000000000,0 days 00:00:00.000000000
4232,2013-04-12 00:00:00.000000000,2013-04-12 00:00:00.000000000,2013-04-12 00:00:00.000000000,2013-03-18 00:00:00.000000000,1900-01-01 00:00:00.000000000,2013-04-05 00:00:00.000000000,2013-03-11 00:00:00.000000000,7 days 00:00:00.000000000,7 days 00:00:00.000000000,0 days 00:00:00.000000000
4233,2013-06-05 00:00:00.000000000,2013-06-06 00:00:00.000000000,2013-06-06 00:00:00.000000000,2013-01-08 00:00:00.000000000,2013-01-23 00:00:00.000000000,2013-01-23 00:00:00.000000000,2012-08-28 00:00:00.000000000,133 days 00:00:00.000000000,134 days 00:00:00.000000000,1 days 00:00:00.000000000
4234,2011-05-31 00:00:00.000000000,2011-06-13 00:00:00.000000000,2011-06-13 00:00:00.000000000,2010-11-26 00:00:00.000000000,2010-12-14 00:00:00.000000000,2010-12-14 00:00:00.000000000,2010-06-11 00:00:00.000000000,168 days 00:00:00.000000000,181 days 00:00:00.000000000,13 days 00:00:00.000000000
4235,2011-04-26 00:00:00.000000000,2011-05-26 00:00:00.000000000,2011-05-26 00:00:00.000000000,2010-08-31 00:00:00.000000000,2010-09-24 00:00:00.000000000,2010-09-24 00:00:00.000000000,2010-01-29 00:00:00.000000000,214 days 00:00:00.000000000,244 days 00:00:00.000000000,30 days 00:00:00.000000000
4236,2009-08-27 00:00:00.000000000,2009-08-27 00:00:00.000000000,2009-08-27 00:00:00.000000000,2009-05-07 00:00:00.000000000,2009-07-21 00:00:00.000000000,2009-07-21 00:00:00.000000000,2009-03-31 00:00:00.000000000,37 days 00:00:00.000000000,37 days 00:00:00.000000000,0 days 00:00:00.000000000
4237,2013-09-16 00:00:00.000000000,2013-09-16 00:00:00.000000000,2013-09-16 00:00:00.000000000,2013-05-03 00:00:00.000000000,2013-08-19 00:00:00.000000000,2013-08-19 00:00:00.000000000,2013-04-05 00:00:00.000000000,28 days 00:00:00.000000000,28 days 00:00:00.000000000,0 days 00:00:00.000000000
4238,2015-07-27 00:00:00.000000000,2015-07-27 00:00:00.000000000,2015-07-27 00:00:00.000000000,2015-01-28 00:00:00.000000000,2015-02-17 00:00:00.000000000,2015-02-17 00:00:00.000000000,2014-08-21 00:00:00.000000000,160 days 00:00:00.000000000,160 days 00:00:00.000000000,0 days 00:00:00.000000000
4239,2012-12-14 00:00:00.000000000,2012-12-14 00:00:00.000000000,2012-12-14 00:00:00.000000000,2012-07-25 00:00:00.000000000,2012-08-15 00:00:00.000000000,2012-08-15 00:00:00.000000000,2012-03-26 00:00:00.000000000,121 days 00:00:00.000000000,121 days 00:00:00.000000000,0 days 00:00:00.000000000
4240,2010-06-29 00:00:00.000000000,2010-06-29 00:00:00.000000000,2010-06-29 00:00:00.000000000,2009-11-03 00:00:00.000000000,2009-11-24 00:00:00.000000000,2009-11-24 00:00:00.000000000,2009-03-31 00:00:00.000000000,217 days 00:00:00.000000000,217 days 00:00:00.000000000,0 days 00:00:00.000000000
4241,2014-11-05 00:00:00.000000000,2014-11-05 00:00:00.000000000,2014-11-11 00:00:00.000000000,2014-04-09 00:00:00.000000000,2014-08-26 00:00:00.000000000,2014-08-26 00:00:00.000000000,2014-01-28 00:00:00.000000000,71 days 00:00:00.000000000,71 days 00:00:00.000000000,0 days 00:00:00.000000000
4242,2015-01-19 00:00:00.000000000,2015-01-16 00:00:00.000000000,2015-01-22 00:00:00.000000000,2014-09-22 00:00:00.000000000,2014-10-29 00:00:00.000000000,2014-10-29 00:00:00.000000000,2014-07-02 00:00:00.000000000,82 days 00:00:00.000000000,79 days 00:00:00.000000000,-3 days +00:00:00.000000000
4243,2014-08-29 00:00:00.000000000,2014-08-29 00:00:00.000000000,2014-08-29 00:00:00.000000000,2013-07-11 00:00:00.000000000,2014-08-29 00:00:00.000000000,2014-08-29 00:00:00.000000000,2013-07-11 00:00:00.000000000,0 days 00:00:00.000000000,0 days 00:00:00.000000000,0 days 00:00:00.000000000
4244,2011-01-31 00:00:00.000000000,2011-01-31 00:00:00.000000000,2011-01-31 00:00:00.000000000,2010-08-31 00:00:00.000000000,2010-09-24 00:00:00.000000000,2010-09-24 00:00:00.000000000,2010-04-24 00:00:00.000000000,129 days 00:00:00.000000000,129 days 00:00:00.000000000,0 days 00:00:00.000000000
4245,2014-10-03 00:00:00.000000000,2014-10-03 00:00:00.000000000,2014-10-03 00:00:00.000000000,2014-04-30 00:00:00.000000000,2014-10-03 00:00:00.000000000,2014-10-03 00:00:00.000000000,2014-04-30 00:00:00.000000000,0 days 00:00:00.000000000,0 days 00:00:00.000000000,0 days 00:00:00.000000000
4246,2012-06-05 00:00:00.000000000,2012-06-05 00:00:00.000000000,2012-06-05 00:00:00.000000000,2011-12-15 00:00:00.000000000,2012-01-18 00:00:00.000000000,2012-01-18 00:00:00.000000000,2011-07-29 00:00:00.000000000,139 days 00:00:00.000000000,139 days 00:00:00.000000000,0 days 00:00:00.000000000
4247,2009-12-15 00:00:00.000000000,2009-12-15 00:00:00.000000000,2009-12-15 00:00:00.000000000,2009-06-30 00:00:00.000000000,2009-07-16 00:00:00.000000000,2009-07-16 00:00:00.000000000,2009-01-29 00:00:00.000000000,152 days 00:00:00.000000000,152 days 00:00:00.000000000,0 days 00:00:00.000000000
4248,2014-01-13 00:00:00.000000000,2014-01-13 00:00:00.000000000,2014-01-13 00:00:00.000000000,2013-11-14 00:00:00.000000000,2013-12-02 00:00:00.000000000,2013-12-02 00:00:00.000000000,2013-10-03 00:00:00.000000000,42 days 00:00:00.000000000,42 days 00:00:00.000000000,0 days 00:00:00.000000000
4249,2014-01-15 00:00:00.000000000,2014-01-15 00:00:00.000000000,2014-02-04 00:00:00.000000000,2013-04-23 00:00:00.000000000,2013-05-23 00:00:00.000000000,2013-05-23 00:00:00.000000000,2012-08-29 00:00:00.000000000,237 days 00:00:00.000000000,237 days 00:00:00.000000000,0 days 00:00:00.000000000
4250,2012-12-31 00:00:00.000000000,2012-12-31 00:00:00.000000000,2012-12-31 00:00:00.000000000,2012-04-23 00:00:00.000000000,2012-06-06 00:00:00.000000000,2012-06-06 00:00:00.000000000,2011-09-28 00:00:00.000000000,208 days 00:00:00.000000000,208 days 00:00:00.000000000,0 days 00:00:00.000000000
4251,2013-07-11 00:00:00.000000000,2013-07-19 00:00:00.000000000,2013-07-19 00:00:00.000000000,2012-12-07 00:00:00.000000000,2013-01-03 00:00:00.000000000,2013-01-03 00:00:00.000000000,2012-06-01 00:00:00.000000000,189 days 00:00:00.000000000,197 days 00:00:00.000000000,8 days 00:00:00.000000000
4252,2010-09-01 00:00:00.000000000,2010-10-11 00:00:00.000000000,2010-10-11 00:00:00.000000000,2010-03-18 00:00:00.000000000,2010-03-19 00:00:00.000000000,2010-03-19 00:00:00.000000000,2009-10-03 00:00:00.000000000,166 days 00:00:00.000000000,206 days 00:00:00.000000000,40 days 00:00:00.000000000
4253,2014-07-04 00:00:00.000000000,2014-07-04 00:00:00.000000000,2014-07-04 00:00:00.000000000,2013-07-12 00:00:00.000000000,2014-07-04 00:00:00.000000000,2014-07-04 00:00:00.000000000,2013-07-12 00:00:00.000000000,0 days 00:00:00.000000000,0 days 00:00:00.000000000,0 days 00:00:00.000000000
4254,2009-09-01 00:00:00.000000000,2009-09-01 00:00:00.000000000,2009-09-01 00:00:00.000000000,2009-07-14 00:00:00.000000000,2009-07-21 00:00:00.000000000,2009-07-21 00:00:00.000000000,2009-06-02 00:00:00.000000000,42 days 00:00:00.000000000,42 days 00:00:00.000000000,0 days 00:00:00.000000000
4255,2011-06-28 00:00:00.000000000,2011-06-28 00:00:00.000000000,2011-06-28 00:00:00.000000000,2011-04-28 00:00:00.000000000,2011-05-18 00:00:00.000000000,2011-05-18 00:00:00.000000000,2011-03-18 00:00:00.000000000,41 days 00:00:00.000000000,41 days 00:00:00.000000000,0 days 00:00:00.000000000
4256,2010-11-25 00:00:00.000000000,2010-12-08 00:00:00.000000000,2010-12-08 00:00:00.000000000,2010-06-02 00:00:00.000000000,2010-06-17 00:00:00.000000000,2010-06-17 00:00:00.000000000,2009-12-23 00:00:00.000000000,161 days 00:00:00.000000000,174 days 00:00:00.000000000,13 days 00:00:00.000000000
4257,2009-12-08 00:00:00.000000000,2009-12-08 00:00:00.000000000,2009-12-08 00:00:00.000000000,2009-05-07 00:00:00.000000000,2009-09-22 00:00:00.000000000,2009-09-22 00:00:00.000000000,2009-02-19 00:00:00.000000000,77 days 00:00:00.000000000,77 days 00:00:00.000000000,0 days 00:00:00.000000000
4258,2013-10-04 00:00:00.000000000,2013-10-04 00:00:00.000000000,2013-10-04 00:00:00.000000000,2013-07-03 00:00:00.000000000,2013-07-16 00:00:00.000000000,2013-07-16 00:00:00.000000000,2013-04-14 00:00:00.000000000,80 days 00:00:00.000000000,80 days 00:00:00.000000000,0 days 00:00:00.000000000
4259,2012-01-17 00:00:00.000000000,2012-01-17 00:00:00.000000000,2012-01-17 00:00:00.000000000,2011-10-05 00:00:00.000000000,2011-10-26 00:00:00.000000000,2011-10-26 00:00:00.000000000,2011-07-14 00:00:00.000000000,83 days 00:00:00.000000000,83 days 00:00:00.000000000,0 days 00:00:00.000000000
4260,2014-08-25 00:00:00.000000000,2014-08-25 00:00:00.000000000,2014-08-28 00:00:00.000000000,2014-05-11 00:00:00.000000000,2014-06-02 00:00:00.000000000,2014-06-02 00:00:00.000000000,2014-02-16 00:00:00.000000000,84 days 00:00:00.000000000,84 days 00:00:00.000000000,0 days 00:00:00.000000000
4261,2015-07-12 00:00:00.000000000,2015-07-12 00:00:00.000000000,2015-07-13 00:00:00.000000000,2015-01-20 00:00:00.000000000,2015-02-09 00:00:00.000000000,2015-02-09 00:00:00.000000000,2014-08-20 00:00:00.000000000,153 days 00:00:00.000000000,153 days 00:00:00.000000000,0 days 00:00:00.000000000
4262,2015-03-23 00:00:00.000000000,2015-03-23 00:00:00.000000000,2015-03-23 00:00:00.000000000,2014-10-30 00:00:00.000000000,2014-12-08 00:00:00.000000000,2014-12-08 00:00:00.000000000,2014-07-17 00:00:00.000000000,105 days 00:00:00.000000000,105 days 00:00:00.000000000,0 days 00:00:00.000000000
4263,2015-08-24 00:00:00.000000000,2015-08-24 00:00:00.000000000,2015-08-24 00:00:00.000000000,2014-09-11 00:00:00.000000000,2014-10-09 00:00:00.000000000,2014-10-09 00:00:00.000000000,2013-10-27 00:00:00.000000000,319 days 00:00:00.000000000,319 days 00:00:00.000000000,0 days 00:00:00.000000000
4264,2013-11-07 00:00:00.000000000,2013-11-07 00:00:00.000000000,2013-11-08 00:00:00.000000000,2013-07-08 00:00:00.000000000,2013-08-05 00:00:00.000000000,2013-08-05 00:00:00.000000000,2013-04-05 00:00:00.000000000,94 days 00:00:00.000000000,94 days 00:00:00.000000000,0 days 00:00:00.000000000
4265,2011-09-02 00:00:00.000000000,2011-09-02 00:00:00.000000000,2011-09-02 00:00:00.000000000,2011-03-10 00:00:00.000000000,2011-04-01 00:00:00.000000000,2011-04-01 00:00:00.000000000,2010-10-07 00:00:00.000000000,154 days 00:00:00.000000000,154 days 00:00:00.000000000,0 days 00:00:00.000000000
4266,2015-05-06 00:00:00.000000000,2015-05-06 00:00:00.000000000,2015-06-11 00:00:00.000000000,2014-10-28 00:00:00.000000000,2014-11-07 00:00:00.000000000,2014-11-07 00:00:00.000000000,2014-05-01 00:00:00.000000000,180 days 00:00:00.000000000,180 days 00:00:00.000000000,0 days 00:00:00.000000000
4267,2015-02-12 00:00:00.000000000,2015-02-12 00:00:00.000000000,2015-02-12 00:00:00.000000000,2014-09-11 00:00:00.000000000,2015-02-12 00:00:00.000000000,2015-02-12 00:00:00.000000000,2014-09-11 00:00:00.000000000,0 days 00:00:00.000000000,0 days 00:00:00.000000000,0 days 00:00:00.000000000
4268,2015-03-11 00:00:00.000000000,2015-03-11 00:00:00.000000000,2015-03-16 00:00:00.000000000,2014-09-24 00:00:00.000000000,2014-11-14 00:00:00.000000000,2014-11-14 00:00:00.000000000,2014-05-30 00:00:00.000000000,117 days 00:00:00.000000000,117 days 00:00:00.000000000,0 days 00:00:00.000000000
4269,2015-04-22 00:00:00.000000000,2015-04-22 00:00:00.000000000,2015-04-23 00:00:00.000000000,2014-10-27 00:00:00.000000000,2014-10-30 00:00:00.000000000,2014-10-30 00:00:00.000000000,2014-05-06 00:00:00.000000000,174 days 00:00:00.000000000,174 days 00:00:00.000000000,0 days 00:00:00.000000000
4270,2010-06-29 00:00:00.000000000,2010-06-29 00:00:00.000000000,2010-06-29 00:00:00.000000000,2009-11-03 00:00:00.000000000,2009-11-23 00:00:00.000000000,2009-11-23 00:00:00.000000000,2009-03-30 00:00:00.000000000,218 days 00:00:00.000000000,218 days 00:00:00.000000000,0 days 00:00:00.000000000
4271,2013-08-07 00:00:00.000000000,2013-08-07 00:00:00.000000000,2013-08-07 00:00:00.000000000,2013-01-30 00:00:00.000000000,2013-03-11 00:00:00.000000000,2013-03-11 00:00:00.000000000,2012-09-03 00:00:00.000000000,149 days 00:00:00.000000000,149 days 00:00:00.000000000,0 days 00:00:00.000000000
4272,2015-02-24 00:00:00.000000000,2015-02-24 00:00:00.000000000,2015-02-24 00:00:00.000000000,2014-09-24 00:00:00.000000000,2014-11-14 00:00:00.000000000,2014-11-14 00:00:00.000000000,2014-06-14 00:00:00.000000000,102 days 00:00:00.000000000,102 days 00:00:00.000000000,0 days 00:00:00.000000000
4273,2014-08-27 00:00:00.000000000,2014-08-27 00:00:00.000000000,2014-08-27 00:00:00.000000000,2013-07-11 00:00:00.000000000,2014-08-27 00:00:00.000000000,2014-08-27 00:00:00.000000000,2013-07-11 00:00:00.000000000,0 days 00:00:00.000000000,0 days 00:00:00.000000000,0 days 00:00:00.000000000
4274,2009-10-28 00:00:00.000000000,2009-10-28 00:00:00.000000000,2009-10-28 00:00:00.000000000,2009-05-07 00:00:00.000000000,2009-09-22 00:00:00.000000000,2009-09-22 00:00:00.000000000,2009-04-01 00:00:00.000000000,36 days 00:00:00.000000000,36 days 00:00:00.000000000,0 days 00:00:00.000000000
4275,2015-03-26 00:00:00.000000000,2015-03-26 00:00:00.000000000,2015-03-30 00:00:00.000000000,2014-09-24 00:00:00.000000000,2014-11-14 00:00:00.000000000,2014-11-14 00:00:00.000000000,2014-05-15 00:00:00.000000000,132 days 00:00:00.000000000,132 days 00:00:00.000000000,0 days 00:00:00.000000000
4276,2011-06-22 00:00:00.000000000,2011-06-22 00:00:00.000000000,2011-06-22 00:00:00.000000000,2011-01-17 00:00:00.000000000,2011-02-15 00:00:00.000000000,2011-02-15 00:00:00.000000000,2010-09-12 00:00:00.000000000,127 days 00:00:00.000000000,127 days 00:00:00.000000000,0 days 00:00:00.000000000
4277,2012-10-09 00:00:00.000000000,2012-10-09 00:00:00.000000000,2012-10-09 00:00:00.000000000,2012-04-11 00:00:00.000000000,2012-06-12 00:00:00.000000000,2012-06-12 00:00:00.000000000,2011-12-14 00:00:00.000000000,119 days 00:00:00.000000000,119 days 00:00:00.000000000,0 days 00:00:00.000000000
4278,2010-04-01 00:00:00.000000000,2010-04-01 00:00:00.000000000,2010-04-01 00:00:00.000000000,2010-03-23 00:00:00.000000000,2010-03-25 00:00:00.000000000,2010-03-25 00:00:00.000000000,2010-03-16 00:00:00.000000000,7 days 00:00:00.000000000,7 days 00:00:00.000000000,0 days 00:00:00.000000000
4279,2012-08-23 00:00:00.000000000,2012-08-23 00:00:00.000000000,2012-08-23 00:00:00.000000000,2012-04-11 00:00:00.000000000,2012-06-08 00:00:00.000000000,2012-06-08 00:00:00.000000000,2012-01-26 00:00:00.000000000,76 days 00:00:00.000000000,76 days 00:00:00.000000000,0 days 00:00:00.000000000
4280,2013-02-09 00:00:00.000000000,2013-02-09 00:00:00.000000000,2013-02-09 00:00:00.000000000,2012-05-29 00:00:00.000000000,2012-07-18 00:00:00.000000000,2012-07-18 00:00:00.000000000,2011-11-05 00:00:00.000000000,206 days 00:00:00.000000000,206 days 00:00:00.000000000,0 days 00:00:00.000000000
4281,2012-10-31 00:00:00.000000000,2012-11-07 00:00:00.000000000,2012-11-07 00:00:00.000000000,2012-08-21 00:00:00.000000000,2012-09-05 00:00:00.000000000,2012-09-05 00:00:00.000000000,2012-06-26 00:00:00.000000000,56 days 00:00:00.000000000,63 days 00:00:00.000000000,7 days 00:00:00.000000000
4282,2015-08-24 00:00:00.000000000,2015-08-24 00:00:00.000000000,2015-08-24 00:00:00.000000000,2014-09-11 00:00:00.000000000,2015-08-24 00:00:00.000000000,2015-08-24 00:00:00.000000000,2014-09-11 00:00:00.000000000,0 days 00:00:00.000000000,0 days 00:00:00.000000000,0 days 00:00:00.000000000
4283,2011-04-26 00:00:00.000000000,2011-04-26 00:00:00.000000000,2011-04-26 00:00:00.000000000,2010-08-31 00:00:00.000000000,2010-09-24 00:00:00.000000000,2010-09-24 00:00:00.000000000,2010-01-29 00:00:00.000000000,214 days 00:00:00.000000000,214 days 00:00:00.000000000,0 days 00:00:00.000000000
4284,2015-07-25 00:00:00.000000000,2015-07-25 00:00:00.000000000,2015-07-29 00:00:00.000000000,2014-12-29 00:00:00.000000000,2015-02-20 00:00:00.000000000,2015-02-20 00:00:00.000000000,2014-07-27 00:00:00.000000000,155 days 00:00:00.000000000,155 days 00:00:00.000000000,0 days 00:00:00.000000000
4285,2015-02-26 00:00:00.000000000,2015-02-26 00:00:00.000000000,2015-02-27 00:00:00.000000000,2014-01-21 00:00:00.000000000,2014-02-19 00:00:00.000000000,2014-02-19 00:00:00.000000000,2013-01-14 00:00:00.000000000,372 days 00:00:00.000000000,372 days 00:00:00.000000000,0 days 00:00:00.000000000
4286,2012-10-09 00:00:00.000000000,2012-10-09 00:00:00.000000000,2012-10-09 00:00:00.000000000,2012-07-11 00:00:00.000000000,2012-07-12 00:00:00.000000000,2012-07-12 00:00:00.000000000,2012-04-13 00:00:00.000000000,89 days 00:00:00.000000000,89 days 00:00:00.000000000,0 days 00:00:00.000000000
4287,2014-04-25 00:00:00.000000000,2014-04-25 00:00:00.000000000,2014-04-28 00:00:00.000000000,2014-02-19 00:00:00.000000000,2014-03-21 00:00:00.000000000,2014-03-21 00:00:00.000000000,2014-01-15 00:00:00.000000000,35 days 00:00:00.000000000,35 days 00:00:00.000000000,0 days 00:00:00.000000000
4288,2011-04-07 00:00:00.000000000,2011-04-07 00:00:00.000000000,2011-04-07 00:00:00.000000000,2010-11-26 00:00:00.000000000,2010-12-14 00:00:00.000000000,2010-12-14 00:00:00.000000000,2010-08-04 00:00:00.000000000,114 days 00:00:00.000000000,114 days 00:00:00.000000000,0 days 00:00:00.000000000
4289,2013-04-16 00:00:00.000000000,2013-04-16 00:00:00.000000000,2013-04-16 00:00:00.000000000,2013-03-18 00:00:00.000000000,1900-01-01 00:00:00.000000000,2013-04-09 00:00:00.000000000,2013-03-11 00:00:00.000000000,7 days 00:00:00.000000000,7 days 00:00:00.000000000,0 days 00:00:00.000000000
4290,2014-06-17 00:00:00.000000000,2014-06-17 00:00:00.000000000,2014-06-24 00:00:00.000000000,2014-03-07 00:00:00.000000000,2014-04-15 00:00:00.000000000,2014-04-15 00:00:00.000000000,2014-01-03 00:00:00.000000000,63 days 00:00:00.000000000,63 days 00:00:00.000000000,0 days 00:00:00.000000000
4291,2011-01-31 00:00:00.000000000,2011-02-01 00:00:00.000000000,2011-02-01 00:00:00.000000000,2010-08-31 00:00:00.000000000,2010-09-24 00:00:00.000000000,2010-09-24 00:00:00.000000000,2010-04-24 00:00:00.000000000,129 days 00:00:00.000000000,130 days 00:00:00.000000000,1 days 00:00:00.000000000
4292,2012-07-27 00:00:00.000000000,2012-07-27 00:00:00.000000000,2012-07-27 00:00:00.000000000,2012-06-07 00:00:00.000000000,2012-06-12 00:00:00.000000000,2012-06-12 00:00:00.000000000,2012-04-23 00:00:00.000000000,45 days 00:00:00.000000000,45 days 00:00:00.000000000,0 days 00:00:00.000000000
4293,2014-02-06 00:00:00.000000000,2014-02-06 00:00:00.000000000,2014-02-06 00:00:00.000000000,2013-10-08 00:00:00.000000000,2013-12-02 00:00:00.000000000,2013-12-02 00:00:00.000000000,2013-08-03 00:00:00.000000000,66 days 00:00:00.000000000,66 days 00:00:00.000000000,0 days 00:00:00.000000000
4294,2015-02-12 00:00:00.000000000,2015-02-12 00:00:00.000000000,2015-02-12 00:00:00.000000000,2014-09-11 00:00:00.000000000,2015-02-12 00:00:00.000000000,2015-02-12 00:00:00.000000000,2014-09-11 00:00:00.000000000,0 days 00:00:00.000000000,0 days 00:00:00.000000000,0 days 00:00:00.000000000
4295,2014-01-13 00:00:00.000000000,2014-01-13 00:00:00.000000000,2014-01-13 00:00:00.000000000,2013-11-14 00:00:00.000000000,2013-12-02 00:00:00.000000000,2013-12-02 00:00:00.000000000,2013-10-03 00:00:00.000000000,42 days 00:00:00.000000000,42 days 00:00:00.000000000,0 days 00:00:00.000000000
4296,2011-08-09 00:00:00.000000000,2011-08-09 00:00:00.000000000,2011-08-09 00:00:00.000000000,2011-05-05 00:00:00.000000000,2011-05-19 00:00:00.000000000,2011-05-19 00:00:00.000000000,2011-02-12 00:00:00.000000000,82 days 00:00:00.000000000,82 days 00:00:00.000000000,0 days 00:00:00.000000000
4297,2013-09-28 00:00:00.000000000,2013-09-28 00:00:00.000000000,2013-09-28 00:00:00.000000000,2013-05-03 00:00:00.000000000,2013-05-15 00:00:00.000000000,2013-05-15 00:00:00.000000000,2012-12-18 00:00:00.000000000,136 days 00:00:00.000000000,136 days 00:00:00.000000000,0 days 00:00:00.000000000
4298,2014-01-07 00:00:00.000000000,2014-01-07 00:00:00.000000000,2014-01-07 00:00:00.000000000,2013-07-11 00:00:00.000000000,2013-07-25 00:00:00.000000000,2013-07-25 00:00:00.000000000,2013-01-26 00:00:00.000000000,166 days 00:00:00.000000000,166 days 00:00:00.000000000,0 days 00:00:00.000000000
4299,2015-04-08 00:00:00.000000000,2015-04-08 00:00:00.000000000,2015-04-08 00:00:00.000000000,2014-11-11 00:00:00.000000000,2014-11-25 00:00:00.000000000,2014-11-25 00:00:00.000000000,2014-06-30 00:00:00.000000000,134 days 00:00:00.000000000,134 days 00:00:00.000000000,0 days 00:00:00.000000000
4300,2014-03-24 00:00:00.000000000,2014-03-24 00:00:00.000000000,2014-03-24 00:00:00.000000000,2014-01-06 00:00:00.000000000,2014-02-03 00:00:00.000000000,2014-02-03 00:00:00.000000000,2013-11-18 00:00:00.000000000,49 days 00:00:00.000000000,49 days 00:00:00.000000000,0 days 00:00:00.000000000
4301,2011-10-10 00:00:00.000000000,2011-10-10 00:00:00.000000000,2011-10-10 00:00:00.000000000,2011-03-10 00:00:00.000000000,2011-03-24 00:00:00.000000000,2011-03-24 00:00:00.000000000,2010-08-22 00:00:00.000000000,200 days 00:00:00.000000000,200 days 00:00:00.000000000,0 days 00:00:00.000000000
4302,2014-05-09 00:00:00.000000000,2014-05-09 00:00:00.000000000,2014-05-09 00:00:00.000000000,2014-01-06 00:00:00.000000000,2014-02-03 00:00:00.000000000,2014-02-03 00:00:00.000000000,2013-10-03 00:00:00.000000000,95 days 00:00:00.000000000,95 days 00:00:00.000000000,0 days 00:00:00.000000000
4303,2015-07-13 00:00:00.000000000,2015-07-13 00:00:00.000000000,2015-07-14 00:00:00.000000000,2015-01-28 00:00:00.000000000,2015-02-17 00:00:00.000000000,2015-02-17 00:00:00.000000000,2014-09-04 00:00:00.000000000,146 days 00:00:00.000000000,146 days 00:00:00.000000000,0 days 00:00:00.000000000
4304,2011-10-19 00:00:00.000000000,2011-10-19 00:00:00.000000000,2011-10-19 00:00:00.000000000,2011-03-31 00:00:00.000000000,2011-04-14 00:00:00.000000000,2011-04-14 00:00:00.000000000,2010-09-24 00:00:00.000000000,188 days 00:00:00.000000000,188 days 00:00:00.000000000,0 days 00:00:00.000000000
4305,2015-05-12 00:00:00.000000000,2015-05-12 00:00:00.000000000,2015-05-12 00:00:00.000000000,2014-09-11 00:00:00.000000000,2015-05-11 00:00:00.000000000,2015-05-11 00:00:00.000000000,2014-09-10 00:00:00.000000000,1 days 00:00:00.000000000,1 days 00:00:00.000000000,0 days 00:00:00.000000000
4306,2015-06-30 00:00:00.000000000,2015-07-06 00:00:00.000000000,2015-07-08 00:00:00.000000000,2014-12-08 00:00:00.000000000,2015-03-13 00:00:00.000000000,2015-03-13 00:00:00.000000000,2014-08-21 00:00:00.000000000,109 days 00:00:00.000000000,115 days 00:00:00.000000000,6 days 00:00:00.000000000
4307,2013-08-24 00:00:00.000000000,2013-08-24 00:00:00.000000000,2013-08-24 00:00:00.000000000,2013-03-25 00:00:00.000000000,2013-06-10 00:00:00.000000000,2013-06-10 00:00:00.000000000,2013-01-09 00:00:00.000000000,75 days 00:00:00.000000000,75 days 00:00:00.000000000,0 days 00:00:00.000000000
4308,2015-05-08 00:00:00.000000000,2015-05-08 00:00:00.000000000,2015-05-11 00:00:00.000000000,2014-12-29 00:00:00.000000000,2015-02-20 00:00:00.000000000,2015-02-20 00:00:00.000000000,2014-10-13 00:00:00.000000000,77 days 00:00:00.000000000,77 days 00:00:00.000000000,0 days 00:00:00.000000000
4309,2010-02-16 00:00:00.000000000,2010-02-19 00:00:00.000000000,2010-02-19 00:00:00.000000000,2009-11-18 00:00:00.000000000,2009-12-02 00:00:00.000000000,2009-12-02 00:00:00.000000000,2009-09-03 00:00:00.000000000,76 days 00:00:00.000000000,79 days 00:00:00.000000000,3 days 00:00:00.000000000
4310,2015-08-24 00:00:00.000000000,2015-08-24 00:00:00.000000000,2015-08-24 00:00:00.000000000,2014-09-11 00:00:00.000000000,2014-10-09 00:00:00.000000000,2014-10-09 00:00:00.000000000,2013-10-27 00:00:00.000000000,319 days 00:00:00.000000000,319 days 00:00:00.000000000,0 days 00:00:00.000000000
4311,2015-07-11 00:00:00.000000000,2015-07-11 00:00:00.000000000,2015-07-20 00:00:00.000000000,2015-02-19 00:00:00.000000000,2015-04-22 00:00:00.000000000,2015-04-22 00:00:00.000000000,2014-12-01 00:00:00.000000000,80 days 00:00:00.000000000,80 days 00:00:00.000000000,0 days 00:00:00.000000000
4312,2014-02-06 00:00:00.000000000,2014-02-06 00:00:00.000000000,2014-02-06 00:00:00.000000000,2013-10-08 00:00:00.000000000,2013-12-02 00:00:00.000000000,2013-12-02 00:00:00.000000000,2013-08-03 00:00:00.000000000,66 days 00:00:00.000000000,66 days 00:00:00.000000000,0 days 00:00:00.000000000
4313,2009-10-27 00:00:00.000000000,2009-10-27 00:00:00.000000000,2009-10-27 00:00:00.000000000,2009-10-08 00:00:00.000000000,2009-10-15 00:00:00.000000000,2009-10-15 00:00:00.000000000,2009-09-26 00:00:00.000000000,12 days 00:00:00.000000000,12 days 00:00:00.000000000,0 days 00:00:00.000000000
4314,2010-12-22 00:00:00.000000000,2010-12-22 00:00:00.000000000,2010-12-22 00:00:00.000000000,2010-09-30 00:00:00.000000000,2010-10-15 00:00:00.000000000,2010-10-15 00:00:00.000000000,2010-07-24 00:00:00.000000000,68 days 00:00:00.000000000,68 days 00:00:00.000000000,0 days 00:00:00.000000000
4315,2013-02-02 00:00:00.000000000,2013-02-02 00:00:00.000000000,2013-02-02 00:00:00.000000000,2012-07-25 00:00:00.000000000,2012-08-14 00:00:00.000000000,2012-08-14 00:00:00.000000000,2012-02-04 00:00:00.000000000,172 days 00:00:00.000000000,172 days 00:00:00.000000000,0 days 00:00:00.000000000
4316,2014-11-04 00:00:00.000000000,2014-11-04 00:00:00.000000000,2014-11-20 00:00:00.000000000,2014-08-11 00:00:00.000000000,2014-08-27 00:00:00.000000000,2014-08-27 00:00:00.000000000,2014-06-03 00:00:00.000000000,69 days 00:00:00.000000000,69 days 00:00:00.000000000,0 days 00:00:00.000000000
4317,2015-04-20 00:00:00.000000000,2015-04-20 00:00:00.000000000,2015-04-28 00:00:00.000000000,2014-10-22 00:00:00.000000000,2014-12-24 00:00:00.000000000,2014-12-24 00:00:00.000000000,2014-06-27 00:00:00.000000000,117 days 00:00:00.000000000,117 days 00:00:00.000000000,0 days 00:00:00.000000000
4318,2014-07-30 00:00:00.000000000,2014-07-30 00:00:00.000000000,2014-08-06 00:00:00.000000000,2014-01-28 00:00:00.000000000,2014-02-04 00:00:00.000000000,2014-02-04 00:00:00.000000000,2013-08-05 00:00:00.000000000,176 days 00:00:00.000000000,176 days 00:00:00.000000000,0 days 00:00:00.000000000
4319,2014-08-27 00:00:00.000000000,2014-08-27 00:00:00.000000000,2014-08-27 00:00:00.000000000,2013-07-11 00:00:00.000000000,2014-08-27 00:00:00.000000000,2014-08-27 00:00:00.000000000,2013-07-11 00:00:00.000000000,0 days 00:00:00.000000000,0 days 00:00:00.000000000,0 days 00:00:00.000000000
4320,2015-02-19 00:00:00.000000000,2015-02-19 00:00:00.000000000,2015-02-19 00:00:00.000000000,2014-04-30 00:00:00.000000000,2014-05-08 00:00:00.000000000,2014-05-08 00:00:00.000000000,2013-07-17 00:00:00.000000000,287 days 00:00:00.000000000,287 days 00:00:00.000000000,0 days 00:00:00.000000000
4321,2010-06-09 00:00:00.000000000,2010-06-11 00:00:00.000000000,2010-06-11 00:00:00.000000000,2010-03-18 00:00:00.000000000,2010-03-19 00:00:00.000000000,2010-03-19 00:00:00.000000000,2009-12-26 00:00:00.000000000,82 days 00:00:00.000000000,84 days 00:00:00.000000000,2 days 00:00:00.000000000
4322,2015-09-07 00:00:00.000000000,2015-09-07 00:00:00.000000000,2015-09-07 00:00:00.000000000,2015-04-14 00:00:00.000000000,2015-05-13 00:00:00.000000000,2015-05-13 00:00:00.000000000,2014-12-18 00:00:00.000000000,117 days 00:00:00.000000000,117 days 00:00:00.000000000,0 days 00:00:00.000000000
4323,2013-04-16 00:00:00.000000000,2013-04-16 00:00:00.000000000,2013-04-16 00:00:00.000000000,2013-03-18 00:00:00.000000000,1900-01-01 00:00:00.000000000,2013-04-09 00:00:00.000000000,2013-03-11 00:00:00.000000000,7 days 00:00:00.000000000,7 days 00:00:00.000000000,0 days 00:00:00.000000000
4324,2015-07-02 00:00:00.000000000,2015-07-07 00:00:00.000000000,2015-07-07 00:00:00.000000000,2014-12-29 00:00:00.000000000,2015-02-20 00:00:00.000000000,2015-02-20 00:00:00.000000000,2014-08-19 00:00:00.000000000,132 days 00:00:00.000000000,137 days 00:00:00.000000000,5 days 00:00:00.000000000
4325,2010-03-19 00:00:00.000000000,2010-03-19 00:00:00.000000000,2010-03-19 00:00:00.000000000,2009-10-20 00:00:00.000000000,2009-11-13 00:00:00.000000000,2009-11-13 00:00:00.000000000,2009-06-16 00:00:00.000000000,126 days 00:00:00.000000000,126 days 00:00:00.000000000,0 days 00:00:00.000000000
4326,2015-03-09 00:00:00.000000000,2015-03-09 00:00:00.000000000,2015-03-09 00:00:00.000000000,2014-09-11 00:00:00.000000000,2015-03-09 00:00:00.000000000,2015-03-09 00:00:00.000000000,2014-09-11 00:00:00.000000000,0 days 00:00:00.000000000,0 days 00:00:00.000000000,0 days 00:00:00.000000000
4327,2011-06-13 00:00:00.000000000,2011-09-15 00:00:00.000000000,2011-09-15 00:00:00.000000000,2010-11-26 00:00:00.000000000,2010-12-14 00:00:00.000000000,2010-12-14 00:00:00.000000000,2010-05-29 00:00:00.000000000,181 days 00:00:00.000000000,275 days 00:00:00.000000000,94 days 00:00:00.000000000
4328,2009-10-16 00:00:00.000000000,2009-10-16 00:00:00.000000000,2009-10-16 00:00:00.000000000,2009-08-13 00:00:00.000000000,2009-08-31 00:00:00.000000000,2009-08-31 00:00:00.000000000,2009-06-28 00:00:00.000000000,46 days 00:00:00.000000000,46 days 00:00:00.000000000,0 days 00:00:00.000000000
4329,2014-12-24 00:00:00.000000000,2014-12-19 00:00:00.000000000,2014-12-19 00:00:00.000000000,2014-07-09 00:00:00.000000000,2014-08-11 00:00:00.000000000,2014-08-11 00:00:00.000000000,2014-02-24 00:00:00.000000000,135 days 00:00:00.000000000,130 days 00:00:00.000000000,-5 days +00:00:00.000000000
4330,2015-08-24 00:00:00.000000000,2015-08-24 00:00:00.000000000,2015-08-24 00:00:00.000000000,2014-09-11 00:00:00.000000000,2015-08-24 00:00:00.000000000,2015-08-24 00:00:00.000000000,2014-09-11 00:00:00.000000000,0 days 00:00:00.000000000,0 days 00:00:00.000000000,0 days 00:00:00.000000000
4331,2010-05-07 00:00:00.000000000,2010-05-07 00:00:00.000000000,2010-05-07 00:00:00.000000000,2010-03-15 00:00:00.000000000,2010-03-24 00:00:00.000000000,2010-03-24 00:00:00.000000000,2010-01-30 00:00:00.000000000,44 days 00:00:00.000000000,44 days 00:00:00.000000000,0 days 00:00:00.000000000
4332,2011-04-12 00:00:00.000000000,2011-04-12 00:00:00.000000000,2011-04-12 00:00:00.000000000,2009-12-28 00:00:00.000000000,2010-01-15 00:00:00.000000000,2010-01-15 00:00:00.000000000,2008-10-02 00:00:00.000000000,452 days 00:00:00.000000000,452 days 00:00:00.000000000,0 days 00:00:00.000000000
4333,2014-12-10 00:00:00.000000000,2014-12-10 00:00:00.000000000,2014-12-10 00:00:00.000000000,2014-10-29 00:00:00.000000000,2014-12-10 00:00:00.000000000,2014-12-10 00:00:00.000000000,2014-10-29 00:00:00.000000000,0 days 00:00:00.000000000,0 days 00:00:00.000000000,0 days 00:00:00.000000000
4334,2012-09-18 00:00:00.000000000,2012-09-18 00:00:00.000000000,2012-09-18 00:00:00.000000000,2012-06-13 00:00:00.000000000,2012-07-02 00:00:00.000000000,2012-07-02 00:00:00.000000000,2012-03-27 00:00:00.000000000,78 days 00:00:00.000000000,78 days 00:00:00.000000000,0 days 00:00:00.000000000
4335,2010-12-15 00:00:00.000000000,2010-12-08 00:00:00.000000000,2010-12-08 00:00:00.000000000,2010-03-18 00:00:00.000000000,2010-03-19 00:00:00.000000000,2010-03-19 00:00:00.000000000,2009-06-20 00:00:00.000000000,271 days 00:00:00.000000000,264 days 00:00:00.000000000,-7 days +00:00:00.000000000
4336,2010-06-13 00:00:00.000000000,2010-06-13 00:00:00.000000000,2010-06-13 00:00:00.000000000,2009-07-28 00:00:00.000000000,2009-08-18 00:00:00.000000000,2009-08-18 00:00:00.000000000,2008-10-02 00:00:00.000000000,299 days 00:00:00.000000000,299 days 00:00:00.000000000,0 days 00:00:00.000000000
4337,2014-08-29 00:00:00.000000000,2014-08-29 00:00:00.000000000,2014-08-29 00:00:00.000000000,2013-07-11 00:00:00.000000000,2014-08-29 00:00:00.000000000,2014-08-29 00:00:00.000000000,2013-07-11 00:00:00.000000000,0 days 00:00:00.000000000,0 days 00:00:00.000000000,0 days 00:00:00.000000000
4338,2012-08-03 00:00:00.000000000,2012-08-03 00:00:00.000000000,2012-08-03 00:00:00.000000000,2012-06-07 00:00:00.000000000,2012-06-12 00:00:00.000000000,2012-06-12 00:00:00.000000000,2012-04-16 00:00:00.000000000,52 days 00:00:00.000000000,52 days 00:00:00.000000000,0 days 00:00:00.000000000
4339,2013-09-09 00:00:00.000000000,2013-09-09 00:00:00.000000000,2013-09-09 00:00:00.000000000,2012-05-18 00:00:00.000000000,2012-07-09 00:00:00.000000000,2012-07-09 00:00:00.000000000,2011-03-18 00:00:00.000000000,427 days 00:00:00.000000000,427 days 00:00:00.000000000,0 days 00:00:00.000000000
4340,2013-03-20 00:00:00.000000000,2013-03-20 00:00:00.000000000,2013-03-20 00:00:00.000000000,2013-01-16 00:00:00.000000000,2013-02-05 00:00:00.000000000,2013-02-05 00:00:00.000000000,2012-12-04 00:00:00.000000000,43 days 00:00:00.000000000,43 days 00:00:00.000000000,0 days 00:00:00.000000000
4341,2010-07-07 00:00:00.000000000,2010-07-08 00:00:00.000000000,2010-07-08 00:00:00.000000000,2009-11-18 00:00:00.000000000,2009-12-02 00:00:00.000000000,2009-12-02 00:00:00.000000000,2009-04-15 00:00:00.000000000,217 days 00:00:00.000000000,218 days 00:00:00.000000000,1 days 00:00:00.000000000
4342,2012-01-16 00:00:00.000000000,2012-01-23 00:00:00.000000000,2012-01-23 00:00:00.000000000,2011-03-10 00:00:00.000000000,2011-09-30 00:00:00.000000000,2011-09-30 00:00:00.000000000,2010-11-22 00:00:00.000000000,108 days 00:00:00.000000000,115 days 00:00:00.000000000,7 days 00:00:00.000000000
4343,2015-08-24 00:00:00.000000000,2015-08-24 00:00:00.000000000,2015-08-24 00:00:00.000000000,2014-09-11 00:00:00.000000000,2015-08-24 00:00:00.000000000,2015-08-24 00:00:00.000000000,2014-09-11 00:00:00.000000000,0 days 00:00:00.000000000,0 days 00:00:00.000000000,0 days 00:00:00.000000000
4344,2014-07-19 00:00:00.000000000,2014-07-19 00:00:00.000000000,2014-07-31 00:00:00.000000000,2014-03-20 00:00:00.000000000,2014-04-30 00:00:00.000000000,2014-04-30 00:00:00.000000000,2013-12-30 00:00:00.000000000,80 days 00:00:00.000000000,80 days 00:00:00.000000000,0 days 00:00:00.000000000
4345,2011-03-09 00:00:00.000000000,2011-03-09 00:00:00.000000000,2011-03-09 00:00:00.000000000,2009-12-28 00:00:00.000000000,2010-01-15 00:00:00.000000000,2010-01-15 00:00:00.000000000,2008-11-05 00:00:00.000000000,418 days 00:00:00.000000000,418 days 00:00:00.000000000,0 days 00:00:00.000000000
4346,2015-06-03 00:00:00.000000000,2015-06-03 00:00:00.000000000,2015-06-05 00:00:00.000000000,2014-12-29 00:00:00.000000000,2015-02-20 00:00:00.000000000,2015-02-20 00:00:00.000000000,2014-09-17 00:00:00.000000000,103 days 00:00:00.000000000,103 days 00:00:00.000000000,0 days 00:00:00.000000000
4347,2011-09-02 00:00:00.000000000,2011-09-02 00:00:00.000000000,2011-09-02 00:00:00.000000000,2011-03-10 00:00:00.000000000,2011-03-24 00:00:00.000000000,2011-03-24 00:00:00.000000000,2010-09-29 00:00:00.000000000,162 days 00:00:00.000000000,162 days 00:00:00.000000000,0 days 00:00:00.000000000
4348,2011-06-26 00:00:00.000000000,2011-04-07 00:00:00.000000000,2011-04-07 00:00:00.000000000,2010-11-26 00:00:00.000000000,2010-12-06 00:00:00.000000000,2010-12-06 00:00:00.000000000,2010-05-08 00:00:00.000000000,202 days 00:00:00.000000000,122 days 00:00:00.000000000,-80 days +00:00:00.000000000
4349,2010-08-13 00:00:00.000000000,2010-08-13 00:00:00.000000000,2010-08-13 00:00:00.000000000,2010-03-22 00:00:00.000000000,2010-03-25 00:00:00.000000000,2010-03-25 00:00:00.000000000,2009-11-01 00:00:00.000000000,141 days 00:00:00.000000000,141 days 00:00:00.000000000,0 days 00:00:00.000000000
4350,2012-01-19 00:00:00.000000000,2012-01-19 00:00:00.000000000,2012-01-19 00:00:00.000000000,2011-08-30 00:00:00.000000000,2011-09-09 00:00:00.000000000,2011-09-09 00:00:00.000000000,2011-04-20 00:00:00.000000000,132 days 00:00:00.000000000,132 days 00:00:00.000000000,0 days 00:00:00.000000000
4351,2012-01-06 00:00:00.000000000,2012-01-06 00:00:00.000000000,2012-01-06 00:00:00.000000000,2011-09-07 00:00:00.000000000,2011-09-14 00:00:00.000000000,2011-09-14 00:00:00.000000000,2011-05-16 00:00:00.000000000,114 days 00:00:00.000000000,114 days 00:00:00.000000000,0 days 00:00:00.000000000
4352,2010-04-15 00:00:00.000000000,2010-04-15 00:00:00.000000000,2010-04-15 00:00:00.000000000,2009-06-30 00:00:00.000000000,2009-07-07 00:00:00.000000000,2009-07-07 00:00:00.000000000,2008-09-21 00:00:00.000000000,282 days 00:00:00.000000000,282 days 00:00:00.000000000,0 days 00:00:00.000000000
4353,2014-07-29 00:00:00.000000000,2014-07-29 00:00:00.000000000,2014-08-06 00:00:00.000000000,2014-02-06 00:00:00.000000000,2014-03-10 00:00:00.000000000,2014-03-10 00:00:00.000000000,2013-09-18 00:00:00.000000000,141 days 00:00:00.000000000,141 days 00:00:00.000000000,0 days 00:00:00.000000000
4354,2014-02-17 00:00:00.000000000,2014-02-17 00:00:00.000000000,2014-02-17 00:00:00.000000000,2013-09-07 00:00:00.000000000,2013-09-19 00:00:00.000000000,2013-09-19 00:00:00.000000000,2013-04-09 00:00:00.000000000,151 days 00:00:00.000000000,151 days 00:00:00.000000000,0 days 00:00:00.000000000
4355,2012-12-03 00:00:00.000000000,2012-12-03 00:00:00.000000000,2012-12-03 00:00:00.000000000,2012-03-01 00:00:00.000000000,2012-05-15 00:00:00.000000000,2012-05-15 00:00:00.000000000,2011-08-12 00:00:00.000000000,202 days 00:00:00.000000000,202 days 00:00:00.000000000,0 days 00:00:00.000000000
4356,2014-04-23 00:00:00.000000000,2014-04-23 00:00:00.000000000,2014-04-23 00:00:00.000000000,2013-10-04 00:00:00.000000000,2013-10-10 00:00:00.000000000,2013-10-10 00:00:00.000000000,2013-03-23 00:00:00.000000000,195 days 00:00:00.000000000,195 days 00:00:00.000000000,0 days 00:00:00.000000000
4357,2012-04-02 00:00:00.000000000,2012-04-02 00:00:00.000000000,2012-04-02 00:00:00.000000000,2012-01-18 00:00:00.000000000,2012-01-23 00:00:00.000000000,2012-01-23 00:00:00.000000000,2011-11-09 00:00:00.000000000,70 days 00:00:00.000000000,70 days 00:00:00.000000000,0 days 00:00:00.000000000
4358,2012-11-23 00:00:00.000000000,2012-11-23 00:00:00.000000000,2012-11-23 00:00:00.000000000,2012-04-23 00:00:00.000000000,2012-01-06 00:00:00.000000000,2012-01-06 00:00:00.000000000,2011-06-06 00:00:00.000000000,322 days 00:00:00.000000000,322 days 00:00:00.000000000,0 days 00:00:00.000000000
4359,2009-10-23 00:00:00.000000000,2009-10-23 00:00:00.000000000,2009-10-23 00:00:00.000000000,2009-06-25 00:00:00.000000000,2009-06-26 00:00:00.000000000,2009-06-26 00:00:00.000000000,2009-02-26 00:00:00.000000000,119 days 00:00:00.000000000,119 days 00:00:00.000000000,0 days 00:00:00.000000000
4360,2011-06-06 00:00:00.000000000,2011-06-06 00:00:00.000000000,2011-06-06 00:00:00.000000000,2011-02-25 00:00:00.000000000,2011-03-23 00:00:00.000000000,2011-03-23 00:00:00.000000000,2010-12-12 00:00:00.000000000,75 days 00:00:00.000000000,75 days 00:00:00.000000000,0 days 00:00:00.000000000
4361,2012-07-17 00:00:00.000000000,2012-07-17 00:00:00.000000000,2012-07-17 00:00:00.000000000,2012-01-06 00:00:00.000000000,2012-02-24 00:00:00.000000000,2012-02-24 00:00:00.000000000,2011-08-15 00:00:00.000000000,144 days 00:00:00.000000000,144 days 00:00:00.000000000,0 days 00:00:00.000000000
4362,2013-01-09 00:00:00.000000000,2013-02-26 00:00:00.000000000,2013-02-26 00:00:00.000000000,2012-10-05 00:00:00.000000000,2012-10-16 00:00:00.000000000,2012-10-16 00:00:00.000000000,2012-07-12 00:00:00.000000000,85 days 00:00:00.000000000,133 days 00:00:00.000000000,48 days 00:00:00.000000000
4363,2012-12-28 00:00:00.000000000,2012-12-28 00:00:00.000000000,2012-12-28 00:00:00.000000000,2012-09-19 00:00:00.000000000,2012-09-24 00:00:00.000000000,2012-09-24 00:00:00.000000000,2012-06-16 00:00:00.000000000,95 days 00:00:00.000000000,95 days 00:00:00.000000000,0 days 00:00:00.000000000
4364,2014-04-25 00:00:00.000000000,2014-04-25 00:00:00.000000000,2014-05-05 00:00:00.000000000,2014-03-24 00:00:00.000000000,2014-04-03 00:00:00.000000000,2014-04-03 00:00:00.000000000,2014-03-02 00:00:00.000000000,22 days 00:00:00.000000000,22 days 00:00:00.000000000,0 days 00:00:00.000000000
4365,2014-02-06 00:00:00.000000000,2014-02-06 00:00:00.000000000,2014-02-06 00:00:00.000000000,2013-10-08 00:00:00.000000000,2013-12-02 00:00:00.000000000,2013-12-02 00:00:00.000000000,2013-08-03 00:00:00.000000000,66 days 00:00:00.000000000,66 days 00:00:00.000000000,0 days 00:00:00.000000000
4366,2010-01-18 00:00:00.000000000,2010-01-18 00:00:00.000000000,2010-01-18 00:00:00.000000000,2009-09-16 00:00:00.000000000,2009-10-23 00:00:00.000000000,2009-10-23 00:00:00.000000000,2009-06-21 00:00:00.000000000,87 days 00:00:00.000000000,87 days 00:00:00.000000000,0 days 00:00:00.000000000
4367,2014-05-19 00:00:00.000000000,2014-05-19 00:00:00.000000000,2014-05-19 00:00:00.000000000,2013-12-13 00:00:00.000000000,2013-12-27 00:00:00.000000000,2013-12-27 00:00:00.000000000,2013-07-23 00:00:00.000000000,143 days 00:00:00.000000000,143 days 00:00:00.000000000,0 days 00:00:00.000000000
4368,2012-12-10 00:00:00.000000000,2012-12-10 00:00:00.000000000,2012-12-10 00:00:00.000000000,2012-07-25 00:00:00.000000000,2012-08-14 00:00:00.000000000,2012-08-14 00:00:00.000000000,2012-03-29 00:00:00.000000000,118 days 00:00:00.000000000,118 days 00:00:00.000000000,0 days 00:00:00.000000000
4369,2010-11-24 00:00:00.000000000,2010-11-24 00:00:00.000000000,2010-11-24 00:00:00.000000000,2010-08-26 00:00:00.000000000,2010-09-16 00:00:00.000000000,2010-09-16 00:00:00.000000000,2010-06-18 00:00:00.000000000,69 days 00:00:00.000000000,69 days 00:00:00.000000000,0 days 00:00:00.000000000
4370,2011-11-30 00:00:00.000000000,2011-11-30 00:00:00.000000000,2011-11-30 00:00:00.000000000,2011-07-11 00:00:00.000000000,2011-07-27 00:00:00.000000000,2011-07-27 00:00:00.000000000,2011-03-07 00:00:00.000000000,126 days 00:00:00.000000000,126 days 00:00:00.000000000,0 days 00:00:00.000000000
4371,2013-10-18 00:00:00.000000000,2013-10-18 00:00:00.000000000,2013-10-18 00:00:00.000000000,2013-07-18 00:00:00.000000000,2013-08-06 00:00:00.000000000,2013-08-06 00:00:00.000000000,2013-05-06 00:00:00.000000000,73 days 00:00:00.000000000,73 days 00:00:00.000000000,0 days 00:00:00.000000000
4372,2015-04-28 00:00:00.000000000,2015-04-28 00:00:00.000000000,2015-04-28 00:00:00.000000000,2014-04-30 00:00:00.000000000,2015-04-28 00:00:00.000000000,2015-04-28 00:00:00.000000000,2014-04-30 00:00:00.000000000,0 days 00:00:00.000000000,0 days 00:00:00.000000000,0 days 00:00:00.000000000
4373,2012-10-22 00:00:00.000000000,2012-10-22 00:00:00.000000000,2012-10-22 00:00:00.000000000,2012-05-14 00:00:00.000000000,2012-06-28 00:00:00.000000000,2012-06-28 00:00:00.000000000,2012-01-19 00:00:00.000000000,116 days 00:00:00.000000000,116 days 00:00:00.000000000,0 days 00:00:00.000000000
4374,2013-11-28 00:00:00.000000000,2013-11-28 00:00:00.000000000,2013-12-03 00:00:00.000000000,2013-04-23 00:00:00.000000000,2013-05-17 00:00:00.000000000,2013-05-17 00:00:00.000000000,2012-10-10 00:00:00.000000000,195 days 00:00:00.000000000,195 days 00:00:00.000000000,0 days 00:00:00.000000000
4375,2012-01-18 00:00:00.000000000,2012-01-18 00:00:00.000000000,2012-01-18 00:00:00.000000000,2011-12-07 00:00:00.000000000,2011-12-30 00:00:00.000000000,2011-12-30 00:00:00.000000000,2011-11-18 00:00:00.000000000,19 days 00:00:00.000000000,19 days 00:00:00.000000000,0 days 00:00:00.000000000
4376,2010-04-28 00:00:00.000000000,2010-04-28 00:00:00.000000000,2010-04-28 00:00:00.000000000,2010-03-12 00:00:00.000000000,2010-03-18 00:00:00.000000000,2010-03-18 00:00:00.000000000,2010-01-30 00:00:00.000000000,41 days 00:00:00.000000000,41 days 00:00:00.000000000,0 days 00:00:00.000000000
4377,2011-08-12 00:00:00.000000000,2011-08-12 00:00:00.000000000,2011-08-12 00:00:00.000000000,2010-11-26 00:00:00.000000000,2010-12-06 00:00:00.000000000,2010-12-06 00:00:00.000000000,2010-03-22 00:00:00.000000000,249 days 00:00:00.000000000,249 days 00:00:00.000000000,0 days 00:00:00.000000000
4378,2010-02-16 00:00:00.000000000,2010-02-19 00:00:00.000000000,2010-02-19 00:00:00.000000000,2009-11-18 00:00:00.000000000,2009-12-02 00:00:00.000000000,2009-12-02 00:00:00.000000000,2009-09-03 00:00:00.000000000,76 days 00:00:00.000000000,79 days 00:00:00.000000000,3 days 00:00:00.000000000
4379,2011-04-05 00:00:00.000000000,2011-04-05 00:00:00.000000000,2011-04-05 00:00:00.000000000,2010-11-26 00:00:00.000000000,2010-12-14 00:00:00.000000000,2010-12-14 00:00:00.000000000,2010-08-06 00:00:00.000000000,112 days 00:00:00.000000000,112 days 00:00:00.000000000,0 days 00:00:00.000000000
4380,2010-07-07 00:00:00.000000000,2010-07-07 00:00:00.000000000,2010-07-07 00:00:00.000000000,2009-11-18 00:00:00.000000000,2009-12-02 00:00:00.000000000,2009-12-02 00:00:00.000000000,2009-04-15 00:00:00.000000000,217 days 00:00:00.000000000,217 days 00:00:00.000000000,0 days 00:00:00.000000000
4381,2014-08-27 00:00:00.000000000,2014-08-27 00:00:00.000000000,2014-08-27 00:00:00.000000000,2013-07-11 00:00:00.000000000,2014-08-27 00:00:00.000000000,2014-08-27 00:00:00.000000000,2013-07-11 00:00:00.000000000,0 days 00:00:00.000000000,0 days 00:00:00.000000000,0 days 00:00:00.000000000
4382,2010-12-13 00:00:00.000000000,2010-12-13 00:00:00.000000000,2010-12-13 00:00:00.000000000,2010-06-02 00:00:00.000000000,2010-06-17 00:00:00.000000000,2010-06-17 00:00:00.000000000,2009-12-05 00:00:00.000000000,179 days 00:00:00.000000000,179 days 00:00:00.000000000,0 days 00:00:00.000000000
4383,2015-01-15 00:00:00.000000000,2015-01-15 00:00:00.000000000,2015-02-24 00:00:00.000000000,2014-07-09 00:00:00.000000000,2014-08-11 00:00:00.000000000,2014-08-11 00:00:00.000000000,2014-02-02 00:00:00.000000000,157 days 00:00:00.000000000,157 days 00:00:00.000000000,0 days 00:00:00.000000000
4384,2015-03-09 00:00:00.000000000,2015-03-09 00:00:00.000000000,2015-03-09 00:00:00.000000000,2014-09-11 00:00:00.000000000,2015-03-09 00:00:00.000000000,2015-03-09 00:00:00.000000000,2014-09-11 00:00:00.000000000,0 days 00:00:00.000000000,0 days 00:00:00.000000000,0 days 00:00:00.000000000
4385,2014-11-13 00:00:00.000000000,2014-11-13 00:00:00.000000000,2014-11-13 00:00:00.000000000,2014-07-23 00:00:00.000000000,2014-09-04 00:00:00.000000000,2014-09-04 00:00:00.000000000,2014-05-14 00:00:00.000000000,70 days 00:00:00.000000000,70 days 00:00:00.000000000,0 days 00:00:00.000000000
4386,2015-04-22 00:00:00.000000000,2015-04-22 00:00:00.000000000,2015-04-22 00:00:00.000000000,2015-02-05 00:00:00.000000000,2015-03-12 00:00:00.000000000,2015-03-12 00:00:00.000000000,2014-12-26 00:00:00.000000000,41 days 00:00:00.000000000,41 days 00:00:00.000000000,0 days 00:00:00.000000000
4387,2015-05-12 00:00:00.000000000,2015-05-12 00:00:00.000000000,2015-05-12 00:00:00.000000000,2014-09-11 00:00:00.000000000,2015-05-11 00:00:00.000000000,2015-05-11 00:00:00.000000000,2014-09-10 00:00:00.000000000,1 days 00:00:00.000000000,1 days 00:00:00.000000000,0 days 00:00:00.000000000
4388,2014-04-23 00:00:00.000000000,2014-04-23 00:00:00.000000000,2014-04-23 00:00:00.000000000,2013-10-04 00:00:00.000000000,2013-10-10 00:00:00.000000000,2013-10-10 00:00:00.000000000,2013-03-23 00:00:00.000000000,195 days 00:00:00.000000000,195 days 00:00:00.000000000,0 days 00:00:00.000000000
4389,2010-09-13 00:00:00.000000000,2010-09-13 00:00:00.000000000,2010-09-13 00:00:00.000000000,2009-11-02 00:00:00.000000000,2009-11-13 00:00:00.000000000,2009-11-13 00:00:00.000000000,2009-01-02 00:00:00.000000000,304 days 00:00:00.000000000,304 days 00:00:00.000000000,0 days 00:00:00.000000000
4390,2013-05-16 00:00:00.000000000,2013-05-16 00:00:00.000000000,2013-05-16 00:00:00.000000000,2013-02-08 00:00:00.000000000,2013-02-27 00:00:00.000000000,2013-02-27 00:00:00.000000000,2012-11-22 00:00:00.000000000,78 days 00:00:00.000000000,78 days 00:00:00.000000000,0 days 00:00:00.000000000
4391,2014-06-13 00:00:00.000000000,2014-06-13 00:00:00.000000000,2014-07-31 00:00:00.000000000,2013-07-11 00:00:00.000000000,2013-08-02 00:00:00.000000000,2013-08-02 00:00:00.000000000,2012-08-30 00:00:00.000000000,315 days 00:00:00.000000000,315 days 00:00:00.000000000,0 days 00:00:00.000000000
4392,2010-05-31 00:00:00.000000000,2010-05-31 00:00:00.000000000,2010-05-31 00:00:00.000000000,2010-04-19 00:00:00.000000000,2010-04-21 00:00:00.000000000,2010-04-21 00:00:00.000000000,2010-03-10 00:00:00.000000000,40 days 00:00:00.000000000,40 days 00:00:00.000000000,0 days 00:00:00.000000000
4393,2015-05-29 00:00:00.000000000,2015-05-29 00:00:00.000000000,2015-06-02 00:00:00.000000000,2014-10-15 00:00:00.000000000,2014-10-22 00:00:00.000000000,2014-10-22 00:00:00.000000000,2014-03-10 00:00:00.000000000,219 days 00:00:00.000000000,219 days 00:00:00.000000000,0 days 00:00:00.000000000
4394,2012-08-01 00:00:00.000000000,2012-08-30 00:00:00.000000000,2012-08-30 00:00:00.000000000,2012-03-27 00:00:00.000000000,2012-05-03 00:00:00.000000000,2012-05-03 00:00:00.000000000,2011-12-28 00:00:00.000000000,90 days 00:00:00.000000000,119 days 00:00:00.000000000,29 days 00:00:00.000000000
4395,2014-11-04 00:00:00.000000000,2014-11-04 00:00:00.000000000,2014-11-20 00:00:00.000000000,2014-08-11 00:00:00.000000000,2014-08-27 00:00:00.000000000,2014-08-27 00:00:00.000000000,2014-06-03 00:00:00.000000000,69 days 00:00:00.000000000,69 days 00:00:00.000000000,0 days 00:00:00.000000000
4396,2014-08-05 00:00:00.000000000,2014-08-05 00:00:00.000000000,2014-08-05 00:00:00.000000000,2014-04-30 00:00:00.000000000,2014-08-05 00:00:00.000000000,2014-08-05 00:00:00.000000000,2014-04-30 00:00:00.000000000,0 days 00:00:00.000000000,0 days 00:00:00.000000000,0 days 00:00:00.000000000
4397,2013-06-18 00:00:00.000000000,2013-06-18 00:00:00.000000000,2013-06-18 00:00:00.000000000,2013-04-23 00:00:00.000000000,2013-05-09 00:00:00.000000000,2013-05-09 00:00:00.000000000,2013-03-14 00:00:00.000000000,40 days 00:00:00.000000000,40 days 00:00:00.000000000,0 days 00:00:00.000000000
4398,2014-10-20 00:00:00.000000000,2014-10-20 00:00:00.000000000,2014-10-24 00:00:00.000000000,2014-03-20 00:00:00.000000000,2014-05-05 00:00:00.000000000,2014-05-05 00:00:00.000000000,2013-10-03 00:00:00.000000000,168 days 00:00:00.000000000,168 days 00:00:00.000000000,0 days 00:00:00.000000000
4399,2011-10-13 00:00:00.000000000,2011-10-13 00:00:00.000000000,2011-10-13 00:00:00.000000000,2011-03-10 00:00:00.000000000,2011-03-24 00:00:00.000000000,2011-03-24 00:00:00.000000000,2010-08-19 00:00:00.000000000,203 days 00:00:00.000000000,203 days 00:00:00.000000000,0 days 00:00:00.000000000
4400,2010-04-13 00:00:00.000000000,2010-04-13 00:00:00.000000000,2010-04-13 00:00:00.000000000,2009-06-30 00:00:00.000000000,2009-07-17 00:00:00.000000000,2009-07-17 00:00:00.000000000,2008-10-03 00:00:00.000000000,270 days 00:00:00.000000000,270 days 00:00:00.000000000,0 days 00:00:00.000000000
4401,2014-09-05 00:00:00.000000000,2014-09-05 00:00:00.000000000,2014-09-16 00:00:00.000000000,2014-04-23 00:00:00.000000000,2014-05-20 00:00:00.000000000,2014-05-20 00:00:00.000000000,2014-01-05 00:00:00.000000000,108 days 00:00:00.000000000,108 days 00:00:00.000000000,0 days 00:00:00.000000000
4402,2014-11-25 00:00:00.000000000,2014-11-25 00:00:00.000000000,2014-11-26 00:00:00.000000000,2014-07-30 00:00:00.000000000,2014-08-19 00:00:00.000000000,2014-08-19 00:00:00.000000000,2014-04-23 00:00:00.000000000,98 days 00:00:00.000000000,98 days 00:00:00.000000000,0 days 00:00:00.000000000
4403,2014-06-25 00:00:00.000000000,2014-06-25 00:00:00.000000000,2014-06-25 00:00:00.000000000,2014-04-30 00:00:00.000000000,2014-06-25 00:00:00.000000000,2014-06-25 00:00:00.000000000,2014-04-30 00:00:00.000000000,0 days 00:00:00.000000000,0 days 00:00:00.000000000,0 days 00:00:00.000000000
4404,2014-12-10 00:00:00.000000000,2014-12-10 00:00:00.000000000,2014-12-10 00:00:00.000000000,2014-10-29 00:00:00.000000000,2014-12-10 00:00:00.000000000,2014-12-10 00:00:00.000000000,2014-10-29 00:00:00.000000000,0 days 00:00:00.000000000,0 days 00:00:00.000000000,0 days 00:00:00.000000000
4405,2010-03-18 00:00:00.000000000,2010-03-18 00:00:00.000000000,2010-03-18 00:00:00.000000000,2009-12-16 00:00:00.000000000,2009-12-22 00:00:00.000000000,2009-12-22 00:00:00.000000000,2009-09-21 00:00:00.000000000,86 days 00:00:00.000000000,86 days 00:00:00.000000000,0 days 00:00:00.000000000
4406,2014-03-19 00:00:00.000000000,2014-03-19 00:00:00.000000000,2014-03-19 00:00:00.000000000,2013-08-13 00:00:00.000000000,2013-10-18 00:00:00.000000000,2013-10-18 00:00:00.000000000,2013-03-14 00:00:00.000000000,152 days 00:00:00.000000000,152 days 00:00:00.000000000,0 days 00:00:00.000000000
4407,2015-04-28 00:00:00.000000000,2015-04-28 00:00:00.000000000,2015-04-28 00:00:00.000000000,2014-04-30 00:00:00.000000000,2015-04-28 00:00:00.000000000,2015-04-28 00:00:00.000000000,2014-04-30 00:00:00.000000000,0 days 00:00:00.000000000,0 days 00:00:00.000000000,0 days 00:00:00.000000000
4408,2015-05-11 00:00:00.000000000,2015-05-11 00:00:00.000000000,2015-05-13 00:00:00.000000000,2014-10-22 00:00:00.000000000,2014-12-24 00:00:00.000000000,2014-12-24 00:00:00.000000000,2014-06-06 00:00:00.000000000,138 days 00:00:00.000000000,138 days 00:00:00.000000000,0 days 00:00:00.000000000
4409,2015-02-19 00:00:00.000000000,2015-02-19 00:00:00.000000000,2015-02-19 00:00:00.000000000,2014-04-30 00:00:00.000000000,2014-05-08 00:00:00.000000000,2014-05-08 00:00:00.000000000,2013-07-17 00:00:00.000000000,287 days 00:00:00.000000000,287 days 00:00:00.000000000,0 days 00:00:00.000000000
4410,2014-08-27 00:00:00.000000000,2014-08-27 00:00:00.000000000,2014-08-27 00:00:00.000000000,2013-07-11 00:00:00.000000000,2014-08-27 00:00:00.000000000,2014-08-27 00:00:00.000000000,2013-07-11 00:00:00.000000000,0 days 00:00:00.000000000,0 days 00:00:00.000000000,0 days 00:00:00.000000000
4411,2012-01-14 00:00:00.000000000,2012-01-14 00:00:00.000000000,2012-01-14 00:00:00.000000000,2011-10-03 00:00:00.000000000,2011-10-21 00:00:00.000000000,2011-10-21 00:00:00.000000000,2011-07-10 00:00:00.000000000,85 days 00:00:00.000000000,85 days 00:00:00.000000000,0 days 00:00:00.000000000
4412,2014-08-27 00:00:00.000000000,2014-08-27 00:00:00.000000000,2014-08-27 00:00:00.000000000,2013-07-11 00:00:00.000000000,2014-08-27 00:00:00.000000000,2014-08-27 00:00:00.000000000,2013-07-11 00:00:00.000000000,0 days 00:00:00.000000000,0 days 00:00:00.000000000,0 days 00:00:00.000000000
4413,2010-12-29 00:00:00.000000000,2010-12-29 00:00:00.000000000,2010-12-29 00:00:00.000000000,2010-08-18 00:00:00.000000000,2010-08-25 00:00:00.000000000,2010-08-25 00:00:00.000000000,2010-04-14 00:00:00.000000000,126 days 00:00:00.000000000,126 days 00:00:00.000000000,0 days 00:00:00.000000000
4414,2015-04-28 00:00:00.000000000,2015-04-28 00:00:00.000000000,2015-04-28 00:00:00.000000000,2014-04-30 00:00:00.000000000,2015-04-28 00:00:00.000000000,2015-04-28 00:00:00.000000000,2014-04-30 00:00:00.000000000,0 days 00:00:00.000000000,0 days 00:00:00.000000000,0 days 00:00:00.000000000
4415,2009-08-11 00:00:00.000000000,2009-08-11 00:00:00.000000000,2009-08-11 00:00:00.000000000,2009-06-11 00:00:00.000000000,2009-06-29 00:00:00.000000000,2009-06-29 00:00:00.000000000,2009-04-29 00:00:00.000000000,43 days 00:00:00.000000000,43 days 00:00:00.000000000,0 days 00:00:00.000000000
4416,2011-09-14 00:00:00.000000000,2011-09-14 00:00:00.000000000,2011-09-14 00:00:00.000000000,2011-03-10 00:00:00.000000000,2011-03-24 00:00:00.000000000,2011-03-24 00:00:00.000000000,2010-09-17 00:00:00.000000000,174 days 00:00:00.000000000,174 days 00:00:00.000000000,0 days 00:00:00.000000000
4417,2014-08-29 00:00:00.000000000,2014-08-29 00:00:00.000000000,2014-08-29 00:00:00.000000000,2013-07-11 00:00:00.000000000,2014-08-29 00:00:00.000000000,2014-08-29 00:00:00.000000000,2013-07-11 00:00:00.000000000,0 days 00:00:00.000000000,0 days 00:00:00.000000000,0 days 00:00:00.000000000
4418,2009-11-11 00:00:00.000000000,2009-11-11 00:00:00.000000000,2009-11-11 00:00:00.000000000,2009-07-22 00:00:00.000000000,2009-09-14 00:00:00.000000000,2009-09-14 00:00:00.000000000,2009-05-25 00:00:00.000000000,58 days 00:00:00.000000000,58 days 00:00:00.000000000,0 days 00:00:00.000000000
4419,2015-03-23 00:00:00.000000000,2015-03-23 00:00:00.000000000,2015-03-23 00:00:00.000000000,2014-10-30 00:00:00.000000000,2014-12-08 00:00:00.000000000,2014-12-08 00:00:00.000000000,2014-07-17 00:00:00.000000000,105 days 00:00:00.000000000,105 days 00:00:00.000000000,0 days 00:00:00.000000000
4420,2014-07-09 00:00:00.000000000,2014-07-09 00:00:00.000000000,2014-07-17 00:00:00.000000000,2014-02-13 00:00:00.000000000,2014-05-19 00:00:00.000000000,2014-05-19 00:00:00.000000000,2013-12-24 00:00:00.000000000,51 days 00:00:00.000000000,51 days 00:00:00.000000000,0 days 00:00:00.000000000
4421,2011-01-12 00:00:00.000000000,2011-01-12 00:00:00.000000000,2011-01-12 00:00:00.000000000,2010-10-08 00:00:00.000000000,2010-10-27 00:00:00.000000000,2010-10-27 00:00:00.000000000,2010-07-23 00:00:00.000000000,77 days 00:00:00.000000000,77 days 00:00:00.000000000,0 days 00:00:00.000000000
4422,2013-06-20 00:00:00.000000000,2013-06-20 00:00:00.000000000,2013-06-20 00:00:00.000000000,2013-01-16 00:00:00.000000000,2013-02-05 00:00:00.000000000,2013-02-05 00:00:00.000000000,2012-09-03 00:00:00.000000000,135 days 00:00:00.000000000,135 days 00:00:00.000000000,0 days 00:00:00.000000000
4423,2015-07-07 00:00:00.000000000,2015-07-07 00:00:00.000000000,2015-07-07 00:00:00.000000000,2014-10-22 00:00:00.000000000,2015-01-30 00:00:00.000000000,2015-01-30 00:00:00.000000000,2014-05-17 00:00:00.000000000,158 days 00:00:00.000000000,158 days 00:00:00.000000000,0 days 00:00:00.000000000
4424,2013-11-30 00:00:00.000000000,2013-11-30 00:00:00.000000000,2014-03-27 00:00:00.000000000,2013-07-18 00:00:00.000000000,2013-09-04 00:00:00.000000000,2013-09-04 00:00:00.000000000,2013-04-22 00:00:00.000000000,87 days 00:00:00.000000000,87 days 00:00:00.000000000,0 days 00:00:00.000000000
4425,2014-12-10 00:00:00.000000000,2014-12-10 00:00:00.000000000,2014-12-10 00:00:00.000000000,2014-10-29 00:00:00.000000000,2014-12-10 00:00:00.000000000,2014-12-10 00:00:00.000000000,2014-10-29 00:00:00.000000000,0 days 00:00:00.000000000,0 days 00:00:00.000000000,0 days 00:00:00.000000000
4426,2013-10-18 00:00:00.000000000,2013-10-18 00:00:00.000000000,2013-10-18 00:00:00.000000000,2013-08-19 00:00:00.000000000,2013-08-23 00:00:00.000000000,2013-08-23 00:00:00.000000000,2013-06-24 00:00:00.000000000,56 days 00:00:00.000000000,56 days 00:00:00.000000000,0 days 00:00:00.000000000
4427,2009-10-19 00:00:00.000000000,2009-10-19 00:00:00.000000000,2009-10-19 00:00:00.000000000,2009-10-08 00:00:00.000000000,2009-10-15 00:00:00.000000000,2009-10-15 00:00:00.000000000,2009-10-04 00:00:00.000000000,4 days 00:00:00.000000000,4 days 00:00:00.000000000,0 days 00:00:00.000000000
4428,2014-02-17 00:00:00.000000000,2014-02-17 00:00:00.000000000,2014-02-17 00:00:00.000000000,2013-09-07 00:00:00.000000000,2013-09-19 00:00:00.000000000,2013-09-19 00:00:00.000000000,2013-04-09 00:00:00.000000000,151 days 00:00:00.000000000,151 days 00:00:00.000000000,0 days 00:00:00.000000000
4429,2014-04-11 00:00:00.000000000,2014-04-11 00:00:00.000000000,2014-04-11 00:00:00.000000000,2013-10-03 00:00:00.000000000,2014-01-08 00:00:00.000000000,2014-01-08 00:00:00.000000000,2013-07-02 00:00:00.000000000,93 days 00:00:00.000000000,93 days 00:00:00.000000000,0 days 00:00:00.000000000
4430,2014-08-27 00:00:00.000000000,2014-08-27 00:00:00.000000000,2014-08-27 00:00:00.000000000,2013-07-11 00:00:00.000000000,2014-08-27 00:00:00.000000000,2014-08-27 00:00:00.000000000,2013-07-11 00:00:00.000000000,0 days 00:00:00.000000000,0 days 00:00:00.000000000,0 days 00:00:00.000000000
4431,2013-07-23 00:00:00.000000000,2013-07-23 00:00:00.000000000,2013-07-23 00:00:00.000000000,2013-05-14 00:00:00.000000000,2013-05-22 00:00:00.000000000,2013-05-22 00:00:00.000000000,2013-03-13 00:00:00.000000000,62 days 00:00:00.000000000,62 days 00:00:00.000000000,0 days 00:00:00.000000000
4432,2011-02-08 00:00:00.000000000,2011-02-08 00:00:00.000000000,2011-02-08 00:00:00.000000000,2009-06-30 00:00:00.000000000,2009-07-07 00:00:00.000000000,2009-07-07 00:00:00.000000000,2007-11-27 00:00:00.000000000,581 days 00:00:00.000000000,581 days 00:00:00.000000000,0 days 00:00:00.000000000
4433,2014-08-19 00:00:00.000000000,2014-08-19 00:00:00.000000000,2014-11-04 00:00:00.000000000,2014-05-16 00:00:00.000000000,2014-06-02 00:00:00.000000000,2014-06-02 00:00:00.000000000,2014-02-27 00:00:00.000000000,78 days 00:00:00.000000000,78 days 00:00:00.000000000,0 days 00:00:00.000000000
4434,2011-04-07 00:00:00.000000000,2011-05-09 00:00:00.000000000,2011-05-09 00:00:00.000000000,2010-11-26 00:00:00.000000000,2010-12-14 00:00:00.000000000,2010-12-14 00:00:00.000000000,2010-08-04 00:00:00.000000000,114 days 00:00:00.000000000,146 days 00:00:00.000000000,32 days 00:00:00.000000000
4435,2012-11-20 00:00:00.000000000,2012-11-20 00:00:00.000000000,2012-11-20 00:00:00.000000000,2012-07-05 00:00:00.000000000,2012-07-26 00:00:00.000000000,2012-07-26 00:00:00.000000000,2012-03-10 00:00:00.000000000,117 days 00:00:00.000000000,117 days 00:00:00.000000000,0 days 00:00:00.000000000
4436,2014-08-27 00:00:00.000000000,2014-08-27 00:00:00.000000000,2014-08-27 00:00:00.000000000,2013-07-11 00:00:00.000000000,2014-08-27 00:00:00.000000000,2014-08-27 00:00:00.000000000,2013-07-11 00:00:00.000000000,0 days 00:00:00.000000000,0 days 00:00:00.000000000,0 days 00:00:00.000000000
4437,2014-10-03 00:00:00.000000000,2014-10-03 00:00:00.000000000,2014-10-03 00:00:00.000000000,2014-04-30 00:00:00.000000000,2014-10-03 00:00:00.000000000,2014-10-03 00:00:00.000000000,2014-04-30 00:00:00.000000000,0 days 00:00:00.000000000,0 days 00:00:00.000000000,0 days 00:00:00.000000000
4438,2013-10-04 00:00:00.000000000,2013-10-04 00:00:00.000000000,2013-10-18 00:00:00.000000000,2013-04-10 00:00:00.000000000,2013-08-12 00:00:00.000000000,2013-08-12 00:00:00.000000000,2013-02-16 00:00:00.000000000,53 days 00:00:00.000000000,53 days 00:00:00.000000000,0 days 00:00:00.000000000
4439,2012-03-01 00:00:00.000000000,2012-03-01 00:00:00.000000000,2012-03-01 00:00:00.000000000,2011-09-21 00:00:00.000000000,2011-10-04 00:00:00.000000000,2011-10-04 00:00:00.000000000,2011-04-25 00:00:00.000000000,149 days 00:00:00.000000000,149 days 00:00:00.000000000,0 days 00:00:00.000000000
4440,2015-05-12 00:00:00.000000000,2015-05-08 00:00:00.000000000,2015-05-12 00:00:00.000000000,2014-08-19 00:00:00.000000000,2014-09-19 00:00:00.000000000,2014-09-19 00:00:00.000000000,2013-12-27 00:00:00.000000000,235 days 00:00:00.000000000,231 days 00:00:00.000000000,-4 days +00:00:00.000000000
4441,2011-12-13 00:00:00.000000000,2011-12-13 00:00:00.000000000,2011-12-13 00:00:00.000000000,2011-03-10 00:00:00.000000000,2011-03-28 00:00:00.000000000,2011-03-28 00:00:00.000000000,2010-06-23 00:00:00.000000000,260 days 00:00:00.000000000,260 days 00:00:00.000000000,0 days 00:00:00.000000000
4442,2014-08-29 00:00:00.000000000,2014-08-29 00:00:00.000000000,2014-08-29 00:00:00.000000000,2013-07-11 00:00:00.000000000,2014-08-29 00:00:00.000000000,2014-08-29 00:00:00.000000000,2013-07-11 00:00:00.000000000,0 days 00:00:00.000000000,0 days 00:00:00.000000000,0 days 00:00:00.000000000
4443,2014-02-06 00:00:00.000000000,2014-02-06 00:00:00.000000000,2014-02-06 00:00:00.000000000,2013-10-08 00:00:00.000000000,2013-12-02 00:00:00.000000000,2013-12-02 00:00:00.000000000,2013-08-03 00:00:00.000000000,66 days 00:00:00.000000000,66 days 00:00:00.000000000,0 days 00:00:00.000000000
4444,2012-12-11 00:00:00.000000000,2012-12-11 00:00:00.000000000,2012-12-11 00:00:00.000000000,2012-07-25 00:00:00.000000000,2012-08-14 00:00:00.000000000,2012-08-14 00:00:00.000000000,2012-03-28 00:00:00.000000000,119 days 00:00:00.000000000,119 days 00:00:00.000000000,0 days 00:00:00.000000000
4445,2013-04-26 00:00:00.000000000,2013-04-26 00:00:00.000000000,2013-04-26 00:00:00.000000000,2012-12-14 00:00:00.000000000,2013-01-15 00:00:00.000000000,2013-01-15 00:00:00.000000000,2012-09-04 00:00:00.000000000,101 days 00:00:00.000000000,101 days 00:00:00.000000000,0 days 00:00:00.000000000
4446,2012-09-09 00:00:00.000000000,2012-09-09 00:00:00.000000000,2012-09-09 00:00:00.000000000,2012-07-05 00:00:00.000000000,2012-07-16 00:00:00.000000000,2012-07-16 00:00:00.000000000,2012-05-11 00:00:00.000000000,55 days 00:00:00.000000000,55 days 00:00:00.000000000,0 days 00:00:00.000000000
4447,2012-12-13 00:00:00.000000000,2012-12-13 00:00:00.000000000,2012-12-13 00:00:00.000000000,2012-05-29 00:00:00.000000000,2012-07-18 00:00:00.000000000,2012-07-18 00:00:00.000000000,2012-01-02 00:00:00.000000000,148 days 00:00:00.000000000,148 days 00:00:00.000000000,0 days 00:00:00.000000000
4448,2015-07-02 00:00:00.000000000,2015-07-02 00:00:00.000000000,2015-07-30 00:00:00.000000000,2015-03-10 00:00:00.000000000,2015-03-16 00:00:00.000000000,2015-03-16 00:00:00.000000000,2014-11-22 00:00:00.000000000,108 days 00:00:00.000000000,108 days 00:00:00.000000000,0 days 00:00:00.000000000
4449,2010-11-09 00:00:00.000000000,2010-11-09 00:00:00.000000000,2010-11-09 00:00:00.000000000,2010-03-22 00:00:00.000000000,2010-03-29 00:00:00.000000000,2010-03-29 00:00:00.000000000,2009-08-09 00:00:00.000000000,225 days 00:00:00.000000000,225 days 00:00:00.000000000,0 days 00:00:00.000000000
4450,2015-09-03 00:00:00.000000000,2015-09-03 00:00:00.000000000,2015-09-03 00:00:00.000000000,2015-04-14 00:00:00.000000000,2015-05-13 00:00:00.000000000,2015-05-13 00:00:00.000000000,2014-12-22 00:00:00.000000000,113 days 00:00:00.000000000,113 days 00:00:00.000000000,0 days 00:00:00.000000000
4451,2013-07-13 00:00:00.000000000,2013-07-13 00:00:00.000000000,2013-07-13 00:00:00.000000000,2013-02-07 00:00:00.000000000,2013-02-13 00:00:00.000000000,2013-02-13 00:00:00.000000000,2012-09-10 00:00:00.000000000,150 days 00:00:00.000000000,150 days 00:00:00.000000000,0 days 00:00:00.000000000
4452,2015-07-13 00:00:00.000000000,2015-07-13 00:00:00.000000000,2015-07-14 00:00:00.000000000,2015-01-28 00:00:00.000000000,2015-02-17 00:00:00.000000000,2015-02-17 00:00:00.000000000,2014-09-04 00:00:00.000000000,146 days 00:00:00.000000000,146 days 00:00:00.000000000,0 days 00:00:00.000000000
4453,2009-11-30 00:00:00.000000000,2009-11-30 00:00:00.000000000,2009-11-30 00:00:00.000000000,2009-09-09 00:00:00.000000000,2009-09-30 00:00:00.000000000,2009-09-30 00:00:00.000000000,2009-07-10 00:00:00.000000000,61 days 00:00:00.000000000,61 days 00:00:00.000000000,0 days 00:00:00.000000000
4454,2013-07-30 00:00:00.000000000,2013-07-30 00:00:00.000000000,2013-07-30 00:00:00.000000000,2013-05-09 00:00:00.000000000,2013-05-22 00:00:00.000000000,2013-05-22 00:00:00.000000000,2013-03-01 00:00:00.000000000,69 days 00:00:00.000000000,69 days 00:00:00.000000000,0 days 00:00:00.000000000
4455,2015-09-01 00:00:00.000000000,2015-09-01 00:00:00.000000000,2015-09-01 00:00:00.000000000,2015-04-14 00:00:00.000000000,2015-05-11 00:00:00.000000000,2015-05-11 00:00:00.000000000,2014-12-22 00:00:00.000000000,113 days 00:00:00.000000000,113 days 00:00:00.000000000,0 days 00:00:00.000000000
4456,2012-05-16 00:00:00.000000000,2012-05-16 00:00:00.000000000,2012-05-16 00:00:00.000000000,2011-12-15 00:00:00.000000000,2012-01-16 00:00:00.000000000,2012-01-16 00:00:00.000000000,2011-08-16 00:00:00.000000000,121 days 00:00:00.000000000,121 days 00:00:00.000000000,0 days 00:00:00.000000000
4457,2011-07-01 00:00:00.000000000,2011-07-01 00:00:00.000000000,2011-07-01 00:00:00.000000000,2011-01-05 00:00:00.000000000,2011-02-28 00:00:00.000000000,2011-02-28 00:00:00.000000000,2010-09-04 00:00:00.000000000,123 days 00:00:00.000000000,123 days 00:00:00.000000000,0 days 00:00:00.000000000
4458,2011-06-30 00:00:00.000000000,2011-06-30 00:00:00.000000000,2011-06-30 00:00:00.000000000,2011-02-17 00:00:00.000000000,2011-04-18 00:00:00.000000000,2011-04-18 00:00:00.000000000,2010-12-06 00:00:00.000000000,73 days 00:00:00.000000000,73 days 00:00:00.000000000,0 days 00:00:00.000000000
4459,2012-07-25 00:00:00.000000000,2012-07-25 00:00:00.000000000,2012-07-25 00:00:00.000000000,2012-04-03 00:00:00.000000000,2012-04-23 00:00:00.000000000,2012-04-23 00:00:00.000000000,2012-01-01 00:00:00.000000000,93 days 00:00:00.000000000,93 days 00:00:00.000000000,0 days 00:00:00.000000000
4460,2015-01-19 00:00:00.000000000,2015-01-16 00:00:00.000000000,2015-01-22 00:00:00.000000000,2014-09-22 00:00:00.000000000,2014-10-29 00:00:00.000000000,2014-10-29 00:00:00.000000000,2014-07-02 00:00:00.000000000,82 days 00:00:00.000000000,79 days 00:00:00.000000000,-3 days +00:00:00.000000000
4461,2015-02-12 00:00:00.000000000,2015-02-12 00:00:00.000000000,2015-02-12 00:00:00.000000000,2014-09-11 00:00:00.000000000,2015-02-12 00:00:00.000000000,2015-02-12 00:00:00.000000000,2014-09-11 00:00:00.000000000,0 days 00:00:00.000000000,0 days 00:00:00.000000000,0 days 00:00:00.000000000
4462,2015-09-07 00:00:00.000000000,2015-09-07 00:00:00.000000000,2015-09-07 00:00:00.000000000,2015-04-14 00:00:00.000000000,2015-05-13 00:00:00.000000000,2015-05-13 00:00:00.000000000,2014-12-18 00:00:00.000000000,117 days 00:00:00.000000000,117 days 00:00:00.000000000,0 days 00:00:00.000000000
4463,2009-12-04 00:00:00.000000000,2009-12-04 00:00:00.000000000,2009-12-04 00:00:00.000000000,2009-03-25 00:00:00.000000000,2009-05-13 00:00:00.000000000,2009-05-13 00:00:00.000000000,2008-09-01 00:00:00.000000000,205 days 00:00:00.000000000,205 days 00:00:00.000000000,0 days 00:00:00.000000000
4464,2013-04-16 00:00:00.000000000,2013-04-16 00:00:00.000000000,2013-04-16 00:00:00.000000000,2013-03-18 00:00:00.000000000,1900-01-01 00:00:00.000000000,2013-04-09 00:00:00.000000000,2013-03-11 00:00:00.000000000,7 days 00:00:00.000000000,7 days 00:00:00.000000000,0 days 00:00:00.000000000
4465,2010-05-18 00:00:00.000000000,2010-05-18 00:00:00.000000000,2010-05-18 00:00:00.000000000,2009-01-04 00:00:00.000000000,2010-01-14 00:00:00.000000000,2010-01-14 00:00:00.000000000,2008-09-02 00:00:00.000000000,124 days 00:00:00.000000000,124 days 00:00:00.000000000,0 days 00:00:00.000000000
4466,2012-06-28 00:00:00.000000000,2012-07-05 00:00:00.000000000,2012-07-05 00:00:00.000000000,2012-05-22 00:00:00.000000000,2012-06-05 00:00:00.000000000,2012-06-05 00:00:00.000000000,2012-04-29 00:00:00.000000000,23 days 00:00:00.000000000,30 days 00:00:00.000000000,7 days 00:00:00.000000000
4467,2013-09-18 00:00:00.000000000,2013-09-18 00:00:00.000000000,2013-09-18 00:00:00.000000000,2013-06-10 00:00:00.000000000,2013-07-10 00:00:00.000000000,2013-07-10 00:00:00.000000000,2013-04-01 00:00:00.000000000,70 days 00:00:00.000000000,70 days 00:00:00.000000000,0 days 00:00:00.000000000
4468,2011-02-08 00:00:00.000000000,2011-02-08 00:00:00.000000000,2011-02-08 00:00:00.000000000,2010-08-27 00:00:00.000000000,2010-09-23 00:00:00.000000000,2010-09-23 00:00:00.000000000,2010-04-11 00:00:00.000000000,138 days 00:00:00.000000000,138 days 00:00:00.000000000,0 days 00:00:00.000000000
4469,2012-05-04 00:00:00.000000000,2012-05-04 00:00:00.000000000,2012-05-04 00:00:00.000000000,2012-03-15 00:00:00.000000000,2012-04-04 00:00:00.000000000,2012-04-04 00:00:00.000000000,2012-02-14 00:00:00.000000000,30 days 00:00:00.000000000,30 days 00:00:00.000000000,0 days 00:00:00.000000000
4470,2010-08-24 00:00:00.000000000,2010-08-11 00:00:00.000000000,2010-08-11 00:00:00.000000000,2010-03-18 00:00:00.000000000,2010-03-19 00:00:00.000000000,2010-03-19 00:00:00.000000000,2009-10-11 00:00:00.000000000,158 days 00:00:00.000000000,145 days 00:00:00.000000000,-13 days +00:00:00.000000000
4471,2014-08-05 00:00:00.000000000,2014-08-05 00:00:00.000000000,2014-08-05 00:00:00.000000000,2014-04-30 00:00:00.000000000,2014-08-05 00:00:00.000000000,2014-08-05 00:00:00.000000000,2014-04-30 00:00:00.000000000,0 days 00:00:00.000000000,0 days 00:00:00.000000000,0 days 00:00:00.000000000
4472,2009-09-03 00:00:00.000000000,2009-09-03 00:00:00.000000000,2009-09-03 00:00:00.000000000,2009-07-29 00:00:00.000000000,2009-08-07 00:00:00.000000000,2009-08-07 00:00:00.000000000,2009-07-02 00:00:00.000000000,27 days 00:00:00.000000000,27 days 00:00:00.000000000,0 days 00:00:00.000000000
4473,2014-02-06 00:00:00.000000000,2014-02-06 00:00:00.000000000,2014-02-06 00:00:00.000000000,2013-10-08 00:00:00.000000000,2013-12-02 00:00:00.000000000,2013-12-02 00:00:00.000000000,2013-08-03 00:00:00.000000000,66 days 00:00:00.000000000,66 days 00:00:00.000000000,0 days 00:00:00.000000000
4474,2014-08-29 00:00:00.000000000,2014-08-29 00:00:00.000000000,2014-08-29 00:00:00.000000000,2013-07-11 00:00:00.000000000,2014-08-29 00:00:00.000000000,2014-08-29 00:00:00.000000000,2013-07-11 00:00:00.000000000,0 days 00:00:00.000000000,0 days 00:00:00.000000000,0 days 00:00:00.000000000
4475,2013-04-16 00:00:00.000000000,2013-04-16 00:00:00.000000000,2013-04-16 00:00:00.000000000,2013-03-18 00:00:00.000000000,1900-01-01 00:00:00.000000000,2013-04-09 00:00:00.000000000,2013-03-11 00:00:00.000000000,7 days 00:00:00.000000000,7 days 00:00:00.000000000,0 days 00:00:00.000000000
4476,2014-08-29 00:00:00.000000000,2014-08-29 00:00:00.000000000,2014-08-29 00:00:00.000000000,2013-07-11 00:00:00.000000000,2014-08-29 00:00:00.000000000,2014-08-29 00:00:00.000000000,2013-07-11 00:00:00.000000000,0 days 00:00:00.000000000,0 days 00:00:00.000000000,0 days 00:00:00.000000000
4477,2015-07-27 00:00:00.000000000,2015-07-27 00:00:00.000000000,2015-07-28 00:00:00.000000000,2014-11-11 00:00:00.000000000,2014-11-25 00:00:00.000000000,2014-11-25 00:00:00.000000000,2014-03-12 00:00:00.000000000,244 days 00:00:00.000000000,244 days 00:00:00.000000000,0 days 00:00:00.000000000
4478,2011-02-11 00:00:00.000000000,2011-02-11 00:00:00.000000000,2011-02-11 00:00:00.000000000,2010-09-30 00:00:00.000000000,2010-10-14 00:00:00.000000000,2010-10-14 00:00:00.000000000,2010-06-02 00:00:00.000000000,120 days 00:00:00.000000000,120 days 00:00:00.000000000,0 days 00:00:00.000000000
4479,2013-08-16 00:00:00.000000000,2013-08-16 00:00:00.000000000,2013-08-16 00:00:00.000000000,2013-02-08 00:00:00.000000000,2013-02-27 00:00:00.000000000,2013-02-27 00:00:00.000000000,2012-08-22 00:00:00.000000000,170 days 00:00:00.000000000,170 days 00:00:00.000000000,0 days 00:00:00.000000000
4480,2010-07-31 00:00:00.000000000,2010-07-31 00:00:00.000000000,2010-07-31 00:00:00.000000000,2010-03-22 00:00:00.000000000,2010-03-31 00:00:00.000000000,2010-03-31 00:00:00.000000000,2009-11-20 00:00:00.000000000,122 days 00:00:00.000000000,122 days 00:00:00.000000000,0 days 00:00:00.000000000
4481,2012-06-04 00:00:00.000000000,2012-06-04 00:00:00.000000000,2012-06-04 00:00:00.000000000,2012-01-17 00:00:00.000000000,2012-02-15 00:00:00.000000000,2012-02-15 00:00:00.000000000,2011-09-29 00:00:00.000000000,110 days 00:00:00.000000000,110 days 00:00:00.000000000,0 days 00:00:00.000000000
4482,2014-02-06 00:00:00.000000000,2014-02-06 00:00:00.000000000,2014-02-06 00:00:00.000000000,2013-10-08 00:00:00.000000000,2013-12-02 00:00:00.000000000,2013-12-02 00:00:00.000000000,2013-08-03 00:00:00.000000000,66 days 00:00:00.000000000,66 days 00:00:00.000000000,0 days 00:00:00.000000000
4483,2013-11-08 00:00:00.000000000,2013-11-08 00:00:00.000000000,2013-11-11 00:00:00.000000000,2013-07-18 00:00:00.000000000,2013-08-05 00:00:00.000000000,2013-08-05 00:00:00.000000000,2013-04-14 00:00:00.000000000,95 days 00:00:00.000000000,95 days 00:00:00.000000000,0 days 00:00:00.000000000
4484,2015-08-24 00:00:00.000000000,2015-08-24 00:00:00.000000000,2015-08-24 00:00:00.000000000,2014-09-11 00:00:00.000000000,2014-10-09 00:00:00.000000000,2014-10-09 00:00:00.000000000,2013-10-27 00:00:00.000000000,319 days 00:00:00.000000000,319 days 00:00:00.000000000,0 days 00:00:00.000000000
4485,2013-04-16 00:00:00.000000000,2013-04-16 00:00:00.000000000,2013-04-16 00:00:00.000000000,2013-03-18 00:00:00.000000000,1900-01-01 00:00:00.000000000,2013-04-09 00:00:00.000000000,2013-03-11 00:00:00.000000000,7 days 00:00:00.000000000,7 days 00:00:00.000000000,0 days 00:00:00.000000000
4486,2014-04-02 00:00:00.000000000,2014-04-02 00:00:00.000000000,2014-04-11 00:00:00.000000000,2013-10-15 00:00:00.000000000,2013-11-12 00:00:00.000000000,2013-11-12 00:00:00.000000000,2013-05-27 00:00:00.000000000,141 days 00:00:00.000000000,141 days 00:00:00.000000000,0 days 00:00:00.000000000
4487,2013-03-17 00:00:00.000000000,2013-03-17 00:00:00.000000000,2013-03-17 00:00:00.000000000,2013-01-09 00:00:00.000000000,2013-01-17 00:00:00.000000000,2013-01-17 00:00:00.000000000,2012-11-11 00:00:00.000000000,59 days 00:00:00.000000000,59 days 00:00:00.000000000,0 days 00:00:00.000000000
4488,2014-08-27 00:00:00.000000000,2014-08-27 00:00:00.000000000,2014-08-27 00:00:00.000000000,2013-07-11 00:00:00.000000000,2014-08-27 00:00:00.000000000,2014-08-27 00:00:00.000000000,2013-07-11 00:00:00.000000000,0 days 00:00:00.000000000,0 days 00:00:00.000000000,0 days 00:00:00.000000000
4489,2011-09-14 00:00:00.000000000,2011-09-14 00:00:00.000000000,2011-09-14 00:00:00.000000000,2011-03-10 00:00:00.000000000,2011-03-24 00:00:00.000000000,2011-03-24 00:00:00.000000000,2010-09-17 00:00:00.000000000,174 days 00:00:00.000000000,174 days 00:00:00.000000000,0 days 00:00:00.000000000
4490,2014-06-23 00:00:00.000000000,2014-06-23 00:00:00.000000000,2014-07-01 00:00:00.000000000,2013-08-21 00:00:00.000000000,2013-10-25 00:00:00.000000000,2013-10-25 00:00:00.000000000,2012-12-23 00:00:00.000000000,241 days 00:00:00.000000000,241 days 00:00:00.000000000,0 days 00:00:00.000000000
4491,2014-08-27 00:00:00.000000000,2014-08-27 00:00:00.000000000,2014-08-27 00:00:00.000000000,2013-07-11 00:00:00.000000000,2014-08-27 00:00:00.000000000,2014-08-27 00:00:00.000000000,2013-07-11 00:00:00.000000000,0 days 00:00:00.000000000,0 days 00:00:00.000000000,0 days 00:00:00.000000000
4492,2014-11-25 00:00:00.000000000,2014-11-25 00:00:00.000000000,2014-11-26 00:00:00.000000000,2014-07-30 00:00:00.000000000,2014-08-19 00:00:00.000000000,2014-08-19 00:00:00.000000000,2014-04-23 00:00:00.000000000,98 days 00:00:00.000000000,98 days 00:00:00.000000000,0 days 00:00:00.000000000
4493,2013-12-05 00:00:00.000000000,2013-12-05 00:00:00.000000000,2014-01-13 00:00:00.000000000,2013-07-11 00:00:00.000000000,2013-07-25 00:00:00.000000000,2013-07-25 00:00:00.000000000,2013-02-28 00:00:00.000000000,133 days 00:00:00.000000000,133 days 00:00:00.000000000,0 days 00:00:00.000000000
4494,2014-08-27 00:00:00.000000000,2014-08-27 00:00:00.000000000,2014-08-27 00:00:00.000000000,2013-07-11 00:00:00.000000000,2014-08-27 00:00:00.000000000,2014-08-27 00:00:00.000000000,2013-07-11 00:00:00.000000000,0 days 00:00:00.000000000,0 days 00:00:00.000000000,0 days 00:00:00.000000000
4495,2015-07-24 00:00:00.000000000,2015-07-24 00:00:00.000000000,2015-07-24 00:00:00.000000000,2014-09-11 00:00:00.000000000,2014-10-09 00:00:00.000000000,2014-10-09 00:00:00.000000000,2013-11-27 00:00:00.000000000,288 days 00:00:00.000000000,288 days 00:00:00.000000000,0 days 00:00:00.000000000
4496,2009-10-27 00:00:00.000000000,2009-10-27 00:00:00.000000000,2009-10-27 00:00:00.000000000,2009-05-07 00:00:00.000000000,2009-09-22 00:00:00.000000000,2009-09-22 00:00:00.000000000,2009-04-02 00:00:00.000000000,35 days 00:00:00.000000000,35 days 00:00:00.000000000,0 days 00:00:00.000000000
4497,2014-08-29 00:00:00.000000000,2014-08-29 00:00:00.000000000,2014-08-29 00:00:00.000000000,2013-07-11 00:00:00.000000000,2014-08-29 00:00:00.000000000,2014-08-29 00:00:00.000000000,2013-07-11 00:00:00.000000000,0 days 00:00:00.000000000,0 days 00:00:00.000000000,0 days 00:00:00.000000000
4498,2009-11-03 00:00:00.000000000,2009-11-03 00:00:00.000000000,2009-11-03 00:00:00.000000000,2009-09-18 00:00:00.000000000,2009-09-24 00:00:00.000000000,2009-09-24 00:00:00.000000000,2009-08-09 00:00:00.000000000,40 days 00:00:00.000000000,40 days 00:00:00.000000000,0 days 00:00:00.000000000
4499,2014-05-06 00:00:00.000000000,2014-05-06 00:00:00.000000000,2014-05-15 00:00:00.000000000,2014-02-05 00:00:00.000000000,2014-02-28 00:00:00.000000000,2014-02-28 00:00:00.000000000,2013-11-30 00:00:00.000000000,67 days 00:00:00.000000000,67 days 00:00:00.000000000,0 days 00:00:00.000000000
4500,2011-10-05 00:00:00.000000000,2011-09-20 00:00:00.000000000,2011-09-20 00:00:00.000000000,2010-11-26 00:00:00.000000000,2010-12-14 00:00:00.000000000,2010-12-14 00:00:00.000000000,2010-02-04 00:00:00.000000000,295 days 00:00:00.000000000,280 days 00:00:00.000000000,-15 days +00:00:00.000000000
4501,2015-05-12 00:00:00.000000000,2015-05-12 00:00:00.000000000,2015-05-12 00:00:00.000000000,2014-09-11 00:00:00.000000000,2015-05-11 00:00:00.000000000,2015-05-11 00:00:00.000000000,2014-09-10 00:00:00.000000000,1 days 00:00:00.000000000,1 days 00:00:00.000000000,0 days 00:00:00.000000000
4502,2012-10-18 00:00:00.000000000,2012-10-18 00:00:00.000000000,2012-10-18 00:00:00.000000000,2012-08-15 00:00:00.000000000,2012-08-21 00:00:00.000000000,2012-08-21 00:00:00.000000000,2012-06-18 00:00:00.000000000,58 days 00:00:00.000000000,58 days 00:00:00.000000000,0 days 00:00:00.000000000
4503,2013-04-16 00:00:00.000000000,2013-04-16 00:00:00.000000000,2013-04-16 00:00:00.000000000,2013-03-18 00:00:00.000000000,1900-01-01 00:00:00.000000000,2013-04-09 00:00:00.000000000,2013-03-11 00:00:00.000000000,7 days 00:00:00.000000000,7 days 00:00:00.000000000,0 days 00:00:00.000000000
4504,2014-08-18 00:00:00.000000000,2014-08-18 00:00:00.000000000,2014-08-25 00:00:00.000000000,2014-02-06 00:00:00.000000000,2014-03-10 00:00:00.000000000,2014-03-10 00:00:00.000000000,2013-08-29 00:00:00.000000000,161 days 00:00:00.000000000,161 days 00:00:00.000000000,0 days 00:00:00.000000000
4505,2009-09-11 00:00:00.000000000,2009-09-11 00:00:00.000000000,2009-09-11 00:00:00.000000000,2009-07-20 00:00:00.000000000,2009-07-31 00:00:00.000000000,2009-07-31 00:00:00.000000000,2009-06-08 00:00:00.000000000,42 days 00:00:00.000000000,42 days 00:00:00.000000000,0 days 00:00:00.000000000
4506,2015-05-14 00:00:00.000000000,2015-05-14 00:00:00.000000000,2015-05-14 00:00:00.000000000,2014-11-17 00:00:00.000000000,2015-01-26 00:00:00.000000000,2015-01-26 00:00:00.000000000,2014-08-01 00:00:00.000000000,108 days 00:00:00.000000000,108 days 00:00:00.000000000,0 days 00:00:00.000000000
4507,2014-02-10 00:00:00.000000000,2014-02-10 00:00:00.000000000,2014-02-10 00:00:00.000000000,2013-07-11 00:00:00.000000000,2013-08-13 00:00:00.000000000,2013-08-13 00:00:00.000000000,2013-01-11 00:00:00.000000000,181 days 00:00:00.000000000,181 days 00:00:00.000000000,0 days 00:00:00.000000000
4508,2014-06-20 00:00:00.000000000,2014-06-20 00:00:00.000000000,2014-06-25 00:00:00.000000000,2014-01-23 00:00:00.000000000,2014-03-03 00:00:00.000000000,2014-03-03 00:00:00.000000000,2013-10-06 00:00:00.000000000,109 days 00:00:00.000000000,109 days 00:00:00.000000000,0 days 00:00:00.000000000
4509,2014-04-04 00:00:00.000000000,2014-04-04 00:00:00.000000000,2014-04-28 00:00:00.000000000,2014-01-22 00:00:00.000000000,2014-01-28 00:00:00.000000000,2014-01-28 00:00:00.000000000,2013-11-17 00:00:00.000000000,66 days 00:00:00.000000000,66 days 00:00:00.000000000,0 days 00:00:00.000000000
4510,2013-04-16 00:00:00.000000000,2013-04-16 00:00:00.000000000,2013-04-16 00:00:00.000000000,2013-03-18 00:00:00.000000000,1900-01-01 00:00:00.000000000,2013-04-09 00:00:00.000000000,2013-03-11 00:00:00.000000000,7 days 00:00:00.000000000,7 days 00:00:00.000000000,0 days 00:00:00.000000000
4511,2012-08-18 00:00:00.000000000,2012-08-18 00:00:00.000000000,2012-08-18 00:00:00.000000000,2012-05-14 00:00:00.000000000,2012-07-12 00:00:00.000000000,2012-07-12 00:00:00.000000000,2012-04-07 00:00:00.000000000,37 days 00:00:00.000000000,37 days 00:00:00.000000000,0 days 00:00:00.000000000
4512,2011-04-07 00:00:00.000000000,2011-06-13 00:00:00.000000000,2011-06-13 00:00:00.000000000,2010-11-26 00:00:00.000000000,2010-12-14 00:00:00.000000000,2010-12-14 00:00:00.000000000,2010-08-04 00:00:00.000000000,114 days 00:00:00.000000000,181 days 00:00:00.000000000,67 days 00:00:00.000000000
4513,2014-01-24 00:00:00.000000000,2014-01-24 00:00:00.000000000,2014-01-24 00:00:00.000000000,2013-07-18 00:00:00.000000000,2013-08-05 00:00:00.000000000,2013-08-05 00:00:00.000000000,2013-01-27 00:00:00.000000000,172 days 00:00:00.000000000,172 days 00:00:00.000000000,0 days 00:00:00.000000000
4514,2012-01-04 00:00:00.000000000,2012-01-04 00:00:00.000000000,2012-01-04 00:00:00.000000000,2011-03-10 00:00:00.000000000,2011-03-24 00:00:00.000000000,2011-03-24 00:00:00.000000000,2010-05-28 00:00:00.000000000,286 days 00:00:00.000000000,286 days 00:00:00.000000000,0 days 00:00:00.000000000
4515,2015-07-25 00:00:00.000000000,2015-07-25 00:00:00.000000000,2015-07-29 00:00:00.000000000,2014-12-29 00:00:00.000000000,2015-02-20 00:00:00.000000000,2015-02-20 00:00:00.000000000,2014-07-27 00:00:00.000000000,155 days 00:00:00.000000000,155 days 00:00:00.000000000,0 days 00:00:00.000000000
4516,2015-05-07 00:00:00.000000000,2015-05-07 00:00:00.000000000,2015-05-07 00:00:00.000000000,2015-02-23 00:00:00.000000000,2015-05-07 00:00:00.000000000,2015-05-07 00:00:00.000000000,2015-02-23 00:00:00.000000000,0 days 00:00:00.000000000,0 days 00:00:00.000000000,0 days 00:00:00.000000000
4517,2012-02-08 00:00:00.000000000,2012-02-08 00:00:00.000000000,2012-02-08 00:00:00.000000000,2012-01-13 00:00:00.000000000,2012-01-19 00:00:00.000000000,2012-01-19 00:00:00.000000000,2011-12-24 00:00:00.000000000,20 days 00:00:00.000000000,20 days 00:00:00.000000000,0 days 00:00:00.000000000
4518,2013-11-20 00:00:00.000000000,2013-11-18 00:00:00.000000000,2013-12-05 00:00:00.000000000,2013-04-23 00:00:00.000000000,2013-05-23 00:00:00.000000000,2013-05-23 00:00:00.000000000,2012-10-24 00:00:00.000000000,181 days 00:00:00.000000000,179 days 00:00:00.000000000,-2 days +00:00:00.000000000
4519,2014-02-10 00:00:00.000000000,2014-02-10 00:00:00.000000000,2014-03-15 00:00:00.000000000,2013-10-15 00:00:00.000000000,2013-11-13 00:00:00.000000000,2013-11-13 00:00:00.000000000,2013-07-18 00:00:00.000000000,89 days 00:00:00.000000000,89 days 00:00:00.000000000,0 days 00:00:00.000000000
4520,2009-09-29 00:00:00.000000000,2009-09-29 00:00:00.000000000,2009-09-29 00:00:00.000000000,2009-08-10 00:00:00.000000000,2009-08-12 00:00:00.000000000,2009-08-12 00:00:00.000000000,2009-06-23 00:00:00.000000000,48 days 00:00:00.000000000,48 days 00:00:00.000000000,0 days 00:00:00.000000000
4521,2014-03-07 00:00:00.000000000,2014-03-07 00:00:00.000000000,2014-03-15 00:00:00.000000000,2013-10-03 00:00:00.000000000,2013-10-28 00:00:00.000000000,2013-10-28 00:00:00.000000000,2013-05-26 00:00:00.000000000,130 days 00:00:00.000000000,130 days 00:00:00.000000000,0 days 00:00:00.000000000
4522,2012-06-28 00:00:00.000000000,2012-06-28 00:00:00.000000000,2012-06-28 00:00:00.000000000,2011-11-30 00:00:00.000000000,2012-03-09 00:00:00.000000000,2012-03-09 00:00:00.000000000,2011-08-11 00:00:00.000000000,111 days 00:00:00.000000000,111 days 00:00:00.000000000,0 days 00:00:00.000000000
4523,2010-12-09 00:00:00.000000000,2010-12-09 00:00:00.000000000,2010-12-09 00:00:00.000000000,2010-09-03 00:00:00.000000000,2010-09-17 00:00:00.000000000,2010-09-17 00:00:00.000000000,2010-06-12 00:00:00.000000000,83 days 00:00:00.000000000,83 days 00:00:00.000000000,0 days 00:00:00.000000000
4524,2011-07-14 00:00:00.000000000,2011-07-14 00:00:00.000000000,2011-07-14 00:00:00.000000000,2011-01-27 00:00:00.000000000,2011-04-14 00:00:00.000000000,2011-04-14 00:00:00.000000000,2010-10-28 00:00:00.000000000,91 days 00:00:00.000000000,91 days 00:00:00.000000000,0 days 00:00:00.000000000
4525,2012-04-25 00:00:00.000000000,2012-04-25 00:00:00.000000000,2012-04-25 00:00:00.000000000,2012-01-18 00:00:00.000000000,2012-01-23 00:00:00.000000000,2012-01-23 00:00:00.000000000,2011-10-17 00:00:00.000000000,93 days 00:00:00.000000000,93 days 00:00:00.000000000,0 days 00:00:00.000000000
4526,2015-08-26 00:00:00.000000000,2015-08-26 00:00:00.000000000,2015-08-27 00:00:00.000000000,2015-03-30 00:00:00.000000000,2015-05-22 00:00:00.000000000,2015-05-22 00:00:00.000000000,2014-12-24 00:00:00.000000000,96 days 00:00:00.000000000,96 days 00:00:00.000000000,0 days 00:00:00.000000000
4527,2010-06-09 00:00:00.000000000,2010-06-10 00:00:00.000000000,2010-06-10 00:00:00.000000000,2010-03-18 00:00:00.000000000,2010-03-19 00:00:00.000000000,2010-03-19 00:00:00.000000000,2009-12-26 00:00:00.000000000,82 days 00:00:00.000000000,83 days 00:00:00.000000000,1 days 00:00:00.000000000
4528,2013-02-08 00:00:00.000000000,2013-02-08 00:00:00.000000000,2013-02-08 00:00:00.000000000,2012-05-18 00:00:00.000000000,2012-06-20 00:00:00.000000000,2012-06-20 00:00:00.000000000,2011-09-28 00:00:00.000000000,233 days 00:00:00.000000000,233 days 00:00:00.000000000,0 days 00:00:00.000000000
4529,2015-05-06 00:00:00.000000000,2015-05-06 00:00:00.000000000,2015-05-21 00:00:00.000000000,2015-04-03 00:00:00.000000000,2015-04-20 00:00:00.000000000,2015-04-20 00:00:00.000000000,2015-03-18 00:00:00.000000000,16 days 00:00:00.000000000,16 days 00:00:00.000000000,0 days 00:00:00.000000000
4530,2011-10-17 00:00:00.000000000,2011-10-17 00:00:00.000000000,2011-10-17 00:00:00.000000000,2010-09-03 00:00:00.000000000,2010-09-28 00:00:00.000000000,2010-09-28 00:00:00.000000000,2009-08-15 00:00:00.000000000,384 days 00:00:00.000000000,384 days 00:00:00.000000000,0 days 00:00:00.000000000
4531,2011-03-10 00:00:00.000000000,2011-03-10 00:00:00.000000000,2011-03-10 00:00:00.000000000,2010-11-16 00:00:00.000000000,2011-01-12 00:00:00.000000000,2011-01-12 00:00:00.000000000,2010-09-20 00:00:00.000000000,57 days 00:00:00.000000000,57 days 00:00:00.000000000,0 days 00:00:00.000000000
4532,2014-02-17 00:00:00.000000000,2014-02-17 00:00:00.000000000,2014-03-15 00:00:00.000000000,2013-07-11 00:00:00.000000000,2013-08-02 00:00:00.000000000,2013-08-02 00:00:00.000000000,2012-12-24 00:00:00.000000000,199 days 00:00:00.000000000,199 days 00:00:00.000000000,0 days 00:00:00.000000000
4533,2012-05-25 00:00:00.000000000,2012-05-25 00:00:00.000000000,2012-05-25 00:00:00.000000000,2012-01-25 00:00:00.000000000,2012-02-17 00:00:00.000000000,2012-02-17 00:00:00.000000000,2011-10-19 00:00:00.000000000,98 days 00:00:00.000000000,98 days 00:00:00.000000000,0 days 00:00:00.000000000
4534,2011-09-14 00:00:00.000000000,2011-09-14 00:00:00.000000000,2011-09-14 00:00:00.000000000,2011-03-10 00:00:00.000000000,2011-04-01 00:00:00.000000000,2011-04-01 00:00:00.000000000,2010-09-25 00:00:00.000000000,166 days 00:00:00.000000000,166 days 00:00:00.000000000,0 days 00:00:00.000000000
4535,2014-08-29 00:00:00.000000000,2014-08-29 00:00:00.000000000,2014-08-29 00:00:00.000000000,2013-07-11 00:00:00.000000000,2014-08-29 00:00:00.000000000,2014-08-29 00:00:00.000000000,2013-07-11 00:00:00.000000000,0 days 00:00:00.000000000,0 days 00:00:00.000000000,0 days 00:00:00.000000000
4536,2012-07-06 00:00:00.000000000,2012-07-06 00:00:00.000000000,2012-07-06 00:00:00.000000000,2011-12-15 00:00:00.000000000,2012-01-25 00:00:00.000000000,2012-01-25 00:00:00.000000000,2011-07-05 00:00:00.000000000,163 days 00:00:00.000000000,163 days 00:00:00.000000000,0 days 00:00:00.000000000
4537,2009-10-21 00:00:00.000000000,2009-10-21 00:00:00.000000000,2009-10-21 00:00:00.000000000,2009-10-08 00:00:00.000000000,2009-10-15 00:00:00.000000000,2009-10-15 00:00:00.000000000,2009-10-02 00:00:00.000000000,6 days 00:00:00.000000000,6 days 00:00:00.000000000,0 days 00:00:00.000000000
4538,2009-10-27 00:00:00.000000000,2009-10-27 00:00:00.000000000,2009-10-27 00:00:00.000000000,2009-08-05 00:00:00.000000000,2009-08-18 00:00:00.000000000,2009-08-18 00:00:00.000000000,2009-05-27 00:00:00.000000000,70 days 00:00:00.000000000,70 days 00:00:00.000000000,0 days 00:00:00.000000000
4539,2014-08-29 00:00:00.000000000,2014-08-29 00:00:00.000000000,2014-08-29 00:00:00.000000000,2013-07-11 00:00:00.000000000,2014-08-29 00:00:00.000000000,2014-08-29 00:00:00.000000000,2013-07-11 00:00:00.000000000,0 days 00:00:00.000000000,0 days 00:00:00.000000000,0 days 00:00:00.000000000
4540,2014-07-30 00:00:00.000000000,2014-07-30 00:00:00.000000000,2014-07-31 00:00:00.000000000,2014-04-08 00:00:00.000000000,2014-05-16 00:00:00.000000000,2014-05-16 00:00:00.000000000,2014-01-23 00:00:00.000000000,75 days 00:00:00.000000000,75 days 00:00:00.000000000,0 days 00:00:00.000000000
4541,2015-02-12 00:00:00.000000000,2015-02-12 00:00:00.000000000,2015-02-24 00:00:00.000000000,2014-07-23 00:00:00.000000000,2014-07-31 00:00:00.000000000,2014-07-31 00:00:00.000000000,2014-01-08 00:00:00.000000000,196 days 00:00:00.000000000,196 days 00:00:00.000000000,0 days 00:00:00.000000000
4542,2015-05-20 00:00:00.000000000,2015-05-20 00:00:00.000000000,2015-06-19 00:00:00.000000000,2015-04-03 00:00:00.000000000,2015-04-20 00:00:00.000000000,2015-04-20 00:00:00.000000000,2015-03-04 00:00:00.000000000,30 days 00:00:00.000000000,30 days 00:00:00.000000000,0 days 00:00:00.000000000
4543,2014-07-17 00:00:00.000000000,2014-07-17 00:00:00.000000000,2014-07-17 00:00:00.000000000,2014-04-12 00:00:00.000000000,2014-05-23 00:00:00.000000000,2014-05-23 00:00:00.000000000,2014-02-16 00:00:00.000000000,55 days 00:00:00.000000000,55 days 00:00:00.000000000,0 days 00:00:00.000000000
4544,2013-10-09 00:00:00.000000000,2013-10-09 00:00:00.000000000,2013-11-06 00:00:00.000000000,2013-03-20 00:00:00.000000000,2013-04-11 00:00:00.000000000,2013-04-11 00:00:00.000000000,2012-09-20 00:00:00.000000000,181 days 00:00:00.000000000,181 days 00:00:00.000000000,0 days 00:00:00.000000000
4545,2012-12-21 00:00:00.000000000,2012-12-21 00:00:00.000000000,2012-12-21 00:00:00.000000000,2012-07-17 00:00:00.000000000,2012-08-10 00:00:00.000000000,2012-08-10 00:00:00.000000000,2012-03-06 00:00:00.000000000,133 days 00:00:00.000000000,133 days 00:00:00.000000000,0 days 00:00:00.000000000
4546,2014-08-25 00:00:00.000000000,2014-08-25 00:00:00.000000000,2014-08-28 00:00:00.000000000,2014-05-11 00:00:00.000000000,2014-06-02 00:00:00.000000000,2014-06-02 00:00:00.000000000,2014-02-16 00:00:00.000000000,84 days 00:00:00.000000000,84 days 00:00:00.000000000,0 days 00:00:00.000000000
4547,2010-05-31 00:00:00.000000000,2010-05-31 00:00:00.000000000,2010-05-31 00:00:00.000000000,2010-04-19 00:00:00.000000000,2010-04-21 00:00:00.000000000,2010-04-21 00:00:00.000000000,2010-03-10 00:00:00.000000000,40 days 00:00:00.000000000,40 days 00:00:00.000000000,0 days 00:00:00.000000000
4548,2013-12-09 00:00:00.000000000,2013-12-09 00:00:00.000000000,2013-12-20 00:00:00.000000000,2013-11-14 00:00:00.000000000,2013-12-02 00:00:00.000000000,2013-12-02 00:00:00.000000000,2013-11-07 00:00:00.000000000,7 days 00:00:00.000000000,7 days 00:00:00.000000000,0 days 00:00:00.000000000
4549,2015-07-23 00:00:00.000000000,2015-07-23 00:00:00.000000000,2015-07-29 00:00:00.000000000,2015-03-10 00:00:00.000000000,2015-03-17 00:00:00.000000000,2015-03-17 00:00:00.000000000,2014-11-02 00:00:00.000000000,128 days 00:00:00.000000000,128 days 00:00:00.000000000,0 days 00:00:00.000000000
4550,2014-01-22 00:00:00.000000000,2014-01-22 00:00:00.000000000,2014-01-27 00:00:00.000000000,2013-04-18 00:00:00.000000000,2013-05-21 00:00:00.000000000,2013-05-21 00:00:00.000000000,2012-08-15 00:00:00.000000000,246 days 00:00:00.000000000,246 days 00:00:00.000000000,0 days 00:00:00.000000000
4551,2015-05-20 00:00:00.000000000,2015-05-20 00:00:00.000000000,2015-07-16 00:00:00.000000000,2014-10-07 00:00:00.000000000,2014-11-18 00:00:00.000000000,2014-11-18 00:00:00.000000000,2014-04-07 00:00:00.000000000,183 days 00:00:00.000000000,183 days 00:00:00.000000000,0 days 00:00:00.000000000
4552,2009-11-10 00:00:00.000000000,2009-11-10 00:00:00.000000000,2009-11-10 00:00:00.000000000,2009-08-21 00:00:00.000000000,2009-09-14 00:00:00.000000000,2009-09-14 00:00:00.000000000,2009-06-25 00:00:00.000000000,57 days 00:00:00.000000000,57 days 00:00:00.000000000,0 days 00:00:00.000000000
4553,2013-11-20 00:00:00.000000000,2013-11-20 00:00:00.000000000,2013-11-21 00:00:00.000000000,2013-05-17 00:00:00.000000000,2013-07-03 00:00:00.000000000,2013-07-03 00:00:00.000000000,2012-12-28 00:00:00.000000000,140 days 00:00:00.000000000,140 days 00:00:00.000000000,0 days 00:00:00.000000000
4554,2015-04-08 00:00:00.000000000,2015-04-08 00:00:00.000000000,2015-04-08 00:00:00.000000000,2014-11-11 00:00:00.000000000,2014-11-25 00:00:00.000000000,2014-11-25 00:00:00.000000000,2014-06-30 00:00:00.000000000,134 days 00:00:00.000000000,134 days 00:00:00.000000000,0 days 00:00:00.000000000
4555,2012-02-17 00:00:00.000000000,2012-02-17 00:00:00.000000000,2012-02-17 00:00:00.000000000,2011-08-11 00:00:00.000000000,2011-10-05 00:00:00.000000000,2011-10-05 00:00:00.000000000,2011-03-29 00:00:00.000000000,135 days 00:00:00.000000000,135 days 00:00:00.000000000,0 days 00:00:00.000000000
4556,2011-09-06 00:00:00.000000000,2011-09-06 00:00:00.000000000,2011-09-06 00:00:00.000000000,2011-03-10 00:00:00.000000000,2011-03-28 00:00:00.000000000,2011-03-28 00:00:00.000000000,2010-09-29 00:00:00.000000000,162 days 00:00:00.000000000,162 days 00:00:00.000000000,0 days 00:00:00.000000000
4557,2013-04-02 00:00:00.000000000,2013-04-02 00:00:00.000000000,2013-04-02 00:00:00.000000000,2012-10-15 00:00:00.000000000,2012-11-07 00:00:00.000000000,2012-11-07 00:00:00.000000000,2012-05-22 00:00:00.000000000,146 days 00:00:00.000000000,146 days 00:00:00.000000000,0 days 00:00:00.000000000
4558,2011-09-08 00:00:00.000000000,2011-09-08 00:00:00.000000000,2011-09-08 00:00:00.000000000,2011-03-09 00:00:00.000000000,2011-05-05 00:00:00.000000000,2011-05-05 00:00:00.000000000,2010-11-03 00:00:00.000000000,126 days 00:00:00.000000000,126 days 00:00:00.000000000,0 days 00:00:00.000000000
4559,2015-05-12 00:00:00.000000000,2015-05-12 00:00:00.000000000,2015-05-12 00:00:00.000000000,2014-09-11 00:00:00.000000000,2015-05-11 00:00:00.000000000,2015-05-11 00:00:00.000000000,2014-09-10 00:00:00.000000000,1 days 00:00:00.000000000,1 days 00:00:00.000000000,0 days 00:00:00.000000000
4560,2014-12-10 00:00:00.000000000,2014-12-10 00:00:00.000000000,2014-12-10 00:00:00.000000000,2014-10-29 00:00:00.000000000,2014-12-10 00:00:00.000000000,2014-12-10 00:00:00.000000000,2014-10-29 00:00:00.000000000,0 days 00:00:00.000000000,0 days 00:00:00.000000000,0 days 00:00:00.000000000
4561,2012-06-15 00:00:00.000000000,2012-06-15 00:00:00.000000000,2012-06-15 00:00:00.000000000,2011-11-30 00:00:00.000000000,2012-03-09 00:00:00.000000000,2012-03-09 00:00:00.000000000,2011-08-24 00:00:00.000000000,98 days 00:00:00.000000000,98 days 00:00:00.000000000,0 days 00:00:00.000000000
4562,2011-06-10 00:00:00.000000000,2011-06-10 00:00:00.000000000,2011-06-10 00:00:00.000000000,2011-04-21 00:00:00.000000000,2011-04-29 00:00:00.000000000,2011-04-29 00:00:00.000000000,2011-03-10 00:00:00.000000000,42 days 00:00:00.000000000,42 days 00:00:00.000000000,0 days 00:00:00.000000000
4563,2010-06-11 00:00:00.000000000,2010-06-11 00:00:00.000000000,2010-06-11 00:00:00.000000000,2010-03-18 00:00:00.000000000,2010-03-19 00:00:00.000000000,2010-03-19 00:00:00.000000000,2009-12-24 00:00:00.000000000,84 days 00:00:00.000000000,84 days 00:00:00.000000000,0 days 00:00:00.000000000
4564,2010-07-21 00:00:00.000000000,2010-07-21 00:00:00.000000000,2010-07-21 00:00:00.000000000,2010-03-15 00:00:00.000000000,2010-03-24 00:00:00.000000000,2010-03-24 00:00:00.000000000,2009-11-16 00:00:00.000000000,119 days 00:00:00.000000000,119 days 00:00:00.000000000,0 days 00:00:00.000000000
4565,2010-11-01 00:00:00.000000000,2010-11-01 00:00:00.000000000,2010-11-01 00:00:00.000000000,2010-08-05 00:00:00.000000000,2010-08-19 00:00:00.000000000,2010-08-19 00:00:00.000000000,2010-05-23 00:00:00.000000000,74 days 00:00:00.000000000,74 days 00:00:00.000000000,0 days 00:00:00.000000000
4566,2009-08-24 00:00:00.000000000,2009-08-24 00:00:00.000000000,2009-08-24 00:00:00.000000000,2009-07-29 00:00:00.000000000,2009-08-07 00:00:00.000000000,2009-08-07 00:00:00.000000000,2009-07-12 00:00:00.000000000,17 days 00:00:00.000000000,17 days 00:00:00.000000000,0 days 00:00:00.000000000
4567,2011-10-19 00:00:00.000000000,2011-10-19 00:00:00.000000000,2011-10-19 00:00:00.000000000,2011-07-28 00:00:00.000000000,2011-08-12 00:00:00.000000000,2011-08-12 00:00:00.000000000,2011-05-21 00:00:00.000000000,68 days 00:00:00.000000000,68 days 00:00:00.000000000,0 days 00:00:00.000000000
4568,2014-02-07 00:00:00.000000000,2014-02-07 00:00:00.000000000,2014-02-07 00:00:00.000000000,2013-07-11 00:00:00.000000000,2013-08-13 00:00:00.000000000,2013-08-13 00:00:00.000000000,2013-01-14 00:00:00.000000000,178 days 00:00:00.000000000,178 days 00:00:00.000000000,0 days 00:00:00.000000000
4569,2014-08-29 00:00:00.000000000,2014-08-29 00:00:00.000000000,2014-08-29 00:00:00.000000000,2013-07-11 00:00:00.000000000,2014-08-29 00:00:00.000000000,2014-08-29 00:00:00.000000000,2013-07-11 00:00:00.000000000,0 days 00:00:00.000000000,0 days 00:00:00.000000000,0 days 00:00:00.000000000
4570,2012-01-06 00:00:00.000000000,2012-01-06 00:00:00.000000000,2012-01-06 00:00:00.000000000,2011-10-18 00:00:00.000000000,2011-10-31 00:00:00.000000000,2011-10-31 00:00:00.000000000,2011-08-12 00:00:00.000000000,67 days 00:00:00.000000000,67 days 00:00:00.000000000,0 days 00:00:00.000000000
4571,2012-12-31 00:00:00.000000000,2012-12-31 00:00:00.000000000,2012-12-31 00:00:00.000000000,2012-09-13 00:00:00.000000000,2012-10-04 00:00:00.000000000,2012-10-04 00:00:00.000000000,2012-06-17 00:00:00.000000000,88 days 00:00:00.000000000,88 days 00:00:00.000000000,0 days 00:00:00.000000000
4572,2014-06-06 00:00:00.000000000,2014-06-06 00:00:00.000000000,2014-06-09 00:00:00.000000000,2013-10-04 00:00:00.000000000,2013-10-07 00:00:00.000000000,2013-10-07 00:00:00.000000000,2013-02-04 00:00:00.000000000,242 days 00:00:00.000000000,242 days 00:00:00.000000000,0 days 00:00:00.000000000
4573,2010-03-02 00:00:00.000000000,2010-03-02 00:00:00.000000000,2010-03-02 00:00:00.000000000,2009-11-05 00:00:00.000000000,2009-11-06 00:00:00.000000000,2009-11-06 00:00:00.000000000,2009-07-12 00:00:00.000000000,116 days 00:00:00.000000000,116 days 00:00:00.000000000,0 days 00:00:00.000000000
4574,2013-02-04 00:00:00.000000000,2013-02-04 00:00:00.000000000,2013-02-04 00:00:00.000000000,2012-07-25 00:00:00.000000000,2012-08-15 00:00:00.000000000,2012-08-15 00:00:00.000000000,2012-02-03 00:00:00.000000000,173 days 00:00:00.000000000,173 days 00:00:00.000000000,0 days 00:00:00.000000000
4575,2012-10-18 00:00:00.000000000,2012-10-18 00:00:00.000000000,2012-10-18 00:00:00.000000000,2012-07-23 00:00:00.000000000,2012-08-22 00:00:00.000000000,2012-08-22 00:00:00.000000000,2012-05-27 00:00:00.000000000,57 days 00:00:00.000000000,57 days 00:00:00.000000000,0 days 00:00:00.000000000
4576,2010-10-25 00:00:00.000000000,2010-10-25 00:00:00.000000000,2010-10-25 00:00:00.000000000,2010-06-23 00:00:00.000000000,2010-07-01 00:00:00.000000000,2010-07-01 00:00:00.000000000,2010-02-27 00:00:00.000000000,116 days 00:00:00.000000000,116 days 00:00:00.000000000,0 days 00:00:00.000000000
4577,2015-05-05 00:00:00.000000000,2015-05-05 00:00:00.000000000,2015-05-05 00:00:00.000000000,2014-11-11 00:00:00.000000000,2014-12-04 00:00:00.000000000,2014-12-04 00:00:00.000000000,2014-06-12 00:00:00.000000000,152 days 00:00:00.000000000,152 days 00:00:00.000000000,0 days 00:00:00.000000000
4578,2015-02-20 00:00:00.000000000,2015-02-20 00:00:00.000000000,2015-02-23 00:00:00.000000000,2014-05-14 00:00:00.000000000,2014-07-09 00:00:00.000000000,2014-07-09 00:00:00.000000000,2013-09-30 00:00:00.000000000,226 days 00:00:00.000000000,226 days 00:00:00.000000000,0 days 00:00:00.000000000
4579,2014-06-18 00:00:00.000000000,2014-06-18 00:00:00.000000000,2014-06-25 00:00:00.000000000,2014-02-03 00:00:00.000000000,2014-02-12 00:00:00.000000000,2014-02-12 00:00:00.000000000,2013-09-30 00:00:00.000000000,126 days 00:00:00.000000000,126 days 00:00:00.000000000,0 days 00:00:00.000000000
4580,2014-02-06 00:00:00.000000000,2014-02-06 00:00:00.000000000,2014-02-07 00:00:00.000000000,2013-08-13 00:00:00.000000000,2013-11-01 00:00:00.000000000,2013-11-01 00:00:00.000000000,2013-05-08 00:00:00.000000000,97 days 00:00:00.000000000,97 days 00:00:00.000000000,0 days 00:00:00.000000000
4581,2014-01-08 00:00:00.000000000,2014-01-08 00:00:00.000000000,2014-01-08 00:00:00.000000000,2013-07-11 00:00:00.000000000,2013-07-25 00:00:00.000000000,2013-07-25 00:00:00.000000000,2013-01-25 00:00:00.000000000,167 days 00:00:00.000000000,167 days 00:00:00.000000000,0 days 00:00:00.000000000
4582,2010-10-13 00:00:00.000000000,2010-10-13 00:00:00.000000000,2010-10-13 00:00:00.000000000,2010-06-02 00:00:00.000000000,2010-06-16 00:00:00.000000000,2010-06-16 00:00:00.000000000,2010-02-03 00:00:00.000000000,119 days 00:00:00.000000000,119 days 00:00:00.000000000,0 days 00:00:00.000000000
4583,2011-03-22 00:00:00.000000000,2011-03-22 00:00:00.000000000,2011-03-22 00:00:00.000000000,2011-01-13 00:00:00.000000000,2011-02-02 00:00:00.000000000,2011-02-02 00:00:00.000000000,2010-11-26 00:00:00.000000000,48 days 00:00:00.000000000,48 days 00:00:00.000000000,0 days 00:00:00.000000000
4584,2012-12-31 00:00:00.000000000,2012-12-31 00:00:00.000000000,2012-12-31 00:00:00.000000000,2012-09-13 00:00:00.000000000,2012-10-04 00:00:00.000000000,2012-10-04 00:00:00.000000000,2012-06-17 00:00:00.000000000,88 days 00:00:00.000000000,88 days 00:00:00.000000000,0 days 00:00:00.000000000
4585,2010-06-01 00:00:00.000000000,2010-06-01 00:00:00.000000000,2010-06-01 00:00:00.000000000,2010-03-18 00:00:00.000000000,2010-03-19 00:00:00.000000000,2010-03-19 00:00:00.000000000,2010-01-03 00:00:00.000000000,74 days 00:00:00.000000000,74 days 00:00:00.000000000,0 days 00:00:00.000000000
4586,2013-03-12 00:00:00.000000000,2013-03-12 00:00:00.000000000,2013-03-12 00:00:00.000000000,2012-12-12 00:00:00.000000000,2013-01-11 00:00:00.000000000,2013-01-11 00:00:00.000000000,2012-10-13 00:00:00.000000000,60 days 00:00:00.000000000,60 days 00:00:00.000000000,0 days 00:00:00.000000000
4587,2011-08-05 00:00:00.000000000,2011-08-05 00:00:00.000000000,2011-08-05 00:00:00.000000000,2011-05-30 00:00:00.000000000,2011-06-15 00:00:00.000000000,2011-06-15 00:00:00.000000000,2011-04-09 00:00:00.000000000,51 days 00:00:00.000000000,51 days 00:00:00.000000000,0 days 00:00:00.000000000
4588,2011-12-12 00:00:00.000000000,2011-12-12 00:00:00.000000000,2011-12-12 00:00:00.000000000,2011-08-04 00:00:00.000000000,2011-08-24 00:00:00.000000000,2011-08-24 00:00:00.000000000,2011-04-16 00:00:00.000000000,110 days 00:00:00.000000000,110 days 00:00:00.000000000,0 days 00:00:00.000000000
4589,2015-06-15 00:00:00.000000000,2015-06-15 00:00:00.000000000,2015-06-15 00:00:00.000000000,2014-11-11 00:00:00.000000000,2014-11-25 00:00:00.000000000,2014-11-25 00:00:00.000000000,2014-04-23 00:00:00.000000000,202 days 00:00:00.000000000,202 days 00:00:00.000000000,0 days 00:00:00.000000000
4590,2015-08-24 00:00:00.000000000,2015-08-24 00:00:00.000000000,2015-08-24 00:00:00.000000000,2014-09-11 00:00:00.000000000,2015-08-24 00:00:00.000000000,2015-08-24 00:00:00.000000000,2014-09-11 00:00:00.000000000,0 days 00:00:00.000000000,0 days 00:00:00.000000000,0 days 00:00:00.000000000
4591,2013-04-16 00:00:00.000000000,2013-04-16 00:00:00.000000000,2013-04-16 00:00:00.000000000,2013-03-18 00:00:00.000000000,1900-01-01 00:00:00.000000000,2013-04-09 00:00:00.000000000,2013-03-11 00:00:00.000000000,7 days 00:00:00.000000000,7 days 00:00:00.000000000,0 days 00:00:00.000000000
4592,2013-04-16 00:00:00.000000000,2013-04-16 00:00:00.000000000,2013-04-16 00:00:00.000000000,2013-03-18 00:00:00.000000000,1900-01-01 00:00:00.000000000,2013-04-09 00:00:00.000000000,2013-03-11 00:00:00.000000000,7 days 00:00:00.000000000,7 days 00:00:00.000000000,0 days 00:00:00.000000000
4593,2014-10-29 00:00:00.000000000,2014-10-29 00:00:00.000000000,2014-11-12 00:00:00.000000000,2014-03-20 00:00:00.000000000,2014-05-05 00:00:00.000000000,2014-05-05 00:00:00.000000000,2013-09-24 00:00:00.000000000,177 days 00:00:00.000000000,177 days 00:00:00.000000000,0 days 00:00:00.000000000
4594,2014-11-14 00:00:00.000000000,2014-11-14 00:00:00.000000000,2014-11-16 00:00:00.000000000,2014-06-11 00:00:00.000000000,2014-06-23 00:00:00.000000000,2014-06-23 00:00:00.000000000,2014-01-18 00:00:00.000000000,144 days 00:00:00.000000000,144 days 00:00:00.000000000,0 days 00:00:00.000000000
4595,2015-05-08 00:00:00.000000000,2015-05-08 00:00:00.000000000,2015-05-11 00:00:00.000000000,2014-12-29 00:00:00.000000000,2015-02-20 00:00:00.000000000,2015-02-20 00:00:00.000000000,2014-10-13 00:00:00.000000000,77 days 00:00:00.000000000,77 days 00:00:00.000000000,0 days 00:00:00.000000000
4596,2014-08-27 00:00:00.000000000,2014-08-27 00:00:00.000000000,2014-08-27 00:00:00.000000000,2013-07-11 00:00:00.000000000,2014-08-27 00:00:00.000000000,2014-08-27 00:00:00.000000000,2013-07-11 00:00:00.000000000,0 days 00:00:00.000000000,0 days 00:00:00.000000000,0 days 00:00:00.000000000
4597,2011-04-29 00:00:00.000000000,2011-04-29 00:00:00.000000000,2011-04-29 00:00:00.000000000,2011-02-05 00:00:00.000000000,2011-03-02 00:00:00.000000000,2011-03-02 00:00:00.000000000,2010-12-09 00:00:00.000000000,58 days 00:00:00.000000000,58 days 00:00:00.000000000,0 days 00:00:00.000000000
4598,2011-07-26 00:00:00.000000000,2011-07-26 00:00:00.000000000,2011-07-26 00:00:00.000000000,2011-04-21 00:00:00.000000000,2011-05-02 00:00:00.000000000,2011-05-02 00:00:00.000000000,2011-01-26 00:00:00.000000000,85 days 00:00:00.000000000,85 days 00:00:00.000000000,0 days 00:00:00.000000000
4599,2015-02-03 00:00:00.000000000,2015-02-03 00:00:00.000000000,2015-02-03 00:00:00.000000000,2014-11-14 00:00:00.000000000,2014-11-17 00:00:00.000000000,2014-11-17 00:00:00.000000000,2014-08-28 00:00:00.000000000,78 days 00:00:00.000000000,78 days 00:00:00.000000000,0 days 00:00:00.000000000
4600,2013-04-18 00:00:00.000000000,2013-04-18 00:00:00.000000000,2013-04-18 00:00:00.000000000,2013-02-07 00:00:00.000000000,2013-03-06 00:00:00.000000000,2013-03-06 00:00:00.000000000,2012-12-26 00:00:00.000000000,43 days 00:00:00.000000000,43 days 00:00:00.000000000,0 days 00:00:00.000000000
4601,2012-03-23 00:00:00.000000000,2012-03-23 00:00:00.000000000,2012-03-23 00:00:00.000000000,2011-09-05 00:00:00.000000000,2011-10-11 00:00:00.000000000,2011-10-11 00:00:00.000000000,2011-03-25 00:00:00.000000000,164 days 00:00:00.000000000,164 days 00:00:00.000000000,0 days 00:00:00.000000000
4602,2014-01-13 00:00:00.000000000,2014-01-13 00:00:00.000000000,2014-01-13 00:00:00.000000000,2013-11-14 00:00:00.000000000,2013-12-02 00:00:00.000000000,2013-12-02 00:00:00.000000000,2013-10-03 00:00:00.000000000,42 days 00:00:00.000000000,42 days 00:00:00.000000000,0 days 00:00:00.000000000
4603,2010-06-09 00:00:00.000000000,2010-06-10 00:00:00.000000000,2010-06-10 00:00:00.000000000,2010-03-18 00:00:00.000000000,2010-03-19 00:00:00.000000000,2010-03-19 00:00:00.000000000,2009-12-26 00:00:00.000000000,82 days 00:00:00.000000000,83 days 00:00:00.000000000,1 days 00:00:00.000000000
4604,2012-12-20 00:00:00.000000000,2012-12-20 00:00:00.000000000,2012-12-20 00:00:00.000000000,2012-05-14 00:00:00.000000000,2012-07-03 00:00:00.000000000,2012-07-03 00:00:00.000000000,2011-11-26 00:00:00.000000000,170 days 00:00:00.000000000,170 days 00:00:00.000000000,0 days 00:00:00.000000000
4605,2014-06-18 00:00:00.000000000,2014-06-18 00:00:00.000000000,2014-06-25 00:00:00.000000000,2014-02-03 00:00:00.000000000,2014-02-12 00:00:00.000000000,2014-02-12 00:00:00.000000000,2013-09-30 00:00:00.000000000,126 days 00:00:00.000000000,126 days 00:00:00.000000000,0 days 00:00:00.000000000
4606,2013-06-05 00:00:00.000000000,2013-06-05 00:00:00.000000000,2013-06-05 00:00:00.000000000,2013-01-08 00:00:00.000000000,2013-01-23 00:00:00.000000000,2013-01-23 00:00:00.000000000,2012-08-28 00:00:00.000000000,133 days 00:00:00.000000000,133 days 00:00:00.000000000,0 days 00:00:00.000000000
4607,2013-12-12 00:00:00.000000000,2013-12-12 00:00:00.000000000,2013-12-13 00:00:00.000000000,2013-08-05 00:00:00.000000000,2013-10-28 00:00:00.000000000,2013-10-28 00:00:00.000000000,2013-06-21 00:00:00.000000000,45 days 00:00:00.000000000,45 days 00:00:00.000000000,0 days 00:00:00.000000000
4608,2014-01-24 00:00:00.000000000,2014-01-24 00:00:00.000000000,2014-01-29 00:00:00.000000000,2013-08-21 00:00:00.000000000,2013-10-25 00:00:00.000000000,2013-10-25 00:00:00.000000000,2013-05-22 00:00:00.000000000,91 days 00:00:00.000000000,91 days 00:00:00.000000000,0 days 00:00:00.000000000
4609,2014-07-08 00:00:00.000000000,2014-07-08 00:00:00.000000000,2014-07-10 00:00:00.000000000,2013-07-16 00:00:00.000000000,2013-08-15 00:00:00.000000000,2013-08-15 00:00:00.000000000,2012-08-23 00:00:00.000000000,327 days 00:00:00.000000000,327 days 00:00:00.000000000,0 days 00:00:00.000000000
4610,2009-10-20 00:00:00.000000000,2009-10-20 00:00:00.000000000,2009-10-20 00:00:00.000000000,2009-08-25 00:00:00.000000000,2009-09-10 00:00:00.000000000,2009-09-10 00:00:00.000000000,2009-07-16 00:00:00.000000000,40 days 00:00:00.000000000,40 days 00:00:00.000000000,0 days 00:00:00.000000000
4611,2015-08-20 00:00:00.000000000,2015-08-20 00:00:00.000000000,2015-08-21 00:00:00.000000000,2015-07-01 00:00:00.000000000,2015-07-10 00:00:00.000000000,2015-07-10 00:00:00.000000000,2015-05-21 00:00:00.000000000,41 days 00:00:00.000000000,41 days 00:00:00.000000000,0 days 00:00:00.000000000
4612,2012-03-19 00:00:00.000000000,2012-03-19 00:00:00.000000000,2012-03-19 00:00:00.000000000,2011-09-14 00:00:00.000000000,2011-09-22 00:00:00.000000000,2011-09-22 00:00:00.000000000,2011-03-19 00:00:00.000000000,179 days 00:00:00.000000000,179 days 00:00:00.000000000,0 days 00:00:00.000000000
4613,2013-04-16 00:00:00.000000000,2013-04-16 00:00:00.000000000,2013-04-16 00:00:00.000000000,2013-03-18 00:00:00.000000000,1900-01-01 00:00:00.000000000,2013-04-09 00:00:00.000000000,2013-03-11 00:00:00.000000000,7 days 00:00:00.000000000,7 days 00:00:00.000000000,0 days 00:00:00.000000000
4614,2011-03-02 00:00:00.000000000,2011-03-02 00:00:00.000000000,2011-03-02 00:00:00.000000000,2010-11-11 00:00:00.000000000,2010-12-02 00:00:00.000000000,2010-12-02 00:00:00.000000000,2010-08-13 00:00:00.000000000,90 days 00:00:00.000000000,90 days 00:00:00.000000000,0 days 00:00:00.000000000
4615,2012-08-04 00:00:00.000000000,2012-08-04 00:00:00.000000000,2012-08-04 00:00:00.000000000,2012-06-04 00:00:00.000000000,2012-06-12 00:00:00.000000000,2012-06-12 00:00:00.000000000,2012-04-12 00:00:00.000000000,53 days 00:00:00.000000000,53 days 00:00:00.000000000,0 days 00:00:00.000000000
4616,2013-07-23 00:00:00.000000000,2013-07-23 00:00:00.000000000,2013-07-23 00:00:00.000000000,2013-03-20 00:00:00.000000000,2013-04-19 00:00:00.000000000,2013-04-19 00:00:00.000000000,2012-12-15 00:00:00.000000000,95 days 00:00:00.000000000,95 days 00:00:00.000000000,0 days 00:00:00.000000000
4617,2011-02-04 00:00:00.000000000,2011-02-04 00:00:00.000000000,2011-02-04 00:00:00.000000000,2010-06-02 00:00:00.000000000,2010-06-17 00:00:00.000000000,2010-06-17 00:00:00.000000000,2009-10-13 00:00:00.000000000,232 days 00:00:00.000000000,232 days 00:00:00.000000000,0 days 00:00:00.000000000
4618,2011-04-05 00:00:00.000000000,2011-05-30 00:00:00.000000000,2011-05-30 00:00:00.000000000,2010-08-31 00:00:00.000000000,2010-09-21 00:00:00.000000000,2010-09-21 00:00:00.000000000,2010-02-16 00:00:00.000000000,196 days 00:00:00.000000000,251 days 00:00:00.000000000,55 days 00:00:00.000000000
4619,2012-10-30 00:00:00.000000000,2012-10-30 00:00:00.000000000,2012-10-30 00:00:00.000000000,2012-10-11 00:00:00.000000000,2012-10-16 00:00:00.000000000,2012-10-16 00:00:00.000000000,2012-09-27 00:00:00.000000000,14 days 00:00:00.000000000,14 days 00:00:00.000000000,0 days 00:00:00.000000000
4620,2014-09-24 00:00:00.000000000,2014-09-24 00:00:00.000000000,2014-10-08 00:00:00.000000000,2014-07-28 00:00:00.000000000,2014-08-14 00:00:00.000000000,2014-08-14 00:00:00.000000000,2014-06-17 00:00:00.000000000,41 days 00:00:00.000000000,41 days 00:00:00.000000000,0 days 00:00:00.000000000
4621,2013-07-08 00:00:00.000000000,2013-07-08 00:00:00.000000000,2013-07-08 00:00:00.000000000,2013-01-17 00:00:00.000000000,2013-02-01 00:00:00.000000000,2013-02-01 00:00:00.000000000,2012-08-13 00:00:00.000000000,157 days 00:00:00.000000000,157 days 00:00:00.000000000,0 days 00:00:00.000000000
4622,2010-10-13 00:00:00.000000000,2010-12-01 00:00:00.000000000,2010-12-01 00:00:00.000000000,2010-03-18 00:00:00.000000000,2010-03-19 00:00:00.000000000,2010-03-19 00:00:00.000000000,2009-08-22 00:00:00.000000000,208 days 00:00:00.000000000,257 days 00:00:00.000000000,49 days 00:00:00.000000000
4623,2011-08-08 00:00:00.000000000,2011-08-08 00:00:00.000000000,2011-08-08 00:00:00.000000000,2011-07-13 00:00:00.000000000,2011-07-20 00:00:00.000000000,2011-07-20 00:00:00.000000000,2011-06-24 00:00:00.000000000,19 days 00:00:00.000000000,19 days 00:00:00.000000000,0 days 00:00:00.000000000
4624,2015-07-23 00:00:00.000000000,2015-07-23 00:00:00.000000000,2015-07-29 00:00:00.000000000,2015-03-10 00:00:00.000000000,2015-03-17 00:00:00.000000000,2015-03-17 00:00:00.000000000,2014-11-02 00:00:00.000000000,128 days 00:00:00.000000000,128 days 00:00:00.000000000,0 days 00:00:00.000000000
4625,2014-11-28 00:00:00.000000000,2014-11-28 00:00:00.000000000,2014-11-28 00:00:00.000000000,2014-09-11 00:00:00.000000000,2014-11-28 00:00:00.000000000,2014-11-28 00:00:00.000000000,2014-09-11 00:00:00.000000000,0 days 00:00:00.000000000,0 days 00:00:00.000000000,0 days 00:00:00.000000000
4626,2015-07-24 00:00:00.000000000,2015-07-24 00:00:00.000000000,2015-07-24 00:00:00.000000000,2014-09-11 00:00:00.000000000,2014-10-09 00:00:00.000000000,2014-10-09 00:00:00.000000000,2013-11-27 00:00:00.000000000,288 days 00:00:00.000000000,288 days 00:00:00.000000000,0 days 00:00:00.000000000
4627,2011-09-14 00:00:00.000000000,2011-09-14 00:00:00.000000000,2011-09-14 00:00:00.000000000,2011-03-10 00:00:00.000000000,2011-04-01 00:00:00.000000000,2011-04-01 00:00:00.000000000,2010-09-25 00:00:00.000000000,166 days 00:00:00.000000000,166 days 00:00:00.000000000,0 days 00:00:00.000000000
4628,2013-04-03 00:00:00.000000000,2013-04-03 00:00:00.000000000,2013-04-03 00:00:00.000000000,2012-10-15 00:00:00.000000000,2012-11-07 00:00:00.000000000,2012-11-07 00:00:00.000000000,2012-05-21 00:00:00.000000000,147 days 00:00:00.000000000,147 days 00:00:00.000000000,0 days 00:00:00.000000000
4629,2015-08-24 00:00:00.000000000,2015-08-24 00:00:00.000000000,2015-08-24 00:00:00.000000000,2014-09-11 00:00:00.000000000,2014-10-09 00:00:00.000000000,2014-10-09 00:00:00.000000000,2013-10-27 00:00:00.000000000,319 days 00:00:00.000000000,319 days 00:00:00.000000000,0 days 00:00:00.000000000
4630,2009-10-26 00:00:00.000000000,2009-10-26 00:00:00.000000000,2009-10-26 00:00:00.000000000,2009-06-25 00:00:00.000000000,2009-06-26 00:00:00.000000000,2009-06-26 00:00:00.000000000,2009-02-23 00:00:00.000000000,122 days 00:00:00.000000000,122 days 00:00:00.000000000,0 days 00:00:00.000000000
4631,2012-05-15 00:00:00.000000000,2012-05-15 00:00:00.000000000,2012-05-15 00:00:00.000000000,2012-01-17 00:00:00.000000000,2012-02-15 00:00:00.000000000,2012-02-15 00:00:00.000000000,2011-10-19 00:00:00.000000000,90 days 00:00:00.000000000,90 days 00:00:00.000000000,0 days 00:00:00.000000000
4632,2009-12-11 00:00:00.000000000,2009-12-11 00:00:00.000000000,2009-12-11 00:00:00.000000000,2009-10-20 00:00:00.000000000,2009-11-05 00:00:00.000000000,2009-11-05 00:00:00.000000000,2009-09-14 00:00:00.000000000,36 days 00:00:00.000000000,36 days 00:00:00.000000000,0 days 00:00:00.000000000
4633,2009-08-10 00:00:00.000000000,2009-08-10 00:00:00.000000000,2009-08-10 00:00:00.000000000,2009-06-30 00:00:00.000000000,2009-07-16 00:00:00.000000000,2009-07-16 00:00:00.000000000,2009-06-05 00:00:00.000000000,25 days 00:00:00.000000000,25 days 00:00:00.000000000,0 days 00:00:00.000000000
4634,2010-01-18 00:00:00.000000000,2010-01-18 00:00:00.000000000,2010-01-18 00:00:00.000000000,2009-08-27 00:00:00.000000000,2009-09-03 00:00:00.000000000,2009-09-03 00:00:00.000000000,2009-04-12 00:00:00.000000000,137 days 00:00:00.000000000,137 days 00:00:00.000000000,0 days 00:00:00.000000000
4635,2012-03-27 00:00:00.000000000,2012-03-27 00:00:00.000000000,2012-03-27 00:00:00.000000000,2012-01-10 00:00:00.000000000,2012-01-23 00:00:00.000000000,2012-01-23 00:00:00.000000000,2011-11-07 00:00:00.000000000,64 days 00:00:00.000000000,64 days 00:00:00.000000000,0 days 00:00:00.000000000
4636,2014-11-21 00:00:00.000000000,2014-11-21 00:00:00.000000000,2014-12-10 00:00:00.000000000,2014-05-21 00:00:00.000000000,2014-07-28 00:00:00.000000000,2014-07-28 00:00:00.000000000,2014-01-25 00:00:00.000000000,116 days 00:00:00.000000000,116 days 00:00:00.000000000,0 days 00:00:00.000000000
4637,2010-06-21 00:00:00.000000000,2010-06-21 00:00:00.000000000,2010-06-21 00:00:00.000000000,2010-03-15 00:00:00.000000000,2010-03-31 00:00:00.000000000,2010-03-31 00:00:00.000000000,2009-12-23 00:00:00.000000000,82 days 00:00:00.000000000,82 days 00:00:00.000000000,0 days 00:00:00.000000000
4638,2012-01-11 00:00:00.000000000,2012-01-11 00:00:00.000000000,2012-01-11 00:00:00.000000000,2011-08-29 00:00:00.000000000,2011-09-07 00:00:00.000000000,2011-09-07 00:00:00.000000000,2011-04-25 00:00:00.000000000,126 days 00:00:00.000000000,126 days 00:00:00.000000000,0 days 00:00:00.000000000
4639,2009-09-07 00:00:00.000000000,2009-09-07 00:00:00.000000000,2009-09-07 00:00:00.000000000,2009-07-14 00:00:00.000000000,2009-07-25 00:00:00.000000000,2009-07-25 00:00:00.000000000,2009-05-31 00:00:00.000000000,44 days 00:00:00.000000000,44 days 00:00:00.000000000,0 days 00:00:00.000000000
4640,2014-04-22 00:00:00.000000000,2014-04-22 00:00:00.000000000,2014-04-22 00:00:00.000000000,2013-10-04 00:00:00.000000000,2013-10-10 00:00:00.000000000,2013-10-10 00:00:00.000000000,2013-03-24 00:00:00.000000000,194 days 00:00:00.000000000,194 days 00:00:00.000000000,0 days 00:00:00.000000000
4641,2011-02-01 00:00:00.000000000,2011-03-04 00:00:00.000000000,2011-03-04 00:00:00.000000000,2010-08-31 00:00:00.000000000,2010-09-24 00:00:00.000000000,2010-09-24 00:00:00.000000000,2010-04-23 00:00:00.000000000,130 days 00:00:00.000000000,161 days 00:00:00.000000000,31 days 00:00:00.000000000
4642,2013-03-18 00:00:00.000000000,2013-03-18 00:00:00.000000000,2013-03-18 00:00:00.000000000,2012-10-15 00:00:00.000000000,2012-11-07 00:00:00.000000000,2012-11-07 00:00:00.000000000,2012-06-06 00:00:00.000000000,131 days 00:00:00.000000000,131 days 00:00:00.000000000,0 days 00:00:00.000000000
4643,2011-11-17 00:00:00.000000000,2011-11-17 00:00:00.000000000,2011-11-17 00:00:00.000000000,2011-06-27 00:00:00.000000000,2011-07-08 00:00:00.000000000,2011-07-08 00:00:00.000000000,2011-02-15 00:00:00.000000000,132 days 00:00:00.000000000,132 days 00:00:00.000000000,0 days 00:00:00.000000000
4644,2015-01-21 00:00:00.000000000,2015-01-21 00:00:00.000000000,2015-02-04 00:00:00.000000000,2014-10-15 00:00:00.000000000,2014-10-22 00:00:00.000000000,2014-10-22 00:00:00.000000000,2014-07-16 00:00:00.000000000,91 days 00:00:00.000000000,91 days 00:00:00.000000000,0 days 00:00:00.000000000
4645,2015-07-09 00:00:00.000000000,2015-07-09 00:00:00.000000000,2015-07-10 00:00:00.000000000,2015-02-13 00:00:00.000000000,2015-03-04 00:00:00.000000000,2015-03-04 00:00:00.000000000,2014-10-09 00:00:00.000000000,127 days 00:00:00.000000000,127 days 00:00:00.000000000,0 days 00:00:00.000000000
4646,2010-11-12 00:00:00.000000000,2010-11-12 00:00:00.000000000,2010-11-12 00:00:00.000000000,2010-07-23 00:00:00.000000000,2010-08-27 00:00:00.000000000,2010-08-27 00:00:00.000000000,2010-05-07 00:00:00.000000000,77 days 00:00:00.000000000,77 days 00:00:00.000000000,0 days 00:00:00.000000000
4647,2013-08-16 00:00:00.000000000,2013-08-16 00:00:00.000000000,2013-08-16 00:00:00.000000000,2013-02-08 00:00:00.000000000,2013-02-27 00:00:00.000000000,2013-02-27 00:00:00.000000000,2012-08-22 00:00:00.000000000,170 days 00:00:00.000000000,170 days 00:00:00.000000000,0 days 00:00:00.000000000
4648,2010-08-24 00:00:00.000000000,2010-08-24 00:00:00.000000000,2010-08-24 00:00:00.000000000,2010-03-18 00:00:00.000000000,2010-03-19 00:00:00.000000000,2010-03-19 00:00:00.000000000,2009-10-11 00:00:00.000000000,158 days 00:00:00.000000000,158 days 00:00:00.000000000,0 days 00:00:00.000000000
4649,2015-07-02 00:00:00.000000000,2015-07-02 00:00:00.000000000,2015-07-30 00:00:00.000000000,2015-03-10 00:00:00.000000000,2015-03-16 00:00:00.000000000,2015-03-16 00:00:00.000000000,2014-11-22 00:00:00.000000000,108 days 00:00:00.000000000,108 days 00:00:00.000000000,0 days 00:00:00.000000000
4650,2015-08-24 00:00:00.000000000,2015-08-24 00:00:00.000000000,2015-08-24 00:00:00.000000000,2014-09-11 00:00:00.000000000,2015-08-24 00:00:00.000000000,2015-08-24 00:00:00.000000000,2014-09-11 00:00:00.000000000,0 days 00:00:00.000000000,0 days 00:00:00.000000000,0 days 00:00:00.000000000
4651,2010-08-03 00:00:00.000000000,2010-08-03 00:00:00.000000000,2010-08-03 00:00:00.000000000,2010-03-22 00:00:00.000000000,2010-03-29 00:00:00.000000000,2010-03-29 00:00:00.000000000,2009-11-15 00:00:00.000000000,127 days 00:00:00.000000000,127 days 00:00:00.000000000,0 days 00:00:00.000000000
4652,2012-01-24 00:00:00.000000000,2012-01-24 00:00:00.000000000,2012-01-24 00:00:00.000000000,2011-12-06 00:00:00.000000000,2011-12-13 00:00:00.000000000,2011-12-13 00:00:00.000000000,2011-10-25 00:00:00.000000000,42 days 00:00:00.000000000,42 days 00:00:00.000000000,0 days 00:00:00.000000000
4653,2011-02-16 00:00:00.000000000,2011-02-16 00:00:00.000000000,2011-02-16 00:00:00.000000000,2010-09-30 00:00:00.000000000,2010-10-18 00:00:00.000000000,2010-10-18 00:00:00.000000000,2010-06-01 00:00:00.000000000,121 days 00:00:00.000000000,121 days 00:00:00.000000000,0 days 00:00:00.000000000
4654,2014-12-10 00:00:00.000000000,2014-12-10 00:00:00.000000000,2014-12-10 00:00:00.000000000,2014-09-24 00:00:00.000000000,2014-11-05 00:00:00.000000000,2014-11-05 00:00:00.000000000,2014-08-20 00:00:00.000000000,35 days 00:00:00.000000000,35 days 00:00:00.000000000,0 days 00:00:00.000000000
4655,2015-01-15 00:00:00.000000000,2015-01-15 00:00:00.000000000,2015-02-24 00:00:00.000000000,2014-10-09 00:00:00.000000000,2014-12-15 00:00:00.000000000,2014-12-15 00:00:00.000000000,2014-09-08 00:00:00.000000000,31 days 00:00:00.000000000,31 days 00:00:00.000000000,0 days 00:00:00.000000000
4656,2015-03-09 00:00:00.000000000,2015-03-09 00:00:00.000000000,2015-03-09 00:00:00.000000000,2014-09-11 00:00:00.000000000,2015-03-09 00:00:00.000000000,2015-03-09 00:00:00.000000000,2014-09-11 00:00:00.000000000,0 days 00:00:00.000000000,0 days 00:00:00.000000000,0 days 00:00:00.000000000
4657,2012-05-25 00:00:00.000000000,2012-05-25 00:00:00.000000000,2012-05-25 00:00:00.000000000,2012-01-27 00:00:00.000000000,2012-02-03 00:00:00.000000000,2012-02-03 00:00:00.000000000,2011-10-07 00:00:00.000000000,112 days 00:00:00.000000000,112 days 00:00:00.000000000,0 days 00:00:00.000000000
4658,2013-09-03 00:00:00.000000000,2013-09-03 00:00:00.000000000,2013-09-03 00:00:00.000000000,2013-04-23 00:00:00.000000000,2013-05-21 00:00:00.000000000,2013-05-21 00:00:00.000000000,2013-01-08 00:00:00.000000000,105 days 00:00:00.000000000,105 days 00:00:00.000000000,0 days 00:00:00.000000000
4659,2014-08-27 00:00:00.000000000,2014-08-27 00:00:00.000000000,2014-08-27 00:00:00.000000000,2013-07-11 00:00:00.000000000,2014-08-27 00:00:00.000000000,2014-08-27 00:00:00.000000000,2013-07-11 00:00:00.000000000,0 days 00:00:00.000000000,0 days 00:00:00.000000000,0 days 00:00:00.000000000
4660,2015-08-21 00:00:00.000000000,2015-08-21 00:00:00.000000000,2015-08-24 00:00:00.000000000,2015-06-15 00:00:00.000000000,2015-07-07 00:00:00.000000000,2015-07-07 00:00:00.000000000,2015-05-01 00:00:00.000000000,45 days 00:00:00.000000000,45 days 00:00:00.000000000,0 days 00:00:00.000000000
4661,2012-07-05 00:00:00.000000000,2012-07-05 00:00:00.000000000,2012-07-05 00:00:00.000000000,2012-02-28 00:00:00.000000000,2012-03-22 00:00:00.000000000,2012-03-22 00:00:00.000000000,2011-11-15 00:00:00.000000000,105 days 00:00:00.000000000,105 days 00:00:00.000000000,0 days 00:00:00.000000000
4662,2014-01-13 00:00:00.000000000,2014-01-13 00:00:00.000000000,2014-01-13 00:00:00.000000000,2013-11-14 00:00:00.000000000,2013-12-02 00:00:00.000000000,2013-12-02 00:00:00.000000000,2013-10-03 00:00:00.000000000,42 days 00:00:00.000000000,42 days 00:00:00.000000000,0 days 00:00:00.000000000
4663,2011-12-06 00:00:00.000000000,2011-11-02 00:00:00.000000000,2011-11-02 00:00:00.000000000,2011-03-10 00:00:00.000000000,2011-03-28 00:00:00.000000000,2011-03-28 00:00:00.000000000,2010-06-30 00:00:00.000000000,253 days 00:00:00.000000000,219 days 00:00:00.000000000,-34 days +00:00:00.000000000
4664,2011-01-27 00:00:00.000000000,2011-01-27 00:00:00.000000000,2011-01-27 00:00:00.000000000,2010-10-31 00:00:00.000000000,2010-11-18 00:00:00.000000000,2010-11-18 00:00:00.000000000,2010-08-22 00:00:00.000000000,70 days 00:00:00.000000000,70 days 00:00:00.000000000,0 days 00:00:00.000000000
4665,2011-02-14 00:00:00.000000000,2011-02-11 00:00:00.000000000,2011-02-11 00:00:00.000000000,2010-08-31 00:00:00.000000000,2010-09-21 00:00:00.000000000,2010-09-21 00:00:00.000000000,2010-04-07 00:00:00.000000000,146 days 00:00:00.000000000,143 days 00:00:00.000000000,-3 days +00:00:00.000000000
4666,2011-03-01 00:00:00.000000000,2011-03-01 00:00:00.000000000,2011-03-01 00:00:00.000000000,2010-09-03 00:00:00.000000000,2010-09-28 00:00:00.000000000,2010-09-28 00:00:00.000000000,2010-04-02 00:00:00.000000000,154 days 00:00:00.000000000,154 days 00:00:00.000000000,0 days 00:00:00.000000000
4667,2015-03-30 00:00:00.000000000,2015-03-30 00:00:00.000000000,2015-03-31 00:00:00.000000000,2014-10-22 00:00:00.000000000,2014-12-24 00:00:00.000000000,2014-12-24 00:00:00.000000000,2014-07-18 00:00:00.000000000,96 days 00:00:00.000000000,96 days 00:00:00.000000000,0 days 00:00:00.000000000
4668,2010-05-20 00:00:00.000000000,2010-05-20 00:00:00.000000000,2010-05-20 00:00:00.000000000,2010-02-02 00:00:00.000000000,2010-02-17 00:00:00.000000000,2010-02-17 00:00:00.000000000,2009-11-02 00:00:00.000000000,92 days 00:00:00.000000000,92 days 00:00:00.000000000,0 days 00:00:00.000000000
4669,2013-11-08 00:00:00.000000000,2013-11-08 00:00:00.000000000,2013-11-11 00:00:00.000000000,2013-07-18 00:00:00.000000000,2013-08-05 00:00:00.000000000,2013-08-05 00:00:00.000000000,2013-04-14 00:00:00.000000000,95 days 00:00:00.000000000,95 days 00:00:00.000000000,0 days 00:00:00.000000000
4670,2012-12-07 00:00:00.000000000,2012-12-07 00:00:00.000000000,2012-12-07 00:00:00.000000000,2012-07-31 00:00:00.000000000,2012-10-04 00:00:00.000000000,2012-10-04 00:00:00.000000000,2012-05-28 00:00:00.000000000,64 days 00:00:00.000000000,64 days 00:00:00.000000000,0 days 00:00:00.000000000
4671,2015-07-24 00:00:00.000000000,2015-07-24 00:00:00.000000000,2015-07-24 00:00:00.000000000,2014-09-11 00:00:00.000000000,2014-10-09 00:00:00.000000000,2014-10-09 00:00:00.000000000,2013-11-27 00:00:00.000000000,288 days 00:00:00.000000000,288 days 00:00:00.000000000,0 days 00:00:00.000000000
4672,2015-08-13 00:00:00.000000000,2015-08-13 00:00:00.000000000,2015-08-13 00:00:00.000000000,2015-02-13 00:00:00.000000000,2015-03-04 00:00:00.000000000,2015-03-04 00:00:00.000000000,2014-09-04 00:00:00.000000000,162 days 00:00:00.000000000,162 days 00:00:00.000000000,0 days 00:00:00.000000000
4673,2012-09-21 00:00:00.000000000,2012-09-21 00:00:00.000000000,2012-09-21 00:00:00.000000000,2012-05-28 00:00:00.000000000,2012-06-26 00:00:00.000000000,2012-06-26 00:00:00.000000000,2012-03-02 00:00:00.000000000,87 days 00:00:00.000000000,87 days 00:00:00.000000000,0 days 00:00:00.000000000
4674,2014-10-20 00:00:00.000000000,2014-10-20 00:00:00.000000000,2014-10-24 00:00:00.000000000,2014-05-11 00:00:00.000000000,2014-06-02 00:00:00.000000000,2014-06-02 00:00:00.000000000,2013-12-22 00:00:00.000000000,140 days 00:00:00.000000000,140 days 00:00:00.000000000,0 days 00:00:00.000000000
4675,2015-07-06 00:00:00.000000000,2015-07-06 00:00:00.000000000,2015-07-08 00:00:00.000000000,2014-10-17 00:00:00.000000000,2014-11-12 00:00:00.000000000,2014-11-12 00:00:00.000000000,2014-02-23 00:00:00.000000000,236 days 00:00:00.000000000,236 days 00:00:00.000000000,0 days 00:00:00.000000000
4676,2014-08-27 00:00:00.000000000,2014-08-27 00:00:00.000000000,2014-08-27 00:00:00.000000000,2013-07-11 00:00:00.000000000,2014-08-27 00:00:00.000000000,2014-08-27 00:00:00.000000000,2013-07-11 00:00:00.000000000,0 days 00:00:00.000000000,0 days 00:00:00.000000000,0 days 00:00:00.000000000
4677,2015-04-21 00:00:00.000000000,2015-04-21 00:00:00.000000000,2015-04-21 00:00:00.000000000,2014-10-17 00:00:00.000000000,2014-11-12 00:00:00.000000000,2014-11-12 00:00:00.000000000,2014-05-10 00:00:00.000000000,160 days 00:00:00.000000000,160 days 00:00:00.000000000,0 days 00:00:00.000000000
4678,2013-04-25 00:00:00.000000000,2013-04-25 00:00:00.000000000,2013-04-25 00:00:00.000000000,2013-01-30 00:00:00.000000000,2013-03-11 00:00:00.000000000,2013-03-11 00:00:00.000000000,2012-12-16 00:00:00.000000000,45 days 00:00:00.000000000,45 days 00:00:00.000000000,0 days 00:00:00.000000000
4679,2011-03-01 00:00:00.000000000,2011-03-01 00:00:00.000000000,2011-03-01 00:00:00.000000000,2010-09-03 00:00:00.000000000,2010-09-28 00:00:00.000000000,2010-09-28 00:00:00.000000000,2010-04-02 00:00:00.000000000,154 days 00:00:00.000000000,154 days 00:00:00.000000000,0 days 00:00:00.000000000
4680,2015-06-02 00:00:00.000000000,2015-06-02 00:00:00.000000000,2015-06-02 00:00:00.000000000,2014-09-11 00:00:00.000000000,2015-06-02 00:00:00.000000000,2015-06-02 00:00:00.000000000,2014-09-11 00:00:00.000000000,0 days 00:00:00.000000000,0 days 00:00:00.000000000,0 days 00:00:00.000000000
4681,2014-04-07 00:00:00.000000000,2014-04-07 00:00:00.000000000,2014-04-08 00:00:00.000000000,2013-11-28 00:00:00.000000000,2013-12-13 00:00:00.000000000,2013-12-13 00:00:00.000000000,2013-08-05 00:00:00.000000000,115 days 00:00:00.000000000,115 days 00:00:00.000000000,0 days 00:00:00.000000000
4682,2010-08-24 00:00:00.000000000,2010-08-24 00:00:00.000000000,2010-08-24 00:00:00.000000000,2010-03-18 00:00:00.000000000,2010-03-19 00:00:00.000000000,2010-03-19 00:00:00.000000000,2009-10-11 00:00:00.000000000,158 days 00:00:00.000000000,158 days 00:00:00.000000000,0 days 00:00:00.000000000
4683,2012-12-20 00:00:00.000000000,2012-12-20 00:00:00.000000000,2012-12-20 00:00:00.000000000,2012-05-14 00:00:00.000000000,2012-07-03 00:00:00.000000000,2012-07-03 00:00:00.000000000,2011-11-26 00:00:00.000000000,170 days 00:00:00.000000000,170 days 00:00:00.000000000,0 days 00:00:00.000000000
4684,2013-04-16 00:00:00.000000000,2013-04-16 00:00:00.000000000,2013-04-16 00:00:00.000000000,2013-03-18 00:00:00.000000000,1900-01-01 00:00:00.000000000,2013-04-09 00:00:00.000000000,2013-03-11 00:00:00.000000000,7 days 00:00:00.000000000,7 days 00:00:00.000000000,0 days 00:00:00.000000000
4685,2010-02-16 00:00:00.000000000,2010-02-19 00:00:00.000000000,2010-02-19 00:00:00.000000000,2009-11-18 00:00:00.000000000,2009-12-02 00:00:00.000000000,2009-12-02 00:00:00.000000000,2009-09-03 00:00:00.000000000,76 days 00:00:00.000000000,79 days 00:00:00.000000000,3 days 00:00:00.000000000
4686,2014-07-09 00:00:00.000000000,2014-07-09 00:00:00.000000000,2014-07-17 00:00:00.000000000,2014-02-13 00:00:00.000000000,2014-05-19 00:00:00.000000000,2014-05-19 00:00:00.000000000,2013-12-24 00:00:00.000000000,51 days 00:00:00.000000000,51 days 00:00:00.000000000,0 days 00:00:00.000000000
4687,2014-09-12 00:00:00.000000000,2014-09-12 00:00:00.000000000,2014-09-17 00:00:00.000000000,2014-03-20 00:00:00.000000000,2014-05-01 00:00:00.000000000,2014-05-01 00:00:00.000000000,2013-11-06 00:00:00.000000000,134 days 00:00:00.000000000,134 days 00:00:00.000000000,0 days 00:00:00.000000000
4688,2015-07-13 00:00:00.000000000,2015-07-13 00:00:00.000000000,2015-07-14 00:00:00.000000000,2015-01-28 00:00:00.000000000,2015-03-19 00:00:00.000000000,2015-03-19 00:00:00.000000000,2014-10-04 00:00:00.000000000,116 days 00:00:00.000000000,116 days 00:00:00.000000000,0 days 00:00:00.000000000
4689,2010-06-23 00:00:00.000000000,2010-06-23 00:00:00.000000000,2010-06-23 00:00:00.000000000,2009-12-23 00:00:00.000000000,2010-01-29 00:00:00.000000000,2010-01-29 00:00:00.000000000,2009-07-31 00:00:00.000000000,145 days 00:00:00.000000000,145 days 00:00:00.000000000,0 days 00:00:00.000000000
4690,2015-02-16 00:00:00.000000000,2015-02-16 00:00:00.000000000,2015-02-17 00:00:00.000000000,2014-01-23 00:00:00.000000000,2014-02-26 00:00:00.000000000,2014-02-26 00:00:00.000000000,2013-02-02 00:00:00.000000000,355 days 00:00:00.000000000,355 days 00:00:00.000000000,0 days 00:00:00.000000000
4691,2014-07-10 00:00:00.000000000,2014-07-10 00:00:00.000000000,2014-07-10 00:00:00.000000000,2013-07-11 00:00:00.000000000,2014-07-10 00:00:00.000000000,2014-07-10 00:00:00.000000000,2013-07-11 00:00:00.000000000,0 days 00:00:00.000000000,0 days 00:00:00.000000000,0 days 00:00:00.000000000
4692,2010-08-24 00:00:00.000000000,2011-01-21 00:00:00.000000000,2011-01-21 00:00:00.000000000,2010-03-18 00:00:00.000000000,2010-03-19 00:00:00.000000000,2010-03-19 00:00:00.000000000,2009-10-11 00:00:00.000000000,158 days 00:00:00.000000000,308 days 00:00:00.000000000,150 days 00:00:00.000000000
4693,2013-05-31 00:00:00.000000000,2013-05-31 00:00:00.000000000,2013-05-31 00:00:00.000000000,2013-02-07 00:00:00.000000000,2013-03-08 00:00:00.000000000,2013-03-08 00:00:00.000000000,2012-11-15 00:00:00.000000000,84 days 00:00:00.000000000,84 days 00:00:00.000000000,0 days 00:00:00.000000000
4694,2014-04-07 00:00:00.000000000,2014-04-07 00:00:00.000000000,2014-04-23 00:00:00.000000000,2014-01-22 00:00:00.000000000,2014-01-30 00:00:00.000000000,2014-01-30 00:00:00.000000000,2013-11-16 00:00:00.000000000,67 days 00:00:00.000000000,67 days 00:00:00.000000000,0 days 00:00:00.000000000
4695,2010-07-19 00:00:00.000000000,2010-07-19 00:00:00.000000000,2010-07-19 00:00:00.000000000,2010-03-18 00:00:00.000000000,2010-03-19 00:00:00.000000000,2010-03-19 00:00:00.000000000,2009-11-16 00:00:00.000000000,122 days 00:00:00.000000000,122 days 00:00:00.000000000,0 days 00:00:00.000000000
4696,2015-06-02 00:00:00.000000000,2015-06-02 00:00:00.000000000,2015-06-02 00:00:00.000000000,2014-09-11 00:00:00.000000000,2015-06-02 00:00:00.000000000,2015-06-02 00:00:00.000000000,2014-09-11 00:00:00.000000000,0 days 00:00:00.000000000,0 days 00:00:00.000000000,0 days 00:00:00.000000000
4697,2015-01-26 00:00:00.000000000,2015-01-26 00:00:00.000000000,2015-01-26 00:00:00.000000000,2014-09-11 00:00:00.000000000,2015-01-26 00:00:00.000000000,2015-01-26 00:00:00.000000000,2014-09-11 00:00:00.000000000,0 days 00:00:00.000000000,0 days 00:00:00.000000000,0 days 00:00:00.000000000
4698,2013-11-06 00:00:00.000000000,2013-11-06 00:00:00.000000000,2013-11-13 00:00:00.000000000,2013-07-08 00:00:00.000000000,2013-07-31 00:00:00.000000000,2013-07-31 00:00:00.000000000,2013-04-01 00:00:00.000000000,98 days 00:00:00.000000000,98 days 00:00:00.000000000,0 days 00:00:00.000000000
4699,2014-04-04 00:00:00.000000000,2014-04-04 00:00:00.000000000,2014-04-28 00:00:00.000000000,2014-01-22 00:00:00.000000000,2014-01-28 00:00:00.000000000,2014-01-28 00:00:00.000000000,2013-11-17 00:00:00.000000000,66 days 00:00:00.000000000,66 days 00:00:00.000000000,0 days 00:00:00.000000000
4700,2014-11-03 00:00:00.000000000,2014-11-03 00:00:00.000000000,2014-11-03 00:00:00.000000000,2014-04-08 00:00:00.000000000,2014-04-30 00:00:00.000000000,2014-04-30 00:00:00.000000000,2013-10-03 00:00:00.000000000,187 days 00:00:00.000000000,187 days 00:00:00.000000000,0 days 00:00:00.000000000
4701,2011-10-24 00:00:00.000000000,2011-10-24 00:00:00.000000000,2011-10-24 00:00:00.000000000,2011-06-06 00:00:00.000000000,2011-06-22 00:00:00.000000000,2011-06-22 00:00:00.000000000,2011-02-02 00:00:00.000000000,124 days 00:00:00.000000000,124 days 00:00:00.000000000,0 days 00:00:00.000000000
4702,2011-09-30 00:00:00.000000000,2011-09-30 00:00:00.000000000,2011-09-30 00:00:00.000000000,2011-06-23 00:00:00.000000000,2011-07-20 00:00:00.000000000,2011-07-20 00:00:00.000000000,2011-04-12 00:00:00.000000000,72 days 00:00:00.000000000,72 days 00:00:00.000000000,0 days 00:00:00.000000000
4703,2013-10-22 00:00:00.000000000,2013-10-22 00:00:00.000000000,2013-10-25 00:00:00.000000000,2013-07-10 00:00:00.000000000,2013-08-06 00:00:00.000000000,2013-08-06 00:00:00.000000000,2013-04-24 00:00:00.000000000,77 days 00:00:00.000000000,77 days 00:00:00.000000000,0 days 00:00:00.000000000
4704,2013-11-07 00:00:00.000000000,2013-11-05 00:00:00.000000000,2013-11-17 00:00:00.000000000,2013-06-10 00:00:00.000000000,2013-07-10 00:00:00.000000000,2013-07-10 00:00:00.000000000,2013-02-10 00:00:00.000000000,120 days 00:00:00.000000000,118 days 00:00:00.000000000,-2 days +00:00:00.000000000
4705,2015-05-12 00:00:00.000000000,2015-05-12 00:00:00.000000000,2015-05-12 00:00:00.000000000,2014-09-11 00:00:00.000000000,2015-05-11 00:00:00.000000000,2015-05-11 00:00:00.000000000,2014-09-10 00:00:00.000000000,1 days 00:00:00.000000000,1 days 00:00:00.000000000,0 days 00:00:00.000000000
4706,2013-07-05 00:00:00.000000000,2013-07-05 00:00:00.000000000,2013-07-05 00:00:00.000000000,2013-01-29 00:00:00.000000000,2013-02-06 00:00:00.000000000,2013-02-06 00:00:00.000000000,2012-09-02 00:00:00.000000000,149 days 00:00:00.000000000,149 days 00:00:00.000000000,0 days 00:00:00.000000000
4707,2012-01-06 00:00:00.000000000,2012-01-06 00:00:00.000000000,2012-01-06 00:00:00.000000000,2011-09-07 00:00:00.000000000,2011-09-14 00:00:00.000000000,2011-09-14 00:00:00.000000000,2011-05-16 00:00:00.000000000,114 days 00:00:00.000000000,114 days 00:00:00.000000000,0 days 00:00:00.000000000
4708,2014-08-26 00:00:00.000000000,2014-08-26 00:00:00.000000000,2014-09-04 00:00:00.000000000,2014-01-21 00:00:00.000000000,2014-02-14 00:00:00.000000000,2014-02-14 00:00:00.000000000,2013-07-12 00:00:00.000000000,193 days 00:00:00.000000000,193 days 00:00:00.000000000,0 days 00:00:00.000000000
4709,2012-05-09 00:00:00.000000000,2012-05-09 00:00:00.000000000,2012-05-09 00:00:00.000000000,2012-01-05 00:00:00.000000000,2012-01-23 00:00:00.000000000,2012-01-23 00:00:00.000000000,2011-09-20 00:00:00.000000000,107 days 00:00:00.000000000,107 days 00:00:00.000000000,0 days 00:00:00.000000000
4710,2012-04-26 00:00:00.000000000,2012-04-26 00:00:00.000000000,2012-04-26 00:00:00.000000000,2011-12-07 00:00:00.000000000,2012-04-03 00:00:00.000000000,2012-04-03 00:00:00.000000000,2011-11-14 00:00:00.000000000,23 days 00:00:00.000000000,23 days 00:00:00.000000000,0 days 00:00:00.000000000
4711,2012-01-31 00:00:00.000000000,2012-01-31 00:00:00.000000000,2012-01-31 00:00:00.000000000,2011-03-10 00:00:00.000000000,2011-03-28 00:00:00.000000000,2011-03-28 00:00:00.000000000,2010-05-05 00:00:00.000000000,309 days 00:00:00.000000000,309 days 00:00:00.000000000,0 days 00:00:00.000000000
4712,2010-04-09 00:00:00.000000000,2010-04-09 00:00:00.000000000,2010-04-09 00:00:00.000000000,2009-06-30 00:00:00.000000000,2009-07-16 00:00:00.000000000,2009-07-16 00:00:00.000000000,2008-10-06 00:00:00.000000000,267 days 00:00:00.000000000,267 days 00:00:00.000000000,0 days 00:00:00.000000000
4713,2010-05-20 00:00:00.000000000,2010-05-20 00:00:00.000000000,2010-05-20 00:00:00.000000000,2009-01-04 00:00:00.000000000,2010-01-14 00:00:00.000000000,2010-01-14 00:00:00.000000000,2008-08-31 00:00:00.000000000,126 days 00:00:00.000000000,126 days 00:00:00.000000000,0 days 00:00:00.000000000
4714,2013-04-16 00:00:00.000000000,2013-04-16 00:00:00.000000000,2013-04-16 00:00:00.000000000,2013-03-18 00:00:00.000000000,1900-01-01 00:00:00.000000000,2013-04-09 00:00:00.000000000,2013-03-11 00:00:00.000000000,7 days 00:00:00.000000000,7 days 00:00:00.000000000,0 days 00:00:00.000000000
4715,2010-04-14 00:00:00.000000000,2010-04-14 00:00:00.000000000,2010-04-14 00:00:00.000000000,2010-01-13 00:00:00.000000000,2010-02-05 00:00:00.000000000,2010-02-05 00:00:00.000000000,2009-11-06 00:00:00.000000000,68 days 00:00:00.000000000,68 days 00:00:00.000000000,0 days 00:00:00.000000000
4716,2012-05-04 00:00:00.000000000,2012-05-04 00:00:00.000000000,2012-05-04 00:00:00.000000000,2012-03-15 00:00:00.000000000,2012-04-04 00:00:00.000000000,2012-04-04 00:00:00.000000000,2012-02-14 00:00:00.000000000,30 days 00:00:00.000000000,30 days 00:00:00.000000000,0 days 00:00:00.000000000
4717,2015-01-09 00:00:00.000000000,2015-01-09 00:00:00.000000000,2015-01-09 00:00:00.000000000,2014-10-29 00:00:00.000000000,2014-12-17 00:00:00.000000000,2014-12-17 00:00:00.000000000,2014-10-06 00:00:00.000000000,23 days 00:00:00.000000000,23 days 00:00:00.000000000,0 days 00:00:00.000000000
4718,2013-08-16 00:00:00.000000000,2013-08-16 00:00:00.000000000,2013-08-16 00:00:00.000000000,2013-02-22 00:00:00.000000000,2013-04-01 00:00:00.000000000,2013-04-01 00:00:00.000000000,2012-10-08 00:00:00.000000000,137 days 00:00:00.000000000,137 days 00:00:00.000000000,0 days 00:00:00.000000000
4719,2011-01-31 00:00:00.000000000,2011-03-04 00:00:00.000000000,2011-03-04 00:00:00.000000000,2010-08-31 00:00:00.000000000,2010-09-24 00:00:00.000000000,2010-09-24 00:00:00.000000000,2010-04-24 00:00:00.000000000,129 days 00:00:00.000000000,161 days 00:00:00.000000000,32 days 00:00:00.000000000
4720,2010-02-03 00:00:00.000000000,2010-02-03 00:00:00.000000000,2010-02-03 00:00:00.000000000,2009-08-31 00:00:00.000000000,2009-09-11 00:00:00.000000000,2009-09-11 00:00:00.000000000,2009-04-08 00:00:00.000000000,145 days 00:00:00.000000000,145 days 00:00:00.000000000,0 days 00:00:00.000000000
4721,2009-10-29 00:00:00.000000000,2009-10-29 00:00:00.000000000,2009-10-29 00:00:00.000000000,2009-05-07 00:00:00.000000000,2009-09-22 00:00:00.000000000,2009-09-22 00:00:00.000000000,2009-03-31 00:00:00.000000000,37 days 00:00:00.000000000,37 days 00:00:00.000000000,0 days 00:00:00.000000000
4722,2011-07-14 00:00:00.000000000,2011-07-14 00:00:00.000000000,2011-07-14 00:00:00.000000000,2011-03-10 00:00:00.000000000,2011-03-28 00:00:00.000000000,2011-03-28 00:00:00.000000000,2010-11-22 00:00:00.000000000,108 days 00:00:00.000000000,108 days 00:00:00.000000000,0 days 00:00:00.000000000
4723,2012-09-05 00:00:00.000000000,2012-09-05 00:00:00.000000000,2012-09-05 00:00:00.000000000,2012-05-18 00:00:00.000000000,2012-06-20 00:00:00.000000000,2012-06-20 00:00:00.000000000,2012-03-02 00:00:00.000000000,77 days 00:00:00.000000000,77 days 00:00:00.000000000,0 days 00:00:00.000000000
4724,2010-11-12 00:00:00.000000000,2010-11-12 00:00:00.000000000,2010-11-12 00:00:00.000000000,2010-07-23 00:00:00.000000000,2010-08-27 00:00:00.000000000,2010-08-27 00:00:00.000000000,2010-05-07 00:00:00.000000000,77 days 00:00:00.000000000,77 days 00:00:00.000000000,0 days 00:00:00.000000000
4725,2014-12-10 00:00:00.000000000,2014-12-10 00:00:00.000000000,2014-12-10 00:00:00.000000000,2014-03-27 00:00:00.000000000,2014-04-29 00:00:00.000000000,2014-04-29 00:00:00.000000000,2013-08-14 00:00:00.000000000,225 days 00:00:00.000000000,225 days 00:00:00.000000000,0 days 00:00:00.000000000
4726,2013-07-11 00:00:00.000000000,2013-07-11 00:00:00.000000000,2013-07-11 00:00:00.000000000,2013-04-23 00:00:00.000000000,2013-05-09 00:00:00.000000000,2013-05-09 00:00:00.000000000,2013-02-19 00:00:00.000000000,63 days 00:00:00.000000000,63 days 00:00:00.000000000,0 days 00:00:00.000000000
4727,2014-06-23 00:00:00.000000000,2014-06-23 00:00:00.000000000,2014-06-24 00:00:00.000000000,2014-03-24 00:00:00.000000000,2014-05-07 00:00:00.000000000,2014-05-07 00:00:00.000000000,2014-02-05 00:00:00.000000000,47 days 00:00:00.000000000,47 days 00:00:00.000000000,0 days 00:00:00.000000000
4728,2013-04-16 00:00:00.000000000,2013-04-16 00:00:00.000000000,2013-04-16 00:00:00.000000000,2013-03-18 00:00:00.000000000,1900-01-01 00:00:00.000000000,2013-04-09 00:00:00.000000000,2013-03-11 00:00:00.000000000,7 days 00:00:00.000000000,7 days 00:00:00.000000000,0 days 00:00:00.000000000
4729,2014-09-16 00:00:00.000000000,2014-09-16 00:00:00.000000000,2014-10-01 00:00:00.000000000,2014-04-08 00:00:00.000000000,2014-04-30 00:00:00.000000000,2014-04-30 00:00:00.000000000,2013-11-20 00:00:00.000000000,139 days 00:00:00.000000000,139 days 00:00:00.000000000,0 days 00:00:00.000000000
4730,2012-10-05 00:00:00.000000000,2012-10-05 00:00:00.000000000,2012-10-05 00:00:00.000000000,2012-08-24 00:00:00.000000000,2012-09-07 00:00:00.000000000,2012-09-07 00:00:00.000000000,2012-07-27 00:00:00.000000000,28 days 00:00:00.000000000,28 days 00:00:00.000000000,0 days 00:00:00.000000000
4731,2009-09-10 00:00:00.000000000,2009-09-10 00:00:00.000000000,2009-09-10 00:00:00.000000000,2009-05-07 00:00:00.000000000,2009-07-21 00:00:00.000000000,2009-07-21 00:00:00.000000000,2009-03-17 00:00:00.000000000,51 days 00:00:00.000000000,51 days 00:00:00.000000000,0 days 00:00:00.000000000
4732,2015-08-24 00:00:00.000000000,2015-08-24 00:00:00.000000000,2015-08-24 00:00:00.000000000,2014-09-11 00:00:00.000000000,2015-08-24 00:00:00.000000000,2015-08-24 00:00:00.000000000,2014-09-11 00:00:00.000000000,0 days 00:00:00.000000000,0 days 00:00:00.000000000,0 days 00:00:00.000000000
4733,2013-05-23 00:00:00.000000000,2013-05-23 00:00:00.000000000,2013-05-23 00:00:00.000000000,2013-01-18 00:00:00.000000000,2013-02-08 00:00:00.000000000,2013-02-08 00:00:00.000000000,2012-10-06 00:00:00.000000000,104 days 00:00:00.000000000,104 days 00:00:00.000000000,0 days 00:00:00.000000000
4734,2014-02-14 00:00:00.000000000,2014-02-14 00:00:00.000000000,2014-03-28 00:00:00.000000000,2013-12-11 00:00:00.000000000,2013-12-17 00:00:00.000000000,2013-12-17 00:00:00.000000000,2013-10-13 00:00:00.000000000,59 days 00:00:00.000000000,59 days 00:00:00.000000000,0 days 00:00:00.000000000
4735,2014-08-27 00:00:00.000000000,2014-08-27 00:00:00.000000000,2014-08-27 00:00:00.000000000,2013-07-11 00:00:00.000000000,2014-08-27 00:00:00.000000000,2014-08-27 00:00:00.000000000,2013-07-11 00:00:00.000000000,0 days 00:00:00.000000000,0 days 00:00:00.000000000,0 days 00:00:00.000000000
4736,2009-12-29 00:00:00.000000000,2009-12-29 00:00:00.000000000,2009-12-29 00:00:00.000000000,2009-12-17 00:00:00.000000000,2009-12-23 00:00:00.000000000,2009-12-23 00:00:00.000000000,2009-12-11 00:00:00.000000000,6 days 00:00:00.000000000,6 days 00:00:00.000000000,0 days 00:00:00.000000000
4737,2013-11-20 00:00:00.000000000,2013-11-20 00:00:00.000000000,2013-11-21 00:00:00.000000000,2013-05-17 00:00:00.000000000,2013-07-03 00:00:00.000000000,2013-07-03 00:00:00.000000000,2012-12-28 00:00:00.000000000,140 days 00:00:00.000000000,140 days 00:00:00.000000000,0 days 00:00:00.000000000
4738,2014-01-13 00:00:00.000000000,2014-01-13 00:00:00.000000000,2014-01-13 00:00:00.000000000,2013-11-14 00:00:00.000000000,2013-12-02 00:00:00.000000000,2013-12-02 00:00:00.000000000,2013-10-03 00:00:00.000000000,42 days 00:00:00.000000000,42 days 00:00:00.000000000,0 days 00:00:00.000000000
4739,2015-07-25 00:00:00.000000000,2015-07-25 00:00:00.000000000,2015-07-29 00:00:00.000000000,2014-12-29 00:00:00.000000000,2015-02-20 00:00:00.000000000,2015-02-20 00:00:00.000000000,2014-07-27 00:00:00.000000000,155 days 00:00:00.000000000,155 days 00:00:00.000000000,0 days 00:00:00.000000000
4740,2011-04-07 00:00:00.000000000,2011-04-07 00:00:00.000000000,2011-04-07 00:00:00.000000000,2010-08-31 00:00:00.000000000,2010-09-24 00:00:00.000000000,2010-09-24 00:00:00.000000000,2010-02-17 00:00:00.000000000,195 days 00:00:00.000000000,195 days 00:00:00.000000000,0 days 00:00:00.000000000
4741,2013-07-20 00:00:00.000000000,2013-07-20 00:00:00.000000000,2013-07-20 00:00:00.000000000,2013-01-24 00:00:00.000000000,2013-02-26 00:00:00.000000000,2013-02-26 00:00:00.000000000,2012-09-02 00:00:00.000000000,144 days 00:00:00.000000000,144 days 00:00:00.000000000,0 days 00:00:00.000000000
4742,2014-11-05 00:00:00.000000000,2014-11-05 00:00:00.000000000,2014-11-05 00:00:00.000000000,2014-04-30 00:00:00.000000000,2014-11-04 00:00:00.000000000,2014-11-04 00:00:00.000000000,2014-04-29 00:00:00.000000000,1 days 00:00:00.000000000,1 days 00:00:00.000000000,0 days 00:00:00.000000000
4743,2015-07-02 00:00:00.000000000,2015-07-02 00:00:00.000000000,2015-07-30 00:00:00.000000000,2015-03-10 00:00:00.000000000,2015-03-16 00:00:00.000000000,2015-03-16 00:00:00.000000000,2014-11-22 00:00:00.000000000,108 days 00:00:00.000000000,108 days 00:00:00.000000000,0 days 00:00:00.000000000
4744,2014-12-10 00:00:00.000000000,2014-12-10 00:00:00.000000000,2014-12-10 00:00:00.000000000,2014-10-29 00:00:00.000000000,2014-12-10 00:00:00.000000000,2014-12-10 00:00:00.000000000,2014-10-29 00:00:00.000000000,0 days 00:00:00.000000000,0 days 00:00:00.000000000,0 days 00:00:00.000000000
4745,2013-11-18 00:00:00.000000000,2013-11-18 00:00:00.000000000,2013-11-18 00:00:00.000000000,2013-07-09 00:00:00.000000000,2013-07-31 00:00:00.000000000,2013-07-31 00:00:00.000000000,2013-03-21 00:00:00.000000000,110 days 00:00:00.000000000,110 days 00:00:00.000000000,0 days 00:00:00.000000000
4746,2013-09-20 00:00:00.000000000,2013-09-20 00:00:00.000000000,2013-09-20 00:00:00.000000000,2013-01-24 00:00:00.000000000,2013-02-26 00:00:00.000000000,2013-02-26 00:00:00.000000000,2012-07-02 00:00:00.000000000,206 days 00:00:00.000000000,206 days 00:00:00.000000000,0 days 00:00:00.000000000
4747,2012-02-27 00:00:00.000000000,2012-02-27 00:00:00.000000000,2012-02-27 00:00:00.000000000,2011-10-26 00:00:00.000000000,2011-11-11 00:00:00.000000000,2011-11-11 00:00:00.000000000,2011-07-10 00:00:00.000000000,108 days 00:00:00.000000000,108 days 00:00:00.000000000,0 days 00:00:00.000000000
4748,2009-12-18 00:00:00.000000000,2009-12-18 00:00:00.000000000,2009-12-18 00:00:00.000000000,2009-08-21 00:00:00.000000000,2009-09-25 00:00:00.000000000,2009-09-25 00:00:00.000000000,2009-05-29 00:00:00.000000000,84 days 00:00:00.000000000,84 days 00:00:00.000000000,0 days 00:00:00.000000000
4749,2012-12-20 00:00:00.000000000,2012-12-20 00:00:00.000000000,2012-12-20 00:00:00.000000000,2012-11-16 00:00:00.000000000,2012-12-05 00:00:00.000000000,2012-12-05 00:00:00.000000000,2012-11-01 00:00:00.000000000,15 days 00:00:00.000000000,15 days 00:00:00.000000000,0 days 00:00:00.000000000
4750,2011-09-15 00:00:00.000000000,2011-09-22 00:00:00.000000000,2011-09-22 00:00:00.000000000,2010-11-26 00:00:00.000000000,2010-12-14 00:00:00.000000000,2010-12-14 00:00:00.000000000,2010-02-24 00:00:00.000000000,275 days 00:00:00.000000000,282 days 00:00:00.000000000,7 days 00:00:00.000000000
4751,2013-07-24 00:00:00.000000000,2013-07-24 00:00:00.000000000,2013-07-24 00:00:00.000000000,2012-10-17 00:00:00.000000000,2012-10-31 00:00:00.000000000,2012-10-31 00:00:00.000000000,2012-01-25 00:00:00.000000000,266 days 00:00:00.000000000,266 days 00:00:00.000000000,0 days 00:00:00.000000000
4752,2015-01-15 00:00:00.000000000,2015-01-15 00:00:00.000000000,2015-01-15 00:00:00.000000000,2014-07-09 00:00:00.000000000,2014-08-08 00:00:00.000000000,2014-08-08 00:00:00.000000000,2014-01-30 00:00:00.000000000,160 days 00:00:00.000000000,160 days 00:00:00.000000000,0 days 00:00:00.000000000
4753,2013-06-24 00:00:00.000000000,2013-06-24 00:00:00.000000000,2013-06-24 00:00:00.000000000,2012-10-10 00:00:00.000000000,2013-05-01 00:00:00.000000000,2013-05-01 00:00:00.000000000,2012-08-17 00:00:00.000000000,54 days 00:00:00.000000000,54 days 00:00:00.000000000,0 days 00:00:00.000000000
4754,2009-08-05 00:00:00.000000000,2009-08-05 00:00:00.000000000,2009-08-05 00:00:00.000000000,2009-05-07 00:00:00.000000000,2009-07-21 00:00:00.000000000,2009-07-21 00:00:00.000000000,2009-04-22 00:00:00.000000000,15 days 00:00:00.000000000,15 days 00:00:00.000000000,0 days 00:00:00.000000000
4755,2014-02-07 00:00:00.000000000,2014-02-07 00:00:00.000000000,2014-02-07 00:00:00.000000000,2013-07-11 00:00:00.000000000,2013-08-13 00:00:00.000000000,2013-08-13 00:00:00.000000000,2013-01-14 00:00:00.000000000,178 days 00:00:00.000000000,178 days 00:00:00.000000000,0 days 00:00:00.000000000
4756,2009-12-29 00:00:00.000000000,2009-12-29 00:00:00.000000000,2009-12-29 00:00:00.000000000,2009-12-17 00:00:00.000000000,2009-12-23 00:00:00.000000000,2009-12-23 00:00:00.000000000,2009-12-11 00:00:00.000000000,6 days 00:00:00.000000000,6 days 00:00:00.000000000,0 days 00:00:00.000000000
4757,2014-08-27 00:00:00.000000000,2014-08-27 00:00:00.000000000,2014-08-27 00:00:00.000000000,2013-07-11 00:00:00.000000000,2014-08-27 00:00:00.000000000,2014-08-27 00:00:00.000000000,2013-07-11 00:00:00.000000000,0 days 00:00:00.000000000,0 days 00:00:00.000000000,0 days 00:00:00.000000000
4758,2014-11-04 00:00:00.000000000,2014-11-04 00:00:00.000000000,2014-11-20 00:00:00.000000000,2014-08-11 00:00:00.000000000,2014-08-27 00:00:00.000000000,2014-08-27 00:00:00.000000000,2014-06-03 00:00:00.000000000,69 days 00:00:00.000000000,69 days 00:00:00.000000000,0 days 00:00:00.000000000
4759,2010-07-02 00:00:00.000000000,2010-07-02 00:00:00.000000000,2010-07-02 00:00:00.000000000,2010-03-22 00:00:00.000000000,2010-03-29 00:00:00.000000000,2010-03-29 00:00:00.000000000,2009-12-17 00:00:00.000000000,95 days 00:00:00.000000000,95 days 00:00:00.000000000,0 days 00:00:00.000000000
4760,2015-05-14 00:00:00.000000000,2015-05-14 00:00:00.000000000,2015-05-14 00:00:00.000000000,2014-11-17 00:00:00.000000000,2015-01-26 00:00:00.000000000,2015-01-26 00:00:00.000000000,2014-08-01 00:00:00.000000000,108 days 00:00:00.000000000,108 days 00:00:00.000000000,0 days 00:00:00.000000000
4761,2010-03-19 00:00:00.000000000,2010-03-19 00:00:00.000000000,2010-03-19 00:00:00.000000000,2009-10-20 00:00:00.000000000,2009-11-13 00:00:00.000000000,2009-11-13 00:00:00.000000000,2009-06-16 00:00:00.000000000,126 days 00:00:00.000000000,126 days 00:00:00.000000000,0 days 00:00:00.000000000
4762,2014-07-23 00:00:00.000000000,2014-07-22 00:00:00.000000000,2014-07-29 00:00:00.000000000,2014-04-01 00:00:00.000000000,2014-05-26 00:00:00.000000000,2014-05-26 00:00:00.000000000,2014-02-02 00:00:00.000000000,58 days 00:00:00.000000000,57 days 00:00:00.000000000,-1 days +00:00:00.000000000
4763,2014-02-14 00:00:00.000000000,2014-02-14 00:00:00.000000000,2014-02-25 00:00:00.000000000,2013-12-23 00:00:00.000000000,2014-01-16 00:00:00.000000000,2014-01-16 00:00:00.000000000,2013-11-24 00:00:00.000000000,29 days 00:00:00.000000000,29 days 00:00:00.000000000,0 days 00:00:00.000000000
4764,2014-06-14 00:00:00.000000000,2014-06-14 00:00:00.000000000,2014-06-16 00:00:00.000000000,2014-04-01 00:00:00.000000000,2014-04-11 00:00:00.000000000,2014-04-11 00:00:00.000000000,2014-01-27 00:00:00.000000000,64 days 00:00:00.000000000,64 days 00:00:00.000000000,0 days 00:00:00.000000000
4765,2014-11-05 00:00:00.000000000,2014-11-05 00:00:00.000000000,2014-11-05 00:00:00.000000000,2014-04-30 00:00:00.000000000,2014-11-04 00:00:00.000000000,2014-11-04 00:00:00.000000000,2014-04-29 00:00:00.000000000,1 days 00:00:00.000000000,1 days 00:00:00.000000000,0 days 00:00:00.000000000
4766,2013-04-10 00:00:00.000000000,2013-04-10 00:00:00.000000000,2013-04-10 00:00:00.000000000,2012-12-13 00:00:00.000000000,2013-02-07 00:00:00.000000000,2013-02-07 00:00:00.000000000,2012-10-12 00:00:00.000000000,62 days 00:00:00.000000000,62 days 00:00:00.000000000,0 days 00:00:00.000000000
4767,2011-04-04 00:00:00.000000000,2011-04-04 00:00:00.000000000,2011-04-04 00:00:00.000000000,2010-11-26 00:00:00.000000000,2010-12-06 00:00:00.000000000,2010-12-06 00:00:00.000000000,2010-07-30 00:00:00.000000000,119 days 00:00:00.000000000,119 days 00:00:00.000000000,0 days 00:00:00.000000000
4768,2009-11-16 00:00:00.000000000,2009-11-16 00:00:00.000000000,2009-11-16 00:00:00.000000000,2009-08-03 00:00:00.000000000,2009-08-07 00:00:00.000000000,2009-08-07 00:00:00.000000000,2009-04-24 00:00:00.000000000,101 days 00:00:00.000000000,101 days 00:00:00.000000000,0 days 00:00:00.000000000
4769,2012-02-06 00:00:00.000000000,2012-02-06 00:00:00.000000000,2012-02-06 00:00:00.000000000,2011-09-14 00:00:00.000000000,2011-10-05 00:00:00.000000000,2011-10-05 00:00:00.000000000,2011-05-13 00:00:00.000000000,124 days 00:00:00.000000000,124 days 00:00:00.000000000,0 days 00:00:00.000000000
4770,2014-02-06 00:00:00.000000000,2014-02-06 00:00:00.000000000,2014-02-06 00:00:00.000000000,2013-10-08 00:00:00.000000000,2013-12-02 00:00:00.000000000,2013-12-02 00:00:00.000000000,2013-08-03 00:00:00.000000000,66 days 00:00:00.000000000,66 days 00:00:00.000000000,0 days 00:00:00.000000000
4771,2012-03-29 00:00:00.000000000,2012-03-29 00:00:00.000000000,2012-03-29 00:00:00.000000000,2011-07-08 00:00:00.000000000,2011-08-04 00:00:00.000000000,2011-08-04 00:00:00.000000000,2010-11-12 00:00:00.000000000,238 days 00:00:00.000000000,238 days 00:00:00.000000000,0 days 00:00:00.000000000
4772,2015-02-12 00:00:00.000000000,2015-02-12 00:00:00.000000000,2015-02-12 00:00:00.000000000,2014-09-11 00:00:00.000000000,2015-02-12 00:00:00.000000000,2015-02-12 00:00:00.000000000,2014-09-11 00:00:00.000000000,0 days 00:00:00.000000000,0 days 00:00:00.000000000,0 days 00:00:00.000000000
4773,2009-11-19 00:00:00.000000000,2009-11-19 00:00:00.000000000,2009-11-19 00:00:00.000000000,2009-06-30 00:00:00.000000000,2009-07-16 00:00:00.000000000,2009-07-16 00:00:00.000000000,2009-02-24 00:00:00.000000000,126 days 00:00:00.000000000,126 days 00:00:00.000000000,0 days 00:00:00.000000000
4774,2014-12-10 00:00:00.000000000,2014-12-10 00:00:00.000000000,2014-12-10 00:00:00.000000000,2014-10-29 00:00:00.000000000,2014-12-10 00:00:00.000000000,2014-12-10 00:00:00.000000000,2014-10-29 00:00:00.000000000,0 days 00:00:00.000000000,0 days 00:00:00.000000000,0 days 00:00:00.000000000
4775,2014-08-07 00:00:00.000000000,2014-08-07 00:00:00.000000000,2014-08-12 00:00:00.000000000,2014-01-21 00:00:00.000000000,2014-02-19 00:00:00.000000000,2014-02-19 00:00:00.000000000,2013-08-05 00:00:00.000000000,169 days 00:00:00.000000000,169 days 00:00:00.000000000,0 days 00:00:00.000000000
4776,2009-10-19 00:00:00.000000000,2009-10-19 00:00:00.000000000,2009-10-19 00:00:00.000000000,2009-10-08 00:00:00.000000000,2009-10-15 00:00:00.000000000,2009-10-15 00:00:00.000000000,2009-10-04 00:00:00.000000000,4 days 00:00:00.000000000,4 days 00:00:00.000000000,0 days 00:00:00.000000000
4777,2011-07-22 00:00:00.000000000,2011-07-25 00:00:00.000000000,2011-07-25 00:00:00.000000000,2011-04-01 00:00:00.000000000,2011-04-21 00:00:00.000000000,2011-04-21 00:00:00.000000000,2010-12-30 00:00:00.000000000,92 days 00:00:00.000000000,95 days 00:00:00.000000000,3 days 00:00:00.000000000
4778,2009-12-17 00:00:00.000000000,2009-12-17 00:00:00.000000000,2009-12-17 00:00:00.000000000,2009-10-23 00:00:00.000000000,2009-11-19 00:00:00.000000000,2009-11-19 00:00:00.000000000,2009-09-25 00:00:00.000000000,28 days 00:00:00.000000000,28 days 00:00:00.000000000,0 days 00:00:00.000000000
4779,2010-03-20 00:00:00.000000000,2010-03-20 00:00:00.000000000,2010-03-20 00:00:00.000000000,2009-10-20 00:00:00.000000000,2009-11-03 00:00:00.000000000,2009-11-03 00:00:00.000000000,2009-06-05 00:00:00.000000000,137 days 00:00:00.000000000,137 days 00:00:00.000000000,0 days 00:00:00.000000000
4780,2014-08-05 00:00:00.000000000,2014-08-05 00:00:00.000000000,2014-08-05 00:00:00.000000000,2014-04-30 00:00:00.000000000,2014-08-05 00:00:00.000000000,2014-08-05 00:00:00.000000000,2014-04-30 00:00:00.000000000,0 days 00:00:00.000000000,0 days 00:00:00.000000000,0 days 00:00:00.000000000
4781,2015-04-28 00:00:00.000000000,2015-04-28 00:00:00.000000000,2015-04-28 00:00:00.000000000,2014-04-30 00:00:00.000000000,2015-04-28 00:00:00.000000000,2015-04-28 00:00:00.000000000,2014-04-30 00:00:00.000000000,0 days 00:00:00.000000000,0 days 00:00:00.000000000,0 days 00:00:00.000000000
4782,2010-11-23 00:00:00.000000000,2010-11-23 00:00:00.000000000,2010-11-23 00:00:00.000000000,2010-09-08 00:00:00.000000000,2010-10-07 00:00:00.000000000,2010-10-07 00:00:00.000000000,2010-07-23 00:00:00.000000000,47 days 00:00:00.000000000,47 days 00:00:00.000000000,0 days 00:00:00.000000000
4783,2009-11-06 00:00:00.000000000,2009-11-06 00:00:00.000000000,2009-11-06 00:00:00.000000000,2009-08-21 00:00:00.000000000,2009-09-11 00:00:00.000000000,2009-09-11 00:00:00.000000000,2009-06-26 00:00:00.000000000,56 days 00:00:00.000000000,56 days 00:00:00.000000000,0 days 00:00:00.000000000
4784,2013-04-16 00:00:00.000000000,2013-04-16 00:00:00.000000000,2013-04-16 00:00:00.000000000,2013-03-18 00:00:00.000000000,1900-01-01 00:00:00.000000000,2013-04-09 00:00:00.000000000,2013-03-11 00:00:00.000000000,7 days 00:00:00.000000000,7 days 00:00:00.000000000,0 days 00:00:00.000000000
4785,2011-03-15 00:00:00.000000000,2011-03-15 00:00:00.000000000,2011-03-15 00:00:00.000000000,2011-01-13 00:00:00.000000000,2011-02-02 00:00:00.000000000,2011-02-02 00:00:00.000000000,2010-12-03 00:00:00.000000000,41 days 00:00:00.000000000,41 days 00:00:00.000000000,0 days 00:00:00.000000000
4786,2012-06-13 00:00:00.000000000,2012-06-13 00:00:00.000000000,2012-06-13 00:00:00.000000000,2012-01-06 00:00:00.000000000,2012-02-24 00:00:00.000000000,2012-02-24 00:00:00.000000000,2011-09-18 00:00:00.000000000,110 days 00:00:00.000000000,110 days 00:00:00.000000000,0 days 00:00:00.000000000
4787,2011-02-01 00:00:00.000000000,2011-03-04 00:00:00.000000000,2011-03-04 00:00:00.000000000,2010-06-02 00:00:00.000000000,2010-06-17 00:00:00.000000000,2010-06-17 00:00:00.000000000,2009-10-16 00:00:00.000000000,229 days 00:00:00.000000000,260 days 00:00:00.000000000,31 days 00:00:00.000000000
4788,2015-02-18 00:00:00.000000000,2015-02-18 00:00:00.000000000,2015-02-25 00:00:00.000000000,2014-10-07 00:00:00.000000000,2014-11-19 00:00:00.000000000,2014-11-19 00:00:00.000000000,2014-07-08 00:00:00.000000000,91 days 00:00:00.000000000,91 days 00:00:00.000000000,0 days 00:00:00.000000000
4789,2011-12-09 00:00:00.000000000,2011-12-09 00:00:00.000000000,2011-12-09 00:00:00.000000000,2011-03-10 00:00:00.000000000,2011-03-28 00:00:00.000000000,2011-03-28 00:00:00.000000000,2010-06-27 00:00:00.000000000,256 days 00:00:00.000000000,256 days 00:00:00.000000000,0 days 00:00:00.000000000
4790,2013-08-07 00:00:00.000000000,2013-08-07 00:00:00.000000000,2013-08-07 00:00:00.000000000,2013-01-30 00:00:00.000000000,2013-03-11 00:00:00.000000000,2013-03-11 00:00:00.000000000,2012-09-03 00:00:00.000000000,149 days 00:00:00.000000000,149 days 00:00:00.000000000,0 days 00:00:00.000000000
4791,2010-02-10 00:00:00.000000000,2010-02-10 00:00:00.000000000,2010-02-10 00:00:00.000000000,2009-08-27 00:00:00.000000000,2009-09-03 00:00:00.000000000,2009-09-03 00:00:00.000000000,2009-03-20 00:00:00.000000000,160 days 00:00:00.000000000,160 days 00:00:00.000000000,0 days 00:00:00.000000000
4792,2014-10-28 00:00:00.000000000,2014-10-28 00:00:00.000000000,2014-11-19 00:00:00.000000000,2014-05-11 00:00:00.000000000,2014-06-26 00:00:00.000000000,2014-06-26 00:00:00.000000000,2014-01-07 00:00:00.000000000,124 days 00:00:00.000000000,124 days 00:00:00.000000000,0 days 00:00:00.000000000
4793,2013-12-31 00:00:00.000000000,2013-12-31 00:00:00.000000000,2014-01-03 00:00:00.000000000,2013-10-03 00:00:00.000000000,2013-10-28 00:00:00.000000000,2013-10-28 00:00:00.000000000,2013-07-31 00:00:00.000000000,64 days 00:00:00.000000000,64 days 00:00:00.000000000,0 days 00:00:00.000000000
4794,2013-01-11 00:00:00.000000000,2013-01-11 00:00:00.000000000,2013-01-11 00:00:00.000000000,2012-07-05 00:00:00.000000000,2012-07-16 00:00:00.000000000,2012-07-16 00:00:00.000000000,2012-01-08 00:00:00.000000000,179 days 00:00:00.000000000,179 days 00:00:00.000000000,0 days 00:00:00.000000000
4795,2011-07-11 00:00:00.000000000,2011-07-11 00:00:00.000000000,2011-07-11 00:00:00.000000000,2010-11-26 00:00:00.000000000,2010-12-14 00:00:00.000000000,2010-12-14 00:00:00.000000000,2010-05-01 00:00:00.000000000,209 days 00:00:00.000000000,209 days 00:00:00.000000000,0 days 00:00:00.000000000
4796,2014-06-14 00:00:00.000000000,2014-06-14 00:00:00.000000000,2014-06-14 00:00:00.000000000,2014-02-27 00:00:00.000000000,2014-03-19 00:00:00.000000000,2014-03-19 00:00:00.000000000,2013-12-02 00:00:00.000000000,87 days 00:00:00.000000000,87 days 00:00:00.000000000,0 days 00:00:00.000000000
4797,2015-08-21 00:00:00.000000000,2015-08-21 00:00:00.000000000,2015-08-21 00:00:00.000000000,2014-10-17 00:00:00.000000000,2014-11-12 00:00:00.000000000,2014-11-12 00:00:00.000000000,2014-01-08 00:00:00.000000000,282 days 00:00:00.000000000,282 days 00:00:00.000000000,0 days 00:00:00.000000000
4798,2015-04-09 00:00:00.000000000,2015-04-09 00:00:00.000000000,2015-04-13 00:00:00.000000000,2014-10-22 00:00:00.000000000,2015-01-07 00:00:00.000000000,2015-01-07 00:00:00.000000000,2014-07-22 00:00:00.000000000,92 days 00:00:00.000000000,92 days 00:00:00.000000000,0 days 00:00:00.000000000
4799,2011-03-01 00:00:00.000000000,2011-03-01 00:00:00.000000000,2011-03-01 00:00:00.000000000,2010-09-03 00:00:00.000000000,2010-09-28 00:00:00.000000000,2010-09-28 00:00:00.000000000,2010-04-02 00:00:00.000000000,154 days 00:00:00.000000000,154 days 00:00:00.000000000,0 days 00:00:00.000000000
4800,2014-08-29 00:00:00.000000000,2014-08-29 00:00:00.000000000,2014-08-29 00:00:00.000000000,2013-07-11 00:00:00.000000000,2014-08-29 00:00:00.000000000,2014-08-29 00:00:00.000000000,2013-07-11 00:00:00.000000000,0 days 00:00:00.000000000,0 days 00:00:00.000000000,0 days 00:00:00.000000000
4801,2012-06-12 00:00:00.000000000,2012-06-12 00:00:00.000000000,2012-06-12 00:00:00.000000000,2012-01-06 00:00:00.000000000,2012-02-24 00:00:00.000000000,2012-02-24 00:00:00.000000000,2011-09-19 00:00:00.000000000,109 days 00:00:00.000000000,109 days 00:00:00.000000000,0 days 00:00:00.000000000
4802,2011-01-28 00:00:00.000000000,2011-01-28 00:00:00.000000000,2011-01-28 00:00:00.000000000,2010-08-13 00:00:00.000000000,2010-09-28 00:00:00.000000000,2010-09-28 00:00:00.000000000,2010-04-13 00:00:00.000000000,122 days 00:00:00.000000000,122 days 00:00:00.000000000,0 days 00:00:00.000000000
4803,2014-12-22 00:00:00.000000000,2014-12-22 00:00:00.000000000,2015-01-13 00:00:00.000000000,2014-06-17 00:00:00.000000000,2014-06-30 00:00:00.000000000,2014-06-30 00:00:00.000000000,2013-12-24 00:00:00.000000000,175 days 00:00:00.000000000,175 days 00:00:00.000000000,0 days 00:00:00.000000000
4804,2015-05-07 00:00:00.000000000,2015-05-07 00:00:00.000000000,2015-05-13 00:00:00.000000000,2014-12-08 00:00:00.000000000,2015-03-13 00:00:00.000000000,2015-03-13 00:00:00.000000000,2014-10-14 00:00:00.000000000,55 days 00:00:00.000000000,55 days 00:00:00.000000000,0 days 00:00:00.000000000
4805,2013-11-07 00:00:00.000000000,2013-11-07 00:00:00.000000000,2013-11-17 00:00:00.000000000,2013-06-10 00:00:00.000000000,2013-07-10 00:00:00.000000000,2013-07-10 00:00:00.000000000,2013-02-10 00:00:00.000000000,120 days 00:00:00.000000000,120 days 00:00:00.000000000,0 days 00:00:00.000000000
4806,2012-12-26 00:00:00.000000000,2012-12-26 00:00:00.000000000,2012-12-26 00:00:00.000000000,2012-09-18 00:00:00.000000000,2012-09-24 00:00:00.000000000,2012-09-24 00:00:00.000000000,2012-06-17 00:00:00.000000000,93 days 00:00:00.000000000,93 days 00:00:00.000000000,0 days 00:00:00.000000000
4807,2010-10-12 00:00:00.000000000,2011-02-01 00:00:00.000000000,2011-02-01 00:00:00.000000000,2010-06-02 00:00:00.000000000,2010-06-17 00:00:00.000000000,2010-06-17 00:00:00.000000000,2010-02-05 00:00:00.000000000,117 days 00:00:00.000000000,229 days 00:00:00.000000000,112 days 00:00:00.000000000
4808,2014-02-06 00:00:00.000000000,2014-02-06 00:00:00.000000000,2014-02-06 00:00:00.000000000,2013-10-08 00:00:00.000000000,2013-12-02 00:00:00.000000000,2013-12-02 00:00:00.000000000,2013-08-03 00:00:00.000000000,66 days 00:00:00.000000000,66 days 00:00:00.000000000,0 days 00:00:00.000000000
4809,2011-02-28 00:00:00.000000000,2011-02-28 00:00:00.000000000,2011-02-28 00:00:00.000000000,2010-09-30 00:00:00.000000000,2010-10-14 00:00:00.000000000,2010-10-14 00:00:00.000000000,2010-05-16 00:00:00.000000000,137 days 00:00:00.000000000,137 days 00:00:00.000000000,0 days 00:00:00.000000000
4810,2013-11-07 00:00:00.000000000,2013-11-07 00:00:00.000000000,2013-11-13 00:00:00.000000000,2013-07-19 00:00:00.000000000,2013-08-06 00:00:00.000000000,2013-08-06 00:00:00.000000000,2013-04-17 00:00:00.000000000,93 days 00:00:00.000000000,93 days 00:00:00.000000000,0 days 00:00:00.000000000
4811,2010-12-22 00:00:00.000000000,2010-12-22 00:00:00.000000000,2010-12-22 00:00:00.000000000,2010-09-30 00:00:00.000000000,2010-10-15 00:00:00.000000000,2010-10-15 00:00:00.000000000,2010-07-24 00:00:00.000000000,68 days 00:00:00.000000000,68 days 00:00:00.000000000,0 days 00:00:00.000000000
4812,2010-03-02 00:00:00.000000000,2010-03-02 00:00:00.000000000,2010-03-02 00:00:00.000000000,2010-01-07 00:00:00.000000000,2010-01-21 00:00:00.000000000,2010-01-21 00:00:00.000000000,2009-11-28 00:00:00.000000000,40 days 00:00:00.000000000,40 days 00:00:00.000000000,0 days 00:00:00.000000000
4813,2013-03-15 00:00:00.000000000,2013-03-15 00:00:00.000000000,2013-03-15 00:00:00.000000000,2013-01-08 00:00:00.000000000,2013-01-23 00:00:00.000000000,2013-01-23 00:00:00.000000000,2012-11-18 00:00:00.000000000,51 days 00:00:00.000000000,51 days 00:00:00.000000000,0 days 00:00:00.000000000
4814,2010-05-05 00:00:00.000000000,2010-05-05 00:00:00.000000000,2010-05-05 00:00:00.000000000,2010-01-15 00:00:00.000000000,2010-02-05 00:00:00.000000000,2010-02-05 00:00:00.000000000,2009-10-18 00:00:00.000000000,89 days 00:00:00.000000000,89 days 00:00:00.000000000,0 days 00:00:00.000000000
4815,2012-04-02 00:00:00.000000000,2012-04-02 00:00:00.000000000,2012-04-02 00:00:00.000000000,2010-10-26 00:00:00.000000000,2010-11-10 00:00:00.000000000,2010-11-10 00:00:00.000000000,2009-06-04 00:00:00.000000000,509 days 00:00:00.000000000,509 days 00:00:00.000000000,0 days 00:00:00.000000000
4816,2014-10-29 00:00:00.000000000,2014-10-29 00:00:00.000000000,2014-10-29 00:00:00.000000000,2014-04-30 00:00:00.000000000,2014-10-29 00:00:00.000000000,2014-10-29 00:00:00.000000000,2014-04-30 00:00:00.000000000,0 days 00:00:00.000000000,0 days 00:00:00.000000000,0 days 00:00:00.000000000
4817,2015-03-31 00:00:00.000000000,2015-03-31 00:00:00.000000000,2015-03-31 00:00:00.000000000,2014-10-24 00:00:00.000000000,2014-10-30 00:00:00.000000000,2014-10-30 00:00:00.000000000,2014-05-25 00:00:00.000000000,152 days 00:00:00.000000000,152 days 00:00:00.000000000,0 days 00:00:00.000000000
4818,2013-01-09 00:00:00.000000000,2013-04-02 00:00:00.000000000,2013-04-02 00:00:00.000000000,2012-10-05 00:00:00.000000000,2012-10-16 00:00:00.000000000,2012-10-16 00:00:00.000000000,2012-07-12 00:00:00.000000000,85 days 00:00:00.000000000,168 days 00:00:00.000000000,83 days 00:00:00.000000000
4819,2013-01-09 00:00:00.000000000,2013-01-17 00:00:00.000000000,2013-01-17 00:00:00.000000000,2012-10-05 00:00:00.000000000,2012-10-16 00:00:00.000000000,2012-10-16 00:00:00.000000000,2012-07-12 00:00:00.000000000,85 days 00:00:00.000000000,93 days 00:00:00.000000000,8 days 00:00:00.000000000
4820,2013-05-22 00:00:00.000000000,2013-05-22 00:00:00.000000000,2013-05-22 00:00:00.000000000,2013-01-29 00:00:00.000000000,2013-02-05 00:00:00.000000000,2013-02-05 00:00:00.000000000,2012-10-15 00:00:00.000000000,106 days 00:00:00.000000000,106 days 00:00:00.000000000,0 days 00:00:00.000000000
4821,2013-07-24 00:00:00.000000000,2013-07-24 00:00:00.000000000,2013-07-24 00:00:00.000000000,2013-02-07 00:00:00.000000000,2013-03-22 00:00:00.000000000,2013-03-22 00:00:00.000000000,2012-10-06 00:00:00.000000000,124 days 00:00:00.000000000,124 days 00:00:00.000000000,0 days 00:00:00.000000000
4822,2014-12-10 00:00:00.000000000,2014-12-10 00:00:00.000000000,2014-12-10 00:00:00.000000000,2014-10-29 00:00:00.000000000,2014-12-10 00:00:00.000000000,2014-12-10 00:00:00.000000000,2014-10-29 00:00:00.000000000,0 days 00:00:00.000000000,0 days 00:00:00.000000000,0 days 00:00:00.000000000
4823,2012-04-02 00:00:00.000000000,2012-04-02 00:00:00.000000000,2012-04-02 00:00:00.000000000,2012-01-18 00:00:00.000000000,2012-01-23 00:00:00.000000000,2012-01-23 00:00:00.000000000,2011-11-09 00:00:00.000000000,70 days 00:00:00.000000000,70 days 00:00:00.000000000,0 days 00:00:00.000000000
4824,2011-03-17 00:00:00.000000000,2011-03-17 00:00:00.000000000,2011-03-17 00:00:00.000000000,2010-06-02 00:00:00.000000000,2010-06-17 00:00:00.000000000,2010-06-17 00:00:00.000000000,2009-09-02 00:00:00.000000000,273 days 00:00:00.000000000,273 days 00:00:00.000000000,0 days 00:00:00.000000000
4825,2013-04-16 00:00:00.000000000,2013-04-16 00:00:00.000000000,2013-04-16 00:00:00.000000000,2013-03-18 00:00:00.000000000,1900-01-01 00:00:00.000000000,2013-04-09 00:00:00.000000000,2013-03-11 00:00:00.000000000,7 days 00:00:00.000000000,7 days 00:00:00.000000000,0 days 00:00:00.000000000
4826,2011-12-19 00:00:00.000000000,2011-12-09 00:00:00.000000000,2011-12-09 00:00:00.000000000,2011-07-28 00:00:00.000000000,2011-08-15 00:00:00.000000000,2011-08-15 00:00:00.000000000,2011-03-24 00:00:00.000000000,126 days 00:00:00.000000000,116 days 00:00:00.000000000,-10 days +00:00:00.000000000
4827,2015-03-13 00:00:00.000000000,2015-03-13 00:00:00.000000000,2015-03-18 00:00:00.000000000,2014-10-22 00:00:00.000000000,2014-12-24 00:00:00.000000000,2014-12-24 00:00:00.000000000,2014-08-04 00:00:00.000000000,79 days 00:00:00.000000000,79 days 00:00:00.000000000,0 days 00:00:00.000000000
4828,2014-08-05 00:00:00.000000000,2014-08-05 00:00:00.000000000,2014-08-05 00:00:00.000000000,2014-04-30 00:00:00.000000000,2014-08-05 00:00:00.000000000,2014-08-05 00:00:00.000000000,2014-04-30 00:00:00.000000000,0 days 00:00:00.000000000,0 days 00:00:00.000000000,0 days 00:00:00.000000000
4829,2012-09-10 00:00:00.000000000,2012-09-10 00:00:00.000000000,2012-09-10 00:00:00.000000000,2012-06-22 00:00:00.000000000,2012-07-16 00:00:00.000000000,2012-07-16 00:00:00.000000000,2012-04-27 00:00:00.000000000,56 days 00:00:00.000000000,56 days 00:00:00.000000000,0 days 00:00:00.000000000
4830,2013-12-09 00:00:00.000000000,2013-12-09 00:00:00.000000000,2013-12-10 00:00:00.000000000,2013-09-24 00:00:00.000000000,2013-10-18 00:00:00.000000000,2013-10-18 00:00:00.000000000,2013-08-03 00:00:00.000000000,52 days 00:00:00.000000000,52 days 00:00:00.000000000,0 days 00:00:00.000000000
4831,2010-08-25 00:00:00.000000000,2010-08-25 00:00:00.000000000,2010-08-25 00:00:00.000000000,2010-03-30 00:00:00.000000000,2010-06-23 00:00:00.000000000,2010-06-23 00:00:00.000000000,2010-01-26 00:00:00.000000000,63 days 00:00:00.000000000,63 days 00:00:00.000000000,0 days 00:00:00.000000000
4832,2014-08-29 00:00:00.000000000,2014-08-29 00:00:00.000000000,2014-08-29 00:00:00.000000000,2013-07-11 00:00:00.000000000,2014-08-29 00:00:00.000000000,2014-08-29 00:00:00.000000000,2013-07-11 00:00:00.000000000,0 days 00:00:00.000000000,0 days 00:00:00.000000000,0 days 00:00:00.000000000
4833,2015-06-23 00:00:00.000000000,2015-06-23 00:00:00.000000000,2015-06-23 00:00:00.000000000,2015-02-19 00:00:00.000000000,2015-05-08 00:00:00.000000000,2015-05-08 00:00:00.000000000,2015-01-04 00:00:00.000000000,46 days 00:00:00.000000000,46 days 00:00:00.000000000,0 days 00:00:00.000000000
4834,2012-04-18 00:00:00.000000000,2012-04-18 00:00:00.000000000,2012-04-18 00:00:00.000000000,2012-01-17 00:00:00.000000000,2012-02-15 00:00:00.000000000,2012-02-15 00:00:00.000000000,2011-11-15 00:00:00.000000000,63 days 00:00:00.000000000,63 days 00:00:00.000000000,0 days 00:00:00.000000000
4835,2009-12-28 00:00:00.000000000,2009-12-28 00:00:00.000000000,2009-12-28 00:00:00.000000000,2009-12-17 00:00:00.000000000,2009-12-23 00:00:00.000000000,2009-12-23 00:00:00.000000000,2009-12-12 00:00:00.000000000,5 days 00:00:00.000000000,5 days 00:00:00.000000000,0 days 00:00:00.000000000
4836,2015-01-26 00:00:00.000000000,2015-01-26 00:00:00.000000000,2015-01-26 00:00:00.000000000,2014-09-11 00:00:00.000000000,2015-01-26 00:00:00.000000000,2015-01-26 00:00:00.000000000,2014-09-11 00:00:00.000000000,0 days 00:00:00.000000000,0 days 00:00:00.000000000,0 days 00:00:00.000000000
4837,2012-02-14 00:00:00.000000000,2012-02-14 00:00:00.000000000,2012-02-14 00:00:00.000000000,2011-11-09 00:00:00.000000000,2011-12-29 00:00:00.000000000,2011-12-29 00:00:00.000000000,2011-09-23 00:00:00.000000000,47 days 00:00:00.000000000,47 days 00:00:00.000000000,0 days 00:00:00.000000000
4838,2014-08-27 00:00:00.000000000,2014-08-27 00:00:00.000000000,2014-08-27 00:00:00.000000000,2013-07-11 00:00:00.000000000,2014-08-27 00:00:00.000000000,2014-08-27 00:00:00.000000000,2013-07-11 00:00:00.000000000,0 days 00:00:00.000000000,0 days 00:00:00.000000000,0 days 00:00:00.000000000
4839,2014-11-04 00:00:00.000000000,2014-11-04 00:00:00.000000000,2014-11-20 00:00:00.000000000,2014-08-11 00:00:00.000000000,2014-08-27 00:00:00.000000000,2014-08-27 00:00:00.000000000,2014-06-03 00:00:00.000000000,69 days 00:00:00.000000000,69 days 00:00:00.000000000,0 days 00:00:00.000000000
4840,2010-06-09 00:00:00.000000000,2010-06-09 00:00:00.000000000,2010-06-09 00:00:00.000000000,2010-03-18 00:00:00.000000000,2010-03-19 00:00:00.000000000,2010-03-19 00:00:00.000000000,2009-12-26 00:00:00.000000000,82 days 00:00:00.000000000,82 days 00:00:00.000000000,0 days 00:00:00.000000000
4841,2015-07-23 00:00:00.000000000,2015-07-23 00:00:00.000000000,2015-07-27 00:00:00.000000000,2015-06-09 00:00:00.000000000,2015-06-25 00:00:00.000000000,2015-06-25 00:00:00.000000000,2015-05-12 00:00:00.000000000,28 days 00:00:00.000000000,28 days 00:00:00.000000000,0 days 00:00:00.000000000
4842,2014-02-06 00:00:00.000000000,2014-02-06 00:00:00.000000000,2014-02-06 00:00:00.000000000,2013-10-08 00:00:00.000000000,2013-12-02 00:00:00.000000000,2013-12-02 00:00:00.000000000,2013-08-03 00:00:00.000000000,66 days 00:00:00.000000000,66 days 00:00:00.000000000,0 days 00:00:00.000000000
4843,2015-06-03 00:00:00.000000000,2015-06-03 00:00:00.000000000,2015-06-05 00:00:00.000000000,2014-12-29 00:00:00.000000000,2015-02-20 00:00:00.000000000,2015-02-20 00:00:00.000000000,2014-09-17 00:00:00.000000000,103 days 00:00:00.000000000,103 days 00:00:00.000000000,0 days 00:00:00.000000000
4844,2012-04-16 00:00:00.000000000,2012-04-16 00:00:00.000000000,2012-04-16 00:00:00.000000000,2011-09-21 00:00:00.000000000,2011-10-03 00:00:00.000000000,2011-10-03 00:00:00.000000000,2011-03-09 00:00:00.000000000,196 days 00:00:00.000000000,196 days 00:00:00.000000000,0 days 00:00:00.000000000
4845,2014-11-12 00:00:00.000000000,2014-11-12 00:00:00.000000000,2014-11-13 00:00:00.000000000,2014-04-30 00:00:00.000000000,2014-07-18 00:00:00.000000000,2014-07-18 00:00:00.000000000,2014-01-03 00:00:00.000000000,117 days 00:00:00.000000000,117 days 00:00:00.000000000,0 days 00:00:00.000000000
4846,2011-07-22 00:00:00.000000000,2011-07-22 00:00:00.000000000,2011-07-22 00:00:00.000000000,2011-04-01 00:00:00.000000000,2011-04-21 00:00:00.000000000,2011-04-21 00:00:00.000000000,2010-12-30 00:00:00.000000000,92 days 00:00:00.000000000,92 days 00:00:00.000000000,0 days 00:00:00.000000000
4847,2013-04-16 00:00:00.000000000,2013-04-16 00:00:00.000000000,2013-04-16 00:00:00.000000000,2013-03-18 00:00:00.000000000,1900-01-01 00:00:00.000000000,2013-04-09 00:00:00.000000000,2013-03-11 00:00:00.000000000,7 days 00:00:00.000000000,7 days 00:00:00.000000000,0 days 00:00:00.000000000
4848,2014-04-07 00:00:00.000000000,2014-04-07 00:00:00.000000000,2014-04-07 00:00:00.000000000,2013-10-04 00:00:00.000000000,2013-10-10 00:00:00.000000000,2013-10-10 00:00:00.000000000,2013-04-08 00:00:00.000000000,179 days 00:00:00.000000000,179 days 00:00:00.000000000,0 days 00:00:00.000000000
4849,2010-10-12 00:00:00.000000000,2010-10-12 00:00:00.000000000,2010-10-12 00:00:00.000000000,2010-06-02 00:00:00.000000000,2010-06-17 00:00:00.000000000,2010-06-17 00:00:00.000000000,2010-02-05 00:00:00.000000000,117 days 00:00:00.000000000,117 days 00:00:00.000000000,0 days 00:00:00.000000000
4850,2011-10-05 00:00:00.000000000,2011-11-24 00:00:00.000000000,2011-11-24 00:00:00.000000000,2010-11-26 00:00:00.000000000,2010-12-14 00:00:00.000000000,2010-12-14 00:00:00.000000000,2010-02-04 00:00:00.000000000,295 days 00:00:00.000000000,345 days 00:00:00.000000000,50 days 00:00:00.000000000
4851,2010-11-24 00:00:00.000000000,2010-11-24 00:00:00.000000000,2010-11-24 00:00:00.000000000,2010-08-26 00:00:00.000000000,2010-09-16 00:00:00.000000000,2010-09-16 00:00:00.000000000,2010-06-18 00:00:00.000000000,69 days 00:00:00.000000000,69 days 00:00:00.000000000,0 days 00:00:00.000000000
4852,2013-05-17 00:00:00.000000000,2013-05-17 00:00:00.000000000,2013-05-17 00:00:00.000000000,2012-08-23 00:00:00.000000000,2012-09-12 00:00:00.000000000,2012-09-12 00:00:00.000000000,2011-12-20 00:00:00.000000000,247 days 00:00:00.000000000,247 days 00:00:00.000000000,0 days 00:00:00.000000000
4853,2010-05-12 00:00:00.000000000,2010-05-12 00:00:00.000000000,2010-05-12 00:00:00.000000000,2010-04-30 00:00:00.000000000,2010-05-05 00:00:00.000000000,2010-05-05 00:00:00.000000000,2010-04-23 00:00:00.000000000,7 days 00:00:00.000000000,7 days 00:00:00.000000000,0 days 00:00:00.000000000
4854,2015-08-24 00:00:00.000000000,2015-08-24 00:00:00.000000000,2015-08-24 00:00:00.000000000,2014-09-11 00:00:00.000000000,2014-10-09 00:00:00.000000000,2014-10-09 00:00:00.000000000,2013-10-27 00:00:00.000000000,319 days 00:00:00.000000000,319 days 00:00:00.000000000,0 days 00:00:00.000000000
4855,2011-04-05 00:00:00.000000000,2011-04-08 00:00:00.000000000,2011-04-08 00:00:00.000000000,2010-11-26 00:00:00.000000000,2010-12-14 00:00:00.000000000,2010-12-14 00:00:00.000000000,2010-08-06 00:00:00.000000000,112 days 00:00:00.000000000,115 days 00:00:00.000000000,3 days 00:00:00.000000000
4856,2013-01-09 00:00:00.000000000,2013-01-17 00:00:00.000000000,2013-01-17 00:00:00.000000000,2012-10-05 00:00:00.000000000,2012-10-16 00:00:00.000000000,2012-10-16 00:00:00.000000000,2012-07-12 00:00:00.000000000,85 days 00:00:00.000000000,93 days 00:00:00.000000000,8 days 00:00:00.000000000
4857,2014-11-05 00:00:00.000000000,2014-11-05 00:00:00.000000000,2014-11-05 00:00:00.000000000,2014-04-30 00:00:00.000000000,2014-11-04 00:00:00.000000000,2014-11-04 00:00:00.000000000,2014-04-29 00:00:00.000000000,1 days 00:00:00.000000000,1 days 00:00:00.000000000,0 days 00:00:00.000000000
4858,2014-08-29 00:00:00.000000000,2014-08-29 00:00:00.000000000,2014-09-03 00:00:00.000000000,2014-03-27 00:00:00.000000000,2014-04-29 00:00:00.000000000,2014-04-29 00:00:00.000000000,2013-11-25 00:00:00.000000000,122 days 00:00:00.000000000,122 days 00:00:00.000000000,0 days 00:00:00.000000000
4859,2013-11-07 00:00:00.000000000,2013-10-30 00:00:00.000000000,2013-10-31 00:00:00.000000000,2013-08-19 00:00:00.000000000,2013-08-23 00:00:00.000000000,2013-08-23 00:00:00.000000000,2013-06-04 00:00:00.000000000,76 days 00:00:00.000000000,68 days 00:00:00.000000000,-8 days +00:00:00.000000000
4860,2009-12-30 00:00:00.000000000,2009-12-30 00:00:00.000000000,2009-12-30 00:00:00.000000000,2009-10-27 00:00:00.000000000,2009-11-25 00:00:00.000000000,2009-11-25 00:00:00.000000000,2009-09-22 00:00:00.000000000,35 days 00:00:00.000000000,35 days 00:00:00.000000000,0 days 00:00:00.000000000
4861,2014-08-27 00:00:00.000000000,2014-08-27 00:00:00.000000000,2014-08-27 00:00:00.000000000,2013-07-11 00:00:00.000000000,2014-08-27 00:00:00.000000000,2014-08-27 00:00:00.000000000,2013-07-11 00:00:00.000000000,0 days 00:00:00.000000000,0 days 00:00:00.000000000,0 days 00:00:00.000000000
4862,2011-05-31 00:00:00.000000000,2011-05-31 00:00:00.000000000,2011-05-31 00:00:00.000000000,2010-09-03 00:00:00.000000000,2010-09-28 00:00:00.000000000,2010-09-28 00:00:00.000000000,2010-01-01 00:00:00.000000000,245 days 00:00:00.000000000,245 days 00:00:00.000000000,0 days 00:00:00.000000000
4863,2011-09-06 00:00:00.000000000,2011-09-06 00:00:00.000000000,2011-09-06 00:00:00.000000000,2011-07-13 00:00:00.000000000,2011-07-20 00:00:00.000000000,2011-07-20 00:00:00.000000000,2011-05-26 00:00:00.000000000,48 days 00:00:00.000000000,48 days 00:00:00.000000000,0 days 00:00:00.000000000
4864,2013-12-12 00:00:00.000000000,2013-12-12 00:00:00.000000000,2013-12-13 00:00:00.000000000,2013-04-26 00:00:00.000000000,2013-05-21 00:00:00.000000000,2013-05-21 00:00:00.000000000,2012-10-03 00:00:00.000000000,205 days 00:00:00.000000000,205 days 00:00:00.000000000,0 days 00:00:00.000000000
4865,2011-07-08 00:00:00.000000000,2011-07-08 00:00:00.000000000,2011-07-08 00:00:00.000000000,2011-03-30 00:00:00.000000000,2011-04-21 00:00:00.000000000,2011-04-21 00:00:00.000000000,2011-01-11 00:00:00.000000000,78 days 00:00:00.000000000,78 days 00:00:00.000000000,0 days 00:00:00.000000000
4866,2014-12-10 00:00:00.000000000,2014-12-10 00:00:00.000000000,2014-12-10 00:00:00.000000000,2014-10-29 00:00:00.000000000,2014-12-10 00:00:00.000000000,2014-12-10 00:00:00.000000000,2014-10-29 00:00:00.000000000,0 days 00:00:00.000000000,0 days 00:00:00.000000000,0 days 00:00:00.000000000
4867,2011-05-03 00:00:00.000000000,2011-05-03 00:00:00.000000000,2011-05-03 00:00:00.000000000,2010-08-31 00:00:00.000000000,2010-09-24 00:00:00.000000000,2010-09-24 00:00:00.000000000,2010-01-22 00:00:00.000000000,221 days 00:00:00.000000000,221 days 00:00:00.000000000,0 days 00:00:00.000000000
4868,2010-10-10 00:00:00.000000000,2010-10-10 00:00:00.000000000,2010-10-10 00:00:00.000000000,2009-02-27 00:00:00.000000000,2010-04-15 00:00:00.000000000,2010-04-15 00:00:00.000000000,2008-09-02 00:00:00.000000000,178 days 00:00:00.000000000,178 days 00:00:00.000000000,0 days 00:00:00.000000000
4869,2013-04-16 00:00:00.000000000,2013-04-16 00:00:00.000000000,2013-04-16 00:00:00.000000000,2013-03-18 00:00:00.000000000,1900-01-01 00:00:00.000000000,2013-04-09 00:00:00.000000000,2013-03-11 00:00:00.000000000,7 days 00:00:00.000000000,7 days 00:00:00.000000000,0 days 00:00:00.000000000
4870,2013-01-09 00:00:00.000000000,2013-03-20 00:00:00.000000000,2013-03-20 00:00:00.000000000,2012-10-05 00:00:00.000000000,2012-10-16 00:00:00.000000000,2012-10-16 00:00:00.000000000,2012-07-12 00:00:00.000000000,85 days 00:00:00.000000000,155 days 00:00:00.000000000,70 days 00:00:00.000000000
4871,2009-10-08 00:00:00.000000000,2009-10-14 00:00:00.000000000,2009-10-14 00:00:00.000000000,2009-05-07 00:00:00.000000000,2009-08-03 00:00:00.000000000,2009-08-03 00:00:00.000000000,2009-03-02 00:00:00.000000000,66 days 00:00:00.000000000,72 days 00:00:00.000000000,6 days 00:00:00.000000000
4872,2010-06-18 00:00:00.000000000,2010-06-18 00:00:00.000000000,2010-06-18 00:00:00.000000000,2009-11-03 00:00:00.000000000,2009-11-13 00:00:00.000000000,2009-11-13 00:00:00.000000000,2009-03-31 00:00:00.000000000,217 days 00:00:00.000000000,217 days 00:00:00.000000000,0 days 00:00:00.000000000
4873,2013-10-19 00:00:00.000000000,2013-10-19 00:00:00.000000000,2013-10-22 00:00:00.000000000,2013-05-31 00:00:00.000000000,2013-06-13 00:00:00.000000000,2013-06-13 00:00:00.000000000,2013-01-23 00:00:00.000000000,128 days 00:00:00.000000000,128 days 00:00:00.000000000,0 days 00:00:00.000000000
4874,2011-10-19 00:00:00.000000000,2011-10-19 00:00:00.000000000,2011-10-19 00:00:00.000000000,2011-03-31 00:00:00.000000000,2011-04-14 00:00:00.000000000,2011-04-14 00:00:00.000000000,2010-09-24 00:00:00.000000000,188 days 00:00:00.000000000,188 days 00:00:00.000000000,0 days 00:00:00.000000000
4875,2012-05-23 00:00:00.000000000,2012-05-23 00:00:00.000000000,2012-05-23 00:00:00.000000000,2011-11-30 00:00:00.000000000,2012-03-13 00:00:00.000000000,2012-03-13 00:00:00.000000000,2011-09-20 00:00:00.000000000,71 days 00:00:00.000000000,71 days 00:00:00.000000000,0 days 00:00:00.000000000
4876,2014-12-04 00:00:00.000000000,2014-12-04 00:00:00.000000000,2014-12-08 00:00:00.000000000,2014-01-31 00:00:00.000000000,2014-03-03 00:00:00.000000000,2014-03-03 00:00:00.000000000,2013-04-30 00:00:00.000000000,276 days 00:00:00.000000000,276 days 00:00:00.000000000,0 days 00:00:00.000000000
4877,2010-01-11 00:00:00.000000000,2010-01-11 00:00:00.000000000,2010-01-11 00:00:00.000000000,2009-09-16 00:00:00.000000000,2009-10-22 00:00:00.000000000,2009-10-22 00:00:00.000000000,2009-06-27 00:00:00.000000000,81 days 00:00:00.000000000,81 days 00:00:00.000000000,0 days 00:00:00.000000000
4878,2011-07-26 00:00:00.000000000,2011-07-26 00:00:00.000000000,2011-07-26 00:00:00.000000000,2011-04-21 00:00:00.000000000,2011-05-02 00:00:00.000000000,2011-05-02 00:00:00.000000000,2011-01-26 00:00:00.000000000,85 days 00:00:00.000000000,85 days 00:00:00.000000000,0 days 00:00:00.000000000
4879,2013-08-10 00:00:00.000000000,2013-08-10 00:00:00.000000000,2013-08-10 00:00:00.000000000,2012-12-17 00:00:00.000000000,2013-01-11 00:00:00.000000000,2013-01-11 00:00:00.000000000,2012-05-20 00:00:00.000000000,211 days 00:00:00.000000000,211 days 00:00:00.000000000,0 days 00:00:00.000000000
4880,2013-07-01 00:00:00.000000000,2013-07-01 00:00:00.000000000,2013-07-01 00:00:00.000000000,2013-01-29 00:00:00.000000000,2013-02-06 00:00:00.000000000,2013-02-06 00:00:00.000000000,2012-09-06 00:00:00.000000000,145 days 00:00:00.000000000,145 days 00:00:00.000000000,0 days 00:00:00.000000000
4881,2015-03-11 00:00:00.000000000,2015-03-11 00:00:00.000000000,2015-03-31 00:00:00.000000000,2014-08-19 00:00:00.000000000,2014-09-19 00:00:00.000000000,2014-09-19 00:00:00.000000000,2014-02-27 00:00:00.000000000,173 days 00:00:00.000000000,173 days 00:00:00.000000000,0 days 00:00:00.000000000
4882,2014-11-06 00:00:00.000000000,2014-11-06 00:00:00.000000000,2014-11-07 00:00:00.000000000,2014-06-11 00:00:00.000000000,2014-06-23 00:00:00.000000000,2014-06-23 00:00:00.000000000,2014-01-26 00:00:00.000000000,136 days 00:00:00.000000000,136 days 00:00:00.000000000,0 days 00:00:00.000000000
4883,2014-11-10 00:00:00.000000000,2014-11-10 00:00:00.000000000,2014-11-12 00:00:00.000000000,2014-04-30 00:00:00.000000000,2014-07-08 00:00:00.000000000,2014-07-08 00:00:00.000000000,2013-12-26 00:00:00.000000000,125 days 00:00:00.000000000,125 days 00:00:00.000000000,0 days 00:00:00.000000000
4884,2012-01-09 00:00:00.000000000,2012-01-09 00:00:00.000000000,2012-01-09 00:00:00.000000000,2011-03-11 00:00:00.000000000,2011-03-30 00:00:00.000000000,2011-03-30 00:00:00.000000000,2010-05-30 00:00:00.000000000,285 days 00:00:00.000000000,285 days 00:00:00.000000000,0 days 00:00:00.000000000
4885,2014-01-31 00:00:00.000000000,2014-01-31 00:00:00.000000000,2014-02-03 00:00:00.000000000,2013-04-18 00:00:00.000000000,2013-05-21 00:00:00.000000000,2013-05-21 00:00:00.000000000,2012-08-06 00:00:00.000000000,255 days 00:00:00.000000000,255 days 00:00:00.000000000,0 days 00:00:00.000000000
4886,2015-08-24 00:00:00.000000000,2015-08-24 00:00:00.000000000,2015-08-24 00:00:00.000000000,2014-09-11 00:00:00.000000000,2014-10-09 00:00:00.000000000,2014-10-09 00:00:00.000000000,2013-10-27 00:00:00.000000000,319 days 00:00:00.000000000,319 days 00:00:00.000000000,0 days 00:00:00.000000000
4887,2013-11-08 00:00:00.000000000,2013-11-08 00:00:00.000000000,2013-11-13 00:00:00.000000000,2013-07-08 00:00:00.000000000,2013-07-30 00:00:00.000000000,2013-07-30 00:00:00.000000000,2013-03-29 00:00:00.000000000,101 days 00:00:00.000000000,101 days 00:00:00.000000000,0 days 00:00:00.000000000
4888,2014-09-05 00:00:00.000000000,2014-09-05 00:00:00.000000000,2014-09-16 00:00:00.000000000,2014-04-23 00:00:00.000000000,2014-05-20 00:00:00.000000000,2014-05-20 00:00:00.000000000,2014-01-05 00:00:00.000000000,108 days 00:00:00.000000000,108 days 00:00:00.000000000,0 days 00:00:00.000000000
4889,2012-01-27 00:00:00.000000000,2012-01-27 00:00:00.000000000,2012-01-27 00:00:00.000000000,2011-10-26 00:00:00.000000000,2011-11-11 00:00:00.000000000,2011-11-11 00:00:00.000000000,2011-08-10 00:00:00.000000000,77 days 00:00:00.000000000,77 days 00:00:00.000000000,0 days 00:00:00.000000000
4890,2013-08-16 00:00:00.000000000,2013-08-16 00:00:00.000000000,2013-08-16 00:00:00.000000000,2013-05-17 00:00:00.000000000,2013-06-14 00:00:00.000000000,2013-06-14 00:00:00.000000000,2013-03-15 00:00:00.000000000,63 days 00:00:00.000000000,63 days 00:00:00.000000000,0 days 00:00:00.000000000
4891,2014-08-19 00:00:00.000000000,2014-09-09 00:00:00.000000000,2014-09-29 00:00:00.000000000,2014-05-16 00:00:00.000000000,2014-06-02 00:00:00.000000000,2014-06-02 00:00:00.000000000,2014-02-27 00:00:00.000000000,78 days 00:00:00.000000000,99 days 00:00:00.000000000,21 days 00:00:00.000000000
4892,2010-05-12 00:00:00.000000000,2010-05-12 00:00:00.000000000,2010-05-12 00:00:00.000000000,2010-04-30 00:00:00.000000000,2010-05-05 00:00:00.000000000,2010-05-05 00:00:00.000000000,2010-04-23 00:00:00.000000000,7 days 00:00:00.000000000,7 days 00:00:00.000000000,0 days 00:00:00.000000000
4893,2014-08-27 00:00:00.000000000,2014-08-27 00:00:00.000000000,2014-08-27 00:00:00.000000000,2013-07-11 00:00:00.000000000,2014-08-27 00:00:00.000000000,2014-08-27 00:00:00.000000000,2013-07-11 00:00:00.000000000,0 days 00:00:00.000000000,0 days 00:00:00.000000000,0 days 00:00:00.000000000
4894,2011-05-04 00:00:00.000000000,2011-05-04 00:00:00.000000000,2011-05-04 00:00:00.000000000,2011-01-13 00:00:00.000000000,2011-02-01 00:00:00.000000000,2011-02-01 00:00:00.000000000,2010-10-13 00:00:00.000000000,92 days 00:00:00.000000000,92 days 00:00:00.000000000,0 days 00:00:00.000000000
4895,2014-10-30 00:00:00.000000000,2014-10-30 00:00:00.000000000,2014-11-04 00:00:00.000000000,2014-04-08 00:00:00.000000000,2014-04-30 00:00:00.000000000,2014-04-30 00:00:00.000000000,2013-10-07 00:00:00.000000000,183 days 00:00:00.000000000,183 days 00:00:00.000000000,0 days 00:00:00.000000000
4896,2012-01-24 00:00:00.000000000,2012-01-24 00:00:00.000000000,2012-01-24 00:00:00.000000000,2011-12-06 00:00:00.000000000,2011-12-13 00:00:00.000000000,2011-12-13 00:00:00.000000000,2011-10-25 00:00:00.000000000,42 days 00:00:00.000000000,42 days 00:00:00.000000000,0 days 00:00:00.000000000
4897,2010-11-22 00:00:00.000000000,2010-11-22 00:00:00.000000000,2010-11-22 00:00:00.000000000,2010-08-26 00:00:00.000000000,2010-09-16 00:00:00.000000000,2010-09-16 00:00:00.000000000,2010-06-20 00:00:00.000000000,67 days 00:00:00.000000000,67 days 00:00:00.000000000,0 days 00:00:00.000000000
4898,2011-10-20 00:00:00.000000000,2011-10-20 00:00:00.000000000,2011-10-20 00:00:00.000000000,2011-08-04 00:00:00.000000000,2011-08-18 00:00:00.000000000,2011-08-18 00:00:00.000000000,2011-06-02 00:00:00.000000000,63 days 00:00:00.000000000,63 days 00:00:00.000000000,0 days 00:00:00.000000000
4899,2014-05-09 00:00:00.000000000,2014-05-09 00:00:00.000000000,2014-05-12 00:00:00.000000000,2013-08-21 00:00:00.000000000,2013-10-24 00:00:00.000000000,2013-10-24 00:00:00.000000000,2013-02-05 00:00:00.000000000,197 days 00:00:00.000000000,197 days 00:00:00.000000000,0 days 00:00:00.000000000
4900,2011-11-30 00:00:00.000000000,2011-11-30 00:00:00.000000000,2011-11-30 00:00:00.000000000,2011-07-11 00:00:00.000000000,2011-07-27 00:00:00.000000000,2011-07-27 00:00:00.000000000,2011-03-07 00:00:00.000000000,126 days 00:00:00.000000000,126 days 00:00:00.000000000,0 days 00:00:00.000000000
4901,2014-08-27 00:00:00.000000000,2014-08-27 00:00:00.000000000,2014-08-27 00:00:00.000000000,2013-07-11 00:00:00.000000000,2014-08-27 00:00:00.000000000,2014-08-27 00:00:00.000000000,2013-07-11 00:00:00.000000000,0 days 00:00:00.000000000,0 days 00:00:00.000000000,0 days 00:00:00.000000000
4902,2014-03-04 00:00:00.000000000,2014-03-04 00:00:00.000000000,2014-03-05 00:00:00.000000000,2013-10-23 00:00:00.000000000,2013-10-30 00:00:00.000000000,2013-10-30 00:00:00.000000000,2013-06-20 00:00:00.000000000,125 days 00:00:00.000000000,125 days 00:00:00.000000000,0 days 00:00:00.000000000
4903,2014-08-19 00:00:00.000000000,2014-08-27 00:00:00.000000000,2014-09-04 00:00:00.000000000,2014-05-16 00:00:00.000000000,2014-06-02 00:00:00.000000000,2014-06-02 00:00:00.000000000,2014-02-27 00:00:00.000000000,78 days 00:00:00.000000000,86 days 00:00:00.000000000,8 days 00:00:00.000000000
4904,2010-03-09 00:00:00.000000000,2010-03-09 00:00:00.000000000,2010-03-09 00:00:00.000000000,2009-11-25 00:00:00.000000000,2009-12-02 00:00:00.000000000,2009-12-02 00:00:00.000000000,2009-08-20 00:00:00.000000000,97 days 00:00:00.000000000,97 days 00:00:00.000000000,0 days 00:00:00.000000000
4905,2012-05-16 00:00:00.000000000,2012-05-16 00:00:00.000000000,2012-05-16 00:00:00.000000000,2011-12-15 00:00:00.000000000,2012-01-16 00:00:00.000000000,2012-01-16 00:00:00.000000000,2011-08-16 00:00:00.000000000,121 days 00:00:00.000000000,121 days 00:00:00.000000000,0 days 00:00:00.000000000
4906,2014-06-25 00:00:00.000000000,2014-06-25 00:00:00.000000000,2014-06-25 00:00:00.000000000,2014-04-30 00:00:00.000000000,2014-06-26 00:00:00.000000000,2014-06-26 00:00:00.000000000,2014-05-01 00:00:00.000000000,-1 days +00:00:00.000000000,-1 days +00:00:00.000000000,0 days 00:00:00.000000000
4907,2011-04-23 00:00:00.000000000,2011-04-23 00:00:00.000000000,2011-04-23 00:00:00.000000000,2011-02-05 00:00:00.000000000,2011-02-25 00:00:00.000000000,2011-02-25 00:00:00.000000000,2010-12-10 00:00:00.000000000,57 days 00:00:00.000000000,57 days 00:00:00.000000000,0 days 00:00:00.000000000
4908,2014-07-17 00:00:00.000000000,2014-07-17 00:00:00.000000000,2014-07-17 00:00:00.000000000,2014-03-24 00:00:00.000000000,2014-04-23 00:00:00.000000000,2014-04-23 00:00:00.000000000,2013-12-29 00:00:00.000000000,85 days 00:00:00.000000000,85 days 00:00:00.000000000,0 days 00:00:00.000000000
4909,2012-06-05 00:00:00.000000000,2012-06-05 00:00:00.000000000,2012-06-05 00:00:00.000000000,2012-02-17 00:00:00.000000000,2012-04-09 00:00:00.000000000,2012-04-09 00:00:00.000000000,2011-12-22 00:00:00.000000000,57 days 00:00:00.000000000,57 days 00:00:00.000000000,0 days 00:00:00.000000000
4910,2015-04-10 00:00:00.000000000,2015-04-10 00:00:00.000000000,2015-04-13 00:00:00.000000000,2014-08-11 00:00:00.000000000,2014-09-25 00:00:00.000000000,2014-09-25 00:00:00.000000000,2014-01-26 00:00:00.000000000,197 days 00:00:00.000000000,197 days 00:00:00.000000000,0 days 00:00:00.000000000
4911,2012-03-05 00:00:00.000000000,2012-03-05 00:00:00.000000000,2012-03-05 00:00:00.000000000,2011-12-22 00:00:00.000000000,2012-01-24 00:00:00.000000000,2012-01-24 00:00:00.000000000,2011-11-11 00:00:00.000000000,41 days 00:00:00.000000000,41 days 00:00:00.000000000,0 days 00:00:00.000000000
4912,2011-10-07 00:00:00.000000000,2011-10-07 00:00:00.000000000,2011-10-07 00:00:00.000000000,2011-06-21 00:00:00.000000000,2011-08-04 00:00:00.000000000,2011-08-04 00:00:00.000000000,2011-04-18 00:00:00.000000000,64 days 00:00:00.000000000,64 days 00:00:00.000000000,0 days 00:00:00.000000000
4913,2015-03-09 00:00:00.000000000,2015-03-09 00:00:00.000000000,2015-03-09 00:00:00.000000000,2014-09-11 00:00:00.000000000,2015-03-09 00:00:00.000000000,2015-03-09 00:00:00.000000000,2014-09-11 00:00:00.000000000,0 days 00:00:00.000000000,0 days 00:00:00.000000000,0 days 00:00:00.000000000
4914,2015-06-30 00:00:00.000000000,2015-06-26 00:00:00.000000000,2015-07-02 00:00:00.000000000,2014-12-08 00:00:00.000000000,2015-03-13 00:00:00.000000000,2015-03-13 00:00:00.000000000,2014-08-21 00:00:00.000000000,109 days 00:00:00.000000000,105 days 00:00:00.000000000,-4 days +00:00:00.000000000
4915,2015-05-12 00:00:00.000000000,2015-05-12 00:00:00.000000000,2015-05-12 00:00:00.000000000,2014-09-11 00:00:00.000000000,2015-05-11 00:00:00.000000000,2015-05-11 00:00:00.000000000,2014-09-10 00:00:00.000000000,1 days 00:00:00.000000000,1 days 00:00:00.000000000,0 days 00:00:00.000000000
4916,2013-04-16 00:00:00.000000000,2013-04-16 00:00:00.000000000,2013-04-16 00:00:00.000000000,2013-03-18 00:00:00.000000000,1900-01-01 00:00:00.000000000,2013-04-09 00:00:00.000000000,2013-03-11 00:00:00.000000000,7 days 00:00:00.000000000,7 days 00:00:00.000000000,0 days 00:00:00.000000000
4917,2010-03-17 00:00:00.000000000,2010-03-17 00:00:00.000000000,2010-03-17 00:00:00.000000000,2009-10-20 00:00:00.000000000,2009-11-13 00:00:00.000000000,2009-11-13 00:00:00.000000000,2009-06-18 00:00:00.000000000,124 days 00:00:00.000000000,124 days 00:00:00.000000000,0 days 00:00:00.000000000
4918,2010-08-24 00:00:00.000000000,2010-09-20 00:00:00.000000000,2010-09-20 00:00:00.000000000,2010-03-18 00:00:00.000000000,2010-03-19 00:00:00.000000000,2010-03-19 00:00:00.000000000,2009-10-11 00:00:00.000000000,158 days 00:00:00.000000000,185 days 00:00:00.000000000,27 days 00:00:00.000000000
4919,2013-07-25 00:00:00.000000000,2013-07-25 00:00:00.000000000,2013-07-25 00:00:00.000000000,2013-01-30 00:00:00.000000000,2013-03-07 00:00:00.000000000,2013-03-07 00:00:00.000000000,2012-09-12 00:00:00.000000000,140 days 00:00:00.000000000,140 days 00:00:00.000000000,0 days 00:00:00.000000000
4920,2013-11-07 00:00:00.000000000,2013-11-07 00:00:00.000000000,2013-11-08 00:00:00.000000000,2013-08-19 00:00:00.000000000,2013-08-23 00:00:00.000000000,2013-08-23 00:00:00.000000000,2013-06-04 00:00:00.000000000,76 days 00:00:00.000000000,76 days 00:00:00.000000000,0 days 00:00:00.000000000
4921,2015-07-24 00:00:00.000000000,2015-07-24 00:00:00.000000000,2015-07-24 00:00:00.000000000,2014-09-11 00:00:00.000000000,2014-10-09 00:00:00.000000000,2014-10-09 00:00:00.000000000,2013-11-27 00:00:00.000000000,288 days 00:00:00.000000000,288 days 00:00:00.000000000,0 days 00:00:00.000000000
4922,2010-03-05 00:00:00.000000000,2010-03-05 00:00:00.000000000,2010-03-05 00:00:00.000000000,2010-02-02 00:00:00.000000000,2010-02-03 00:00:00.000000000,2010-02-03 00:00:00.000000000,2010-01-03 00:00:00.000000000,30 days 00:00:00.000000000,30 days 00:00:00.000000000,0 days 00:00:00.000000000
4923,2012-06-29 00:00:00.000000000,2012-06-29 00:00:00.000000000,2012-06-29 00:00:00.000000000,2012-05-16 00:00:00.000000000,2012-06-01 00:00:00.000000000,2012-06-01 00:00:00.000000000,2012-04-18 00:00:00.000000000,28 days 00:00:00.000000000,28 days 00:00:00.000000000,0 days 00:00:00.000000000
4924,2011-02-10 00:00:00.000000000,2011-02-10 00:00:00.000000000,2011-02-10 00:00:00.000000000,2010-09-27 00:00:00.000000000,2010-11-22 00:00:00.000000000,2010-11-22 00:00:00.000000000,2010-07-09 00:00:00.000000000,80 days 00:00:00.000000000,80 days 00:00:00.000000000,0 days 00:00:00.000000000
4925,2013-09-02 00:00:00.000000000,2013-09-02 00:00:00.000000000,2013-09-02 00:00:00.000000000,2013-02-07 00:00:00.000000000,2013-03-22 00:00:00.000000000,2013-03-22 00:00:00.000000000,2012-08-27 00:00:00.000000000,164 days 00:00:00.000000000,164 days 00:00:00.000000000,0 days 00:00:00.000000000
4926,2014-04-04 00:00:00.000000000,2014-04-04 00:00:00.000000000,2014-04-22 00:00:00.000000000,2014-02-05 00:00:00.000000000,2014-02-28 00:00:00.000000000,2014-02-28 00:00:00.000000000,2014-01-01 00:00:00.000000000,35 days 00:00:00.000000000,35 days 00:00:00.000000000,0 days 00:00:00.000000000
4927,2011-06-27 00:00:00.000000000,2011-06-27 00:00:00.000000000,2011-06-27 00:00:00.000000000,2010-12-27 00:00:00.000000000,2011-05-02 00:00:00.000000000,2011-05-02 00:00:00.000000000,2010-11-01 00:00:00.000000000,56 days 00:00:00.000000000,56 days 00:00:00.000000000,0 days 00:00:00.000000000
4928,2010-05-31 00:00:00.000000000,2010-05-31 00:00:00.000000000,2010-05-31 00:00:00.000000000,2010-04-19 00:00:00.000000000,2010-04-21 00:00:00.000000000,2010-04-21 00:00:00.000000000,2010-03-10 00:00:00.000000000,40 days 00:00:00.000000000,40 days 00:00:00.000000000,0 days 00:00:00.000000000
4929,2013-06-04 00:00:00.000000000,2013-06-04 00:00:00.000000000,2013-06-04 00:00:00.000000000,2012-12-14 00:00:00.000000000,2013-01-15 00:00:00.000000000,2013-01-15 00:00:00.000000000,2012-07-27 00:00:00.000000000,140 days 00:00:00.000000000,140 days 00:00:00.000000000,0 days 00:00:00.000000000
4930,2014-08-29 00:00:00.000000000,2014-08-29 00:00:00.000000000,2014-08-29 00:00:00.000000000,2013-07-11 00:00:00.000000000,2014-08-29 00:00:00.000000000,2014-08-29 00:00:00.000000000,2013-07-11 00:00:00.000000000,0 days 00:00:00.000000000,0 days 00:00:00.000000000,0 days 00:00:00.000000000
4931,2014-01-24 00:00:00.000000000,2014-01-24 00:00:00.000000000,2014-02-05 00:00:00.000000000,2013-08-13 00:00:00.000000000,2013-10-15 00:00:00.000000000,2013-10-15 00:00:00.000000000,2013-05-04 00:00:00.000000000,101 days 00:00:00.000000000,101 days 00:00:00.000000000,0 days 00:00:00.000000000
4932,2011-10-05 00:00:00.000000000,2011-10-05 00:00:00.000000000,2011-10-05 00:00:00.000000000,2011-06-24 00:00:00.000000000,2011-07-14 00:00:00.000000000,2011-07-14 00:00:00.000000000,2011-04-02 00:00:00.000000000,83 days 00:00:00.000000000,83 days 00:00:00.000000000,0 days 00:00:00.000000000
4933,2011-02-10 00:00:00.000000000,2011-02-10 00:00:00.000000000,2011-02-10 00:00:00.000000000,2010-09-27 00:00:00.000000000,2010-11-22 00:00:00.000000000,2010-11-22 00:00:00.000000000,2010-07-09 00:00:00.000000000,80 days 00:00:00.000000000,80 days 00:00:00.000000000,0 days 00:00:00.000000000
4934,2014-03-19 00:00:00.000000000,2014-03-19 00:00:00.000000000,2014-03-24 00:00:00.000000000,2013-12-16 00:00:00.000000000,2014-01-22 00:00:00.000000000,2014-01-22 00:00:00.000000000,2013-10-21 00:00:00.000000000,56 days 00:00:00.000000000,56 days 00:00:00.000000000,0 days 00:00:00.000000000
4935,2010-12-08 00:00:00.000000000,2010-12-08 00:00:00.000000000,2010-12-08 00:00:00.000000000,2010-08-31 00:00:00.000000000,2010-09-24 00:00:00.000000000,2010-09-24 00:00:00.000000000,2010-06-17 00:00:00.000000000,75 days 00:00:00.000000000,75 days 00:00:00.000000000,0 days 00:00:00.000000000
4936,2012-06-18 00:00:00.000000000,2012-06-18 00:00:00.000000000,2012-06-18 00:00:00.000000000,2012-01-17 00:00:00.000000000,2012-04-09 00:00:00.000000000,2012-04-09 00:00:00.000000000,2011-11-08 00:00:00.000000000,70 days 00:00:00.000000000,70 days 00:00:00.000000000,0 days 00:00:00.000000000
4937,2012-08-16 00:00:00.000000000,2012-08-16 00:00:00.000000000,2012-08-16 00:00:00.000000000,2011-08-31 00:00:00.000000000,2011-09-19 00:00:00.000000000,2011-09-19 00:00:00.000000000,2010-10-03 00:00:00.000000000,332 days 00:00:00.000000000,332 days 00:00:00.000000000,0 days 00:00:00.000000000
4938,2010-06-04 00:00:00.000000000,2010-06-04 00:00:00.000000000,2010-06-04 00:00:00.000000000,2010-04-19 00:00:00.000000000,2010-04-21 00:00:00.000000000,2010-04-21 00:00:00.000000000,2010-03-06 00:00:00.000000000,44 days 00:00:00.000000000,44 days 00:00:00.000000000,0 days 00:00:00.000000000
4939,2012-12-07 00:00:00.000000000,2012-12-07 00:00:00.000000000,2012-12-07 00:00:00.000000000,2012-07-31 00:00:00.000000000,2012-10-04 00:00:00.000000000,2012-10-04 00:00:00.000000000,2012-05-28 00:00:00.000000000,64 days 00:00:00.000000000,64 days 00:00:00.000000000,0 days 00:00:00.000000000
4940,2013-11-21 00:00:00.000000000,2013-11-21 00:00:00.000000000,2013-11-21 00:00:00.000000000,2013-08-23 00:00:00.000000000,2013-09-09 00:00:00.000000000,2013-09-09 00:00:00.000000000,2013-06-11 00:00:00.000000000,73 days 00:00:00.000000000,73 days 00:00:00.000000000,0 days 00:00:00.000000000
4941,2013-11-07 00:00:00.000000000,2013-11-08 00:00:00.000000000,2013-11-17 00:00:00.000000000,2013-06-10 00:00:00.000000000,2013-07-10 00:00:00.000000000,2013-07-10 00:00:00.000000000,2013-02-10 00:00:00.000000000,120 days 00:00:00.000000000,121 days 00:00:00.000000000,1 days 00:00:00.000000000
4942,2012-04-25 00:00:00.000000000,2012-04-25 00:00:00.000000000,2012-04-25 00:00:00.000000000,2012-01-10 00:00:00.000000000,2012-01-23 00:00:00.000000000,2012-01-23 00:00:00.000000000,2011-10-09 00:00:00.000000000,93 days 00:00:00.000000000,93 days 00:00:00.000000000,0 days 00:00:00.000000000
4943,2013-09-02 00:00:00.000000000,2013-09-02 00:00:00.000000000,2013-09-02 00:00:00.000000000,2013-02-07 00:00:00.000000000,2013-03-22 00:00:00.000000000,2013-03-22 00:00:00.000000000,2012-08-27 00:00:00.000000000,164 days 00:00:00.000000000,164 days 00:00:00.000000000,0 days 00:00:00.000000000
4944,2012-01-04 00:00:00.000000000,2012-01-04 00:00:00.000000000,2012-01-04 00:00:00.000000000,2011-03-10 00:00:00.000000000,2011-03-24 00:00:00.000000000,2011-03-24 00:00:00.000000000,2010-05-28 00:00:00.000000000,286 days 00:00:00.000000000,286 days 00:00:00.000000000,0 days 00:00:00.000000000
4945,2012-02-14 00:00:00.000000000,2012-02-14 00:00:00.000000000,2012-02-14 00:00:00.000000000,2011-10-18 00:00:00.000000000,2011-11-02 00:00:00.000000000,2011-11-02 00:00:00.000000000,2011-07-06 00:00:00.000000000,104 days 00:00:00.000000000,104 days 00:00:00.000000000,0 days 00:00:00.000000000
4946,2010-05-14 00:00:00.000000000,2010-05-14 00:00:00.000000000,2010-05-14 00:00:00.000000000,2010-04-30 00:00:00.000000000,2010-05-05 00:00:00.000000000,2010-05-05 00:00:00.000000000,2010-04-21 00:00:00.000000000,9 days 00:00:00.000000000,9 days 00:00:00.000000000,0 days 00:00:00.000000000
4947,2013-06-05 00:00:00.000000000,2013-06-06 00:00:00.000000000,2013-06-06 00:00:00.000000000,2013-01-08 00:00:00.000000000,2013-01-23 00:00:00.000000000,2013-01-23 00:00:00.000000000,2012-08-28 00:00:00.000000000,133 days 00:00:00.000000000,134 days 00:00:00.000000000,1 days 00:00:00.000000000
4948,2014-04-16 00:00:00.000000000,2014-04-16 00:00:00.000000000,2014-04-29 00:00:00.000000000,2014-01-31 00:00:00.000000000,2014-03-03 00:00:00.000000000,2014-03-03 00:00:00.000000000,2013-12-18 00:00:00.000000000,44 days 00:00:00.000000000,44 days 00:00:00.000000000,0 days 00:00:00.000000000
4949,2011-12-07 00:00:00.000000000,2011-12-07 00:00:00.000000000,2011-12-07 00:00:00.000000000,2011-03-10 00:00:00.000000000,2011-03-28 00:00:00.000000000,2011-03-28 00:00:00.000000000,2010-06-29 00:00:00.000000000,254 days 00:00:00.000000000,254 days 00:00:00.000000000,0 days 00:00:00.000000000
4950,2009-10-19 00:00:00.000000000,2009-10-19 00:00:00.000000000,2009-10-19 00:00:00.000000000,2009-10-08 00:00:00.000000000,2009-10-15 00:00:00.000000000,2009-10-15 00:00:00.000000000,2009-10-04 00:00:00.000000000,4 days 00:00:00.000000000,4 days 00:00:00.000000000,0 days 00:00:00.000000000
4951,2014-10-07 00:00:00.000000000,2014-10-07 00:00:00.000000000,2014-10-09 00:00:00.000000000,2014-01-22 00:00:00.000000000,2014-02-26 00:00:00.000000000,2014-02-26 00:00:00.000000000,2013-06-13 00:00:00.000000000,223 days 00:00:00.000000000,223 days 00:00:00.000000000,0 days 00:00:00.000000000
4952,2009-12-29 00:00:00.000000000,2009-12-29 00:00:00.000000000,2009-12-29 00:00:00.000000000,2009-12-17 00:00:00.000000000,2009-12-23 00:00:00.000000000,2009-12-23 00:00:00.000000000,2009-12-11 00:00:00.000000000,6 days 00:00:00.000000000,6 days 00:00:00.000000000,0 days 00:00:00.000000000
4953,2015-03-10 00:00:00.000000000,2015-03-10 00:00:00.000000000,2015-03-10 00:00:00.000000000,2014-10-24 00:00:00.000000000,2014-10-30 00:00:00.000000000,2014-10-30 00:00:00.000000000,2014-06-15 00:00:00.000000000,131 days 00:00:00.000000000,131 days 00:00:00.000000000,0 days 00:00:00.000000000
4954,2011-12-20 00:00:00.000000000,2011-12-20 00:00:00.000000000,2011-12-20 00:00:00.000000000,2011-08-31 00:00:00.000000000,2011-09-22 00:00:00.000000000,2011-09-22 00:00:00.000000000,2011-06-03 00:00:00.000000000,89 days 00:00:00.000000000,89 days 00:00:00.000000000,0 days 00:00:00.000000000
4955,2010-10-06 00:00:00.000000000,2010-10-06 00:00:00.000000000,2010-10-06 00:00:00.000000000,2010-04-15 00:00:00.000000000,2010-06-21 00:00:00.000000000,2010-06-21 00:00:00.000000000,2009-12-29 00:00:00.000000000,107 days 00:00:00.000000000,107 days 00:00:00.000000000,0 days 00:00:00.000000000
4956,2013-04-16 00:00:00.000000000,2013-04-16 00:00:00.000000000,2013-04-16 00:00:00.000000000,2013-03-18 00:00:00.000000000,1900-01-01 00:00:00.000000000,2013-04-09 00:00:00.000000000,2013-03-11 00:00:00.000000000,7 days 00:00:00.000000000,7 days 00:00:00.000000000,0 days 00:00:00.000000000
4957,2011-09-21 00:00:00.000000000,2011-09-21 00:00:00.000000000,2011-09-21 00:00:00.000000000,2011-01-26 00:00:00.000000000,2011-02-15 00:00:00.000000000,2011-02-15 00:00:00.000000000,2010-06-22 00:00:00.000000000,218 days 00:00:00.000000000,218 days 00:00:00.000000000,0 days 00:00:00.000000000
4958,2015-07-02 00:00:00.000000000,2015-07-02 00:00:00.000000000,2015-07-30 00:00:00.000000000,2015-03-10 00:00:00.000000000,2015-03-16 00:00:00.000000000,2015-03-16 00:00:00.000000000,2014-11-22 00:00:00.000000000,108 days 00:00:00.000000000,108 days 00:00:00.000000000,0 days 00:00:00.000000000
4959,2015-07-02 00:00:00.000000000,2015-07-07 00:00:00.000000000,2015-07-07 00:00:00.000000000,2014-12-29 00:00:00.000000000,2015-02-20 00:00:00.000000000,2015-02-20 00:00:00.000000000,2014-08-19 00:00:00.000000000,132 days 00:00:00.000000000,137 days 00:00:00.000000000,5 days 00:00:00.000000000
4960,2014-01-13 00:00:00.000000000,2014-01-13 00:00:00.000000000,2014-01-13 00:00:00.000000000,2013-11-14 00:00:00.000000000,2013-12-02 00:00:00.000000000,2013-12-02 00:00:00.000000000,2013-10-03 00:00:00.000000000,42 days 00:00:00.000000000,42 days 00:00:00.000000000,0 days 00:00:00.000000000
4961,2014-11-28 00:00:00.000000000,2014-11-28 00:00:00.000000000,2014-11-28 00:00:00.000000000,2014-09-11 00:00:00.000000000,2014-11-28 00:00:00.000000000,2014-11-28 00:00:00.000000000,2014-09-11 00:00:00.000000000,0 days 00:00:00.000000000,0 days 00:00:00.000000000,0 days 00:00:00.000000000
4962,2014-05-07 00:00:00.000000000,2014-05-07 00:00:00.000000000,2014-05-09 00:00:00.000000000,2014-03-24 00:00:00.000000000,2014-04-02 00:00:00.000000000,2014-04-02 00:00:00.000000000,2014-02-17 00:00:00.000000000,35 days 00:00:00.000000000,35 days 00:00:00.000000000,0 days 00:00:00.000000000
4963,2013-04-16 00:00:00.000000000,2013-04-16 00:00:00.000000000,2013-04-16 00:00:00.000000000,2013-03-18 00:00:00.000000000,1900-01-01 00:00:00.000000000,2013-04-09 00:00:00.000000000,2013-03-11 00:00:00.000000000,7 days 00:00:00.000000000,7 days 00:00:00.000000000,0 days 00:00:00.000000000
4964,2014-01-24 00:00:00.000000000,2014-01-24 00:00:00.000000000,2014-01-24 00:00:00.000000000,2013-07-18 00:00:00.000000000,2013-08-05 00:00:00.000000000,2013-08-05 00:00:00.000000000,2013-01-27 00:00:00.000000000,172 days 00:00:00.000000000,172 days 00:00:00.000000000,0 days 00:00:00.000000000
4965,2012-12-12 00:00:00.000000000,2012-12-12 00:00:00.000000000,2012-12-12 00:00:00.000000000,2012-06-11 00:00:00.000000000,2012-06-26 00:00:00.000000000,2012-06-26 00:00:00.000000000,2011-12-25 00:00:00.000000000,169 days 00:00:00.000000000,169 days 00:00:00.000000000,0 days 00:00:00.000000000
4966,2014-02-25 00:00:00.000000000,2014-02-25 00:00:00.000000000,2014-02-25 00:00:00.000000000,2013-06-27 00:00:00.000000000,2013-08-19 00:00:00.000000000,2013-08-19 00:00:00.000000000,2012-12-19 00:00:00.000000000,190 days 00:00:00.000000000,190 days 00:00:00.000000000,0 days 00:00:00.000000000
4967,2012-10-04 00:00:00.000000000,2012-10-04 00:00:00.000000000,2012-10-04 00:00:00.000000000,2012-04-20 00:00:00.000000000,2012-08-03 00:00:00.000000000,2012-08-03 00:00:00.000000000,2012-02-18 00:00:00.000000000,62 days 00:00:00.000000000,62 days 00:00:00.000000000,0 days 00:00:00.000000000
4968,2010-08-02 00:00:00.000000000,2010-08-02 00:00:00.000000000,2010-08-02 00:00:00.000000000,2010-03-15 00:00:00.000000000,2010-03-31 00:00:00.000000000,2010-03-31 00:00:00.000000000,2009-11-11 00:00:00.000000000,124 days 00:00:00.000000000,124 days 00:00:00.000000000,0 days 00:00:00.000000000
4969,2014-02-06 00:00:00.000000000,2014-02-06 00:00:00.000000000,2014-02-06 00:00:00.000000000,2013-10-08 00:00:00.000000000,2013-12-02 00:00:00.000000000,2013-12-02 00:00:00.000000000,2013-08-03 00:00:00.000000000,66 days 00:00:00.000000000,66 days 00:00:00.000000000,0 days 00:00:00.000000000
4970,2015-03-31 00:00:00.000000000,2015-03-31 00:00:00.000000000,2015-03-31 00:00:00.000000000,2014-12-05 00:00:00.000000000,2014-12-18 00:00:00.000000000,2014-12-18 00:00:00.000000000,2014-08-24 00:00:00.000000000,103 days 00:00:00.000000000,103 days 00:00:00.000000000,0 days 00:00:00.000000000
4971,2010-06-01 00:00:00.000000000,2010-06-04 00:00:00.000000000,2010-06-04 00:00:00.000000000,2010-03-18 00:00:00.000000000,2010-03-19 00:00:00.000000000,2010-03-19 00:00:00.000000000,2010-01-03 00:00:00.000000000,74 days 00:00:00.000000000,77 days 00:00:00.000000000,3 days 00:00:00.000000000
4972,2009-10-01 00:00:00.000000000,2009-10-01 00:00:00.000000000,2009-10-01 00:00:00.000000000,2009-08-10 00:00:00.000000000,2009-08-12 00:00:00.000000000,2009-08-12 00:00:00.000000000,2009-06-21 00:00:00.000000000,50 days 00:00:00.000000000,50 days 00:00:00.000000000,0 days 00:00:00.000000000
4973,2012-06-20 00:00:00.000000000,2012-06-20 00:00:00.000000000,2012-06-20 00:00:00.000000000,2011-12-15 00:00:00.000000000,2012-01-13 00:00:00.000000000,2012-01-13 00:00:00.000000000,2011-07-09 00:00:00.000000000,159 days 00:00:00.000000000,159 days 00:00:00.000000000,0 days 00:00:00.000000000
4974,2014-09-29 00:00:00.000000000,2014-09-29 00:00:00.000000000,2014-09-30 00:00:00.000000000,2014-07-30 00:00:00.000000000,2014-08-19 00:00:00.000000000,2014-08-19 00:00:00.000000000,2014-06-19 00:00:00.000000000,41 days 00:00:00.000000000,41 days 00:00:00.000000000,0 days 00:00:00.000000000
4975,2013-04-16 00:00:00.000000000,2013-04-16 00:00:00.000000000,2013-04-16 00:00:00.000000000,2013-03-18 00:00:00.000000000,1900-01-01 00:00:00.000000000,2013-04-09 00:00:00.000000000,2013-03-11 00:00:00.000000000,7 days 00:00:00.000000000,7 days 00:00:00.000000000,0 days 00:00:00.000000000
4976,2011-02-09 00:00:00.000000000,2011-03-17 00:00:00.000000000,2011-03-17 00:00:00.000000000,2010-08-31 00:00:00.000000000,2010-11-19 00:00:00.000000000,2010-11-19 00:00:00.000000000,2010-06-10 00:00:00.000000000,82 days 00:00:00.000000000,118 days 00:00:00.000000000,36 days 00:00:00.000000000
4977,2012-10-19 00:00:00.000000000,2012-10-19 00:00:00.000000000,2012-10-19 00:00:00.000000000,2012-07-16 00:00:00.000000000,2012-07-27 00:00:00.000000000,2012-07-27 00:00:00.000000000,2012-04-23 00:00:00.000000000,84 days 00:00:00.000000000,84 days 00:00:00.000000000,0 days 00:00:00.000000000
4978,2011-06-27 00:00:00.000000000,2011-06-27 00:00:00.000000000,2011-06-27 00:00:00.000000000,2011-01-27 00:00:00.000000000,2011-04-14 00:00:00.000000000,2011-04-14 00:00:00.000000000,2010-11-14 00:00:00.000000000,74 days 00:00:00.000000000,74 days 00:00:00.000000000,0 days 00:00:00.000000000
4979,2010-12-21 00:00:00.000000000,2010-12-21 00:00:00.000000000,2010-12-21 00:00:00.000000000,2010-10-07 00:00:00.000000000,2010-11-01 00:00:00.000000000,2010-11-01 00:00:00.000000000,2010-08-18 00:00:00.000000000,50 days 00:00:00.000000000,50 days 00:00:00.000000000,0 days 00:00:00.000000000
4980,2015-05-20 00:00:00.000000000,2015-05-20 00:00:00.000000000,2015-05-20 00:00:00.000000000,2014-12-17 00:00:00.000000000,2015-03-13 00:00:00.000000000,2015-03-13 00:00:00.000000000,2014-10-10 00:00:00.000000000,68 days 00:00:00.000000000,68 days 00:00:00.000000000,0 days 00:00:00.000000000
4981,2011-02-01 00:00:00.000000000,2011-02-01 00:00:00.000000000,2011-02-01 00:00:00.000000000,2010-06-02 00:00:00.000000000,2010-06-17 00:00:00.000000000,2010-06-17 00:00:00.000000000,2009-10-16 00:00:00.000000000,229 days 00:00:00.000000000,229 days 00:00:00.000000000,0 days 00:00:00.000000000
4982,2012-12-24 00:00:00.000000000,2012-12-24 00:00:00.000000000,2012-12-24 00:00:00.000000000,2012-09-12 00:00:00.000000000,2012-10-10 00:00:00.000000000,2012-10-10 00:00:00.000000000,2012-06-29 00:00:00.000000000,75 days 00:00:00.000000000,75 days 00:00:00.000000000,0 days 00:00:00.000000000
4983,2014-08-27 00:00:00.000000000,2014-08-27 00:00:00.000000000,2014-08-27 00:00:00.000000000,2013-07-11 00:00:00.000000000,2014-08-27 00:00:00.000000000,2014-08-27 00:00:00.000000000,2013-07-11 00:00:00.000000000,0 days 00:00:00.000000000,0 days 00:00:00.000000000,0 days 00:00:00.000000000
4984,2012-12-31 00:00:00.000000000,2012-12-31 00:00:00.000000000,2012-12-31 00:00:00.000000000,2012-09-13 00:00:00.000000000,2012-10-04 00:00:00.000000000,2012-10-04 00:00:00.000000000,2012-06-17 00:00:00.000000000,88 days 00:00:00.000000000,88 days 00:00:00.000000000,0 days 00:00:00.000000000
4985,2015-08-24 00:00:00.000000000,2015-08-24 00:00:00.000000000,2015-08-24 00:00:00.000000000,2014-09-11 00:00:00.000000000,2014-10-09 00:00:00.000000000,2014-10-09 00:00:00.000000000,2013-10-27 00:00:00.000000000,319 days 00:00:00.000000000,319 days 00:00:00.000000000,0 days 00:00:00.000000000
4986,2010-10-13 00:00:00.000000000,2010-10-13 00:00:00.000000000,2010-10-13 00:00:00.000000000,2010-03-18 00:00:00.000000000,2010-03-19 00:00:00.000000000,2010-03-19 00:00:00.000000000,2009-08-22 00:00:00.000000000,208 days 00:00:00.000000000,208 days 00:00:00.000000000,0 days 00:00:00.000000000
4987,2012-03-30 00:00:00.000000000,2012-03-30 00:00:00.000000000,2012-03-30 00:00:00.000000000,2011-10-26 00:00:00.000000000,2011-11-09 00:00:00.000000000,2011-11-09 00:00:00.000000000,2011-06-06 00:00:00.000000000,142 days 00:00:00.000000000,142 days 00:00:00.000000000,0 days 00:00:00.000000000
4988,2013-03-20 00:00:00.000000000,2013-03-20 00:00:00.000000000,2013-03-20 00:00:00.000000000,2012-10-18 00:00:00.000000000,2012-11-06 00:00:00.000000000,2012-11-06 00:00:00.000000000,2012-06-06 00:00:00.000000000,134 days 00:00:00.000000000,134 days 00:00:00.000000000,0 days 00:00:00.000000000
4989,2015-08-05 00:00:00.000000000,2015-08-05 00:00:00.000000000,2015-08-10 00:00:00.000000000,2014-08-13 00:00:00.000000000,2014-08-29 00:00:00.000000000,2014-08-29 00:00:00.000000000,2013-09-06 00:00:00.000000000,341 days 00:00:00.000000000,341 days 00:00:00.000000000,0 days 00:00:00.000000000
4990,2014-05-02 00:00:00.000000000,2014-05-30 00:00:00.000000000,2014-05-30 00:00:00.000000000,2013-10-15 00:00:00.000000000,2013-11-13 00:00:00.000000000,2013-11-13 00:00:00.000000000,2013-04-28 00:00:00.000000000,170 days 00:00:00.000000000,198 days 00:00:00.000000000,28 days 00:00:00.000000000
4991,2014-07-15 00:00:00.000000000,2014-07-15 00:00:00.000000000,2014-08-12 00:00:00.000000000,2014-02-03 00:00:00.000000000,2014-03-05 00:00:00.000000000,2014-03-05 00:00:00.000000000,2013-09-24 00:00:00.000000000,132 days 00:00:00.000000000,132 days 00:00:00.000000000,0 days 00:00:00.000000000
4992,2009-12-28 00:00:00.000000000,2009-12-28 00:00:00.000000000,2009-12-28 00:00:00.000000000,2009-12-17 00:00:00.000000000,2009-12-23 00:00:00.000000000,2009-12-23 00:00:00.000000000,2009-12-12 00:00:00.000000000,5 days 00:00:00.000000000,5 days 00:00:00.000000000,0 days 00:00:00.000000000
4993,2014-12-10 00:00:00.000000000,2014-12-10 00:00:00.000000000,2014-12-10 00:00:00.000000000,2014-10-29 00:00:00.000000000,2014-12-10 00:00:00.000000000,2014-12-10 00:00:00.000000000,2014-10-29 00:00:00.000000000,0 days 00:00:00.000000000,0 days 00:00:00.000000000,0 days 00:00:00.000000000
4994,2010-05-21 00:00:00.000000000,2010-05-21 00:00:00.000000000,2010-05-21 00:00:00.000000000,2009-11-19 00:00:00.000000000,2009-12-22 00:00:00.000000000,2009-12-22 00:00:00.000000000,2009-06-22 00:00:00.000000000,150 days 00:00:00.000000000,150 days 00:00:00.000000000,0 days 00:00:00.000000000
4995,2014-06-06 00:00:00.000000000,2014-06-06 00:00:00.000000000,2014-06-07 00:00:00.000000000,2014-02-06 00:00:00.000000000,2014-03-10 00:00:00.000000000,2014-03-10 00:00:00.000000000,2013-11-10 00:00:00.000000000,88 days 00:00:00.000000000,88 days 00:00:00.000000000,0 days 00:00:00.000000000
4996,2010-06-09 00:00:00.000000000,2010-06-09 00:00:00.000000000,2010-06-09 00:00:00.000000000,2010-03-18 00:00:00.000000000,2010-03-19 00:00:00.000000000,2010-03-19 00:00:00.000000000,2009-12-26 00:00:00.000000000,82 days 00:00:00.000000000,82 days 00:00:00.000000000,0 days 00:00:00.000000000
4997,2010-09-20 00:00:00.000000000,2010-09-20 00:00:00.000000000,2010-09-20 00:00:00.000000000,2010-07-23 00:00:00.000000000,2010-08-04 00:00:00.000000000,2010-08-04 00:00:00.000000000,2010-06-06 00:00:00.000000000,47 days 00:00:00.000000000,47 days 00:00:00.000000000,0 days 00:00:00.000000000
4998,2013-04-16 00:00:00.000000000,2013-04-16 00:00:00.000000000,2013-04-16 00:00:00.000000000,2013-03-18 00:00:00.000000000,1900-01-01 00:00:00.000000000,2013-04-09 00:00:00.000000000,2013-03-11 00:00:00.000000000,7 days 00:00:00.000000000,7 days 00:00:00.000000000,0 days 00:00:00.000000000
4999,2012-03-09 00:00:00.000000000,2012-03-09 00:00:00.000000000,2012-03-09 00:00:00.000000000,2011-09-05 00:00:00.000000000,2011-10-10 00:00:00.000000000,2011-10-10 00:00:00.000000000,2011-04-07 00:00:00.000000000,151 days 00:00:00.000000000,151 days 00:00:00.000000000,0 days 00:00:00.000000000
5000,2013-10-30 00:00:00.000000000,2013-10-30 00:00:00.000000000,2013-11-14 00:00:00.000000000,2013-08-01 00:00:00.000000000,2013-09-04 00:00:00.000000000,2013-09-04 00:00:00.000000000,2013-06-06 00:00:00.000000000,56 days 00:00:00.000000000,56 days 00:00:00.000000000,0 days 00:00:00.000000000
5001,2014-01-22 00:00:00.000000000,2014-01-22 00:00:00.000000000,2014-02-21 00:00:00.000000000,2013-08-19 00:00:00.000000000,2013-08-22 00:00:00.000000000,2013-08-22 00:00:00.000000000,2013-03-19 00:00:00.000000000,153 days 00:00:00.000000000,153 days 00:00:00.000000000,0 days 00:00:00.000000000
5002,2010-06-11 00:00:00.000000000,2010-06-11 00:00:00.000000000,2010-06-11 00:00:00.000000000,2010-03-18 00:00:00.000000000,2010-03-19 00:00:00.000000000,2010-03-19 00:00:00.000000000,2009-12-24 00:00:00.000000000,84 days 00:00:00.000000000,84 days 00:00:00.000000000,0 days 00:00:00.000000000
5003,2013-02-28 00:00:00.000000000,2013-02-28 00:00:00.000000000,2013-02-28 00:00:00.000000000,2012-07-12 00:00:00.000000000,2012-11-06 00:00:00.000000000,2012-11-06 00:00:00.000000000,2012-03-20 00:00:00.000000000,114 days 00:00:00.000000000,114 days 00:00:00.000000000,0 days 00:00:00.000000000
5004,2013-12-23 00:00:00.000000000,2013-12-10 00:00:00.000000000,2013-12-16 00:00:00.000000000,2013-08-13 00:00:00.000000000,2013-11-01 00:00:00.000000000,2013-11-01 00:00:00.000000000,2013-06-22 00:00:00.000000000,52 days 00:00:00.000000000,39 days 00:00:00.000000000,-13 days +00:00:00.000000000
5005,2013-09-03 00:00:00.000000000,2013-09-03 00:00:00.000000000,2013-09-03 00:00:00.000000000,2013-05-03 00:00:00.000000000,2013-05-17 00:00:00.000000000,2013-05-17 00:00:00.000000000,2013-01-14 00:00:00.000000000,109 days 00:00:00.000000000,109 days 00:00:00.000000000,0 days 00:00:00.000000000
5006,2013-04-16 00:00:00.000000000,2013-04-16 00:00:00.000000000,2013-04-16 00:00:00.000000000,2013-03-18 00:00:00.000000000,1900-01-01 00:00:00.000000000,2013-04-09 00:00:00.000000000,2013-03-11 00:00:00.000000000,7 days 00:00:00.000000000,7 days 00:00:00.000000000,0 days 00:00:00.000000000
5007,2011-11-21 00:00:00.000000000,2011-11-21 00:00:00.000000000,2011-11-21 00:00:00.000000000,2010-10-26 00:00:00.000000000,2010-11-10 00:00:00.000000000,2010-11-10 00:00:00.000000000,2009-10-15 00:00:00.000000000,376 days 00:00:00.000000000,376 days 00:00:00.000000000,0 days 00:00:00.000000000
5008,2014-01-13 00:00:00.000000000,2014-01-13 00:00:00.000000000,2014-01-13 00:00:00.000000000,2013-11-14 00:00:00.000000000,2013-12-02 00:00:00.000000000,2013-12-02 00:00:00.000000000,2013-10-03 00:00:00.000000000,42 days 00:00:00.000000000,42 days 00:00:00.000000000,0 days 00:00:00.000000000
5009,2009-10-07 00:00:00.000000000,2009-10-07 00:00:00.000000000,2009-10-07 00:00:00.000000000,2009-07-29 00:00:00.000000000,2009-09-01 00:00:00.000000000,2009-09-01 00:00:00.000000000,2009-06-23 00:00:00.000000000,36 days 00:00:00.000000000,36 days 00:00:00.000000000,0 days 00:00:00.000000000
5010,2015-07-07 00:00:00.000000000,2015-07-07 00:00:00.000000000,2015-07-07 00:00:00.000000000,2015-05-04 00:00:00.000000000,2015-05-07 00:00:00.000000000,2015-05-07 00:00:00.000000000,2015-03-04 00:00:00.000000000,61 days 00:00:00.000000000,61 days 00:00:00.000000000,0 days 00:00:00.000000000
5011,2015-02-18 00:00:00.000000000,2015-02-18 00:00:00.000000000,2015-02-19 00:00:00.000000000,2014-10-15 00:00:00.000000000,2014-12-18 00:00:00.000000000,2014-12-18 00:00:00.000000000,2014-08-14 00:00:00.000000000,62 days 00:00:00.000000000,62 days 00:00:00.000000000,0 days 00:00:00.000000000
5012,2015-05-12 00:00:00.000000000,2015-05-12 00:00:00.000000000,2015-05-12 00:00:00.000000000,2014-09-11 00:00:00.000000000,2015-05-11 00:00:00.000000000,2015-05-11 00:00:00.000000000,2014-09-10 00:00:00.000000000,1 days 00:00:00.000000000,1 days 00:00:00.000000000,0 days 00:00:00.000000000
5013,2012-08-16 00:00:00.000000000,2012-08-16 00:00:00.000000000,2012-08-16 00:00:00.000000000,2012-01-13 00:00:00.000000000,2012-05-31 00:00:00.000000000,2012-05-31 00:00:00.000000000,2011-10-28 00:00:00.000000000,77 days 00:00:00.000000000,77 days 00:00:00.000000000,0 days 00:00:00.000000000
5014,2012-11-15 00:00:00.000000000,2012-11-15 00:00:00.000000000,2012-11-15 00:00:00.000000000,2012-07-25 00:00:00.000000000,2012-08-15 00:00:00.000000000,2012-08-15 00:00:00.000000000,2012-04-24 00:00:00.000000000,92 days 00:00:00.000000000,92 days 00:00:00.000000000,0 days 00:00:00.000000000
5015,2013-01-09 00:00:00.000000000,2013-01-08 00:00:00.000000000,2013-01-08 00:00:00.000000000,2012-10-05 00:00:00.000000000,2012-10-16 00:00:00.000000000,2012-10-16 00:00:00.000000000,2012-07-12 00:00:00.000000000,85 days 00:00:00.000000000,84 days 00:00:00.000000000,-1 days +00:00:00.000000000
5016,2015-08-24 00:00:00.000000000,2015-08-24 00:00:00.000000000,2015-08-24 00:00:00.000000000,2014-09-11 00:00:00.000000000,2014-10-09 00:00:00.000000000,2014-10-09 00:00:00.000000000,2013-10-27 00:00:00.000000000,319 days 00:00:00.000000000,319 days 00:00:00.000000000,0 days 00:00:00.000000000
5017,2010-05-21 00:00:00.000000000,2010-05-21 00:00:00.000000000,2010-05-21 00:00:00.000000000,2010-04-28 00:00:00.000000000,2010-04-29 00:00:00.000000000,2010-04-29 00:00:00.000000000,2010-04-06 00:00:00.000000000,22 days 00:00:00.000000000,22 days 00:00:00.000000000,0 days 00:00:00.000000000
5018,2010-05-12 00:00:00.000000000,2010-05-12 00:00:00.000000000,2010-05-12 00:00:00.000000000,2010-04-30 00:00:00.000000000,2010-05-05 00:00:00.000000000,2010-05-05 00:00:00.000000000,2010-04-23 00:00:00.000000000,7 days 00:00:00.000000000,7 days 00:00:00.000000000,0 days 00:00:00.000000000
5019,2010-05-31 00:00:00.000000000,2010-05-31 00:00:00.000000000,2010-05-31 00:00:00.000000000,2010-04-19 00:00:00.000000000,2010-04-21 00:00:00.000000000,2010-04-21 00:00:00.000000000,2010-03-10 00:00:00.000000000,40 days 00:00:00.000000000,40 days 00:00:00.000000000,0 days 00:00:00.000000000
5020,2014-10-07 00:00:00.000000000,2014-10-07 00:00:00.000000000,2014-10-08 00:00:00.000000000,2014-04-08 00:00:00.000000000,2014-04-30 00:00:00.000000000,2014-04-30 00:00:00.000000000,2013-10-30 00:00:00.000000000,160 days 00:00:00.000000000,160 days 00:00:00.000000000,0 days 00:00:00.000000000
5021,2014-02-07 00:00:00.000000000,2014-02-07 00:00:00.000000000,2014-02-07 00:00:00.000000000,2013-07-11 00:00:00.000000000,2013-08-13 00:00:00.000000000,2013-08-13 00:00:00.000000000,2013-01-14 00:00:00.000000000,178 days 00:00:00.000000000,178 days 00:00:00.000000000,0 days 00:00:00.000000000
5022,2010-11-12 00:00:00.000000000,2010-11-12 00:00:00.000000000,2010-11-12 00:00:00.000000000,2010-07-23 00:00:00.000000000,2010-08-27 00:00:00.000000000,2010-08-27 00:00:00.000000000,2010-05-07 00:00:00.000000000,77 days 00:00:00.000000000,77 days 00:00:00.000000000,0 days 00:00:00.000000000
5023,2012-03-23 00:00:00.000000000,2012-03-23 00:00:00.000000000,2012-03-23 00:00:00.000000000,2011-09-08 00:00:00.000000000,2011-11-18 00:00:00.000000000,2011-11-18 00:00:00.000000000,2011-05-05 00:00:00.000000000,126 days 00:00:00.000000000,126 days 00:00:00.000000000,0 days 00:00:00.000000000
5024,2013-11-21 00:00:00.000000000,2013-11-21 00:00:00.000000000,2013-11-21 00:00:00.000000000,2013-07-15 00:00:00.000000000,2013-08-09 00:00:00.000000000,2013-08-09 00:00:00.000000000,2013-04-02 00:00:00.000000000,104 days 00:00:00.000000000,104 days 00:00:00.000000000,0 days 00:00:00.000000000
5025,2011-10-12 00:00:00.000000000,2011-10-12 00:00:00.000000000,2011-10-12 00:00:00.000000000,2011-04-28 00:00:00.000000000,2011-05-18 00:00:00.000000000,2011-05-18 00:00:00.000000000,2010-12-02 00:00:00.000000000,147 days 00:00:00.000000000,147 days 00:00:00.000000000,0 days 00:00:00.000000000
5026,2015-02-19 00:00:00.000000000,2015-02-19 00:00:00.000000000,2015-02-19 00:00:00.000000000,2014-04-30 00:00:00.000000000,2014-05-08 00:00:00.000000000,2014-05-08 00:00:00.000000000,2013-07-17 00:00:00.000000000,287 days 00:00:00.000000000,287 days 00:00:00.000000000,0 days 00:00:00.000000000
5027,2013-10-23 00:00:00.000000000,2013-10-23 00:00:00.000000000,2013-10-23 00:00:00.000000000,2013-07-03 00:00:00.000000000,2013-08-27 00:00:00.000000000,2013-08-27 00:00:00.000000000,2013-05-07 00:00:00.000000000,57 days 00:00:00.000000000,57 days 00:00:00.000000000,0 days 00:00:00.000000000
5028,2012-12-14 00:00:00.000000000,2012-12-14 00:00:00.000000000,2012-12-14 00:00:00.000000000,2012-10-10 00:00:00.000000000,2012-10-25 00:00:00.000000000,2012-10-25 00:00:00.000000000,2012-08-21 00:00:00.000000000,50 days 00:00:00.000000000,50 days 00:00:00.000000000,0 days 00:00:00.000000000
5029,2010-10-27 00:00:00.000000000,2010-10-27 00:00:00.000000000,2010-10-27 00:00:00.000000000,2010-08-10 00:00:00.000000000,2010-09-10 00:00:00.000000000,2010-09-10 00:00:00.000000000,2010-06-24 00:00:00.000000000,47 days 00:00:00.000000000,47 days 00:00:00.000000000,0 days 00:00:00.000000000
5030,2012-07-23 00:00:00.000000000,2012-07-18 00:00:00.000000000,2012-07-18 00:00:00.000000000,2012-06-07 00:00:00.000000000,2012-06-12 00:00:00.000000000,2012-06-12 00:00:00.000000000,2012-04-27 00:00:00.000000000,41 days 00:00:00.000000000,36 days 00:00:00.000000000,-5 days +00:00:00.000000000
5031,2011-01-11 00:00:00.000000000,2011-01-11 00:00:00.000000000,2011-01-11 00:00:00.000000000,2010-08-13 00:00:00.000000000,2010-09-27 00:00:00.000000000,2010-09-27 00:00:00.000000000,2010-04-29 00:00:00.000000000,106 days 00:00:00.000000000,106 days 00:00:00.000000000,0 days 00:00:00.000000000
5032,2013-07-01 00:00:00.000000000,2013-07-01 00:00:00.000000000,2013-07-01 00:00:00.000000000,2013-04-15 00:00:00.000000000,2013-05-23 00:00:00.000000000,2013-05-23 00:00:00.000000000,2013-03-07 00:00:00.000000000,39 days 00:00:00.000000000,39 days 00:00:00.000000000,0 days 00:00:00.000000000
5033,2015-06-24 00:00:00.000000000,2015-06-24 00:00:00.000000000,2015-06-29 00:00:00.000000000,2015-03-10 00:00:00.000000000,2015-03-17 00:00:00.000000000,2015-03-17 00:00:00.000000000,2014-12-01 00:00:00.000000000,99 days 00:00:00.000000000,99 days 00:00:00.000000000,0 days 00:00:00.000000000
5034,2013-11-07 00:00:00.000000000,2013-11-07 00:00:00.000000000,2013-11-17 00:00:00.000000000,2013-06-10 00:00:00.000000000,2013-07-10 00:00:00.000000000,2013-07-10 00:00:00.000000000,2013-02-10 00:00:00.000000000,120 days 00:00:00.000000000,120 days 00:00:00.000000000,0 days 00:00:00.000000000
5035,2014-12-10 00:00:00.000000000,2014-12-10 00:00:00.000000000,2014-12-10 00:00:00.000000000,2014-10-29 00:00:00.000000000,2014-12-10 00:00:00.000000000,2014-12-10 00:00:00.000000000,2014-10-29 00:00:00.000000000,0 days 00:00:00.000000000,0 days 00:00:00.000000000,0 days 00:00:00.000000000
5036,2012-08-27 00:00:00.000000000,2012-08-27 00:00:00.000000000,2012-08-27 00:00:00.000000000,2011-11-30 00:00:00.000000000,2012-03-09 00:00:00.000000000,2012-03-09 00:00:00.000000000,2011-06-12 00:00:00.000000000,171 days 00:00:00.000000000,171 days 00:00:00.000000000,0 days 00:00:00.000000000
5037,2015-04-30 00:00:00.000000000,2015-04-30 00:00:00.000000000,2015-05-05 00:00:00.000000000,2014-12-08 00:00:00.000000000,2015-01-26 00:00:00.000000000,2015-01-26 00:00:00.000000000,2014-09-05 00:00:00.000000000,94 days 00:00:00.000000000,94 days 00:00:00.000000000,0 days 00:00:00.000000000
5038,2014-08-29 00:00:00.000000000,2014-08-29 00:00:00.000000000,2014-08-29 00:00:00.000000000,2013-07-11 00:00:00.000000000,2014-08-29 00:00:00.000000000,2014-08-29 00:00:00.000000000,2013-07-11 00:00:00.000000000,0 days 00:00:00.000000000,0 days 00:00:00.000000000,0 days 00:00:00.000000000
5039,2015-05-08 00:00:00.000000000,2015-05-08 00:00:00.000000000,2015-05-11 00:00:00.000000000,2014-12-29 00:00:00.000000000,2015-02-20 00:00:00.000000000,2015-02-20 00:00:00.000000000,2014-10-13 00:00:00.000000000,77 days 00:00:00.000000000,77 days 00:00:00.000000000,0 days 00:00:00.000000000
5040,2010-01-28 00:00:00.000000000,2010-01-28 00:00:00.000000000,2010-01-28 00:00:00.000000000,2009-08-31 00:00:00.000000000,2009-09-11 00:00:00.000000000,2009-09-11 00:00:00.000000000,2009-04-14 00:00:00.000000000,139 days 00:00:00.000000000,139 days 00:00:00.000000000,0 days 00:00:00.000000000
5041,2009-10-29 00:00:00.000000000,2009-10-29 00:00:00.000000000,2009-10-29 00:00:00.000000000,2009-05-07 00:00:00.000000000,2009-09-22 00:00:00.000000000,2009-09-22 00:00:00.000000000,2009-03-31 00:00:00.000000000,37 days 00:00:00.000000000,37 days 00:00:00.000000000,0 days 00:00:00.000000000
5042,2010-05-04 00:00:00.000000000,2010-05-04 00:00:00.000000000,2010-05-04 00:00:00.000000000,2010-03-12 00:00:00.000000000,2010-03-18 00:00:00.000000000,2010-03-18 00:00:00.000000000,2010-01-24 00:00:00.000000000,47 days 00:00:00.000000000,47 days 00:00:00.000000000,0 days 00:00:00.000000000
5043,2012-02-09 00:00:00.000000000,2012-02-09 00:00:00.000000000,2012-02-09 00:00:00.000000000,2011-07-22 00:00:00.000000000,2011-07-28 00:00:00.000000000,2011-07-28 00:00:00.000000000,2011-01-07 00:00:00.000000000,196 days 00:00:00.000000000,196 days 00:00:00.000000000,0 days 00:00:00.000000000
5044,2012-07-20 00:00:00.000000000,2012-07-20 00:00:00.000000000,2012-07-20 00:00:00.000000000,2012-02-24 00:00:00.000000000,2012-04-19 00:00:00.000000000,2012-04-19 00:00:00.000000000,2011-11-24 00:00:00.000000000,92 days 00:00:00.000000000,92 days 00:00:00.000000000,0 days 00:00:00.000000000
5045,2015-05-12 00:00:00.000000000,2015-05-12 00:00:00.000000000,2015-05-12 00:00:00.000000000,2014-09-11 00:00:00.000000000,2015-05-11 00:00:00.000000000,2015-05-11 00:00:00.000000000,2014-09-10 00:00:00.000000000,1 days 00:00:00.000000000,1 days 00:00:00.000000000,0 days 00:00:00.000000000
5046,2010-09-07 00:00:00.000000000,2010-11-17 00:00:00.000000000,2010-11-17 00:00:00.000000000,2010-03-18 00:00:00.000000000,2010-03-19 00:00:00.000000000,2010-03-19 00:00:00.000000000,2009-09-27 00:00:00.000000000,172 days 00:00:00.000000000,243 days 00:00:00.000000000,71 days 00:00:00.000000000
5047,2012-05-16 00:00:00.000000000,2012-05-16 00:00:00.000000000,2012-05-16 00:00:00.000000000,2011-12-15 00:00:00.000000000,2012-01-16 00:00:00.000000000,2012-01-16 00:00:00.000000000,2011-08-16 00:00:00.000000000,121 days 00:00:00.000000000,121 days 00:00:00.000000000,0 days 00:00:00.000000000
5048,2010-12-08 00:00:00.000000000,2010-12-08 00:00:00.000000000,2010-12-08 00:00:00.000000000,2010-03-18 00:00:00.000000000,2010-03-19 00:00:00.000000000,2010-03-19 00:00:00.000000000,2009-06-27 00:00:00.000000000,264 days 00:00:00.000000000,264 days 00:00:00.000000000,0 days 00:00:00.000000000
5049,2010-09-20 00:00:00.000000000,2010-09-20 00:00:00.000000000,2010-09-20 00:00:00.000000000,2010-06-23 00:00:00.000000000,2010-06-30 00:00:00.000000000,2010-06-30 00:00:00.000000000,2010-04-02 00:00:00.000000000,82 days 00:00:00.000000000,82 days 00:00:00.000000000,0 days 00:00:00.000000000
5050,2015-09-07 00:00:00.000000000,2015-09-07 00:00:00.000000000,2015-09-07 00:00:00.000000000,2015-04-14 00:00:00.000000000,2015-05-13 00:00:00.000000000,2015-05-13 00:00:00.000000000,2014-12-18 00:00:00.000000000,117 days 00:00:00.000000000,117 days 00:00:00.000000000,0 days 00:00:00.000000000
5051,2010-09-07 00:00:00.000000000,2010-10-27 00:00:00.000000000,2010-10-27 00:00:00.000000000,2010-03-18 00:00:00.000000000,2010-03-19 00:00:00.000000000,2010-03-19 00:00:00.000000000,2009-09-27 00:00:00.000000000,172 days 00:00:00.000000000,222 days 00:00:00.000000000,50 days 00:00:00.000000000
5052,2010-06-01 00:00:00.000000000,2010-06-08 00:00:00.000000000,2010-06-08 00:00:00.000000000,2010-03-18 00:00:00.000000000,2010-03-19 00:00:00.000000000,2010-03-19 00:00:00.000000000,2010-01-03 00:00:00.000000000,74 days 00:00:00.000000000,81 days 00:00:00.000000000,7 days 00:00:00.000000000
5053,2011-02-25 00:00:00.000000000,2011-02-25 00:00:00.000000000,2011-02-25 00:00:00.000000000,2010-09-30 00:00:00.000000000,2010-10-14 00:00:00.000000000,2010-10-14 00:00:00.000000000,2010-05-19 00:00:00.000000000,134 days 00:00:00.000000000,134 days 00:00:00.000000000,0 days 00:00:00.000000000
5054,2013-11-21 00:00:00.000000000,2013-11-21 00:00:00.000000000,2013-11-21 00:00:00.000000000,2013-07-15 00:00:00.000000000,2013-08-09 00:00:00.000000000,2013-08-09 00:00:00.000000000,2013-04-02 00:00:00.000000000,104 days 00:00:00.000000000,104 days 00:00:00.000000000,0 days 00:00:00.000000000
5055,2015-02-18 00:00:00.000000000,2015-02-18 00:00:00.000000000,2015-02-18 00:00:00.000000000,2014-10-15 00:00:00.000000000,2014-12-16 00:00:00.000000000,2014-12-16 00:00:00.000000000,2014-08-12 00:00:00.000000000,64 days 00:00:00.000000000,64 days 00:00:00.000000000,0 days 00:00:00.000000000
5056,2009-12-18 00:00:00.000000000,2009-12-18 00:00:00.000000000,2009-12-18 00:00:00.000000000,2009-08-21 00:00:00.000000000,2009-09-25 00:00:00.000000000,2009-09-25 00:00:00.000000000,2009-05-29 00:00:00.000000000,84 days 00:00:00.000000000,84 days 00:00:00.000000000,0 days 00:00:00.000000000
5057,2012-08-29 00:00:00.000000000,2012-08-29 00:00:00.000000000,2012-08-29 00:00:00.000000000,2012-01-05 00:00:00.000000000,2012-01-23 00:00:00.000000000,2012-01-23 00:00:00.000000000,2011-05-31 00:00:00.000000000,219 days 00:00:00.000000000,219 days 00:00:00.000000000,0 days 00:00:00.000000000
5058,2012-05-08 00:00:00.000000000,2012-05-08 00:00:00.000000000,2012-05-08 00:00:00.000000000,2012-01-25 00:00:00.000000000,2012-02-17 00:00:00.000000000,2012-02-17 00:00:00.000000000,2011-11-05 00:00:00.000000000,81 days 00:00:00.000000000,81 days 00:00:00.000000000,0 days 00:00:00.000000000
5059,2012-03-14 00:00:00.000000000,2012-03-14 00:00:00.000000000,2012-03-14 00:00:00.000000000,2012-01-05 00:00:00.000000000,2012-01-23 00:00:00.000000000,2012-01-23 00:00:00.000000000,2011-11-15 00:00:00.000000000,51 days 00:00:00.000000000,51 days 00:00:00.000000000,0 days 00:00:00.000000000
5060,2011-04-04 00:00:00.000000000,2011-04-04 00:00:00.000000000,2011-04-04 00:00:00.000000000,2010-11-26 00:00:00.000000000,2010-12-14 00:00:00.000000000,2010-12-14 00:00:00.000000000,2010-08-07 00:00:00.000000000,111 days 00:00:00.000000000,111 days 00:00:00.000000000,0 days 00:00:00.000000000
5061,2014-06-25 00:00:00.000000000,2014-06-25 00:00:00.000000000,2014-06-25 00:00:00.000000000,2014-04-30 00:00:00.000000000,2014-06-25 00:00:00.000000000,2014-06-25 00:00:00.000000000,2014-04-30 00:00:00.000000000,0 days 00:00:00.000000000,0 days 00:00:00.000000000,0 days 00:00:00.000000000
5062,2015-02-05 00:00:00.000000000,2015-02-05 00:00:00.000000000,2015-02-05 00:00:00.000000000,2014-07-09 00:00:00.000000000,2014-08-08 00:00:00.000000000,2014-08-08 00:00:00.000000000,2014-01-09 00:00:00.000000000,181 days 00:00:00.000000000,181 days 00:00:00.000000000,0 days 00:00:00.000000000
5063,2012-12-07 00:00:00.000000000,2012-11-30 00:00:00.000000000,2012-11-30 00:00:00.000000000,2012-07-31 00:00:00.000000000,2012-10-04 00:00:00.000000000,2012-10-04 00:00:00.000000000,2012-05-28 00:00:00.000000000,64 days 00:00:00.000000000,57 days 00:00:00.000000000,-7 days +00:00:00.000000000
5064,2012-08-07 00:00:00.000000000,2012-08-07 00:00:00.000000000,2012-08-07 00:00:00.000000000,2012-05-14 00:00:00.000000000,2012-06-28 00:00:00.000000000,2012-06-28 00:00:00.000000000,2012-04-04 00:00:00.000000000,40 days 00:00:00.000000000,40 days 00:00:00.000000000,0 days 00:00:00.000000000
5065,2015-09-03 00:00:00.000000000,2015-09-03 00:00:00.000000000,2015-09-03 00:00:00.000000000,2015-04-14 00:00:00.000000000,2015-05-13 00:00:00.000000000,2015-05-13 00:00:00.000000000,2014-12-22 00:00:00.000000000,113 days 00:00:00.000000000,113 days 00:00:00.000000000,0 days 00:00:00.000000000
5066,2013-11-04 00:00:00.000000000,2013-11-04 00:00:00.000000000,2013-11-18 00:00:00.000000000,2013-07-31 00:00:00.000000000,2013-09-11 00:00:00.000000000,2013-09-11 00:00:00.000000000,2013-06-07 00:00:00.000000000,54 days 00:00:00.000000000,54 days 00:00:00.000000000,0 days 00:00:00.000000000
5067,2015-03-09 00:00:00.000000000,2015-03-09 00:00:00.000000000,2015-03-09 00:00:00.000000000,2014-09-11 00:00:00.000000000,2015-03-09 00:00:00.000000000,2015-03-09 00:00:00.000000000,2014-09-11 00:00:00.000000000,0 days 00:00:00.000000000,0 days 00:00:00.000000000,0 days 00:00:00.000000000
5068,2015-01-20 00:00:00.000000000,2015-01-20 00:00:00.000000000,2015-01-20 00:00:00.000000000,2014-05-21 00:00:00.000000000,2014-07-25 00:00:00.000000000,2014-07-25 00:00:00.000000000,2013-11-23 00:00:00.000000000,179 days 00:00:00.000000000,179 days 00:00:00.000000000,0 days 00:00:00.000000000
5069,2010-08-07 00:00:00.000000000,2010-08-07 00:00:00.000000000,2010-08-07 00:00:00.000000000,2010-06-21 00:00:00.000000000,2010-06-24 00:00:00.000000000,2010-06-24 00:00:00.000000000,2010-05-08 00:00:00.000000000,44 days 00:00:00.000000000,44 days 00:00:00.000000000,0 days 00:00:00.000000000
5070,2010-04-29 00:00:00.000000000,2010-04-29 00:00:00.000000000,2010-04-29 00:00:00.000000000,2010-01-07 00:00:00.000000000,2010-01-08 00:00:00.000000000,2010-01-08 00:00:00.000000000,2009-09-18 00:00:00.000000000,111 days 00:00:00.000000000,111 days 00:00:00.000000000,0 days 00:00:00.000000000
5071,2014-07-11 00:00:00.000000000,2014-07-11 00:00:00.000000000,2014-07-11 00:00:00.000000000,2013-07-12 00:00:00.000000000,2014-07-11 00:00:00.000000000,2014-07-11 00:00:00.000000000,2013-07-12 00:00:00.000000000,0 days 00:00:00.000000000,0 days 00:00:00.000000000,0 days 00:00:00.000000000
5072,2010-01-27 00:00:00.000000000,2010-01-27 00:00:00.000000000,2010-01-27 00:00:00.000000000,2009-06-30 00:00:00.000000000,2009-07-17 00:00:00.000000000,2009-07-17 00:00:00.000000000,2008-12-18 00:00:00.000000000,194 days 00:00:00.000000000,194 days 00:00:00.000000000,0 days 00:00:00.000000000
5073,2012-01-06 00:00:00.000000000,2012-01-06 00:00:00.000000000,2012-01-06 00:00:00.000000000,2011-08-29 00:00:00.000000000,2011-09-14 00:00:00.000000000,2011-09-14 00:00:00.000000000,2011-05-07 00:00:00.000000000,114 days 00:00:00.000000000,114 days 00:00:00.000000000,0 days 00:00:00.000000000
5074,2013-01-04 00:00:00.000000000,2013-01-04 00:00:00.000000000,2013-01-04 00:00:00.000000000,2012-05-14 00:00:00.000000000,2012-11-05 00:00:00.000000000,2012-11-05 00:00:00.000000000,2012-03-15 00:00:00.000000000,60 days 00:00:00.000000000,60 days 00:00:00.000000000,0 days 00:00:00.000000000
5075,2013-04-16 00:00:00.000000000,2013-04-16 00:00:00.000000000,2013-04-16 00:00:00.000000000,2013-03-18 00:00:00.000000000,1900-01-01 00:00:00.000000000,2013-04-09 00:00:00.000000000,2013-03-11 00:00:00.000000000,7 days 00:00:00.000000000,7 days 00:00:00.000000000,0 days 00:00:00.000000000
5076,2015-07-23 00:00:00.000000000,2015-07-23 00:00:00.000000000,2015-07-28 00:00:00.000000000,2014-08-13 00:00:00.000000000,2014-08-29 00:00:00.000000000,2014-08-29 00:00:00.000000000,2013-09-19 00:00:00.000000000,328 days 00:00:00.000000000,328 days 00:00:00.000000000,0 days 00:00:00.000000000
5077,2012-12-31 00:00:00.000000000,2012-12-31 00:00:00.000000000,2012-12-31 00:00:00.000000000,2012-09-13 00:00:00.000000000,2012-10-04 00:00:00.000000000,2012-10-04 00:00:00.000000000,2012-06-17 00:00:00.000000000,88 days 00:00:00.000000000,88 days 00:00:00.000000000,0 days 00:00:00.000000000
5078,2013-09-18 00:00:00.000000000,2013-09-24 00:00:00.000000000,2013-09-24 00:00:00.000000000,2013-06-10 00:00:00.000000000,2013-07-10 00:00:00.000000000,2013-07-10 00:00:00.000000000,2013-04-01 00:00:00.000000000,70 days 00:00:00.000000000,76 days 00:00:00.000000000,6 days 00:00:00.000000000
5079,2014-11-05 00:00:00.000000000,2014-11-05 00:00:00.000000000,2014-11-05 00:00:00.000000000,2014-04-30 00:00:00.000000000,2014-11-04 00:00:00.000000000,2014-11-04 00:00:00.000000000,2014-04-29 00:00:00.000000000,1 days 00:00:00.000000000,1 days 00:00:00.000000000,0 days 00:00:00.000000000
5080,2014-10-14 00:00:00.000000000,2014-10-14 00:00:00.000000000,2014-10-20 00:00:00.000000000,2014-03-20 00:00:00.000000000,2014-04-30 00:00:00.000000000,2014-04-30 00:00:00.000000000,2013-10-04 00:00:00.000000000,167 days 00:00:00.000000000,167 days 00:00:00.000000000,0 days 00:00:00.000000000
5081,2015-06-03 00:00:00.000000000,2015-06-03 00:00:00.000000000,2015-06-05 00:00:00.000000000,2014-12-29 00:00:00.000000000,2015-02-20 00:00:00.000000000,2015-02-20 00:00:00.000000000,2014-09-17 00:00:00.000000000,103 days 00:00:00.000000000,103 days 00:00:00.000000000,0 days 00:00:00.000000000
5082,2014-10-03 00:00:00.000000000,2014-10-03 00:00:00.000000000,2014-10-03 00:00:00.000000000,2014-04-30 00:00:00.000000000,2014-10-03 00:00:00.000000000,2014-10-03 00:00:00.000000000,2014-04-30 00:00:00.000000000,0 days 00:00:00.000000000,0 days 00:00:00.000000000,0 days 00:00:00.000000000
5083,2014-04-28 00:00:00.000000000,2014-06-16 00:00:00.000000000,2014-06-17 00:00:00.000000000,2014-03-12 00:00:00.000000000,2014-04-03 00:00:00.000000000,2014-04-03 00:00:00.000000000,2014-02-15 00:00:00.000000000,25 days 00:00:00.000000000,74 days 00:00:00.000000000,49 days 00:00:00.000000000
5084,2015-07-14 00:00:00.000000000,2015-07-14 00:00:00.000000000,2015-07-14 00:00:00.000000000,2015-05-07 00:00:00.000000000,2015-05-26 00:00:00.000000000,2015-05-26 00:00:00.000000000,2015-03-19 00:00:00.000000000,49 days 00:00:00.000000000,49 days 00:00:00.000000000,0 days 00:00:00.000000000
5085,2013-08-05 00:00:00.000000000,2013-07-31 00:00:00.000000000,2013-07-31 00:00:00.000000000,2013-05-02 00:00:00.000000000,2013-05-22 00:00:00.000000000,2013-05-22 00:00:00.000000000,2013-02-16 00:00:00.000000000,75 days 00:00:00.000000000,70 days 00:00:00.000000000,-5 days +00:00:00.000000000
5086,2012-05-25 00:00:00.000000000,2012-05-25 00:00:00.000000000,2012-05-25 00:00:00.000000000,2012-01-25 00:00:00.000000000,2012-02-17 00:00:00.000000000,2012-02-17 00:00:00.000000000,2011-10-19 00:00:00.000000000,98 days 00:00:00.000000000,98 days 00:00:00.000000000,0 days 00:00:00.000000000
5087,2014-11-03 00:00:00.000000000,2014-11-03 00:00:00.000000000,2014-11-03 00:00:00.000000000,2014-04-08 00:00:00.000000000,2014-04-30 00:00:00.000000000,2014-04-30 00:00:00.000000000,2013-10-03 00:00:00.000000000,187 days 00:00:00.000000000,187 days 00:00:00.000000000,0 days 00:00:00.000000000
5088,2009-10-27 00:00:00.000000000,2009-10-27 00:00:00.000000000,2009-10-27 00:00:00.000000000,2009-10-08 00:00:00.000000000,2009-10-15 00:00:00.000000000,2009-10-15 00:00:00.000000000,2009-09-26 00:00:00.000000000,12 days 00:00:00.000000000,12 days 00:00:00.000000000,0 days 00:00:00.000000000
5089,2014-01-08 00:00:00.000000000,2014-01-08 00:00:00.000000000,2014-01-10 00:00:00.000000000,2013-08-19 00:00:00.000000000,2013-08-23 00:00:00.000000000,2013-08-23 00:00:00.000000000,2013-04-03 00:00:00.000000000,138 days 00:00:00.000000000,138 days 00:00:00.000000000,0 days 00:00:00.000000000
5090,2010-04-27 00:00:00.000000000,2010-04-27 00:00:00.000000000,2010-04-27 00:00:00.000000000,2009-12-28 00:00:00.000000000,2010-02-12 00:00:00.000000000,2010-02-12 00:00:00.000000000,2009-10-15 00:00:00.000000000,74 days 00:00:00.000000000,74 days 00:00:00.000000000,0 days 00:00:00.000000000
5091,2010-05-31 00:00:00.000000000,2010-05-31 00:00:00.000000000,2010-05-31 00:00:00.000000000,2010-04-19 00:00:00.000000000,2010-04-21 00:00:00.000000000,2010-04-21 00:00:00.000000000,2010-03-10 00:00:00.000000000,40 days 00:00:00.000000000,40 days 00:00:00.000000000,0 days 00:00:00.000000000
5092,2014-06-14 00:00:00.000000000,2014-06-14 00:00:00.000000000,2014-06-16 00:00:00.000000000,2014-04-01 00:00:00.000000000,2014-05-12 00:00:00.000000000,2014-05-12 00:00:00.000000000,2014-02-27 00:00:00.000000000,33 days 00:00:00.000000000,33 days 00:00:00.000000000,0 days 00:00:00.000000000
5093,2012-02-16 00:00:00.000000000,2012-02-16 00:00:00.000000000,2012-02-16 00:00:00.000000000,2012-01-03 00:00:00.000000000,2012-01-06 00:00:00.000000000,2012-01-06 00:00:00.000000000,2011-11-23 00:00:00.000000000,41 days 00:00:00.000000000,41 days 00:00:00.000000000,0 days 00:00:00.000000000
5094,2014-11-10 00:00:00.000000000,2014-11-10 00:00:00.000000000,2014-11-13 00:00:00.000000000,2014-07-16 00:00:00.000000000,2014-07-18 00:00:00.000000000,2014-07-18 00:00:00.000000000,2014-03-23 00:00:00.000000000,115 days 00:00:00.000000000,115 days 00:00:00.000000000,0 days 00:00:00.000000000
5095,2014-01-13 00:00:00.000000000,2014-01-13 00:00:00.000000000,2014-01-13 00:00:00.000000000,2013-11-14 00:00:00.000000000,2013-12-02 00:00:00.000000000,2013-12-02 00:00:00.000000000,2013-10-03 00:00:00.000000000,42 days 00:00:00.000000000,42 days 00:00:00.000000000,0 days 00:00:00.000000000
5096,2010-06-08 00:00:00.000000000,2010-06-08 00:00:00.000000000,2010-06-08 00:00:00.000000000,2010-03-18 00:00:00.000000000,2010-03-19 00:00:00.000000000,2010-03-19 00:00:00.000000000,2009-12-27 00:00:00.000000000,81 days 00:00:00.000000000,81 days 00:00:00.000000000,0 days 00:00:00.000000000
5097,2012-10-22 00:00:00.000000000,2012-10-22 00:00:00.000000000,2012-10-22 00:00:00.000000000,2012-05-14 00:00:00.000000000,2012-06-28 00:00:00.000000000,2012-06-28 00:00:00.000000000,2012-01-19 00:00:00.000000000,116 days 00:00:00.000000000,116 days 00:00:00.000000000,0 days 00:00:00.000000000
5098,2014-04-29 00:00:00.000000000,2014-04-29 00:00:00.000000000,2014-05-02 00:00:00.000000000,2014-01-23 00:00:00.000000000,2014-03-03 00:00:00.000000000,2014-03-03 00:00:00.000000000,2013-11-27 00:00:00.000000000,57 days 00:00:00.000000000,57 days 00:00:00.000000000,0 days 00:00:00.000000000
5099,2014-03-02 00:00:00.000000000,2014-03-02 00:00:00.000000000,2014-05-07 00:00:00.000000000,2013-11-12 00:00:00.000000000,2013-11-26 00:00:00.000000000,2013-11-26 00:00:00.000000000,2013-08-08 00:00:00.000000000,96 days 00:00:00.000000000,96 days 00:00:00.000000000,0 days 00:00:00.000000000
5100,2014-10-03 00:00:00.000000000,2014-10-03 00:00:00.000000000,2014-11-12 00:00:00.000000000,2014-06-17 00:00:00.000000000,2014-06-30 00:00:00.000000000,2014-06-30 00:00:00.000000000,2014-03-14 00:00:00.000000000,95 days 00:00:00.000000000,95 days 00:00:00.000000000,0 days 00:00:00.000000000
5101,2015-01-26 00:00:00.000000000,2015-01-26 00:00:00.000000000,2015-01-26 00:00:00.000000000,2014-09-11 00:00:00.000000000,2015-01-26 00:00:00.000000000,2015-01-26 00:00:00.000000000,2014-09-11 00:00:00.000000000,0 days 00:00:00.000000000,0 days 00:00:00.000000000,0 days 00:00:00.000000000
5102,2012-07-23 00:00:00.000000000,2012-07-23 00:00:00.000000000,2012-07-23 00:00:00.000000000,2012-06-07 00:00:00.000000000,2012-06-12 00:00:00.000000000,2012-06-12 00:00:00.000000000,2012-04-27 00:00:00.000000000,41 days 00:00:00.000000000,41 days 00:00:00.000000000,0 days 00:00:00.000000000
5103,2015-08-24 00:00:00.000000000,2015-08-24 00:00:00.000000000,2015-08-24 00:00:00.000000000,2014-09-11 00:00:00.000000000,2015-08-24 00:00:00.000000000,2015-08-24 00:00:00.000000000,2014-09-11 00:00:00.000000000,0 days 00:00:00.000000000,0 days 00:00:00.000000000,0 days 00:00:00.000000000
5104,2015-06-02 00:00:00.000000000,2015-06-02 00:00:00.000000000,2015-06-02 00:00:00.000000000,2014-09-11 00:00:00.000000000,2015-06-02 00:00:00.000000000,2015-06-02 00:00:00.000000000,2014-09-11 00:00:00.000000000,0 days 00:00:00.000000000,0 days 00:00:00.000000000,0 days 00:00:00.000000000
5105,2014-06-10 00:00:00.000000000,2014-06-10 00:00:00.000000000,2014-06-10 00:00:00.000000000,2013-07-10 00:00:00.000000000,2013-08-06 00:00:00.000000000,2013-08-06 00:00:00.000000000,2012-09-05 00:00:00.000000000,308 days 00:00:00.000000000,308 days 00:00:00.000000000,0 days 00:00:00.000000000
5106,2010-12-17 00:00:00.000000000,2010-12-21 00:00:00.000000000,2010-12-21 00:00:00.000000000,2010-09-08 00:00:00.000000000,2010-10-07 00:00:00.000000000,2010-10-07 00:00:00.000000000,2010-06-29 00:00:00.000000000,71 days 00:00:00.000000000,75 days 00:00:00.000000000,4 days 00:00:00.000000000
5107,2011-09-12 00:00:00.000000000,2011-09-12 00:00:00.000000000,2011-09-12 00:00:00.000000000,2011-04-28 00:00:00.000000000,2011-05-18 00:00:00.000000000,2011-05-18 00:00:00.000000000,2011-01-01 00:00:00.000000000,117 days 00:00:00.000000000,117 days 00:00:00.000000000,0 days 00:00:00.000000000
5108,2013-04-18 00:00:00.000000000,2013-04-18 00:00:00.000000000,2013-04-18 00:00:00.000000000,2013-02-07 00:00:00.000000000,2013-03-06 00:00:00.000000000,2013-03-06 00:00:00.000000000,2012-12-26 00:00:00.000000000,43 days 00:00:00.000000000,43 days 00:00:00.000000000,0 days 00:00:00.000000000
5109,2011-12-06 00:00:00.000000000,2011-12-06 00:00:00.000000000,2011-12-06 00:00:00.000000000,2011-03-10 00:00:00.000000000,2011-03-28 00:00:00.000000000,2011-03-28 00:00:00.000000000,2010-06-30 00:00:00.000000000,253 days 00:00:00.000000000,253 days 00:00:00.000000000,0 days 00:00:00.000000000
5110,2011-06-24 00:00:00.000000000,2011-06-24 00:00:00.000000000,2011-06-24 00:00:00.000000000,2011-03-29 00:00:00.000000000,2011-05-02 00:00:00.000000000,2011-05-02 00:00:00.000000000,2011-02-04 00:00:00.000000000,53 days 00:00:00.000000000,53 days 00:00:00.000000000,0 days 00:00:00.000000000
5111,2011-11-22 00:00:00.000000000,2011-11-22 00:00:00.000000000,2011-11-22 00:00:00.000000000,2011-03-04 00:00:00.000000000,2011-03-30 00:00:00.000000000,2011-03-30 00:00:00.000000000,2010-07-10 00:00:00.000000000,237 days 00:00:00.000000000,237 days 00:00:00.000000000,0 days 00:00:00.000000000
5112,2009-11-17 00:00:00.000000000,2009-11-17 00:00:00.000000000,2009-11-17 00:00:00.000000000,2009-06-11 00:00:00.000000000,2009-06-23 00:00:00.000000000,2009-06-23 00:00:00.000000000,2009-01-15 00:00:00.000000000,147 days 00:00:00.000000000,147 days 00:00:00.000000000,0 days 00:00:00.000000000
5113,2013-06-24 00:00:00.000000000,2013-06-24 00:00:00.000000000,2013-06-24 00:00:00.000000000,2012-12-14 00:00:00.000000000,2013-01-15 00:00:00.000000000,2013-01-15 00:00:00.000000000,2012-07-07 00:00:00.000000000,160 days 00:00:00.000000000,160 days 00:00:00.000000000,0 days 00:00:00.000000000
5114,2011-10-24 00:00:00.000000000,2011-10-24 00:00:00.000000000,2011-10-24 00:00:00.000000000,2011-06-27 00:00:00.000000000,2011-07-08 00:00:00.000000000,2011-07-08 00:00:00.000000000,2011-03-11 00:00:00.000000000,108 days 00:00:00.000000000,108 days 00:00:00.000000000,0 days 00:00:00.000000000
5115,2014-08-13 00:00:00.000000000,2014-08-13 00:00:00.000000000,2014-08-13 00:00:00.000000000,2013-07-11 00:00:00.000000000,2014-08-13 00:00:00.000000000,2014-08-13 00:00:00.000000000,2013-07-11 00:00:00.000000000,0 days 00:00:00.000000000,0 days 00:00:00.000000000,0 days 00:00:00.000000000
5116,2015-07-10 00:00:00.000000000,2015-07-10 00:00:00.000000000,2015-07-10 00:00:00.000000000,2015-01-28 00:00:00.000000000,2015-02-17 00:00:00.000000000,2015-02-17 00:00:00.000000000,2014-09-07 00:00:00.000000000,143 days 00:00:00.000000000,143 days 00:00:00.000000000,0 days 00:00:00.000000000
5117,2012-01-04 00:00:00.000000000,2012-01-04 00:00:00.000000000,2012-01-04 00:00:00.000000000,2011-03-10 00:00:00.000000000,2011-03-24 00:00:00.000000000,2011-03-24 00:00:00.000000000,2010-05-28 00:00:00.000000000,286 days 00:00:00.000000000,286 days 00:00:00.000000000,0 days 00:00:00.000000000
5118,2013-04-10 00:00:00.000000000,2013-04-10 00:00:00.000000000,2013-04-10 00:00:00.000000000,2012-12-13 00:00:00.000000000,2013-02-07 00:00:00.000000000,2013-02-07 00:00:00.000000000,2012-10-12 00:00:00.000000000,62 days 00:00:00.000000000,62 days 00:00:00.000000000,0 days 00:00:00.000000000
5119,2012-10-09 00:00:00.000000000,2012-10-09 00:00:00.000000000,2012-10-09 00:00:00.000000000,2012-04-11 00:00:00.000000000,2012-06-12 00:00:00.000000000,2012-06-12 00:00:00.000000000,2011-12-14 00:00:00.000000000,119 days 00:00:00.000000000,119 days 00:00:00.000000000,0 days 00:00:00.000000000
5120,2015-07-10 00:00:00.000000000,2015-07-10 00:00:00.000000000,2015-07-10 00:00:00.000000000,2015-01-28 00:00:00.000000000,2015-02-17 00:00:00.000000000,2015-02-17 00:00:00.000000000,2014-09-07 00:00:00.000000000,143 days 00:00:00.000000000,143 days 00:00:00.000000000,0 days 00:00:00.000000000
5121,2015-03-12 00:00:00.000000000,2015-03-12 00:00:00.000000000,2015-03-13 00:00:00.000000000,2014-10-22 00:00:00.000000000,2015-02-19 00:00:00.000000000,2015-02-19 00:00:00.000000000,2014-10-01 00:00:00.000000000,21 days 00:00:00.000000000,21 days 00:00:00.000000000,0 days 00:00:00.000000000
5122,2010-12-17 00:00:00.000000000,2010-12-16 00:00:00.000000000,2010-12-16 00:00:00.000000000,2010-09-08 00:00:00.000000000,2010-10-07 00:00:00.000000000,2010-10-07 00:00:00.000000000,2010-06-29 00:00:00.000000000,71 days 00:00:00.000000000,70 days 00:00:00.000000000,-1 days +00:00:00.000000000
5123,2013-03-13 00:00:00.000000000,2013-03-13 00:00:00.000000000,2013-03-13 00:00:00.000000000,2012-11-26 00:00:00.000000000,2012-12-12 00:00:00.000000000,2012-12-12 00:00:00.000000000,2012-08-27 00:00:00.000000000,91 days 00:00:00.000000000,91 days 00:00:00.000000000,0 days 00:00:00.000000000
5124,2014-03-28 00:00:00.000000000,2014-03-28 00:00:00.000000000,2014-03-28 00:00:00.000000000,2013-08-21 00:00:00.000000000,2014-02-05 00:00:00.000000000,2014-02-05 00:00:00.000000000,2013-07-01 00:00:00.000000000,51 days 00:00:00.000000000,51 days 00:00:00.000000000,0 days 00:00:00.000000000
5125,2015-02-19 00:00:00.000000000,2015-02-19 00:00:00.000000000,2015-02-19 00:00:00.000000000,2014-04-30 00:00:00.000000000,2014-05-08 00:00:00.000000000,2014-05-08 00:00:00.000000000,2013-07-17 00:00:00.000000000,287 days 00:00:00.000000000,287 days 00:00:00.000000000,0 days 00:00:00.000000000
5126,2013-01-09 00:00:00.000000000,2013-01-17 00:00:00.000000000,2013-01-17 00:00:00.000000000,2012-10-05 00:00:00.000000000,2012-10-16 00:00:00.000000000,2012-10-16 00:00:00.000000000,2012-07-12 00:00:00.000000000,85 days 00:00:00.000000000,93 days 00:00:00.000000000,8 days 00:00:00.000000000
5127,2012-02-03 00:00:00.000000000,2012-02-03 00:00:00.000000000,2012-02-03 00:00:00.000000000,2011-08-29 00:00:00.000000000,2011-09-14 00:00:00.000000000,2011-09-14 00:00:00.000000000,2011-04-09 00:00:00.000000000,142 days 00:00:00.000000000,142 days 00:00:00.000000000,0 days 00:00:00.000000000
5128,2013-09-17 00:00:00.000000000,2013-09-16 00:00:00.000000000,2013-09-16 00:00:00.000000000,2013-04-30 00:00:00.000000000,2013-05-29 00:00:00.000000000,2013-05-29 00:00:00.000000000,2013-01-09 00:00:00.000000000,111 days 00:00:00.000000000,110 days 00:00:00.000000000,-1 days +00:00:00.000000000
5129,2014-08-28 00:00:00.000000000,2014-08-28 00:00:00.000000000,2014-08-28 00:00:00.000000000,2014-04-30 00:00:00.000000000,2014-08-28 00:00:00.000000000,2014-08-28 00:00:00.000000000,2014-04-30 00:00:00.000000000,0 days 00:00:00.000000000,0 days 00:00:00.000000000,0 days 00:00:00.000000000
5130,2013-11-21 00:00:00.000000000,2013-11-21 00:00:00.000000000,2013-11-22 00:00:00.000000000,2013-05-17 00:00:00.000000000,2013-06-24 00:00:00.000000000,2013-06-24 00:00:00.000000000,2012-12-18 00:00:00.000000000,150 days 00:00:00.000000000,150 days 00:00:00.000000000,0 days 00:00:00.000000000
5131,2015-06-02 00:00:00.000000000,2015-06-02 00:00:00.000000000,2015-06-02 00:00:00.000000000,2014-09-11 00:00:00.000000000,2015-06-02 00:00:00.000000000,2015-06-02 00:00:00.000000000,2014-09-11 00:00:00.000000000,0 days 00:00:00.000000000,0 days 00:00:00.000000000,0 days 00:00:00.000000000
5132,2010-05-05 00:00:00.000000000,2010-06-16 00:00:00.000000000,2010-06-16 00:00:00.000000000,2010-01-15 00:00:00.000000000,2010-02-05 00:00:00.000000000,2010-02-05 00:00:00.000000000,2009-10-18 00:00:00.000000000,89 days 00:00:00.000000000,131 days 00:00:00.000000000,42 days 00:00:00.000000000
5133,2013-10-10 00:00:00.000000000,2013-10-10 00:00:00.000000000,2013-10-21 00:00:00.000000000,2013-08-09 00:00:00.000000000,2013-09-04 00:00:00.000000000,2013-09-04 00:00:00.000000000,2013-07-04 00:00:00.000000000,36 days 00:00:00.000000000,36 days 00:00:00.000000000,0 days 00:00:00.000000000
5134,2013-10-30 00:00:00.000000000,2013-10-30 00:00:00.000000000,2013-10-30 00:00:00.000000000,2013-07-08 00:00:00.000000000,2013-07-31 00:00:00.000000000,2013-07-31 00:00:00.000000000,2013-04-08 00:00:00.000000000,91 days 00:00:00.000000000,91 days 00:00:00.000000000,0 days 00:00:00.000000000
5135,2011-03-17 00:00:00.000000000,2011-03-17 00:00:00.000000000,2011-03-17 00:00:00.000000000,2010-06-02 00:00:00.000000000,2010-06-17 00:00:00.000000000,2010-06-17 00:00:00.000000000,2009-09-02 00:00:00.000000000,273 days 00:00:00.000000000,273 days 00:00:00.000000000,0 days 00:00:00.000000000
5136,2014-04-23 00:00:00.000000000,2014-04-23 00:00:00.000000000,2014-04-23 00:00:00.000000000,2013-10-04 00:00:00.000000000,2013-10-10 00:00:00.000000000,2013-10-10 00:00:00.000000000,2013-03-23 00:00:00.000000000,195 days 00:00:00.000000000,195 days 00:00:00.000000000,0 days 00:00:00.000000000
5137,2012-02-29 00:00:00.000000000,2012-02-29 00:00:00.000000000,2012-02-29 00:00:00.000000000,2011-10-05 00:00:00.000000000,2011-11-29 00:00:00.000000000,2011-11-29 00:00:00.000000000,2011-07-05 00:00:00.000000000,92 days 00:00:00.000000000,92 days 00:00:00.000000000,0 days 00:00:00.000000000
5138,2010-05-20 00:00:00.000000000,2010-05-31 00:00:00.000000000,2010-05-31 00:00:00.000000000,2010-02-02 00:00:00.000000000,2010-02-17 00:00:00.000000000,2010-02-17 00:00:00.000000000,2009-11-02 00:00:00.000000000,92 days 00:00:00.000000000,103 days 00:00:00.000000000,11 days 00:00:00.000000000
5139,2014-02-27 00:00:00.000000000,2014-02-27 00:00:00.000000000,2014-03-26 00:00:00.000000000,2013-08-09 00:00:00.000000000,2013-09-17 00:00:00.000000000,2013-09-17 00:00:00.000000000,2013-02-27 00:00:00.000000000,163 days 00:00:00.000000000,163 days 00:00:00.000000000,0 days 00:00:00.000000000
5140,2014-02-18 00:00:00.000000000,2014-02-18 00:00:00.000000000,2014-03-19 00:00:00.000000000,2013-08-13 00:00:00.000000000,2013-11-01 00:00:00.000000000,2013-11-01 00:00:00.000000000,2013-04-26 00:00:00.000000000,109 days 00:00:00.000000000,109 days 00:00:00.000000000,0 days 00:00:00.000000000
5141,2014-10-28 00:00:00.000000000,2014-10-28 00:00:00.000000000,2014-10-29 00:00:00.000000000,2014-06-11 00:00:00.000000000,2014-06-20 00:00:00.000000000,2014-06-20 00:00:00.000000000,2014-02-01 00:00:00.000000000,130 days 00:00:00.000000000,130 days 00:00:00.000000000,0 days 00:00:00.000000000
5142,2011-09-02 00:00:00.000000000,2011-09-02 00:00:00.000000000,2011-09-02 00:00:00.000000000,2011-03-10 00:00:00.000000000,2011-03-24 00:00:00.000000000,2011-03-24 00:00:00.000000000,2010-09-29 00:00:00.000000000,162 days 00:00:00.000000000,162 days 00:00:00.000000000,0 days 00:00:00.000000000
5143,2010-01-21 00:00:00.000000000,2010-01-21 00:00:00.000000000,2010-01-21 00:00:00.000000000,2009-10-29 00:00:00.000000000,2009-11-03 00:00:00.000000000,2009-11-03 00:00:00.000000000,2009-08-11 00:00:00.000000000,79 days 00:00:00.000000000,79 days 00:00:00.000000000,0 days 00:00:00.000000000
5144,2010-03-19 00:00:00.000000000,2010-03-19 00:00:00.000000000,2010-03-19 00:00:00.000000000,2009-10-20 00:00:00.000000000,2009-11-13 00:00:00.000000000,2009-11-13 00:00:00.000000000,2009-06-16 00:00:00.000000000,126 days 00:00:00.000000000,126 days 00:00:00.000000000,0 days 00:00:00.000000000
5145,2010-12-15 00:00:00.000000000,2011-02-11 00:00:00.000000000,2011-02-11 00:00:00.000000000,2010-08-31 00:00:00.000000000,2010-09-21 00:00:00.000000000,2010-09-21 00:00:00.000000000,2010-06-07 00:00:00.000000000,85 days 00:00:00.000000000,143 days 00:00:00.000000000,58 days 00:00:00.000000000
5146,2012-10-15 00:00:00.000000000,2012-10-15 00:00:00.000000000,2012-10-15 00:00:00.000000000,2012-05-24 00:00:00.000000000,2012-06-13 00:00:00.000000000,2012-06-13 00:00:00.000000000,2012-01-21 00:00:00.000000000,124 days 00:00:00.000000000,124 days 00:00:00.000000000,0 days 00:00:00.000000000
5147,2013-04-16 00:00:00.000000000,2013-04-16 00:00:00.000000000,2013-04-16 00:00:00.000000000,2013-03-18 00:00:00.000000000,1900-01-01 00:00:00.000000000,2013-04-09 00:00:00.000000000,2013-03-11 00:00:00.000000000,7 days 00:00:00.000000000,7 days 00:00:00.000000000,0 days 00:00:00.000000000
5148,2011-12-01 00:00:00.000000000,2012-01-09 00:00:00.000000000,2012-01-09 00:00:00.000000000,2011-03-10 00:00:00.000000000,2011-03-23 00:00:00.000000000,2011-03-23 00:00:00.000000000,2010-06-30 00:00:00.000000000,253 days 00:00:00.000000000,292 days 00:00:00.000000000,39 days 00:00:00.000000000
5149,2014-11-05 00:00:00.000000000,2014-11-05 00:00:00.000000000,2014-11-05 00:00:00.000000000,2014-04-30 00:00:00.000000000,2014-11-04 00:00:00.000000000,2014-11-04 00:00:00.000000000,2014-04-29 00:00:00.000000000,1 days 00:00:00.000000000,1 days 00:00:00.000000000,0 days 00:00:00.000000000
5150,2011-11-18 00:00:00.000000000,2011-11-18 00:00:00.000000000,2011-11-18 00:00:00.000000000,2011-09-13 00:00:00.000000000,2011-09-15 00:00:00.000000000,2011-09-15 00:00:00.000000000,2011-07-11 00:00:00.000000000,64 days 00:00:00.000000000,64 days 00:00:00.000000000,0 days 00:00:00.000000000
5151,2015-08-24 00:00:00.000000000,2015-08-24 00:00:00.000000000,2015-08-24 00:00:00.000000000,2014-09-11 00:00:00.000000000,2014-10-09 00:00:00.000000000,2014-10-09 00:00:00.000000000,2013-10-27 00:00:00.000000000,319 days 00:00:00.000000000,319 days 00:00:00.000000000,0 days 00:00:00.000000000
5152,2010-08-23 00:00:00.000000000,2010-08-23 00:00:00.000000000,2010-08-23 00:00:00.000000000,2009-10-20 00:00:00.000000000,2009-11-11 00:00:00.000000000,2009-11-11 00:00:00.000000000,2009-01-08 00:00:00.000000000,285 days 00:00:00.000000000,285 days 00:00:00.000000000,0 days 00:00:00.000000000
5153,2012-07-27 00:00:00.000000000,2012-07-27 00:00:00.000000000,2012-07-27 00:00:00.000000000,2012-06-07 00:00:00.000000000,2012-06-12 00:00:00.000000000,2012-06-12 00:00:00.000000000,2012-04-23 00:00:00.000000000,45 days 00:00:00.000000000,45 days 00:00:00.000000000,0 days 00:00:00.000000000
5154,2012-10-19 00:00:00.000000000,2012-10-19 00:00:00.000000000,2012-10-19 00:00:00.000000000,2012-08-23 00:00:00.000000000,2012-09-12 00:00:00.000000000,2012-09-12 00:00:00.000000000,2012-07-17 00:00:00.000000000,37 days 00:00:00.000000000,37 days 00:00:00.000000000,0 days 00:00:00.000000000
5155,2014-05-15 00:00:00.000000000,2014-05-15 00:00:00.000000000,2014-05-14 00:00:00.000000000,2013-10-04 00:00:00.000000000,2013-10-07 00:00:00.000000000,2013-10-07 00:00:00.000000000,2013-02-26 00:00:00.000000000,220 days 00:00:00.000000000,220 days 00:00:00.000000000,0 days 00:00:00.000000000
5156,2015-01-15 00:00:00.000000000,2015-01-15 00:00:00.000000000,2015-01-22 00:00:00.000000000,2014-07-09 00:00:00.000000000,2014-08-11 00:00:00.000000000,2014-08-11 00:00:00.000000000,2014-02-02 00:00:00.000000000,157 days 00:00:00.000000000,157 days 00:00:00.000000000,0 days 00:00:00.000000000
5157,2010-07-06 00:00:00.000000000,2010-07-06 00:00:00.000000000,2010-07-06 00:00:00.000000000,2010-04-19 00:00:00.000000000,2010-04-26 00:00:00.000000000,2010-04-26 00:00:00.000000000,2010-02-07 00:00:00.000000000,71 days 00:00:00.000000000,71 days 00:00:00.000000000,0 days 00:00:00.000000000
5158,2011-04-14 00:00:00.000000000,2011-04-14 00:00:00.000000000,2011-04-14 00:00:00.000000000,2010-10-28 00:00:00.000000000,2010-11-10 00:00:00.000000000,2010-11-10 00:00:00.000000000,2010-05-26 00:00:00.000000000,155 days 00:00:00.000000000,155 days 00:00:00.000000000,0 days 00:00:00.000000000
5159,2014-08-27 00:00:00.000000000,2014-08-27 00:00:00.000000000,2014-08-27 00:00:00.000000000,2013-07-11 00:00:00.000000000,2014-08-27 00:00:00.000000000,2014-08-27 00:00:00.000000000,2013-07-11 00:00:00.000000000,0 days 00:00:00.000000000,0 days 00:00:00.000000000,0 days 00:00:00.000000000
5160,2011-06-03 00:00:00.000000000,2011-06-03 00:00:00.000000000,2011-06-03 00:00:00.000000000,2010-08-31 00:00:00.000000000,2010-09-24 00:00:00.000000000,2010-09-24 00:00:00.000000000,2009-12-22 00:00:00.000000000,252 days 00:00:00.000000000,252 days 00:00:00.000000000,0 days 00:00:00.000000000
5161,2013-11-28 00:00:00.000000000,2013-11-28 00:00:00.000000000,2013-12-03 00:00:00.000000000,2013-04-23 00:00:00.000000000,2013-05-17 00:00:00.000000000,2013-05-17 00:00:00.000000000,2012-10-10 00:00:00.000000000,195 days 00:00:00.000000000,195 days 00:00:00.000000000,0 days 00:00:00.000000000
5162,2011-11-02 00:00:00.000000000,2011-11-02 00:00:00.000000000,2011-11-02 00:00:00.000000000,2011-01-21 00:00:00.000000000,2011-02-08 00:00:00.000000000,2011-02-08 00:00:00.000000000,2010-04-29 00:00:00.000000000,267 days 00:00:00.000000000,267 days 00:00:00.000000000,0 days 00:00:00.000000000
5163,2015-07-27 00:00:00.000000000,2015-07-27 00:00:00.000000000,2015-07-27 00:00:00.000000000,2015-01-28 00:00:00.000000000,2015-02-17 00:00:00.000000000,2015-02-17 00:00:00.000000000,2014-08-21 00:00:00.000000000,160 days 00:00:00.000000000,160 days 00:00:00.000000000,0 days 00:00:00.000000000
5164,2013-11-16 00:00:00.000000000,2013-11-16 00:00:00.000000000,2013-11-26 00:00:00.000000000,2013-07-08 00:00:00.000000000,2013-09-10 00:00:00.000000000,2013-09-10 00:00:00.000000000,2013-05-02 00:00:00.000000000,67 days 00:00:00.000000000,67 days 00:00:00.000000000,0 days 00:00:00.000000000
5165,2011-12-15 00:00:00.000000000,2011-12-15 00:00:00.000000000,2011-12-15 00:00:00.000000000,2011-09-14 00:00:00.000000000,2011-09-22 00:00:00.000000000,2011-09-22 00:00:00.000000000,2011-06-22 00:00:00.000000000,84 days 00:00:00.000000000,84 days 00:00:00.000000000,0 days 00:00:00.000000000
5166,2010-12-23 00:00:00.000000000,2010-12-23 00:00:00.000000000,2010-12-23 00:00:00.000000000,2010-09-20 00:00:00.000000000,2010-10-06 00:00:00.000000000,2010-10-06 00:00:00.000000000,2010-07-04 00:00:00.000000000,78 days 00:00:00.000000000,78 days 00:00:00.000000000,0 days 00:00:00.000000000
5167,2011-07-01 00:00:00.000000000,2011-07-01 00:00:00.000000000,2011-07-01 00:00:00.000000000,2011-03-29 00:00:00.000000000,2011-05-02 00:00:00.000000000,2011-05-02 00:00:00.000000000,2011-01-28 00:00:00.000000000,60 days 00:00:00.000000000,60 days 00:00:00.000000000,0 days 00:00:00.000000000
5168,2014-02-27 00:00:00.000000000,2014-02-27 00:00:00.000000000,2014-03-04 00:00:00.000000000,2013-10-28 00:00:00.000000000,2013-11-06 00:00:00.000000000,2013-11-06 00:00:00.000000000,2013-07-07 00:00:00.000000000,113 days 00:00:00.000000000,113 days 00:00:00.000000000,0 days 00:00:00.000000000
5169,2010-06-15 00:00:00.000000000,2010-06-15 00:00:00.000000000,2010-06-15 00:00:00.000000000,2009-09-09 00:00:00.000000000,2009-09-29 00:00:00.000000000,2009-09-29 00:00:00.000000000,2008-12-24 00:00:00.000000000,259 days 00:00:00.000000000,259 days 00:00:00.000000000,0 days 00:00:00.000000000
5170,2013-06-10 00:00:00.000000000,2013-06-10 00:00:00.000000000,2013-06-10 00:00:00.000000000,2013-01-16 00:00:00.000000000,2013-02-05 00:00:00.000000000,2013-02-05 00:00:00.000000000,2012-09-13 00:00:00.000000000,125 days 00:00:00.000000000,125 days 00:00:00.000000000,0 days 00:00:00.000000000
5171,2013-09-26 00:00:00.000000000,2013-09-26 00:00:00.000000000,2013-09-26 00:00:00.000000000,2013-06-21 00:00:00.000000000,2013-06-28 00:00:00.000000000,2013-06-28 00:00:00.000000000,2013-03-23 00:00:00.000000000,90 days 00:00:00.000000000,90 days 00:00:00.000000000,0 days 00:00:00.000000000
5172,2012-10-04 00:00:00.000000000,2012-10-04 00:00:00.000000000,2012-10-04 00:00:00.000000000,2012-05-14 00:00:00.000000000,2012-07-12 00:00:00.000000000,2012-07-12 00:00:00.000000000,2012-02-20 00:00:00.000000000,84 days 00:00:00.000000000,84 days 00:00:00.000000000,0 days 00:00:00.000000000
5173,2014-06-25 00:00:00.000000000,2014-06-25 00:00:00.000000000,2014-06-25 00:00:00.000000000,2014-04-30 00:00:00.000000000,2014-06-25 00:00:00.000000000,2014-06-25 00:00:00.000000000,2014-04-30 00:00:00.000000000,0 days 00:00:00.000000000,0 days 00:00:00.000000000,0 days 00:00:00.000000000
5174,2015-07-03 00:00:00.000000000,2015-07-03 00:00:00.000000000,2015-07-13 00:00:00.000000000,2014-10-22 00:00:00.000000000,2014-12-24 00:00:00.000000000,2014-12-24 00:00:00.000000000,2014-04-14 00:00:00.000000000,191 days 00:00:00.000000000,191 days 00:00:00.000000000,0 days 00:00:00.000000000
5175,2009-10-29 00:00:00.000000000,2009-10-29 00:00:00.000000000,2009-10-29 00:00:00.000000000,2009-03-25 00:00:00.000000000,2009-05-13 00:00:00.000000000,2009-05-13 00:00:00.000000000,2008-10-07 00:00:00.000000000,169 days 00:00:00.000000000,169 days 00:00:00.000000000,0 days 00:00:00.000000000
5176,2015-07-10 00:00:00.000000000,2015-07-10 00:00:00.000000000,2015-07-10 00:00:00.000000000,2015-01-28 00:00:00.000000000,2015-02-17 00:00:00.000000000,2015-02-17 00:00:00.000000000,2014-09-07 00:00:00.000000000,143 days 00:00:00.000000000,143 days 00:00:00.000000000,0 days 00:00:00.000000000
5177,2014-08-13 00:00:00.000000000,2014-08-13 00:00:00.000000000,2014-08-25 00:00:00.000000000,2014-02-06 00:00:00.000000000,2014-03-10 00:00:00.000000000,2014-03-10 00:00:00.000000000,2013-09-03 00:00:00.000000000,156 days 00:00:00.000000000,156 days 00:00:00.000000000,0 days 00:00:00.000000000
5178,2015-07-13 00:00:00.000000000,2015-07-13 00:00:00.000000000,2015-07-14 00:00:00.000000000,2015-01-28 00:00:00.000000000,2015-02-17 00:00:00.000000000,2015-02-17 00:00:00.000000000,2014-09-04 00:00:00.000000000,146 days 00:00:00.000000000,146 days 00:00:00.000000000,0 days 00:00:00.000000000
5179,2009-12-24 00:00:00.000000000,2009-12-24 00:00:00.000000000,2009-12-24 00:00:00.000000000,2009-08-27 00:00:00.000000000,2009-09-11 00:00:00.000000000,2009-09-11 00:00:00.000000000,2009-05-15 00:00:00.000000000,104 days 00:00:00.000000000,104 days 00:00:00.000000000,0 days 00:00:00.000000000
5180,2014-08-29 00:00:00.000000000,2014-08-29 00:00:00.000000000,2014-08-29 00:00:00.000000000,2013-07-11 00:00:00.000000000,2014-08-29 00:00:00.000000000,2014-08-29 00:00:00.000000000,2013-07-11 00:00:00.000000000,0 days 00:00:00.000000000,0 days 00:00:00.000000000,0 days 00:00:00.000000000
5181,2014-11-05 00:00:00.000000000,2014-11-05 00:00:00.000000000,2014-11-05 00:00:00.000000000,2014-04-30 00:00:00.000000000,2014-11-04 00:00:00.000000000,2014-11-04 00:00:00.000000000,2014-04-29 00:00:00.000000000,1 days 00:00:00.000000000,1 days 00:00:00.000000000,0 days 00:00:00.000000000
5182,2013-11-21 00:00:00.000000000,2013-11-21 00:00:00.000000000,2013-11-22 00:00:00.000000000,2013-05-17 00:00:00.000000000,2013-06-24 00:00:00.000000000,2013-06-24 00:00:00.000000000,2012-12-18 00:00:00.000000000,150 days 00:00:00.000000000,150 days 00:00:00.000000000,0 days 00:00:00.000000000
5183,2009-10-29 00:00:00.000000000,2009-10-29 00:00:00.000000000,2009-10-29 00:00:00.000000000,2009-05-07 00:00:00.000000000,2009-09-22 00:00:00.000000000,2009-09-22 00:00:00.000000000,2009-03-31 00:00:00.000000000,37 days 00:00:00.000000000,37 days 00:00:00.000000000,0 days 00:00:00.000000000
5184,2014-02-07 00:00:00.000000000,2014-02-07 00:00:00.000000000,2014-02-07 00:00:00.000000000,2013-07-11 00:00:00.000000000,2013-08-13 00:00:00.000000000,2013-08-13 00:00:00.000000000,2013-01-14 00:00:00.000000000,178 days 00:00:00.000000000,178 days 00:00:00.000000000,0 days 00:00:00.000000000
5185,2010-01-15 00:00:00.000000000,2010-01-15 00:00:00.000000000,2010-01-15 00:00:00.000000000,2009-08-21 00:00:00.000000000,2009-11-02 00:00:00.000000000,2009-11-02 00:00:00.000000000,2009-06-08 00:00:00.000000000,74 days 00:00:00.000000000,74 days 00:00:00.000000000,0 days 00:00:00.000000000
5186,2015-06-02 00:00:00.000000000,2015-06-02 00:00:00.000000000,2015-06-02 00:00:00.000000000,2014-09-11 00:00:00.000000000,2015-06-02 00:00:00.000000000,2015-06-02 00:00:00.000000000,2014-09-11 00:00:00.000000000,0 days 00:00:00.000000000,0 days 00:00:00.000000000,0 days 00:00:00.000000000
5187,2015-02-19 00:00:00.000000000,2015-02-19 00:00:00.000000000,2015-02-19 00:00:00.000000000,2014-04-30 00:00:00.000000000,2014-05-08 00:00:00.000000000,2014-05-08 00:00:00.000000000,2013-07-17 00:00:00.000000000,287 days 00:00:00.000000000,287 days 00:00:00.000000000,0 days 00:00:00.000000000
5188,2010-03-18 00:00:00.000000000,2010-03-18 00:00:00.000000000,2010-03-18 00:00:00.000000000,2009-12-16 00:00:00.000000000,2009-12-22 00:00:00.000000000,2009-12-22 00:00:00.000000000,2009-09-21 00:00:00.000000000,86 days 00:00:00.000000000,86 days 00:00:00.000000000,0 days 00:00:00.000000000
5189,2015-07-21 00:00:00.000000000,2015-07-21 00:00:00.000000000,2015-07-22 00:00:00.000000000,2014-12-17 00:00:00.000000000,2015-03-13 00:00:00.000000000,2015-03-13 00:00:00.000000000,2014-08-09 00:00:00.000000000,130 days 00:00:00.000000000,130 days 00:00:00.000000000,0 days 00:00:00.000000000
5190,2013-08-07 00:00:00.000000000,2013-08-07 00:00:00.000000000,2013-08-07 00:00:00.000000000,2013-01-30 00:00:00.000000000,2013-03-11 00:00:00.000000000,2013-03-11 00:00:00.000000000,2012-09-03 00:00:00.000000000,149 days 00:00:00.000000000,149 days 00:00:00.000000000,0 days 00:00:00.000000000
5191,2013-06-25 00:00:00.000000000,2013-06-25 00:00:00.000000000,2013-06-25 00:00:00.000000000,2013-03-14 00:00:00.000000000,2013-04-11 00:00:00.000000000,2013-04-11 00:00:00.000000000,2012-12-29 00:00:00.000000000,75 days 00:00:00.000000000,75 days 00:00:00.000000000,0 days 00:00:00.000000000
5192,2010-11-30 00:00:00.000000000,2010-11-30 00:00:00.000000000,2010-11-30 00:00:00.000000000,2010-09-14 00:00:00.000000000,2010-09-17 00:00:00.000000000,2010-09-17 00:00:00.000000000,2010-07-02 00:00:00.000000000,74 days 00:00:00.000000000,74 days 00:00:00.000000000,0 days 00:00:00.000000000
5193,2012-05-16 00:00:00.000000000,2012-05-16 00:00:00.000000000,2012-05-16 00:00:00.000000000,2011-12-15 00:00:00.000000000,2012-01-16 00:00:00.000000000,2012-01-16 00:00:00.000000000,2011-08-16 00:00:00.000000000,121 days 00:00:00.000000000,121 days 00:00:00.000000000,0 days 00:00:00.000000000
5194,2011-11-23 00:00:00.000000000,2011-11-23 00:00:00.000000000,2011-11-23 00:00:00.000000000,2011-06-27 00:00:00.000000000,2011-07-08 00:00:00.000000000,2011-07-08 00:00:00.000000000,2011-02-09 00:00:00.000000000,138 days 00:00:00.000000000,138 days 00:00:00.000000000,0 days 00:00:00.000000000
5195,2011-01-06 00:00:00.000000000,2011-01-06 00:00:00.000000000,2011-01-06 00:00:00.000000000,2010-08-31 00:00:00.000000000,2010-09-24 00:00:00.000000000,2010-09-24 00:00:00.000000000,2010-05-19 00:00:00.000000000,104 days 00:00:00.000000000,104 days 00:00:00.000000000,0 days 00:00:00.000000000
5196,2013-11-07 00:00:00.000000000,2013-11-11 00:00:00.000000000,2013-11-17 00:00:00.000000000,2013-06-10 00:00:00.000000000,2013-07-10 00:00:00.000000000,2013-07-10 00:00:00.000000000,2013-02-10 00:00:00.000000000,120 days 00:00:00.000000000,124 days 00:00:00.000000000,4 days 00:00:00.000000000
5197,2015-07-24 00:00:00.000000000,2015-07-24 00:00:00.000000000,2015-07-24 00:00:00.000000000,2014-09-11 00:00:00.000000000,2014-10-09 00:00:00.000000000,2014-10-09 00:00:00.000000000,2013-11-27 00:00:00.000000000,288 days 00:00:00.000000000,288 days 00:00:00.000000000,0 days 00:00:00.000000000
5198,2011-04-05 00:00:00.000000000,2011-04-05 00:00:00.000000000,2011-04-05 00:00:00.000000000,2010-08-31 00:00:00.000000000,2010-09-21 00:00:00.000000000,2010-09-21 00:00:00.000000000,2010-02-16 00:00:00.000000000,196 days 00:00:00.000000000,196 days 00:00:00.000000000,0 days 00:00:00.000000000
5199,2013-11-07 00:00:00.000000000,2013-11-11 00:00:00.000000000,2013-11-17 00:00:00.000000000,2013-06-10 00:00:00.000000000,2013-07-10 00:00:00.000000000,2013-07-10 00:00:00.000000000,2013-02-10 00:00:00.000000000,120 days 00:00:00.000000000,124 days 00:00:00.000000000,4 days 00:00:00.000000000
5200,2015-06-01 00:00:00.000000000,2015-06-01 00:00:00.000000000,2015-06-01 00:00:00.000000000,2014-10-30 00:00:00.000000000,2014-12-08 00:00:00.000000000,2014-12-08 00:00:00.000000000,2014-05-08 00:00:00.000000000,175 days 00:00:00.000000000,175 days 00:00:00.000000000,0 days 00:00:00.000000000
5201,2010-02-19 00:00:00.000000000,2010-02-19 00:00:00.000000000,2010-02-19 00:00:00.000000000,2009-10-29 00:00:00.000000000,2009-11-03 00:00:00.000000000,2009-11-03 00:00:00.000000000,2009-07-13 00:00:00.000000000,108 days 00:00:00.000000000,108 days 00:00:00.000000000,0 days 00:00:00.000000000
5202,2012-09-20 00:00:00.000000000,2012-09-20 00:00:00.000000000,2012-09-20 00:00:00.000000000,2012-05-18 00:00:00.000000000,2012-06-20 00:00:00.000000000,2012-06-20 00:00:00.000000000,2012-02-16 00:00:00.000000000,92 days 00:00:00.000000000,92 days 00:00:00.000000000,0 days 00:00:00.000000000
5203,2009-09-30 00:00:00.000000000,2009-09-30 00:00:00.000000000,2009-09-30 00:00:00.000000000,2009-06-25 00:00:00.000000000,2009-06-29 00:00:00.000000000,2009-06-29 00:00:00.000000000,2009-03-24 00:00:00.000000000,93 days 00:00:00.000000000,93 days 00:00:00.000000000,0 days 00:00:00.000000000
5204,2010-08-27 00:00:00.000000000,2010-08-27 00:00:00.000000000,2010-08-27 00:00:00.000000000,2010-02-25 00:00:00.000000000,2010-06-07 00:00:00.000000000,2010-06-07 00:00:00.000000000,2009-12-06 00:00:00.000000000,81 days 00:00:00.000000000,81 days 00:00:00.000000000,0 days 00:00:00.000000000
5205,2013-01-02 00:00:00.000000000,2013-01-02 00:00:00.000000000,2013-01-02 00:00:00.000000000,2012-10-11 00:00:00.000000000,2012-10-18 00:00:00.000000000,2012-10-18 00:00:00.000000000,2012-07-27 00:00:00.000000000,76 days 00:00:00.000000000,76 days 00:00:00.000000000,0 days 00:00:00.000000000
5206,2014-06-26 00:00:00.000000000,2014-06-26 00:00:00.000000000,2014-06-26 00:00:00.000000000,2014-04-01 00:00:00.000000000,2014-04-29 00:00:00.000000000,2014-04-29 00:00:00.000000000,2014-02-02 00:00:00.000000000,58 days 00:00:00.000000000,58 days 00:00:00.000000000,0 days 00:00:00.000000000
5207,2013-04-24 00:00:00.000000000,2013-04-24 00:00:00.000000000,2013-04-24 00:00:00.000000000,2012-12-14 00:00:00.000000000,2013-01-24 00:00:00.000000000,2013-01-24 00:00:00.000000000,2012-09-15 00:00:00.000000000,90 days 00:00:00.000000000,90 days 00:00:00.000000000,0 days 00:00:00.000000000
5208,2014-01-03 00:00:00.000000000,2014-01-03 00:00:00.000000000,2014-01-06 00:00:00.000000000,2013-08-09 00:00:00.000000000,2013-09-17 00:00:00.000000000,2013-09-17 00:00:00.000000000,2013-04-23 00:00:00.000000000,108 days 00:00:00.000000000,108 days 00:00:00.000000000,0 days 00:00:00.000000000
5209,2011-08-15 00:00:00.000000000,2011-08-15 00:00:00.000000000,2011-08-15 00:00:00.000000000,2011-07-12 00:00:00.000000000,2011-07-20 00:00:00.000000000,2011-07-20 00:00:00.000000000,2011-06-16 00:00:00.000000000,26 days 00:00:00.000000000,26 days 00:00:00.000000000,0 days 00:00:00.000000000
5210,2011-09-29 00:00:00.000000000,2011-09-29 00:00:00.000000000,2011-09-29 00:00:00.000000000,2011-06-24 00:00:00.000000000,2011-07-18 00:00:00.000000000,2011-07-18 00:00:00.000000000,2011-04-12 00:00:00.000000000,73 days 00:00:00.000000000,73 days 00:00:00.000000000,0 days 00:00:00.000000000
5211,2009-11-19 00:00:00.000000000,2009-11-19 00:00:00.000000000,2009-11-19 00:00:00.000000000,2009-05-07 00:00:00.000000000,2009-07-21 00:00:00.000000000,2009-07-21 00:00:00.000000000,2009-01-06 00:00:00.000000000,121 days 00:00:00.000000000,121 days 00:00:00.000000000,0 days 00:00:00.000000000
5212,2015-05-11 00:00:00.000000000,2015-05-11 00:00:00.000000000,2015-05-13 00:00:00.000000000,2015-04-03 00:00:00.000000000,2015-04-20 00:00:00.000000000,2015-04-20 00:00:00.000000000,2015-03-13 00:00:00.000000000,21 days 00:00:00.000000000,21 days 00:00:00.000000000,0 days 00:00:00.000000000
5213,2015-02-19 00:00:00.000000000,2015-02-19 00:00:00.000000000,2015-02-19 00:00:00.000000000,2014-04-30 00:00:00.000000000,2014-05-08 00:00:00.000000000,2014-05-08 00:00:00.000000000,2013-07-17 00:00:00.000000000,287 days 00:00:00.000000000,287 days 00:00:00.000000000,0 days 00:00:00.000000000
5214,2015-07-24 00:00:00.000000000,2015-07-24 00:00:00.000000000,2015-07-24 00:00:00.000000000,2014-09-11 00:00:00.000000000,2014-10-09 00:00:00.000000000,2014-10-09 00:00:00.000000000,2013-11-27 00:00:00.000000000,288 days 00:00:00.000000000,288 days 00:00:00.000000000,0 days 00:00:00.000000000
5215,2014-08-29 00:00:00.000000000,2014-08-29 00:00:00.000000000,2014-08-29 00:00:00.000000000,2013-07-11 00:00:00.000000000,2014-08-29 00:00:00.000000000,2014-08-29 00:00:00.000000000,2013-07-11 00:00:00.000000000,0 days 00:00:00.000000000,0 days 00:00:00.000000000,0 days 00:00:00.000000000
5216,2014-01-08 00:00:00.000000000,2014-01-08 00:00:00.000000000,2014-01-10 00:00:00.000000000,2013-08-19 00:00:00.000000000,2013-08-23 00:00:00.000000000,2013-08-23 00:00:00.000000000,2013-04-03 00:00:00.000000000,138 days 00:00:00.000000000,138 days 00:00:00.000000000,0 days 00:00:00.000000000
5217,2009-12-29 00:00:00.000000000,2009-12-29 00:00:00.000000000,2009-12-29 00:00:00.000000000,2009-12-17 00:00:00.000000000,2009-12-23 00:00:00.000000000,2009-12-23 00:00:00.000000000,2009-12-11 00:00:00.000000000,6 days 00:00:00.000000000,6 days 00:00:00.000000000,0 days 00:00:00.000000000
5218,2015-04-03 00:00:00.000000000,2015-04-03 00:00:00.000000000,2015-04-15 00:00:00.000000000,2015-01-26 00:00:00.000000000,2015-02-09 00:00:00.000000000,2015-02-09 00:00:00.000000000,2014-12-04 00:00:00.000000000,53 days 00:00:00.000000000,53 days 00:00:00.000000000,0 days 00:00:00.000000000
5219,2013-01-21 00:00:00.000000000,2013-01-21 00:00:00.000000000,2013-01-21 00:00:00.000000000,2012-10-10 00:00:00.000000000,2012-10-25 00:00:00.000000000,2012-10-25 00:00:00.000000000,2012-07-14 00:00:00.000000000,88 days 00:00:00.000000000,88 days 00:00:00.000000000,0 days 00:00:00.000000000
5220,2015-07-24 00:00:00.000000000,2015-07-24 00:00:00.000000000,2015-07-24 00:00:00.000000000,2014-09-11 00:00:00.000000000,2014-10-09 00:00:00.000000000,2014-10-09 00:00:00.000000000,2013-11-27 00:00:00.000000000,288 days 00:00:00.000000000,288 days 00:00:00.000000000,0 days 00:00:00.000000000
5221,2012-04-24 00:00:00.000000000,2012-04-24 00:00:00.000000000,2012-04-24 00:00:00.000000000,2011-09-21 00:00:00.000000000,2011-10-03 00:00:00.000000000,2011-10-03 00:00:00.000000000,2011-03-01 00:00:00.000000000,204 days 00:00:00.000000000,204 days 00:00:00.000000000,0 days 00:00:00.000000000
5222,2011-12-20 00:00:00.000000000,2011-12-20 00:00:00.000000000,2011-12-20 00:00:00.000000000,2011-06-27 00:00:00.000000000,2011-07-08 00:00:00.000000000,2011-07-08 00:00:00.000000000,2011-01-13 00:00:00.000000000,165 days 00:00:00.000000000,165 days 00:00:00.000000000,0 days 00:00:00.000000000
5223,2011-04-26 00:00:00.000000000,2011-04-26 00:00:00.000000000,2011-04-26 00:00:00.000000000,2010-08-31 00:00:00.000000000,2010-09-24 00:00:00.000000000,2010-09-24 00:00:00.000000000,2010-01-29 00:00:00.000000000,214 days 00:00:00.000000000,214 days 00:00:00.000000000,0 days 00:00:00.000000000
5224,2012-02-07 00:00:00.000000000,2012-02-07 00:00:00.000000000,2012-02-07 00:00:00.000000000,2011-08-29 00:00:00.000000000,2011-09-07 00:00:00.000000000,2011-09-07 00:00:00.000000000,2011-03-29 00:00:00.000000000,153 days 00:00:00.000000000,153 days 00:00:00.000000000,0 days 00:00:00.000000000
5225,2011-04-06 00:00:00.000000000,2011-04-06 00:00:00.000000000,2011-04-06 00:00:00.000000000,2010-12-14 00:00:00.000000000,2011-02-02 00:00:00.000000000,2011-02-02 00:00:00.000000000,2010-10-12 00:00:00.000000000,63 days 00:00:00.000000000,63 days 00:00:00.000000000,0 days 00:00:00.000000000
5226,2014-09-05 00:00:00.000000000,2014-09-05 00:00:00.000000000,2014-09-16 00:00:00.000000000,2014-04-23 00:00:00.000000000,2014-05-20 00:00:00.000000000,2014-05-20 00:00:00.000000000,2014-01-05 00:00:00.000000000,108 days 00:00:00.000000000,108 days 00:00:00.000000000,0 days 00:00:00.000000000
5227,2015-07-24 00:00:00.000000000,2015-07-24 00:00:00.000000000,2015-07-24 00:00:00.000000000,2014-09-11 00:00:00.000000000,2014-10-09 00:00:00.000000000,2014-10-09 00:00:00.000000000,2013-11-27 00:00:00.000000000,288 days 00:00:00.000000000,288 days 00:00:00.000000000,0 days 00:00:00.000000000
5228,2012-06-21 00:00:00.000000000,2012-06-21 00:00:00.000000000,2012-06-21 00:00:00.000000000,2012-03-15 00:00:00.000000000,2012-04-17 00:00:00.000000000,2012-04-17 00:00:00.000000000,2012-01-10 00:00:00.000000000,65 days 00:00:00.000000000,65 days 00:00:00.000000000,0 days 00:00:00.000000000
5229,2014-08-29 00:00:00.000000000,2014-08-29 00:00:00.000000000,2014-08-29 00:00:00.000000000,2013-07-11 00:00:00.000000000,2014-08-29 00:00:00.000000000,2014-08-29 00:00:00.000000000,2013-07-11 00:00:00.000000000,0 days 00:00:00.000000000,0 days 00:00:00.000000000,0 days 00:00:00.000000000
5230,2015-09-07 00:00:00.000000000,2015-09-07 00:00:00.000000000,2015-09-07 00:00:00.000000000,2015-04-14 00:00:00.000000000,2015-05-13 00:00:00.000000000,2015-05-13 00:00:00.000000000,2014-12-18 00:00:00.000000000,117 days 00:00:00.000000000,117 days 00:00:00.000000000,0 days 00:00:00.000000000
5231,2012-11-30 00:00:00.000000000,2012-11-30 00:00:00.000000000,2012-11-30 00:00:00.000000000,2012-05-18 00:00:00.000000000,2012-06-20 00:00:00.000000000,2012-06-20 00:00:00.000000000,2011-12-07 00:00:00.000000000,163 days 00:00:00.000000000,163 days 00:00:00.000000000,0 days 00:00:00.000000000
5232,2014-01-13 00:00:00.000000000,2014-01-13 00:00:00.000000000,2014-01-13 00:00:00.000000000,2013-11-14 00:00:00.000000000,2013-12-02 00:00:00.000000000,2013-12-02 00:00:00.000000000,2013-10-03 00:00:00.000000000,42 days 00:00:00.000000000,42 days 00:00:00.000000000,0 days 00:00:00.000000000
5233,2011-06-22 00:00:00.000000000,2011-06-22 00:00:00.000000000,2011-06-22 00:00:00.000000000,2011-01-17 00:00:00.000000000,2011-02-15 00:00:00.000000000,2011-02-15 00:00:00.000000000,2010-09-12 00:00:00.000000000,127 days 00:00:00.000000000,127 days 00:00:00.000000000,0 days 00:00:00.000000000
5234,2014-08-29 00:00:00.000000000,2014-08-29 00:00:00.000000000,2014-08-29 00:00:00.000000000,2013-07-11 00:00:00.000000000,2014-08-29 00:00:00.000000000,2014-08-29 00:00:00.000000000,2013-07-11 00:00:00.000000000,0 days 00:00:00.000000000,0 days 00:00:00.000000000,0 days 00:00:00.000000000
5235,2011-04-22 00:00:00.000000000,2011-04-22 00:00:00.000000000,2011-04-22 00:00:00.000000000,2010-08-10 00:00:00.000000000,2010-09-07 00:00:00.000000000,2010-09-07 00:00:00.000000000,2009-12-26 00:00:00.000000000,227 days 00:00:00.000000000,227 days 00:00:00.000000000,0 days 00:00:00.000000000
5236,2009-10-07 00:00:00.000000000,2009-10-07 00:00:00.000000000,2009-10-07 00:00:00.000000000,2009-07-29 00:00:00.000000000,2009-08-07 00:00:00.000000000,2009-08-07 00:00:00.000000000,2009-05-29 00:00:00.000000000,61 days 00:00:00.000000000,61 days 00:00:00.000000000,0 days 00:00:00.000000000
5237,2012-05-14 00:00:00.000000000,2012-05-14 00:00:00.000000000,2012-05-14 00:00:00.000000000,2011-12-15 00:00:00.000000000,2012-01-18 00:00:00.000000000,2012-01-18 00:00:00.000000000,2011-08-20 00:00:00.000000000,117 days 00:00:00.000000000,117 days 00:00:00.000000000,0 days 00:00:00.000000000
5238,2015-08-24 00:00:00.000000000,2015-08-24 00:00:00.000000000,2015-08-24 00:00:00.000000000,2014-09-11 00:00:00.000000000,2014-10-09 00:00:00.000000000,2014-10-09 00:00:00.000000000,2013-10-27 00:00:00.000000000,319 days 00:00:00.000000000,319 days 00:00:00.000000000,0 days 00:00:00.000000000
5239,2010-04-01 00:00:00.000000000,2010-04-01 00:00:00.000000000,2010-04-01 00:00:00.000000000,2010-03-23 00:00:00.000000000,2010-03-25 00:00:00.000000000,2010-03-25 00:00:00.000000000,2010-03-16 00:00:00.000000000,7 days 00:00:00.000000000,7 days 00:00:00.000000000,0 days 00:00:00.000000000
5240,2009-08-24 00:00:00.000000000,2009-08-24 00:00:00.000000000,2009-08-24 00:00:00.000000000,2009-07-29 00:00:00.000000000,2009-08-07 00:00:00.000000000,2009-08-07 00:00:00.000000000,2009-07-12 00:00:00.000000000,17 days 00:00:00.000000000,17 days 00:00:00.000000000,0 days 00:00:00.000000000
5241,2014-09-17 00:00:00.000000000,2014-09-17 00:00:00.000000000,2014-09-19 00:00:00.000000000,2014-04-01 00:00:00.000000000,2014-05-27 00:00:00.000000000,2014-05-27 00:00:00.000000000,2013-12-09 00:00:00.000000000,113 days 00:00:00.000000000,113 days 00:00:00.000000000,0 days 00:00:00.000000000
5242,2013-01-16 00:00:00.000000000,2013-01-16 00:00:00.000000000,2013-01-16 00:00:00.000000000,2012-08-24 00:00:00.000000000,2012-09-12 00:00:00.000000000,2012-09-12 00:00:00.000000000,2012-04-20 00:00:00.000000000,126 days 00:00:00.000000000,126 days 00:00:00.000000000,0 days 00:00:00.000000000
5243,2011-02-04 00:00:00.000000000,2011-02-04 00:00:00.000000000,2011-02-04 00:00:00.000000000,2010-11-11 00:00:00.000000000,2010-12-02 00:00:00.000000000,2010-12-02 00:00:00.000000000,2010-09-08 00:00:00.000000000,64 days 00:00:00.000000000,64 days 00:00:00.000000000,0 days 00:00:00.000000000
5244,2014-11-04 00:00:00.000000000,2014-11-04 00:00:00.000000000,2014-11-20 00:00:00.000000000,2014-08-11 00:00:00.000000000,2014-08-27 00:00:00.000000000,2014-08-27 00:00:00.000000000,2014-06-03 00:00:00.000000000,69 days 00:00:00.000000000,69 days 00:00:00.000000000,0 days 00:00:00.000000000
5245,2011-03-29 00:00:00.000000000,2011-03-29 00:00:00.000000000,2011-03-29 00:00:00.000000000,2010-06-02 00:00:00.000000000,2010-06-17 00:00:00.000000000,2010-06-17 00:00:00.000000000,2009-08-21 00:00:00.000000000,285 days 00:00:00.000000000,285 days 00:00:00.000000000,0 days 00:00:00.000000000
5246,2014-10-30 00:00:00.000000000,2014-10-30 00:00:00.000000000,2014-11-12 00:00:00.000000000,2014-05-11 00:00:00.000000000,2014-06-02 00:00:00.000000000,2014-06-02 00:00:00.000000000,2013-12-12 00:00:00.000000000,150 days 00:00:00.000000000,150 days 00:00:00.000000000,0 days 00:00:00.000000000
5247,2014-08-05 00:00:00.000000000,2014-08-05 00:00:00.000000000,2014-08-05 00:00:00.000000000,2014-04-30 00:00:00.000000000,2014-08-05 00:00:00.000000000,2014-08-05 00:00:00.000000000,2014-04-30 00:00:00.000000000,0 days 00:00:00.000000000,0 days 00:00:00.000000000,0 days 00:00:00.000000000
5248,2014-07-20 00:00:00.000000000,2014-07-20 00:00:00.000000000,2014-08-01 00:00:00.000000000,2014-04-30 00:00:00.000000000,2014-05-21 00:00:00.000000000,2014-05-21 00:00:00.000000000,2014-03-01 00:00:00.000000000,60 days 00:00:00.000000000,60 days 00:00:00.000000000,0 days 00:00:00.000000000
5249,2010-12-15 00:00:00.000000000,2010-12-15 00:00:00.000000000,2010-12-15 00:00:00.000000000,2010-08-31 00:00:00.000000000,2010-09-21 00:00:00.000000000,2010-09-21 00:00:00.000000000,2010-06-07 00:00:00.000000000,85 days 00:00:00.000000000,85 days 00:00:00.000000000,0 days 00:00:00.000000000
5250,2010-07-31 00:00:00.000000000,2010-07-31 00:00:00.000000000,2010-07-31 00:00:00.000000000,2010-03-22 00:00:00.000000000,2010-03-31 00:00:00.000000000,2010-03-31 00:00:00.000000000,2009-11-20 00:00:00.000000000,122 days 00:00:00.000000000,122 days 00:00:00.000000000,0 days 00:00:00.000000000
5251,2013-12-02 00:00:00.000000000,2013-12-02 00:00:00.000000000,2013-12-11 00:00:00.000000000,2013-09-03 00:00:00.000000000,2013-09-11 00:00:00.000000000,2013-09-11 00:00:00.000000000,2013-06-13 00:00:00.000000000,82 days 00:00:00.000000000,82 days 00:00:00.000000000,0 days 00:00:00.000000000
5252,2014-06-07 00:00:00.000000000,2014-06-07 00:00:00.000000000,2014-06-07 00:00:00.000000000,2013-10-04 00:00:00.000000000,2013-10-07 00:00:00.000000000,2013-10-07 00:00:00.000000000,2013-02-03 00:00:00.000000000,243 days 00:00:00.000000000,243 days 00:00:00.000000000,0 days 00:00:00.000000000
5253,2014-07-14 00:00:00.000000000,2014-07-14 00:00:00.000000000,2014-07-16 00:00:00.000000000,2014-03-20 00:00:00.000000000,2014-04-29 00:00:00.000000000,2014-04-29 00:00:00.000000000,2014-01-03 00:00:00.000000000,76 days 00:00:00.000000000,76 days 00:00:00.000000000,0 days 00:00:00.000000000
5254,2015-07-14 00:00:00.000000000,2015-07-09 00:00:00.000000000,2015-07-09 00:00:00.000000000,2015-05-07 00:00:00.000000000,2015-05-26 00:00:00.000000000,2015-05-26 00:00:00.000000000,2015-03-19 00:00:00.000000000,49 days 00:00:00.000000000,44 days 00:00:00.000000000,-5 days +00:00:00.000000000
5255,2013-07-05 00:00:00.000000000,2013-07-05 00:00:00.000000000,2013-07-05 00:00:00.000000000,2013-01-29 00:00:00.000000000,2013-02-06 00:00:00.000000000,2013-02-06 00:00:00.000000000,2012-09-02 00:00:00.000000000,149 days 00:00:00.000000000,149 days 00:00:00.000000000,0 days 00:00:00.000000000
5256,2015-02-12 00:00:00.000000000,2015-02-12 00:00:00.000000000,2015-02-12 00:00:00.000000000,2014-09-11 00:00:00.000000000,2015-02-12 00:00:00.000000000,2015-02-12 00:00:00.000000000,2014-09-11 00:00:00.000000000,0 days 00:00:00.000000000,0 days 00:00:00.000000000,0 days 00:00:00.000000000
5257,2010-09-20 00:00:00.000000000,2010-12-15 00:00:00.000000000,2010-12-15 00:00:00.000000000,2010-03-18 00:00:00.000000000,2010-03-19 00:00:00.000000000,2010-03-19 00:00:00.000000000,2009-09-14 00:00:00.000000000,185 days 00:00:00.000000000,271 days 00:00:00.000000000,86 days 00:00:00.000000000
5258,2013-11-19 00:00:00.000000000,2013-11-19 00:00:00.000000000,2013-12-20 00:00:00.000000000,2013-07-31 00:00:00.000000000,2013-09-11 00:00:00.000000000,2013-09-11 00:00:00.000000000,2013-05-23 00:00:00.000000000,69 days 00:00:00.000000000,69 days 00:00:00.000000000,0 days 00:00:00.000000000
5259,2014-04-04 00:00:00.000000000,2014-04-04 00:00:00.000000000,2014-04-08 00:00:00.000000000,2014-02-03 00:00:00.000000000,2014-02-11 00:00:00.000000000,2014-02-11 00:00:00.000000000,2013-12-13 00:00:00.000000000,52 days 00:00:00.000000000,52 days 00:00:00.000000000,0 days 00:00:00.000000000
5260,2012-08-06 00:00:00.000000000,2012-08-06 00:00:00.000000000,2012-08-06 00:00:00.000000000,2012-07-05 00:00:00.000000000,2012-07-16 00:00:00.000000000,2012-07-16 00:00:00.000000000,2012-06-14 00:00:00.000000000,21 days 00:00:00.000000000,21 days 00:00:00.000000000,0 days 00:00:00.000000000
5261,2014-07-29 00:00:00.000000000,2014-07-29 00:00:00.000000000,2014-08-06 00:00:00.000000000,2014-02-06 00:00:00.000000000,2014-03-10 00:00:00.000000000,2014-03-10 00:00:00.000000000,2013-09-18 00:00:00.000000000,141 days 00:00:00.000000000,141 days 00:00:00.000000000,0 days 00:00:00.000000000
5262,2015-07-24 00:00:00.000000000,2015-07-24 00:00:00.000000000,2015-07-24 00:00:00.000000000,2014-09-11 00:00:00.000000000,2014-10-09 00:00:00.000000000,2014-10-09 00:00:00.000000000,2013-11-27 00:00:00.000000000,288 days 00:00:00.000000000,288 days 00:00:00.000000000,0 days 00:00:00.000000000
5263,2015-03-23 00:00:00.000000000,2015-03-23 00:00:00.000000000,2015-03-23 00:00:00.000000000,2014-10-24 00:00:00.000000000,2014-10-30 00:00:00.000000000,2014-10-30 00:00:00.000000000,2014-06-02 00:00:00.000000000,144 days 00:00:00.000000000,144 days 00:00:00.000000000,0 days 00:00:00.000000000
5264,2014-08-05 00:00:00.000000000,2014-08-05 00:00:00.000000000,2014-08-05 00:00:00.000000000,2014-04-30 00:00:00.000000000,2014-08-05 00:00:00.000000000,2014-08-05 00:00:00.000000000,2014-04-30 00:00:00.000000000,0 days 00:00:00.000000000,0 days 00:00:00.000000000,0 days 00:00:00.000000000
5265,2015-06-02 00:00:00.000000000,2015-06-04 00:00:00.000000000,2015-06-04 00:00:00.000000000,2015-01-08 00:00:00.000000000,2015-02-06 00:00:00.000000000,2015-02-06 00:00:00.000000000,2014-09-14 00:00:00.000000000,116 days 00:00:00.000000000,118 days 00:00:00.000000000,2 days 00:00:00.000000000
5266,2014-01-13 00:00:00.000000000,2014-01-13 00:00:00.000000000,2014-01-13 00:00:00.000000000,2013-11-14 00:00:00.000000000,2013-12-02 00:00:00.000000000,2013-12-02 00:00:00.000000000,2013-10-03 00:00:00.000000000,42 days 00:00:00.000000000,42 days 00:00:00.000000000,0 days 00:00:00.000000000
5267,2015-08-24 00:00:00.000000000,2015-08-24 00:00:00.000000000,2015-08-24 00:00:00.000000000,2014-09-11 00:00:00.000000000,2014-10-09 00:00:00.000000000,2014-10-09 00:00:00.000000000,2013-10-27 00:00:00.000000000,319 days 00:00:00.000000000,319 days 00:00:00.000000000,0 days 00:00:00.000000000
5268,2009-10-29 00:00:00.000000000,2009-10-29 00:00:00.000000000,2009-10-29 00:00:00.000000000,2009-05-07 00:00:00.000000000,2009-09-22 00:00:00.000000000,2009-09-22 00:00:00.000000000,2009-03-31 00:00:00.000000000,37 days 00:00:00.000000000,37 days 00:00:00.000000000,0 days 00:00:00.000000000
5269,2014-02-07 00:00:00.000000000,2014-02-07 00:00:00.000000000,2014-02-07 00:00:00.000000000,2013-07-11 00:00:00.000000000,2013-08-13 00:00:00.000000000,2013-08-13 00:00:00.000000000,2013-01-14 00:00:00.000000000,178 days 00:00:00.000000000,178 days 00:00:00.000000000,0 days 00:00:00.000000000
5270,2012-06-28 00:00:00.000000000,2012-06-28 00:00:00.000000000,2012-06-28 00:00:00.000000000,2012-05-22 00:00:00.000000000,2012-06-05 00:00:00.000000000,2012-06-05 00:00:00.000000000,2012-04-29 00:00:00.000000000,23 days 00:00:00.000000000,23 days 00:00:00.000000000,0 days 00:00:00.000000000
5271,2012-08-22 00:00:00.000000000,2012-08-22 00:00:00.000000000,2012-08-22 00:00:00.000000000,2012-04-11 00:00:00.000000000,2012-06-12 00:00:00.000000000,2012-06-12 00:00:00.000000000,2012-01-31 00:00:00.000000000,71 days 00:00:00.000000000,71 days 00:00:00.000000000,0 days 00:00:00.000000000
5272,2014-11-05 00:00:00.000000000,2014-11-05 00:00:00.000000000,2014-11-05 00:00:00.000000000,2014-04-30 00:00:00.000000000,2014-11-04 00:00:00.000000000,2014-11-04 00:00:00.000000000,2014-04-29 00:00:00.000000000,1 days 00:00:00.000000000,1 days 00:00:00.000000000,0 days 00:00:00.000000000
5273,2011-04-04 00:00:00.000000000,2011-04-04 00:00:00.000000000,2011-04-04 00:00:00.000000000,2010-11-26 00:00:00.000000000,2010-12-14 00:00:00.000000000,2010-12-14 00:00:00.000000000,2010-08-07 00:00:00.000000000,111 days 00:00:00.000000000,111 days 00:00:00.000000000,0 days 00:00:00.000000000
5274,2013-04-16 00:00:00.000000000,2013-04-16 00:00:00.000000000,2013-04-16 00:00:00.000000000,2012-12-07 00:00:00.000000000,2013-01-03 00:00:00.000000000,2013-01-03 00:00:00.000000000,2012-08-26 00:00:00.000000000,103 days 00:00:00.000000000,103 days 00:00:00.000000000,0 days 00:00:00.000000000
5275,2012-07-13 00:00:00.000000000,2012-07-13 00:00:00.000000000,2012-07-13 00:00:00.000000000,2012-04-11 00:00:00.000000000,2012-04-24 00:00:00.000000000,2012-04-24 00:00:00.000000000,2012-01-22 00:00:00.000000000,80 days 00:00:00.000000000,80 days 00:00:00.000000000,0 days 00:00:00.000000000
5276,2013-11-08 00:00:00.000000000,2013-11-08 00:00:00.000000000,2014-01-29 00:00:00.000000000,2013-04-19 00:00:00.000000000,2013-04-25 00:00:00.000000000,2013-04-25 00:00:00.000000000,2012-10-04 00:00:00.000000000,197 days 00:00:00.000000000,197 days 00:00:00.000000000,0 days 00:00:00.000000000
5277,2011-12-20 00:00:00.000000000,2011-12-16 00:00:00.000000000,2011-12-16 00:00:00.000000000,2011-08-31 00:00:00.000000000,2011-09-22 00:00:00.000000000,2011-09-22 00:00:00.000000000,2011-06-03 00:00:00.000000000,89 days 00:00:00.000000000,85 days 00:00:00.000000000,-4 days +00:00:00.000000000
5278,2011-06-22 00:00:00.000000000,2011-06-22 00:00:00.000000000,2011-06-22 00:00:00.000000000,2011-01-17 00:00:00.000000000,2011-02-15 00:00:00.000000000,2011-02-15 00:00:00.000000000,2010-09-12 00:00:00.000000000,127 days 00:00:00.000000000,127 days 00:00:00.000000000,0 days 00:00:00.000000000
5279,2014-10-03 00:00:00.000000000,2014-10-03 00:00:00.000000000,2014-10-03 00:00:00.000000000,2014-04-30 00:00:00.000000000,2014-10-03 00:00:00.000000000,2014-10-03 00:00:00.000000000,2014-04-30 00:00:00.000000000,0 days 00:00:00.000000000,0 days 00:00:00.000000000,0 days 00:00:00.000000000
5280,2012-09-18 00:00:00.000000000,2012-09-18 00:00:00.000000000,2012-09-18 00:00:00.000000000,2012-06-13 00:00:00.000000000,2012-07-02 00:00:00.000000000,2012-07-02 00:00:00.000000000,2012-03-27 00:00:00.000000000,78 days 00:00:00.000000000,78 days 00:00:00.000000000,0 days 00:00:00.000000000
5281,2010-01-06 00:00:00.000000000,2010-01-06 00:00:00.000000000,2010-01-06 00:00:00.000000000,2009-08-21 00:00:00.000000000,2009-09-25 00:00:00.000000000,2009-09-25 00:00:00.000000000,2009-05-10 00:00:00.000000000,103 days 00:00:00.000000000,103 days 00:00:00.000000000,0 days 00:00:00.000000000
5282,2011-10-19 00:00:00.000000000,2011-10-19 00:00:00.000000000,2011-10-19 00:00:00.000000000,2011-03-31 00:00:00.000000000,2011-04-21 00:00:00.000000000,2011-04-21 00:00:00.000000000,2010-10-01 00:00:00.000000000,181 days 00:00:00.000000000,181 days 00:00:00.000000000,0 days 00:00:00.000000000
5283,2015-01-14 00:00:00.000000000,2015-01-14 00:00:00.000000000,2015-01-14 00:00:00.000000000,2014-09-11 00:00:00.000000000,2015-01-14 00:00:00.000000000,2015-01-14 00:00:00.000000000,2014-09-11 00:00:00.000000000,0 days 00:00:00.000000000,0 days 00:00:00.000000000,0 days 00:00:00.000000000
5284,2013-10-03 00:00:00.000000000,2013-10-03 00:00:00.000000000,2013-11-06 00:00:00.000000000,2013-07-08 00:00:00.000000000,2013-07-31 00:00:00.000000000,2013-07-31 00:00:00.000000000,2013-05-05 00:00:00.000000000,64 days 00:00:00.000000000,64 days 00:00:00.000000000,0 days 00:00:00.000000000
5285,2015-05-12 00:00:00.000000000,2015-05-12 00:00:00.000000000,2015-05-12 00:00:00.000000000,2014-09-11 00:00:00.000000000,2015-05-11 00:00:00.000000000,2015-05-11 00:00:00.000000000,2014-09-10 00:00:00.000000000,1 days 00:00:00.000000000,1 days 00:00:00.000000000,0 days 00:00:00.000000000
5286,2014-01-13 00:00:00.000000000,2014-01-13 00:00:00.000000000,2014-01-13 00:00:00.000000000,2013-11-14 00:00:00.000000000,2013-12-02 00:00:00.000000000,2013-12-02 00:00:00.000000000,2013-10-03 00:00:00.000000000,42 days 00:00:00.000000000,42 days 00:00:00.000000000,0 days 00:00:00.000000000
5287,2013-10-11 00:00:00.000000000,2013-10-11 00:00:00.000000000,2013-10-11 00:00:00.000000000,2013-05-03 00:00:00.000000000,2013-05-10 00:00:00.000000000,2013-05-10 00:00:00.000000000,2012-11-30 00:00:00.000000000,154 days 00:00:00.000000000,154 days 00:00:00.000000000,0 days 00:00:00.000000000
5288,2014-02-05 00:00:00.000000000,2014-02-05 00:00:00.000000000,2014-02-17 00:00:00.000000000,2013-09-07 00:00:00.000000000,2013-11-28 00:00:00.000000000,2013-11-28 00:00:00.000000000,2013-06-30 00:00:00.000000000,69 days 00:00:00.000000000,69 days 00:00:00.000000000,0 days 00:00:00.000000000
5289,2010-06-15 00:00:00.000000000,2010-06-15 00:00:00.000000000,2010-06-15 00:00:00.000000000,2010-01-07 00:00:00.000000000,2010-01-08 00:00:00.000000000,2010-01-08 00:00:00.000000000,2009-08-02 00:00:00.000000000,158 days 00:00:00.000000000,158 days 00:00:00.000000000,0 days 00:00:00.000000000
5290,2012-03-14 00:00:00.000000000,2012-03-14 00:00:00.000000000,2012-03-14 00:00:00.000000000,2011-12-22 00:00:00.000000000,2012-01-24 00:00:00.000000000,2012-01-24 00:00:00.000000000,2011-11-02 00:00:00.000000000,50 days 00:00:00.000000000,50 days 00:00:00.000000000,0 days 00:00:00.000000000
5291,2014-01-13 00:00:00.000000000,2014-01-13 00:00:00.000000000,2014-01-13 00:00:00.000000000,2013-11-14 00:00:00.000000000,2013-12-02 00:00:00.000000000,2013-12-02 00:00:00.000000000,2013-10-03 00:00:00.000000000,42 days 00:00:00.000000000,42 days 00:00:00.000000000,0 days 00:00:00.000000000
5292,2011-09-21 00:00:00.000000000,2011-09-21 00:00:00.000000000,2011-09-21 00:00:00.000000000,2011-03-31 00:00:00.000000000,2011-04-14 00:00:00.000000000,2011-04-14 00:00:00.000000000,2010-10-22 00:00:00.000000000,160 days 00:00:00.000000000,160 days 00:00:00.000000000,0 days 00:00:00.000000000
5293,2011-02-14 00:00:00.000000000,2011-02-14 00:00:00.000000000,2011-02-14 00:00:00.000000000,2010-08-31 00:00:00.000000000,2010-09-21 00:00:00.000000000,2010-09-21 00:00:00.000000000,2010-04-07 00:00:00.000000000,146 days 00:00:00.000000000,146 days 00:00:00.000000000,0 days 00:00:00.000000000
5294,2013-09-24 00:00:00.000000000,2013-09-24 00:00:00.000000000,2013-09-24 00:00:00.000000000,2013-07-03 00:00:00.000000000,2013-07-16 00:00:00.000000000,2013-07-16 00:00:00.000000000,2013-04-24 00:00:00.000000000,70 days 00:00:00.000000000,70 days 00:00:00.000000000,0 days 00:00:00.000000000
5295,2012-06-12 00:00:00.000000000,2012-06-12 00:00:00.000000000,2012-06-12 00:00:00.000000000,2012-01-06 00:00:00.000000000,2012-02-24 00:00:00.000000000,2012-02-24 00:00:00.000000000,2011-09-19 00:00:00.000000000,109 days 00:00:00.000000000,109 days 00:00:00.000000000,0 days 00:00:00.000000000
5296,2010-04-01 00:00:00.000000000,2010-04-01 00:00:00.000000000,2010-04-01 00:00:00.000000000,2010-03-23 00:00:00.000000000,2010-03-25 00:00:00.000000000,2010-03-25 00:00:00.000000000,2010-03-16 00:00:00.000000000,7 days 00:00:00.000000000,7 days 00:00:00.000000000,0 days 00:00:00.000000000
5297,2015-03-13 00:00:00.000000000,2015-03-13 00:00:00.000000000,2015-03-18 00:00:00.000000000,2014-10-22 00:00:00.000000000,2014-12-24 00:00:00.000000000,2014-12-24 00:00:00.000000000,2014-08-04 00:00:00.000000000,79 days 00:00:00.000000000,79 days 00:00:00.000000000,0 days 00:00:00.000000000
5298,2014-06-14 00:00:00.000000000,2014-06-14 00:00:00.000000000,2014-06-16 00:00:00.000000000,2014-04-01 00:00:00.000000000,2014-05-12 00:00:00.000000000,2014-05-12 00:00:00.000000000,2014-02-27 00:00:00.000000000,33 days 00:00:00.000000000,33 days 00:00:00.000000000,0 days 00:00:00.000000000
5299,2010-01-06 00:00:00.000000000,2010-01-06 00:00:00.000000000,2010-01-06 00:00:00.000000000,2009-07-24 00:00:00.000000000,2009-08-21 00:00:00.000000000,2009-08-21 00:00:00.000000000,2009-03-08 00:00:00.000000000,138 days 00:00:00.000000000,138 days 00:00:00.000000000,0 days 00:00:00.000000000
5300,2015-05-12 00:00:00.000000000,2015-05-12 00:00:00.000000000,2015-05-12 00:00:00.000000000,2014-09-11 00:00:00.000000000,2015-05-11 00:00:00.000000000,2015-05-11 00:00:00.000000000,2014-09-10 00:00:00.000000000,1 days 00:00:00.000000000,1 days 00:00:00.000000000,0 days 00:00:00.000000000
5301,2014-10-09 00:00:00.000000000,2014-10-09 00:00:00.000000000,2014-10-13 00:00:00.000000000,2014-04-08 00:00:00.000000000,2014-05-15 00:00:00.000000000,2014-05-15 00:00:00.000000000,2013-11-12 00:00:00.000000000,147 days 00:00:00.000000000,147 days 00:00:00.000000000,0 days 00:00:00.000000000
5302,2014-02-22 00:00:00.000000000,2014-02-22 00:00:00.000000000,2014-03-24 00:00:00.000000000,2013-11-18 00:00:00.000000000,2013-12-17 00:00:00.000000000,2013-12-17 00:00:00.000000000,2013-09-12 00:00:00.000000000,67 days 00:00:00.000000000,67 days 00:00:00.000000000,0 days 00:00:00.000000000
5303,2009-10-06 00:00:00.000000000,2009-10-06 00:00:00.000000000,2009-10-06 00:00:00.000000000,2009-07-29 00:00:00.000000000,2009-08-19 00:00:00.000000000,2009-08-19 00:00:00.000000000,2009-06-11 00:00:00.000000000,48 days 00:00:00.000000000,48 days 00:00:00.000000000,0 days 00:00:00.000000000
5304,2010-09-01 00:00:00.000000000,2010-09-03 00:00:00.000000000,2010-09-03 00:00:00.000000000,2010-03-18 00:00:00.000000000,2010-03-19 00:00:00.000000000,2010-03-19 00:00:00.000000000,2009-10-03 00:00:00.000000000,166 days 00:00:00.000000000,168 days 00:00:00.000000000,2 days 00:00:00.000000000
5305,2010-10-13 00:00:00.000000000,2010-10-13 00:00:00.000000000,2010-10-13 00:00:00.000000000,2010-09-13 00:00:00.000000000,2010-09-17 00:00:00.000000000,2010-09-17 00:00:00.000000000,2010-08-18 00:00:00.000000000,26 days 00:00:00.000000000,26 days 00:00:00.000000000,0 days 00:00:00.000000000
5306,2015-01-20 00:00:00.000000000,2015-01-20 00:00:00.000000000,2015-01-21 00:00:00.000000000,2014-09-24 00:00:00.000000000,2014-11-15 00:00:00.000000000,2014-11-15 00:00:00.000000000,2014-07-20 00:00:00.000000000,66 days 00:00:00.000000000,66 days 00:00:00.000000000,0 days 00:00:00.000000000
5307,2014-01-03 00:00:00.000000000,2014-01-03 00:00:00.000000000,2014-01-06 00:00:00.000000000,2013-08-09 00:00:00.000000000,2013-09-17 00:00:00.000000000,2013-09-17 00:00:00.000000000,2013-04-23 00:00:00.000000000,108 days 00:00:00.000000000,108 days 00:00:00.000000000,0 days 00:00:00.000000000
5308,2015-03-09 00:00:00.000000000,2015-03-09 00:00:00.000000000,2015-03-09 00:00:00.000000000,2014-09-11 00:00:00.000000000,2015-03-09 00:00:00.000000000,2015-03-09 00:00:00.000000000,2014-09-11 00:00:00.000000000,0 days 00:00:00.000000000,0 days 00:00:00.000000000,0 days 00:00:00.000000000
5309,2014-09-12 00:00:00.000000000,2014-09-12 00:00:00.000000000,2014-09-17 00:00:00.000000000,2014-03-20 00:00:00.000000000,2014-05-01 00:00:00.000000000,2014-05-01 00:00:00.000000000,2013-11-06 00:00:00.000000000,134 days 00:00:00.000000000,134 days 00:00:00.000000000,0 days 00:00:00.000000000
5310,2015-07-02 00:00:00.000000000,2015-07-02 00:00:00.000000000,2015-07-30 00:00:00.000000000,2015-03-10 00:00:00.000000000,2015-03-16 00:00:00.000000000,2015-03-16 00:00:00.000000000,2014-11-22 00:00:00.000000000,108 days 00:00:00.000000000,108 days 00:00:00.000000000,0 days 00:00:00.000000000
5311,2013-11-08 00:00:00.000000000,2013-11-08 00:00:00.000000000,2013-11-11 00:00:00.000000000,2013-07-18 00:00:00.000000000,2013-08-05 00:00:00.000000000,2013-08-05 00:00:00.000000000,2013-04-14 00:00:00.000000000,95 days 00:00:00.000000000,95 days 00:00:00.000000000,0 days 00:00:00.000000000
5312,2013-10-30 00:00:00.000000000,2013-10-30 00:00:00.000000000,2013-10-30 00:00:00.000000000,2013-07-09 00:00:00.000000000,2013-07-31 00:00:00.000000000,2013-07-31 00:00:00.000000000,2013-04-09 00:00:00.000000000,91 days 00:00:00.000000000,91 days 00:00:00.000000000,0 days 00:00:00.000000000
5313,2014-02-06 00:00:00.000000000,2014-02-06 00:00:00.000000000,2014-02-06 00:00:00.000000000,2013-10-08 00:00:00.000000000,2013-12-02 00:00:00.000000000,2013-12-02 00:00:00.000000000,2013-08-03 00:00:00.000000000,66 days 00:00:00.000000000,66 days 00:00:00.000000000,0 days 00:00:00.000000000
5314,2011-04-26 00:00:00.000000000,2011-04-26 00:00:00.000000000,2011-04-26 00:00:00.000000000,2010-08-31 00:00:00.000000000,2010-09-24 00:00:00.000000000,2010-09-24 00:00:00.000000000,2010-01-29 00:00:00.000000000,214 days 00:00:00.000000000,214 days 00:00:00.000000000,0 days 00:00:00.000000000
5315,2011-09-29 00:00:00.000000000,2011-09-29 00:00:00.000000000,2011-09-29 00:00:00.000000000,2011-06-24 00:00:00.000000000,2011-07-18 00:00:00.000000000,2011-07-18 00:00:00.000000000,2011-04-12 00:00:00.000000000,73 days 00:00:00.000000000,73 days 00:00:00.000000000,0 days 00:00:00.000000000
5316,2009-10-29 00:00:00.000000000,2009-10-29 00:00:00.000000000,2009-10-29 00:00:00.000000000,2009-05-07 00:00:00.000000000,2009-09-22 00:00:00.000000000,2009-09-22 00:00:00.000000000,2009-03-31 00:00:00.000000000,37 days 00:00:00.000000000,37 days 00:00:00.000000000,0 days 00:00:00.000000000
5317,2010-02-16 00:00:00.000000000,2010-02-19 00:00:00.000000000,2010-02-19 00:00:00.000000000,2009-11-18 00:00:00.000000000,2009-12-02 00:00:00.000000000,2009-12-02 00:00:00.000000000,2009-09-03 00:00:00.000000000,76 days 00:00:00.000000000,79 days 00:00:00.000000000,3 days 00:00:00.000000000
5318,2013-07-10 00:00:00.000000000,2013-07-10 00:00:00.000000000,2013-07-10 00:00:00.000000000,2013-05-09 00:00:00.000000000,2013-05-21 00:00:00.000000000,2013-05-21 00:00:00.000000000,2013-03-20 00:00:00.000000000,50 days 00:00:00.000000000,50 days 00:00:00.000000000,0 days 00:00:00.000000000
5319,2011-05-31 00:00:00.000000000,2011-05-31 00:00:00.000000000,2011-05-31 00:00:00.000000000,2010-11-26 00:00:00.000000000,2010-12-14 00:00:00.000000000,2010-12-14 00:00:00.000000000,2010-06-11 00:00:00.000000000,168 days 00:00:00.000000000,168 days 00:00:00.000000000,0 days 00:00:00.000000000
5320,2015-06-02 00:00:00.000000000,2015-06-02 00:00:00.000000000,2015-06-04 00:00:00.000000000,2015-01-08 00:00:00.000000000,2015-02-06 00:00:00.000000000,2015-02-06 00:00:00.000000000,2014-09-14 00:00:00.000000000,116 days 00:00:00.000000000,116 days 00:00:00.000000000,0 days 00:00:00.000000000
5321,2012-04-26 00:00:00.000000000,2012-04-26 00:00:00.000000000,2012-04-26 00:00:00.000000000,2012-01-18 00:00:00.000000000,2012-01-23 00:00:00.000000000,2012-01-23 00:00:00.000000000,2011-10-16 00:00:00.000000000,94 days 00:00:00.000000000,94 days 00:00:00.000000000,0 days 00:00:00.000000000
5322,2014-08-27 00:00:00.000000000,2014-08-27 00:00:00.000000000,2014-08-27 00:00:00.000000000,2013-07-11 00:00:00.000000000,2014-08-27 00:00:00.000000000,2014-08-27 00:00:00.000000000,2013-07-11 00:00:00.000000000,0 days 00:00:00.000000000,0 days 00:00:00.000000000,0 days 00:00:00.000000000
5323,2012-03-01 00:00:00.000000000,2012-03-01 00:00:00.000000000,2012-03-01 00:00:00.000000000,2011-09-21 00:00:00.000000000,2011-10-04 00:00:00.000000000,2011-10-04 00:00:00.000000000,2011-04-25 00:00:00.000000000,149 days 00:00:00.000000000,149 days 00:00:00.000000000,0 days 00:00:00.000000000
5324,2015-02-16 00:00:00.000000000,2015-02-16 00:00:00.000000000,2015-02-16 00:00:00.000000000,2014-10-22 00:00:00.000000000,2014-12-24 00:00:00.000000000,2014-12-24 00:00:00.000000000,2014-08-29 00:00:00.000000000,54 days 00:00:00.000000000,54 days 00:00:00.000000000,0 days 00:00:00.000000000
5325,2015-04-09 00:00:00.000000000,2015-04-09 00:00:00.000000000,2015-04-10 00:00:00.000000000,2014-12-17 00:00:00.000000000,2015-02-20 00:00:00.000000000,2015-02-20 00:00:00.000000000,2014-10-30 00:00:00.000000000,48 days 00:00:00.000000000,48 days 00:00:00.000000000,0 days 00:00:00.000000000
5326,2014-01-28 00:00:00.000000000,2014-01-28 00:00:00.000000000,2014-01-28 00:00:00.000000000,2013-08-23 00:00:00.000000000,2013-09-09 00:00:00.000000000,2013-09-09 00:00:00.000000000,2013-04-04 00:00:00.000000000,141 days 00:00:00.000000000,141 days 00:00:00.000000000,0 days 00:00:00.000000000
5327,2011-04-26 00:00:00.000000000,2011-04-26 00:00:00.000000000,2011-04-26 00:00:00.000000000,2010-08-31 00:00:00.000000000,2010-09-24 00:00:00.000000000,2010-09-24 00:00:00.000000000,2010-01-29 00:00:00.000000000,214 days 00:00:00.000000000,214 days 00:00:00.000000000,0 days 00:00:00.000000000
5328,2010-07-19 00:00:00.000000000,2010-07-19 00:00:00.000000000,2010-07-19 00:00:00.000000000,2010-05-07 00:00:00.000000000,2010-06-07 00:00:00.000000000,2010-06-07 00:00:00.000000000,2010-03-26 00:00:00.000000000,42 days 00:00:00.000000000,42 days 00:00:00.000000000,0 days 00:00:00.000000000
5329,2009-11-30 00:00:00.000000000,2009-11-30 00:00:00.000000000,2009-11-30 00:00:00.000000000,2009-07-29 00:00:00.000000000,2009-08-19 00:00:00.000000000,2009-08-19 00:00:00.000000000,2009-04-17 00:00:00.000000000,103 days 00:00:00.000000000,103 days 00:00:00.000000000,0 days 00:00:00.000000000
5330,2015-05-12 00:00:00.000000000,2015-05-12 00:00:00.000000000,2015-05-12 00:00:00.000000000,2014-09-11 00:00:00.000000000,2015-05-11 00:00:00.000000000,2015-05-11 00:00:00.000000000,2014-09-10 00:00:00.000000000,1 days 00:00:00.000000000,1 days 00:00:00.000000000,0 days 00:00:00.000000000
5331,2012-03-09 00:00:00.000000000,2012-03-09 00:00:00.000000000,2012-03-09 00:00:00.000000000,2011-06-06 00:00:00.000000000,2011-06-22 00:00:00.000000000,2011-06-22 00:00:00.000000000,2010-09-18 00:00:00.000000000,261 days 00:00:00.000000000,261 days 00:00:00.000000000,0 days 00:00:00.000000000
5332,2010-12-13 00:00:00.000000000,2010-12-13 00:00:00.000000000,2010-12-13 00:00:00.000000000,2010-08-31 00:00:00.000000000,2010-09-21 00:00:00.000000000,2010-09-21 00:00:00.000000000,2010-06-09 00:00:00.000000000,83 days 00:00:00.000000000,83 days 00:00:00.000000000,0 days 00:00:00.000000000
5333,2012-03-30 00:00:00.000000000,2012-03-30 00:00:00.000000000,2012-03-30 00:00:00.000000000,2011-10-26 00:00:00.000000000,2011-11-09 00:00:00.000000000,2011-11-09 00:00:00.000000000,2011-06-06 00:00:00.000000000,142 days 00:00:00.000000000,142 days 00:00:00.000000000,0 days 00:00:00.000000000
5334,2015-08-24 00:00:00.000000000,2015-08-24 00:00:00.000000000,2015-08-24 00:00:00.000000000,2014-09-11 00:00:00.000000000,2015-08-24 00:00:00.000000000,2015-08-24 00:00:00.000000000,2014-09-11 00:00:00.000000000,0 days 00:00:00.000000000,0 days 00:00:00.000000000,0 days 00:00:00.000000000
5335,2015-05-12 00:00:00.000000000,2015-05-06 00:00:00.000000000,2015-05-06 00:00:00.000000000,2014-08-19 00:00:00.000000000,2014-09-19 00:00:00.000000000,2014-09-19 00:00:00.000000000,2013-12-27 00:00:00.000000000,235 days 00:00:00.000000000,229 days 00:00:00.000000000,-6 days +00:00:00.000000000
5336,2010-01-12 00:00:00.000000000,2010-01-12 00:00:00.000000000,2010-01-12 00:00:00.000000000,2009-12-17 00:00:00.000000000,2009-12-23 00:00:00.000000000,2009-12-23 00:00:00.000000000,2009-11-27 00:00:00.000000000,20 days 00:00:00.000000000,20 days 00:00:00.000000000,0 days 00:00:00.000000000
5337,2011-10-13 00:00:00.000000000,2011-10-13 00:00:00.000000000,2011-10-13 00:00:00.000000000,2011-08-04 00:00:00.000000000,2011-08-18 00:00:00.000000000,2011-08-18 00:00:00.000000000,2011-06-09 00:00:00.000000000,56 days 00:00:00.000000000,56 days 00:00:00.000000000,0 days 00:00:00.000000000
5338,2011-04-07 00:00:00.000000000,2011-04-07 00:00:00.000000000,2011-04-07 00:00:00.000000000,2010-11-26 00:00:00.000000000,2010-12-14 00:00:00.000000000,2010-12-14 00:00:00.000000000,2010-08-04 00:00:00.000000000,114 days 00:00:00.000000000,114 days 00:00:00.000000000,0 days 00:00:00.000000000
5339,2012-02-20 00:00:00.000000000,2012-02-20 00:00:00.000000000,2012-02-20 00:00:00.000000000,2011-09-07 00:00:00.000000000,2011-09-14 00:00:00.000000000,2011-09-14 00:00:00.000000000,2011-04-01 00:00:00.000000000,159 days 00:00:00.000000000,159 days 00:00:00.000000000,0 days 00:00:00.000000000
5340,2010-07-14 00:00:00.000000000,2010-08-24 00:00:00.000000000,2010-08-24 00:00:00.000000000,2010-03-18 00:00:00.000000000,2010-03-19 00:00:00.000000000,2010-03-19 00:00:00.000000000,2009-11-21 00:00:00.000000000,117 days 00:00:00.000000000,158 days 00:00:00.000000000,41 days 00:00:00.000000000
5341,2010-03-05 00:00:00.000000000,2010-03-05 00:00:00.000000000,2010-03-05 00:00:00.000000000,2009-12-08 00:00:00.000000000,2010-01-25 00:00:00.000000000,2010-01-25 00:00:00.000000000,2009-10-30 00:00:00.000000000,39 days 00:00:00.000000000,39 days 00:00:00.000000000,0 days 00:00:00.000000000
5342,2015-05-06 00:00:00.000000000,2015-05-06 00:00:00.000000000,2015-07-16 00:00:00.000000000,2014-10-28 00:00:00.000000000,2014-12-19 00:00:00.000000000,2014-12-19 00:00:00.000000000,2014-06-12 00:00:00.000000000,138 days 00:00:00.000000000,138 days 00:00:00.000000000,0 days 00:00:00.000000000
5343,2014-07-16 00:00:00.000000000,2014-07-16 00:00:00.000000000,2014-07-18 00:00:00.000000000,2014-01-28 00:00:00.000000000,2014-02-04 00:00:00.000000000,2014-02-04 00:00:00.000000000,2013-08-19 00:00:00.000000000,162 days 00:00:00.000000000,162 days 00:00:00.000000000,0 days 00:00:00.000000000
5344,2015-08-24 00:00:00.000000000,2015-08-24 00:00:00.000000000,2015-08-24 00:00:00.000000000,2014-09-11 00:00:00.000000000,2014-10-09 00:00:00.000000000,2014-10-09 00:00:00.000000000,2013-10-27 00:00:00.000000000,319 days 00:00:00.000000000,319 days 00:00:00.000000000,0 days 00:00:00.000000000
5345,2011-09-26 00:00:00.000000000,2011-09-26 00:00:00.000000000,2011-09-26 00:00:00.000000000,2011-03-31 00:00:00.000000000,2011-04-14 00:00:00.000000000,2011-04-14 00:00:00.000000000,2010-10-17 00:00:00.000000000,165 days 00:00:00.000000000,165 days 00:00:00.000000000,0 days 00:00:00.000000000
5346,2012-09-05 00:00:00.000000000,2012-09-05 00:00:00.000000000,2012-09-05 00:00:00.000000000,2012-01-06 00:00:00.000000000,2012-02-24 00:00:00.000000000,2012-02-24 00:00:00.000000000,2011-06-26 00:00:00.000000000,194 days 00:00:00.000000000,194 days 00:00:00.000000000,0 days 00:00:00.000000000
5347,2013-12-10 00:00:00.000000000,2013-12-12 00:00:00.000000000,2013-12-13 00:00:00.000000000,2013-08-05 00:00:00.000000000,2013-08-09 00:00:00.000000000,2013-08-09 00:00:00.000000000,2013-04-04 00:00:00.000000000,123 days 00:00:00.000000000,125 days 00:00:00.000000000,2 days 00:00:00.000000000
5348,2015-05-12 00:00:00.000000000,2015-05-12 00:00:00.000000000,2015-05-12 00:00:00.000000000,2014-09-11 00:00:00.000000000,2015-05-11 00:00:00.000000000,2015-05-11 00:00:00.000000000,2014-09-10 00:00:00.000000000,1 days 00:00:00.000000000,1 days 00:00:00.000000000,0 days 00:00:00.000000000
5349,2011-03-01 00:00:00.000000000,2011-03-01 00:00:00.000000000,2011-03-01 00:00:00.000000000,2010-09-03 00:00:00.000000000,2010-09-28 00:00:00.000000000,2010-09-28 00:00:00.000000000,2010-04-02 00:00:00.000000000,154 days 00:00:00.000000000,154 days 00:00:00.000000000,0 days 00:00:00.000000000
5350,2014-11-21 00:00:00.000000000,2014-11-21 00:00:00.000000000,2014-11-26 00:00:00.000000000,2014-04-30 00:00:00.000000000,2014-07-08 00:00:00.000000000,2014-07-08 00:00:00.000000000,2013-12-15 00:00:00.000000000,136 days 00:00:00.000000000,136 days 00:00:00.000000000,0 days 00:00:00.000000000
5351,2013-11-07 00:00:00.000000000,2013-11-13 00:00:00.000000000,2013-11-17 00:00:00.000000000,2013-06-10 00:00:00.000000000,2013-07-10 00:00:00.000000000,2013-07-10 00:00:00.000000000,2013-02-10 00:00:00.000000000,120 days 00:00:00.000000000,126 days 00:00:00.000000000,6 days 00:00:00.000000000
5352,2011-07-19 00:00:00.000000000,2011-07-19 00:00:00.000000000,2011-07-19 00:00:00.000000000,2011-04-01 00:00:00.000000000,2011-04-20 00:00:00.000000000,2011-04-20 00:00:00.000000000,2011-01-01 00:00:00.000000000,90 days 00:00:00.000000000,90 days 00:00:00.000000000,0 days 00:00:00.000000000
5353,2015-07-24 00:00:00.000000000,2015-07-24 00:00:00.000000000,2015-07-24 00:00:00.000000000,2014-09-11 00:00:00.000000000,2014-10-09 00:00:00.000000000,2014-10-09 00:00:00.000000000,2013-11-27 00:00:00.000000000,288 days 00:00:00.000000000,288 days 00:00:00.000000000,0 days 00:00:00.000000000
5354,2012-10-24 00:00:00.000000000,2012-10-24 00:00:00.000000000,2012-10-24 00:00:00.000000000,2012-05-29 00:00:00.000000000,2012-07-17 00:00:00.000000000,2012-07-17 00:00:00.000000000,2012-02-20 00:00:00.000000000,99 days 00:00:00.000000000,99 days 00:00:00.000000000,0 days 00:00:00.000000000
5355,2011-10-27 00:00:00.000000000,2011-10-27 00:00:00.000000000,2011-10-27 00:00:00.000000000,2011-06-21 00:00:00.000000000,2011-08-04 00:00:00.000000000,2011-08-04 00:00:00.000000000,2011-03-29 00:00:00.000000000,84 days 00:00:00.000000000,84 days 00:00:00.000000000,0 days 00:00:00.000000000
5356,2010-11-10 00:00:00.000000000,2010-11-10 00:00:00.000000000,2010-11-10 00:00:00.000000000,2010-07-14 00:00:00.000000000,2010-07-30 00:00:00.000000000,2010-07-30 00:00:00.000000000,2010-04-02 00:00:00.000000000,103 days 00:00:00.000000000,103 days 00:00:00.000000000,0 days 00:00:00.000000000
5357,2010-10-13 00:00:00.000000000,2010-10-27 00:00:00.000000000,2010-10-27 00:00:00.000000000,2010-03-18 00:00:00.000000000,2010-03-19 00:00:00.000000000,2010-03-19 00:00:00.000000000,2009-08-22 00:00:00.000000000,208 days 00:00:00.000000000,222 days 00:00:00.000000000,14 days 00:00:00.000000000
5358,2015-01-26 00:00:00.000000000,2015-01-26 00:00:00.000000000,2015-01-26 00:00:00.000000000,2014-09-11 00:00:00.000000000,2015-01-26 00:00:00.000000000,2015-01-26 00:00:00.000000000,2014-09-11 00:00:00.000000000,0 days 00:00:00.000000000,0 days 00:00:00.000000000,0 days 00:00:00.000000000
5359,2012-05-04 00:00:00.000000000,2012-05-04 00:00:00.000000000,2012-05-04 00:00:00.000000000,2012-03-15 00:00:00.000000000,2012-04-04 00:00:00.000000000,2012-04-04 00:00:00.000000000,2012-02-14 00:00:00.000000000,30 days 00:00:00.000000000,30 days 00:00:00.000000000,0 days 00:00:00.000000000
5360,2015-08-28 00:00:00.000000000,2015-08-28 00:00:00.000000000,2015-08-31 00:00:00.000000000,2015-07-06 00:00:00.000000000,2015-07-28 00:00:00.000000000,2015-07-28 00:00:00.000000000,2015-06-05 00:00:00.000000000,31 days 00:00:00.000000000,31 days 00:00:00.000000000,0 days 00:00:00.000000000
5361,2015-07-24 00:00:00.000000000,2015-07-24 00:00:00.000000000,2015-07-24 00:00:00.000000000,2014-09-11 00:00:00.000000000,2014-10-09 00:00:00.000000000,2014-10-09 00:00:00.000000000,2013-11-27 00:00:00.000000000,288 days 00:00:00.000000000,288 days 00:00:00.000000000,0 days 00:00:00.000000000
5362,2013-10-29 00:00:00.000000000,2013-10-29 00:00:00.000000000,2013-11-01 00:00:00.000000000,2013-06-04 00:00:00.000000000,2013-08-07 00:00:00.000000000,2013-08-07 00:00:00.000000000,2013-03-13 00:00:00.000000000,83 days 00:00:00.000000000,83 days 00:00:00.000000000,0 days 00:00:00.000000000
5363,2010-12-29 00:00:00.000000000,2011-03-10 00:00:00.000000000,2011-03-10 00:00:00.000000000,2010-08-31 00:00:00.000000000,2010-09-24 00:00:00.000000000,2010-09-24 00:00:00.000000000,2010-05-27 00:00:00.000000000,96 days 00:00:00.000000000,167 days 00:00:00.000000000,71 days 00:00:00.000000000
5364,2014-09-05 00:00:00.000000000,2014-09-05 00:00:00.000000000,2014-09-16 00:00:00.000000000,2014-04-23 00:00:00.000000000,2014-05-20 00:00:00.000000000,2014-05-20 00:00:00.000000000,2014-01-05 00:00:00.000000000,108 days 00:00:00.000000000,108 days 00:00:00.000000000,0 days 00:00:00.000000000
5365,2011-09-27 00:00:00.000000000,2011-09-27 00:00:00.000000000,2011-09-27 00:00:00.000000000,2010-09-03 00:00:00.000000000,2010-09-27 00:00:00.000000000,2010-09-27 00:00:00.000000000,2009-09-03 00:00:00.000000000,365 days 00:00:00.000000000,365 days 00:00:00.000000000,0 days 00:00:00.000000000
5366,2012-12-06 00:00:00.000000000,2012-12-06 00:00:00.000000000,2012-12-06 00:00:00.000000000,2012-10-11 00:00:00.000000000,2012-10-16 00:00:00.000000000,2012-10-16 00:00:00.000000000,2012-08-21 00:00:00.000000000,51 days 00:00:00.000000000,51 days 00:00:00.000000000,0 days 00:00:00.000000000
5367,2012-11-05 00:00:00.000000000,2012-11-05 00:00:00.000000000,2012-11-05 00:00:00.000000000,2012-05-21 00:00:00.000000000,2012-08-10 00:00:00.000000000,2012-08-10 00:00:00.000000000,2012-02-24 00:00:00.000000000,87 days 00:00:00.000000000,87 days 00:00:00.000000000,0 days 00:00:00.000000000
5368,2014-06-17 00:00:00.000000000,2014-06-17 00:00:00.000000000,2014-06-20 00:00:00.000000000,2013-08-21 00:00:00.000000000,2013-10-25 00:00:00.000000000,2013-10-25 00:00:00.000000000,2012-12-29 00:00:00.000000000,235 days 00:00:00.000000000,235 days 00:00:00.000000000,0 days 00:00:00.000000000
5369,2010-09-13 00:00:00.000000000,2010-09-13 00:00:00.000000000,2010-09-13 00:00:00.000000000,2010-06-23 00:00:00.000000000,2010-07-01 00:00:00.000000000,2010-07-01 00:00:00.000000000,2010-04-10 00:00:00.000000000,74 days 00:00:00.000000000,74 days 00:00:00.000000000,0 days 00:00:00.000000000
5370,2013-10-07 00:00:00.000000000,2013-10-07 00:00:00.000000000,2013-10-07 00:00:00.000000000,2013-07-16 00:00:00.000000000,2013-08-15 00:00:00.000000000,2013-08-15 00:00:00.000000000,2013-05-24 00:00:00.000000000,53 days 00:00:00.000000000,53 days 00:00:00.000000000,0 days 00:00:00.000000000
5371,2015-05-28 00:00:00.000000000,2015-05-28 00:00:00.000000000,2015-05-29 00:00:00.000000000,2014-09-24 00:00:00.000000000,2014-11-14 00:00:00.000000000,2014-11-14 00:00:00.000000000,2014-03-13 00:00:00.000000000,195 days 00:00:00.000000000,195 days 00:00:00.000000000,0 days 00:00:00.000000000
5372,2011-10-04 00:00:00.000000000,2011-10-11 00:00:00.000000000,2011-10-11 00:00:00.000000000,2011-03-10 00:00:00.000000000,2011-03-24 00:00:00.000000000,2011-03-24 00:00:00.000000000,2010-08-28 00:00:00.000000000,194 days 00:00:00.000000000,201 days 00:00:00.000000000,7 days 00:00:00.000000000
5373,2014-05-09 00:00:00.000000000,2014-05-09 00:00:00.000000000,2014-05-12 00:00:00.000000000,2013-08-21 00:00:00.000000000,2013-10-24 00:00:00.000000000,2013-10-24 00:00:00.000000000,2013-02-05 00:00:00.000000000,197 days 00:00:00.000000000,197 days 00:00:00.000000000,0 days 00:00:00.000000000
5374,2014-12-10 00:00:00.000000000,2014-12-10 00:00:00.000000000,2014-12-10 00:00:00.000000000,2014-10-29 00:00:00.000000000,2014-12-10 00:00:00.000000000,2014-12-10 00:00:00.000000000,2014-10-29 00:00:00.000000000,0 days 00:00:00.000000000,0 days 00:00:00.000000000,0 days 00:00:00.000000000
5375,2011-06-13 00:00:00.000000000,2011-06-13 00:00:00.000000000,2011-06-13 00:00:00.000000000,2010-11-26 00:00:00.000000000,2010-12-14 00:00:00.000000000,2010-12-14 00:00:00.000000000,2010-05-29 00:00:00.000000000,181 days 00:00:00.000000000,181 days 00:00:00.000000000,0 days 00:00:00.000000000
5376,2012-03-22 00:00:00.000000000,2012-03-22 00:00:00.000000000,2012-03-22 00:00:00.000000000,2012-01-09 00:00:00.000000000,2012-02-01 00:00:00.000000000,2012-02-01 00:00:00.000000000,2011-11-20 00:00:00.000000000,50 days 00:00:00.000000000,50 days 00:00:00.000000000,0 days 00:00:00.000000000
5377,2013-08-05 00:00:00.000000000,2013-08-09 00:00:00.000000000,2013-08-09 00:00:00.000000000,2013-05-02 00:00:00.000000000,2013-05-22 00:00:00.000000000,2013-05-22 00:00:00.000000000,2013-02-16 00:00:00.000000000,75 days 00:00:00.000000000,79 days 00:00:00.000000000,4 days 00:00:00.000000000
5378,2012-01-11 00:00:00.000000000,2012-01-11 00:00:00.000000000,2012-01-11 00:00:00.000000000,2011-08-29 00:00:00.000000000,2011-09-07 00:00:00.000000000,2011-09-07 00:00:00.000000000,2011-04-25 00:00:00.000000000,126 days 00:00:00.000000000,126 days 00:00:00.000000000,0 days 00:00:00.000000000
5379,2014-06-25 00:00:00.000000000,2014-06-25 00:00:00.000000000,2014-06-25 00:00:00.000000000,2014-04-30 00:00:00.000000000,2014-06-25 00:00:00.000000000,2014-06-25 00:00:00.000000000,2014-04-30 00:00:00.000000000,0 days 00:00:00.000000000,0 days 00:00:00.000000000,0 days 00:00:00.000000000
5380,2010-08-03 00:00:00.000000000,2010-08-03 00:00:00.000000000,2010-08-03 00:00:00.000000000,2010-03-22 00:00:00.000000000,2010-03-29 00:00:00.000000000,2010-03-29 00:00:00.000000000,2009-11-15 00:00:00.000000000,127 days 00:00:00.000000000,127 days 00:00:00.000000000,0 days 00:00:00.000000000
5381,2015-06-02 00:00:00.000000000,2015-06-02 00:00:00.000000000,2015-06-02 00:00:00.000000000,2014-09-11 00:00:00.000000000,2015-06-02 00:00:00.000000000,2015-06-02 00:00:00.000000000,2014-09-11 00:00:00.000000000,0 days 00:00:00.000000000,0 days 00:00:00.000000000,0 days 00:00:00.000000000
5382,2012-06-29 00:00:00.000000000,2012-06-29 00:00:00.000000000,2012-06-29 00:00:00.000000000,2011-11-30 00:00:00.000000000,2012-03-14 00:00:00.000000000,2012-03-14 00:00:00.000000000,2011-08-15 00:00:00.000000000,107 days 00:00:00.000000000,107 days 00:00:00.000000000,0 days 00:00:00.000000000
5383,2014-05-24 00:00:00.000000000,2014-05-24 00:00:00.000000000,2014-05-26 00:00:00.000000000,2014-02-03 00:00:00.000000000,2014-03-05 00:00:00.000000000,2014-03-05 00:00:00.000000000,2013-11-15 00:00:00.000000000,80 days 00:00:00.000000000,80 days 00:00:00.000000000,0 days 00:00:00.000000000
5384,2014-12-17 00:00:00.000000000,2014-12-17 00:00:00.000000000,2014-12-17 00:00:00.000000000,2014-07-09 00:00:00.000000000,2014-08-11 00:00:00.000000000,2014-08-11 00:00:00.000000000,2014-03-03 00:00:00.000000000,128 days 00:00:00.000000000,128 days 00:00:00.000000000,0 days 00:00:00.000000000
5385,2010-08-04 00:00:00.000000000,2010-08-04 00:00:00.000000000,2010-08-04 00:00:00.000000000,2010-04-05 00:00:00.000000000,2010-04-21 00:00:00.000000000,2010-04-21 00:00:00.000000000,2009-12-21 00:00:00.000000000,105 days 00:00:00.000000000,105 days 00:00:00.000000000,0 days 00:00:00.000000000
5386,2011-10-26 00:00:00.000000000,2011-10-26 00:00:00.000000000,2011-10-26 00:00:00.000000000,2011-08-09 00:00:00.000000000,2011-08-18 00:00:00.000000000,2011-08-18 00:00:00.000000000,2011-06-01 00:00:00.000000000,69 days 00:00:00.000000000,69 days 00:00:00.000000000,0 days 00:00:00.000000000
5387,2014-05-02 00:00:00.000000000,2014-05-02 00:00:00.000000000,2014-05-02 00:00:00.000000000,2014-02-21 00:00:00.000000000,2014-02-28 00:00:00.000000000,2014-02-28 00:00:00.000000000,2013-12-20 00:00:00.000000000,63 days 00:00:00.000000000,63 days 00:00:00.000000000,0 days 00:00:00.000000000
5388,2013-10-23 00:00:00.000000000,2013-10-23 00:00:00.000000000,2013-10-23 00:00:00.000000000,2013-07-03 00:00:00.000000000,2013-08-27 00:00:00.000000000,2013-08-27 00:00:00.000000000,2013-05-07 00:00:00.000000000,57 days 00:00:00.000000000,57 days 00:00:00.000000000,0 days 00:00:00.000000000
5389,2014-08-29 00:00:00.000000000,2014-08-29 00:00:00.000000000,2014-08-29 00:00:00.000000000,2013-07-11 00:00:00.000000000,2014-08-29 00:00:00.000000000,2014-08-29 00:00:00.000000000,2013-07-11 00:00:00.000000000,0 days 00:00:00.000000000,0 days 00:00:00.000000000,0 days 00:00:00.000000000
5390,2015-08-28 00:00:00.000000000,2015-08-28 00:00:00.000000000,2015-08-28 00:00:00.000000000,2015-06-24 00:00:00.000000000,2015-07-17 00:00:00.000000000,2015-07-17 00:00:00.000000000,2015-05-13 00:00:00.000000000,42 days 00:00:00.000000000,42 days 00:00:00.000000000,0 days 00:00:00.000000000
5391,2010-08-17 00:00:00.000000000,2010-08-17 00:00:00.000000000,2010-08-17 00:00:00.000000000,2010-02-25 00:00:00.000000000,2010-06-07 00:00:00.000000000,2010-06-07 00:00:00.000000000,2009-12-16 00:00:00.000000000,71 days 00:00:00.000000000,71 days 00:00:00.000000000,0 days 00:00:00.000000000
5392,2011-09-12 00:00:00.000000000,2011-09-12 00:00:00.000000000,2011-09-12 00:00:00.000000000,2011-06-21 00:00:00.000000000,2011-08-03 00:00:00.000000000,2011-08-03 00:00:00.000000000,2011-05-12 00:00:00.000000000,40 days 00:00:00.000000000,40 days 00:00:00.000000000,0 days 00:00:00.000000000
5393,2010-06-11 00:00:00.000000000,2010-06-11 00:00:00.000000000,2010-06-11 00:00:00.000000000,2010-03-18 00:00:00.000000000,2010-03-19 00:00:00.000000000,2010-03-19 00:00:00.000000000,2009-12-24 00:00:00.000000000,84 days 00:00:00.000000000,84 days 00:00:00.000000000,0 days 00:00:00.000000000
5394,2013-06-11 00:00:00.000000000,2013-06-11 00:00:00.000000000,2013-06-11 00:00:00.000000000,2013-03-15 00:00:00.000000000,2013-04-11 00:00:00.000000000,2013-04-11 00:00:00.000000000,2013-01-13 00:00:00.000000000,61 days 00:00:00.000000000,61 days 00:00:00.000000000,0 days 00:00:00.000000000
5395,2013-10-18 00:00:00.000000000,2013-10-18 00:00:00.000000000,2013-10-18 00:00:00.000000000,2013-07-18 00:00:00.000000000,2013-08-06 00:00:00.000000000,2013-08-06 00:00:00.000000000,2013-05-06 00:00:00.000000000,73 days 00:00:00.000000000,73 days 00:00:00.000000000,0 days 00:00:00.000000000
5396,2013-09-14 00:00:00.000000000,2013-09-14 00:00:00.000000000,2013-09-14 00:00:00.000000000,2013-07-08 00:00:00.000000000,2013-07-30 00:00:00.000000000,2013-07-30 00:00:00.000000000,2013-05-23 00:00:00.000000000,46 days 00:00:00.000000000,46 days 00:00:00.000000000,0 days 00:00:00.000000000
5397,2012-10-29 00:00:00.000000000,2012-10-29 00:00:00.000000000,2012-10-29 00:00:00.000000000,2012-04-20 00:00:00.000000000,2012-06-08 00:00:00.000000000,2012-06-08 00:00:00.000000000,2011-11-29 00:00:00.000000000,143 days 00:00:00.000000000,143 days 00:00:00.000000000,0 days 00:00:00.000000000
5398,2014-09-08 00:00:00.000000000,2014-09-08 00:00:00.000000000,2014-09-09 00:00:00.000000000,2014-05-15 00:00:00.000000000,2014-07-30 00:00:00.000000000,2014-07-30 00:00:00.000000000,2014-04-05 00:00:00.000000000,40 days 00:00:00.000000000,40 days 00:00:00.000000000,0 days 00:00:00.000000000
5399,2012-09-05 00:00:00.000000000,2012-09-05 00:00:00.000000000,2012-09-05 00:00:00.000000000,2012-01-10 00:00:00.000000000,2012-01-23 00:00:00.000000000,2012-01-23 00:00:00.000000000,2011-05-29 00:00:00.000000000,226 days 00:00:00.000000000,226 days 00:00:00.000000000,0 days 00:00:00.000000000
5400,2015-07-30 00:00:00.000000000,2015-07-30 00:00:00.000000000,2015-07-30 00:00:00.000000000,2015-01-28 00:00:00.000000000,2015-02-17 00:00:00.000000000,2015-02-17 00:00:00.000000000,2014-08-18 00:00:00.000000000,163 days 00:00:00.000000000,163 days 00:00:00.000000000,0 days 00:00:00.000000000
5401,2015-07-23 00:00:00.000000000,2015-07-23 00:00:00.000000000,2015-07-29 00:00:00.000000000,2015-03-10 00:00:00.000000000,2015-03-17 00:00:00.000000000,2015-03-17 00:00:00.000000000,2014-11-02 00:00:00.000000000,128 days 00:00:00.000000000,128 days 00:00:00.000000000,0 days 00:00:00.000000000
5402,2015-07-10 00:00:00.000000000,2015-07-10 00:00:00.000000000,2015-07-10 00:00:00.000000000,2015-01-28 00:00:00.000000000,2015-02-17 00:00:00.000000000,2015-02-17 00:00:00.000000000,2014-09-07 00:00:00.000000000,143 days 00:00:00.000000000,143 days 00:00:00.000000000,0 days 00:00:00.000000000
5403,2014-02-07 00:00:00.000000000,2014-02-07 00:00:00.000000000,2014-02-10 00:00:00.000000000,2013-08-09 00:00:00.000000000,2013-09-17 00:00:00.000000000,2013-09-17 00:00:00.000000000,2013-03-19 00:00:00.000000000,143 days 00:00:00.000000000,143 days 00:00:00.000000000,0 days 00:00:00.000000000
5404,2010-12-08 00:00:00.000000000,2010-12-08 00:00:00.000000000,2010-12-08 00:00:00.000000000,2010-03-18 00:00:00.000000000,2010-03-19 00:00:00.000000000,2010-03-19 00:00:00.000000000,2009-06-27 00:00:00.000000000,264 days 00:00:00.000000000,264 days 00:00:00.000000000,0 days 00:00:00.000000000
5405,2011-07-01 00:00:00.000000000,2011-07-01 00:00:00.000000000,2011-07-01 00:00:00.000000000,2010-08-10 00:00:00.000000000,2010-09-10 00:00:00.000000000,2010-09-10 00:00:00.000000000,2009-10-20 00:00:00.000000000,294 days 00:00:00.000000000,294 days 00:00:00.000000000,0 days 00:00:00.000000000
5406,2015-04-09 00:00:00.000000000,2015-04-09 00:00:00.000000000,2015-04-13 00:00:00.000000000,2014-10-22 00:00:00.000000000,2015-01-07 00:00:00.000000000,2015-01-07 00:00:00.000000000,2014-07-22 00:00:00.000000000,92 days 00:00:00.000000000,92 days 00:00:00.000000000,0 days 00:00:00.000000000
5407,2012-05-21 00:00:00.000000000,2012-05-21 00:00:00.000000000,2012-05-21 00:00:00.000000000,2012-03-12 00:00:00.000000000,2012-03-28 00:00:00.000000000,2012-03-28 00:00:00.000000000,2012-01-18 00:00:00.000000000,54 days 00:00:00.000000000,54 days 00:00:00.000000000,0 days 00:00:00.000000000
5408,2012-06-05 00:00:00.000000000,2012-06-05 00:00:00.000000000,2012-06-05 00:00:00.000000000,2011-12-15 00:00:00.000000000,2012-01-18 00:00:00.000000000,2012-01-18 00:00:00.000000000,2011-07-29 00:00:00.000000000,139 days 00:00:00.000000000,139 days 00:00:00.000000000,0 days 00:00:00.000000000
5409,2011-07-01 00:00:00.000000000,2011-07-01 00:00:00.000000000,2011-07-01 00:00:00.000000000,2010-08-10 00:00:00.000000000,2010-09-10 00:00:00.000000000,2010-09-10 00:00:00.000000000,2009-10-20 00:00:00.000000000,294 days 00:00:00.000000000,294 days 00:00:00.000000000,0 days 00:00:00.000000000
5410,2014-07-20 00:00:00.000000000,2014-07-21 00:00:00.000000000,2014-08-06 00:00:00.000000000,2014-04-30 00:00:00.000000000,2014-05-21 00:00:00.000000000,2014-05-21 00:00:00.000000000,2014-03-01 00:00:00.000000000,60 days 00:00:00.000000000,61 days 00:00:00.000000000,1 days 00:00:00.000000000
5411,2010-06-11 00:00:00.000000000,2010-06-11 00:00:00.000000000,2010-06-11 00:00:00.000000000,2009-10-29 00:00:00.000000000,2009-11-09 00:00:00.000000000,2009-11-09 00:00:00.000000000,2009-03-29 00:00:00.000000000,214 days 00:00:00.000000000,214 days 00:00:00.000000000,0 days 00:00:00.000000000
5412,2015-05-12 00:00:00.000000000,2015-05-12 00:00:00.000000000,2015-05-12 00:00:00.000000000,2014-09-11 00:00:00.000000000,2015-05-11 00:00:00.000000000,2015-05-11 00:00:00.000000000,2014-09-10 00:00:00.000000000,1 days 00:00:00.000000000,1 days 00:00:00.000000000,0 days 00:00:00.000000000
5413,2013-09-02 00:00:00.000000000,2013-09-02 00:00:00.000000000,2013-09-02 00:00:00.000000000,2013-02-07 00:00:00.000000000,2013-03-22 00:00:00.000000000,2013-03-22 00:00:00.000000000,2012-08-27 00:00:00.000000000,164 days 00:00:00.000000000,164 days 00:00:00.000000000,0 days 00:00:00.000000000
5414,2009-10-21 00:00:00.000000000,2009-10-21 00:00:00.000000000,2009-10-21 00:00:00.000000000,2009-10-08 00:00:00.000000000,2009-10-15 00:00:00.000000000,2009-10-15 00:00:00.000000000,2009-10-02 00:00:00.000000000,6 days 00:00:00.000000000,6 days 00:00:00.000000000,0 days 00:00:00.000000000
5415,2015-05-12 00:00:00.000000000,2015-05-12 00:00:00.000000000,2015-05-12 00:00:00.000000000,2014-09-11 00:00:00.000000000,2015-05-11 00:00:00.000000000,2015-05-11 00:00:00.000000000,2014-09-10 00:00:00.000000000,1 days 00:00:00.000000000,1 days 00:00:00.000000000,0 days 00:00:00.000000000
5416,2015-07-31 00:00:00.000000000,2015-07-31 00:00:00.000000000,2015-08-02 00:00:00.000000000,2015-04-23 00:00:00.000000000,2015-06-16 00:00:00.000000000,2015-06-16 00:00:00.000000000,2015-03-09 00:00:00.000000000,45 days 00:00:00.000000000,45 days 00:00:00.000000000,0 days 00:00:00.000000000
5417,2011-10-05 00:00:00.000000000,2011-10-05 00:00:00.000000000,2011-10-05 00:00:00.000000000,2011-06-24 00:00:00.000000000,2011-07-14 00:00:00.000000000,2011-07-14 00:00:00.000000000,2011-04-02 00:00:00.000000000,83 days 00:00:00.000000000,83 days 00:00:00.000000000,0 days 00:00:00.000000000
5418,2015-04-14 00:00:00.000000000,2015-04-14 00:00:00.000000000,2015-04-14 00:00:00.000000000,2014-10-30 00:00:00.000000000,2014-12-08 00:00:00.000000000,2014-12-08 00:00:00.000000000,2014-06-25 00:00:00.000000000,127 days 00:00:00.000000000,127 days 00:00:00.000000000,0 days 00:00:00.000000000
5419,2013-04-16 00:00:00.000000000,2013-04-16 00:00:00.000000000,2013-04-16 00:00:00.000000000,2013-03-18 00:00:00.000000000,1900-01-01 00:00:00.000000000,2013-04-09 00:00:00.000000000,2013-03-11 00:00:00.000000000,7 days 00:00:00.000000000,7 days 00:00:00.000000000,0 days 00:00:00.000000000
5420,2014-07-09 00:00:00.000000000,2014-07-10 00:00:00.000000000,2014-07-17 00:00:00.000000000,2014-02-13 00:00:00.000000000,2014-05-19 00:00:00.000000000,2014-05-19 00:00:00.000000000,2013-12-24 00:00:00.000000000,51 days 00:00:00.000000000,52 days 00:00:00.000000000,1 days 00:00:00.000000000
5421,2015-02-18 00:00:00.000000000,2015-02-18 00:00:00.000000000,2015-02-20 00:00:00.000000000,2014-05-14 00:00:00.000000000,2014-07-09 00:00:00.000000000,2014-07-09 00:00:00.000000000,2013-10-02 00:00:00.000000000,224 days 00:00:00.000000000,224 days 00:00:00.000000000,0 days 00:00:00.000000000
5422,2014-10-14 00:00:00.000000000,2014-10-14 00:00:00.000000000,2014-10-15 00:00:00.000000000,2014-07-23 00:00:00.000000000,2014-09-04 00:00:00.000000000,2014-09-04 00:00:00.000000000,2014-06-13 00:00:00.000000000,40 days 00:00:00.000000000,40 days 00:00:00.000000000,0 days 00:00:00.000000000
5423,2015-08-24 00:00:00.000000000,2015-08-24 00:00:00.000000000,2015-08-24 00:00:00.000000000,2014-09-11 00:00:00.000000000,2014-10-09 00:00:00.000000000,2014-10-09 00:00:00.000000000,2013-10-27 00:00:00.000000000,319 days 00:00:00.000000000,319 days 00:00:00.000000000,0 days 00:00:00.000000000
5424,2014-06-25 00:00:00.000000000,2014-06-25 00:00:00.000000000,2014-07-01 00:00:00.000000000,2014-03-20 00:00:00.000000000,2014-04-29 00:00:00.000000000,2014-04-29 00:00:00.000000000,2014-01-22 00:00:00.000000000,57 days 00:00:00.000000000,57 days 00:00:00.000000000,0 days 00:00:00.000000000
5425,2010-03-24 00:00:00.000000000,2010-03-24 00:00:00.000000000,2010-03-24 00:00:00.000000000,2010-02-09 00:00:00.000000000,2010-02-10 00:00:00.000000000,2010-02-10 00:00:00.000000000,2009-12-29 00:00:00.000000000,42 days 00:00:00.000000000,42 days 00:00:00.000000000,0 days 00:00:00.000000000
5426,2011-05-12 00:00:00.000000000,2011-05-12 00:00:00.000000000,2011-05-12 00:00:00.000000000,2010-10-28 00:00:00.000000000,2010-11-10 00:00:00.000000000,2010-11-10 00:00:00.000000000,2010-04-28 00:00:00.000000000,183 days 00:00:00.000000000,183 days 00:00:00.000000000,0 days 00:00:00.000000000
5427,2014-08-29 00:00:00.000000000,2014-08-29 00:00:00.000000000,2014-08-29 00:00:00.000000000,2013-07-11 00:00:00.000000000,2014-08-29 00:00:00.000000000,2014-08-29 00:00:00.000000000,2013-07-11 00:00:00.000000000,0 days 00:00:00.000000000,0 days 00:00:00.000000000,0 days 00:00:00.000000000
5428,2013-04-16 00:00:00.000000000,2013-04-16 00:00:00.000000000,2013-04-16 00:00:00.000000000,2013-03-18 00:00:00.000000000,1900-01-01 00:00:00.000000000,2013-04-09 00:00:00.000000000,2013-03-11 00:00:00.000000000,7 days 00:00:00.000000000,7 days 00:00:00.000000000,0 days 00:00:00.000000000
5429,2010-08-04 00:00:00.000000000,2010-08-04 00:00:00.000000000,2010-08-04 00:00:00.000000000,2009-06-30 00:00:00.000000000,2009-07-16 00:00:00.000000000,2009-07-16 00:00:00.000000000,2008-06-11 00:00:00.000000000,384 days 00:00:00.000000000,384 days 00:00:00.000000000,0 days 00:00:00.000000000
5430,2013-07-17 00:00:00.000000000,2013-07-17 00:00:00.000000000,2013-07-17 00:00:00.000000000,2012-11-16 00:00:00.000000000,2012-12-06 00:00:00.000000000,2012-12-06 00:00:00.000000000,2012-04-07 00:00:00.000000000,223 days 00:00:00.000000000,223 days 00:00:00.000000000,0 days 00:00:00.000000000
5431,2013-04-01 00:00:00.000000000,2013-04-01 00:00:00.000000000,2013-04-01 00:00:00.000000000,2012-10-15 00:00:00.000000000,2012-11-07 00:00:00.000000000,2012-11-07 00:00:00.000000000,2012-05-23 00:00:00.000000000,145 days 00:00:00.000000000,145 days 00:00:00.000000000,0 days 00:00:00.000000000
5432,2014-12-10 00:00:00.000000000,2014-12-10 00:00:00.000000000,2014-12-10 00:00:00.000000000,2014-10-29 00:00:00.000000000,2014-12-10 00:00:00.000000000,2014-12-10 00:00:00.000000000,2014-10-29 00:00:00.000000000,0 days 00:00:00.000000000,0 days 00:00:00.000000000,0 days 00:00:00.000000000
5433,2009-09-08 00:00:00.000000000,2009-09-08 00:00:00.000000000,2009-09-08 00:00:00.000000000,2009-07-15 00:00:00.000000000,2009-07-25 00:00:00.000000000,2009-07-25 00:00:00.000000000,2009-05-31 00:00:00.000000000,45 days 00:00:00.000000000,45 days 00:00:00.000000000,0 days 00:00:00.000000000
5434,2013-10-16 00:00:00.000000000,2013-10-16 00:00:00.000000000,2013-10-17 00:00:00.000000000,2013-08-09 00:00:00.000000000,2013-09-04 00:00:00.000000000,2013-09-04 00:00:00.000000000,2013-06-28 00:00:00.000000000,42 days 00:00:00.000000000,42 days 00:00:00.000000000,0 days 00:00:00.000000000
5435,2012-07-26 00:00:00.000000000,2012-07-26 00:00:00.000000000,2012-07-26 00:00:00.000000000,2011-12-15 00:00:00.000000000,2012-01-25 00:00:00.000000000,2012-01-25 00:00:00.000000000,2011-06-15 00:00:00.000000000,183 days 00:00:00.000000000,183 days 00:00:00.000000000,0 days 00:00:00.000000000
5436,2010-02-05 00:00:00.000000000,2010-02-05 00:00:00.000000000,2010-02-05 00:00:00.000000000,2009-08-21 00:00:00.000000000,2009-09-14 00:00:00.000000000,2009-09-14 00:00:00.000000000,2009-03-30 00:00:00.000000000,144 days 00:00:00.000000000,144 days 00:00:00.000000000,0 days 00:00:00.000000000
5437,2015-06-02 00:00:00.000000000,2015-06-02 00:00:00.000000000,2015-06-02 00:00:00.000000000,2014-09-11 00:00:00.000000000,2015-06-02 00:00:00.000000000,2015-06-02 00:00:00.000000000,2014-09-11 00:00:00.000000000,0 days 00:00:00.000000000,0 days 00:00:00.000000000,0 days 00:00:00.000000000
5438,2012-07-05 00:00:00.000000000,2012-07-05 00:00:00.000000000,2012-07-05 00:00:00.000000000,2011-11-28 00:00:00.000000000,2012-01-13 00:00:00.000000000,2012-01-13 00:00:00.000000000,2011-06-07 00:00:00.000000000,174 days 00:00:00.000000000,174 days 00:00:00.000000000,0 days 00:00:00.000000000
5439,2010-01-07 00:00:00.000000000,2010-01-07 00:00:00.000000000,2010-01-07 00:00:00.000000000,2009-09-16 00:00:00.000000000,2009-10-23 00:00:00.000000000,2009-10-23 00:00:00.000000000,2009-07-02 00:00:00.000000000,76 days 00:00:00.000000000,76 days 00:00:00.000000000,0 days 00:00:00.000000000
5440,2012-10-25 00:00:00.000000000,2012-10-25 00:00:00.000000000,2012-10-25 00:00:00.000000000,2012-08-24 00:00:00.000000000,2012-09-06 00:00:00.000000000,2012-09-06 00:00:00.000000000,2012-07-06 00:00:00.000000000,49 days 00:00:00.000000000,49 days 00:00:00.000000000,0 days 00:00:00.000000000
5441,2009-09-14 00:00:00.000000000,2009-09-14 00:00:00.000000000,2009-09-14 00:00:00.000000000,2009-05-07 00:00:00.000000000,2009-07-21 00:00:00.000000000,2009-07-21 00:00:00.000000000,2009-03-13 00:00:00.000000000,55 days 00:00:00.000000000,55 days 00:00:00.000000000,0 days 00:00:00.000000000
5442,2015-05-12 00:00:00.000000000,2015-05-12 00:00:00.000000000,2015-05-12 00:00:00.000000000,2014-09-11 00:00:00.000000000,2015-05-11 00:00:00.000000000,2015-05-11 00:00:00.000000000,2014-09-10 00:00:00.000000000,1 days 00:00:00.000000000,1 days 00:00:00.000000000,0 days 00:00:00.000000000
5443,2015-07-13 00:00:00.000000000,2015-07-13 00:00:00.000000000,2015-07-14 00:00:00.000000000,2015-01-28 00:00:00.000000000,2015-02-17 00:00:00.000000000,2015-02-17 00:00:00.000000000,2014-09-04 00:00:00.000000000,146 days 00:00:00.000000000,146 days 00:00:00.000000000,0 days 00:00:00.000000000
5444,2013-07-17 00:00:00.000000000,2013-07-17 00:00:00.000000000,2013-07-17 00:00:00.000000000,2012-11-16 00:00:00.000000000,2012-12-06 00:00:00.000000000,2012-12-06 00:00:00.000000000,2012-04-07 00:00:00.000000000,223 days 00:00:00.000000000,223 days 00:00:00.000000000,0 days 00:00:00.000000000
5445,2015-06-03 00:00:00.000000000,2015-06-03 00:00:00.000000000,2015-06-05 00:00:00.000000000,2014-12-29 00:00:00.000000000,2015-02-20 00:00:00.000000000,2015-02-20 00:00:00.000000000,2014-09-17 00:00:00.000000000,103 days 00:00:00.000000000,103 days 00:00:00.000000000,0 days 00:00:00.000000000
5446,2013-04-03 00:00:00.000000000,2013-04-03 00:00:00.000000000,2013-04-03 00:00:00.000000000,2012-10-15 00:00:00.000000000,2012-11-07 00:00:00.000000000,2012-11-07 00:00:00.000000000,2012-05-21 00:00:00.000000000,147 days 00:00:00.000000000,147 days 00:00:00.000000000,0 days 00:00:00.000000000
5447,2015-03-20 00:00:00.000000000,2015-03-20 00:00:00.000000000,2015-03-20 00:00:00.000000000,2014-11-11 00:00:00.000000000,2014-11-25 00:00:00.000000000,2014-11-25 00:00:00.000000000,2014-07-19 00:00:00.000000000,115 days 00:00:00.000000000,115 days 00:00:00.000000000,0 days 00:00:00.000000000
5448,2011-11-02 00:00:00.000000000,2011-11-02 00:00:00.000000000,2011-11-02 00:00:00.000000000,2011-03-10 00:00:00.000000000,2011-03-23 00:00:00.000000000,2011-03-23 00:00:00.000000000,2010-07-29 00:00:00.000000000,224 days 00:00:00.000000000,224 days 00:00:00.000000000,0 days 00:00:00.000000000
5449,2013-12-23 00:00:00.000000000,2013-12-23 00:00:00.000000000,2014-01-08 00:00:00.000000000,2013-04-29 00:00:00.000000000,2013-06-12 00:00:00.000000000,2013-06-12 00:00:00.000000000,2012-10-17 00:00:00.000000000,194 days 00:00:00.000000000,194 days 00:00:00.000000000,0 days 00:00:00.000000000
5450,2013-04-16 00:00:00.000000000,2013-04-16 00:00:00.000000000,2013-04-16 00:00:00.000000000,2013-03-18 00:00:00.000000000,1900-01-01 00:00:00.000000000,2013-04-09 00:00:00.000000000,2013-03-11 00:00:00.000000000,7 days 00:00:00.000000000,7 days 00:00:00.000000000,0 days 00:00:00.000000000
5451,2011-09-15 00:00:00.000000000,2011-09-15 00:00:00.000000000,2011-09-15 00:00:00.000000000,2010-11-26 00:00:00.000000000,2010-12-14 00:00:00.000000000,2010-12-14 00:00:00.000000000,2010-02-24 00:00:00.000000000,275 days 00:00:00.000000000,275 days 00:00:00.000000000,0 days 00:00:00.000000000
5452,2014-06-25 00:00:00.000000000,2014-06-25 00:00:00.000000000,2014-06-25 00:00:00.000000000,2014-04-30 00:00:00.000000000,2014-06-25 00:00:00.000000000,2014-06-25 00:00:00.000000000,2014-04-30 00:00:00.000000000,0 days 00:00:00.000000000,0 days 00:00:00.000000000,0 days 00:00:00.000000000
5453,2014-01-13 00:00:00.000000000,2014-01-13 00:00:00.000000000,2014-01-30 00:00:00.000000000,2013-10-11 00:00:00.000000000,2013-10-21 00:00:00.000000000,2013-10-21 00:00:00.000000000,2013-07-19 00:00:00.000000000,84 days 00:00:00.000000000,84 days 00:00:00.000000000,0 days 00:00:00.000000000
5454,2015-06-16 00:00:00.000000000,2015-06-16 00:00:00.000000000,2015-06-18 00:00:00.000000000,2015-02-19 00:00:00.000000000,2015-04-17 00:00:00.000000000,2015-04-17 00:00:00.000000000,2014-12-21 00:00:00.000000000,60 days 00:00:00.000000000,60 days 00:00:00.000000000,0 days 00:00:00.000000000
5455,2014-02-06 00:00:00.000000000,2014-02-06 00:00:00.000000000,2014-02-06 00:00:00.000000000,2013-10-08 00:00:00.000000000,2013-12-02 00:00:00.000000000,2013-12-02 00:00:00.000000000,2013-08-03 00:00:00.000000000,66 days 00:00:00.000000000,66 days 00:00:00.000000000,0 days 00:00:00.000000000
5456,2010-09-14 00:00:00.000000000,2010-09-14 00:00:00.000000000,2010-09-14 00:00:00.000000000,2010-07-16 00:00:00.000000000,2010-07-30 00:00:00.000000000,2010-07-30 00:00:00.000000000,2010-05-31 00:00:00.000000000,46 days 00:00:00.000000000,46 days 00:00:00.000000000,0 days 00:00:00.000000000
5457,2015-04-02 00:00:00.000000000,2015-04-02 00:00:00.000000000,2015-04-02 00:00:00.000000000,2014-12-23 00:00:00.000000000,2015-01-19 00:00:00.000000000,2015-01-19 00:00:00.000000000,2014-10-11 00:00:00.000000000,73 days 00:00:00.000000000,73 days 00:00:00.000000000,0 days 00:00:00.000000000
5458,2009-11-11 00:00:00.000000000,2009-11-11 00:00:00.000000000,2009-11-11 00:00:00.000000000,2009-08-20 00:00:00.000000000,2009-09-03 00:00:00.000000000,2009-09-03 00:00:00.000000000,2009-06-12 00:00:00.000000000,69 days 00:00:00.000000000,69 days 00:00:00.000000000,0 days 00:00:00.000000000
5459,2015-07-27 00:00:00.000000000,2015-07-27 00:00:00.000000000,2015-07-27 00:00:00.000000000,2015-01-28 00:00:00.000000000,2015-02-17 00:00:00.000000000,2015-02-17 00:00:00.000000000,2014-08-21 00:00:00.000000000,160 days 00:00:00.000000000,160 days 00:00:00.000000000,0 days 00:00:00.000000000
5460,2009-10-23 00:00:00.000000000,2009-10-23 00:00:00.000000000,2009-10-23 00:00:00.000000000,2009-06-25 00:00:00.000000000,2009-06-26 00:00:00.000000000,2009-06-26 00:00:00.000000000,2009-02-26 00:00:00.000000000,119 days 00:00:00.000000000,119 days 00:00:00.000000000,0 days 00:00:00.000000000
5461,2012-10-22 00:00:00.000000000,2012-10-22 00:00:00.000000000,2012-10-22 00:00:00.000000000,2012-05-14 00:00:00.000000000,2012-06-28 00:00:00.000000000,2012-06-28 00:00:00.000000000,2012-01-19 00:00:00.000000000,116 days 00:00:00.000000000,116 days 00:00:00.000000000,0 days 00:00:00.000000000
5462,2013-10-02 00:00:00.000000000,2013-10-02 00:00:00.000000000,2013-10-02 00:00:00.000000000,2013-02-22 00:00:00.000000000,2013-03-14 00:00:00.000000000,2013-03-14 00:00:00.000000000,2012-08-04 00:00:00.000000000,202 days 00:00:00.000000000,202 days 00:00:00.000000000,0 days 00:00:00.000000000
5463,2015-02-19 00:00:00.000000000,2015-02-19 00:00:00.000000000,2015-02-19 00:00:00.000000000,2014-04-30 00:00:00.000000000,2014-05-08 00:00:00.000000000,2014-05-08 00:00:00.000000000,2013-07-17 00:00:00.000000000,287 days 00:00:00.000000000,287 days 00:00:00.000000000,0 days 00:00:00.000000000
5464,2013-01-29 00:00:00.000000000,2013-01-29 00:00:00.000000000,2013-01-29 00:00:00.000000000,2012-10-15 00:00:00.000000000,2012-11-09 00:00:00.000000000,2012-11-09 00:00:00.000000000,2012-07-26 00:00:00.000000000,81 days 00:00:00.000000000,81 days 00:00:00.000000000,0 days 00:00:00.000000000
5465,2010-03-22 00:00:00.000000000,2010-03-22 00:00:00.000000000,2010-03-22 00:00:00.000000000,2009-10-20 00:00:00.000000000,2009-11-03 00:00:00.000000000,2009-11-03 00:00:00.000000000,2009-06-03 00:00:00.000000000,139 days 00:00:00.000000000,139 days 00:00:00.000000000,0 days 00:00:00.000000000
5466,2014-08-28 00:00:00.000000000,2014-08-28 00:00:00.000000000,2014-08-28 00:00:00.000000000,2014-04-30 00:00:00.000000000,2014-08-28 00:00:00.000000000,2014-08-28 00:00:00.000000000,2014-04-30 00:00:00.000000000,0 days 00:00:00.000000000,0 days 00:00:00.000000000,0 days 00:00:00.000000000
5467,2013-11-07 00:00:00.000000000,2013-11-07 00:00:00.000000000,2013-11-17 00:00:00.000000000,2013-06-10 00:00:00.000000000,2013-07-10 00:00:00.000000000,2013-07-10 00:00:00.000000000,2013-02-10 00:00:00.000000000,120 days 00:00:00.000000000,120 days 00:00:00.000000000,0 days 00:00:00.000000000
5468,2014-03-13 00:00:00.000000000,2014-03-13 00:00:00.000000000,2014-03-13 00:00:00.000000000,2013-04-19 00:00:00.000000000,2013-04-25 00:00:00.000000000,2013-04-25 00:00:00.000000000,2012-06-01 00:00:00.000000000,322 days 00:00:00.000000000,322 days 00:00:00.000000000,0 days 00:00:00.000000000
5469,2013-10-18 00:00:00.000000000,2013-10-18 00:00:00.000000000,2013-10-18 00:00:00.000000000,2013-08-19 00:00:00.000000000,2013-08-23 00:00:00.000000000,2013-08-23 00:00:00.000000000,2013-06-24 00:00:00.000000000,56 days 00:00:00.000000000,56 days 00:00:00.000000000,0 days 00:00:00.000000000
5470,2014-03-19 00:00:00.000000000,2014-03-19 00:00:00.000000000,2014-03-24 00:00:00.000000000,2013-12-16 00:00:00.000000000,2014-01-22 00:00:00.000000000,2014-01-22 00:00:00.000000000,2013-10-21 00:00:00.000000000,56 days 00:00:00.000000000,56 days 00:00:00.000000000,0 days 00:00:00.000000000
5471,2012-12-20 00:00:00.000000000,2012-12-20 00:00:00.000000000,2012-12-20 00:00:00.000000000,2012-05-14 00:00:00.000000000,2012-07-03 00:00:00.000000000,2012-07-03 00:00:00.000000000,2011-11-26 00:00:00.000000000,170 days 00:00:00.000000000,170 days 00:00:00.000000000,0 days 00:00:00.000000000
5472,2009-08-14 00:00:00.000000000,2009-08-14 00:00:00.000000000,2009-08-14 00:00:00.000000000,2009-07-01 00:00:00.000000000,2009-07-02 00:00:00.000000000,2009-07-02 00:00:00.000000000,2009-05-19 00:00:00.000000000,43 days 00:00:00.000000000,43 days 00:00:00.000000000,0 days 00:00:00.000000000
5473,2009-10-19 00:00:00.000000000,2009-10-19 00:00:00.000000000,2009-10-19 00:00:00.000000000,2009-06-30 00:00:00.000000000,2009-07-16 00:00:00.000000000,2009-07-16 00:00:00.000000000,2009-03-27 00:00:00.000000000,95 days 00:00:00.000000000,95 days 00:00:00.000000000,0 days 00:00:00.000000000
5474,2015-02-19 00:00:00.000000000,2015-02-19 00:00:00.000000000,2015-02-19 00:00:00.000000000,2014-04-30 00:00:00.000000000,2014-05-08 00:00:00.000000000,2014-05-08 00:00:00.000000000,2013-07-17 00:00:00.000000000,287 days 00:00:00.000000000,287 days 00:00:00.000000000,0 days 00:00:00.000000000
5475,2010-11-12 00:00:00.000000000,2010-11-12 00:00:00.000000000,2010-11-12 00:00:00.000000000,2010-08-30 00:00:00.000000000,2010-09-02 00:00:00.000000000,2010-09-02 00:00:00.000000000,2010-06-20 00:00:00.000000000,71 days 00:00:00.000000000,71 days 00:00:00.000000000,0 days 00:00:00.000000000
5476,2012-12-31 00:00:00.000000000,2012-12-31 00:00:00.000000000,2012-12-31 00:00:00.000000000,2012-09-13 00:00:00.000000000,2012-10-04 00:00:00.000000000,2012-10-04 00:00:00.000000000,2012-06-17 00:00:00.000000000,88 days 00:00:00.000000000,88 days 00:00:00.000000000,0 days 00:00:00.000000000
5477,2010-08-09 00:00:00.000000000,2010-08-09 00:00:00.000000000,2010-08-09 00:00:00.000000000,2010-03-22 00:00:00.000000000,2010-03-29 00:00:00.000000000,2010-03-29 00:00:00.000000000,2009-11-09 00:00:00.000000000,133 days 00:00:00.000000000,133 days 00:00:00.000000000,0 days 00:00:00.000000000
5478,2013-11-09 00:00:00.000000000,2013-11-09 00:00:00.000000000,2013-11-20 00:00:00.000000000,2013-07-10 00:00:00.000000000,2013-08-06 00:00:00.000000000,2013-08-06 00:00:00.000000000,2013-04-06 00:00:00.000000000,95 days 00:00:00.000000000,95 days 00:00:00.000000000,0 days 00:00:00.000000000
5479,2014-10-01 00:00:00.000000000,2014-10-01 00:00:00.000000000,2014-10-01 00:00:00.000000000,2014-04-08 00:00:00.000000000,2014-04-30 00:00:00.000000000,2014-04-30 00:00:00.000000000,2013-11-05 00:00:00.000000000,154 days 00:00:00.000000000,154 days 00:00:00.000000000,0 days 00:00:00.000000000
5480,2011-02-07 00:00:00.000000000,2011-02-07 00:00:00.000000000,2011-02-07 00:00:00.000000000,2009-11-02 00:00:00.000000000,2009-11-13 00:00:00.000000000,2009-11-13 00:00:00.000000000,2008-08-08 00:00:00.000000000,451 days 00:00:00.000000000,451 days 00:00:00.000000000,0 days 00:00:00.000000000
5481,2015-04-09 00:00:00.000000000,2015-04-09 00:00:00.000000000,2015-04-13 00:00:00.000000000,2014-09-24 00:00:00.000000000,2014-11-14 00:00:00.000000000,2014-11-14 00:00:00.000000000,2014-05-01 00:00:00.000000000,146 days 00:00:00.000000000,146 days 00:00:00.000000000,0 days 00:00:00.000000000
5482,2014-02-07 00:00:00.000000000,2014-02-07 00:00:00.000000000,2014-02-07 00:00:00.000000000,2013-07-11 00:00:00.000000000,2013-08-13 00:00:00.000000000,2013-08-13 00:00:00.000000000,2013-01-14 00:00:00.000000000,178 days 00:00:00.000000000,178 days 00:00:00.000000000,0 days 00:00:00.000000000
5483,2014-06-12 00:00:00.000000000,2014-06-12 00:00:00.000000000,2014-06-12 00:00:00.000000000,2014-03-07 00:00:00.000000000,2014-05-05 00:00:00.000000000,2014-05-05 00:00:00.000000000,2014-01-28 00:00:00.000000000,38 days 00:00:00.000000000,38 days 00:00:00.000000000,0 days 00:00:00.000000000
5484,2015-02-12 00:00:00.000000000,2015-02-12 00:00:00.000000000,2015-02-12 00:00:00.000000000,2014-09-11 00:00:00.000000000,2015-02-12 00:00:00.000000000,2015-02-12 00:00:00.000000000,2014-09-11 00:00:00.000000000,0 days 00:00:00.000000000,0 days 00:00:00.000000000,0 days 00:00:00.000000000
5485,2014-02-14 00:00:00.000000000,2014-02-14 00:00:00.000000000,2014-02-19 00:00:00.000000000,2013-05-17 00:00:00.000000000,2013-07-03 00:00:00.000000000,2013-07-03 00:00:00.000000000,2012-10-03 00:00:00.000000000,226 days 00:00:00.000000000,226 days 00:00:00.000000000,0 days 00:00:00.000000000
5486,2015-04-28 00:00:00.000000000,2015-04-28 00:00:00.000000000,2015-04-29 00:00:00.000000000,2015-03-10 00:00:00.000000000,2015-03-17 00:00:00.000000000,2015-03-17 00:00:00.000000000,2015-01-27 00:00:00.000000000,42 days 00:00:00.000000000,42 days 00:00:00.000000000,0 days 00:00:00.000000000
5487,2012-08-16 00:00:00.000000000,2012-08-16 00:00:00.000000000,2012-08-16 00:00:00.000000000,2012-05-04 00:00:00.000000000,2012-06-13 00:00:00.000000000,2012-06-13 00:00:00.000000000,2012-03-01 00:00:00.000000000,64 days 00:00:00.000000000,64 days 00:00:00.000000000,0 days 00:00:00.000000000
5488,2015-02-19 00:00:00.000000000,2015-02-19 00:00:00.000000000,2015-02-19 00:00:00.000000000,2014-09-03 00:00:00.000000000,2014-10-09 00:00:00.000000000,2014-10-09 00:00:00.000000000,2014-04-23 00:00:00.000000000,133 days 00:00:00.000000000,133 days 00:00:00.000000000,0 days 00:00:00.000000000
5489,2011-10-17 00:00:00.000000000,2011-10-17 00:00:00.000000000,2011-10-17 00:00:00.000000000,2011-05-05 00:00:00.000000000,2011-07-06 00:00:00.000000000,2011-07-06 00:00:00.000000000,2011-01-22 00:00:00.000000000,103 days 00:00:00.000000000,103 days 00:00:00.000000000,0 days 00:00:00.000000000
5490,2013-12-27 00:00:00.000000000,2013-12-27 00:00:00.000000000,2013-12-27 00:00:00.000000000,2013-07-03 00:00:00.000000000,2013-08-27 00:00:00.000000000,2013-08-27 00:00:00.000000000,2013-03-03 00:00:00.000000000,122 days 00:00:00.000000000,122 days 00:00:00.000000000,0 days 00:00:00.000000000
5491,2009-10-21 00:00:00.000000000,2009-10-21 00:00:00.000000000,2009-10-21 00:00:00.000000000,2009-10-08 00:00:00.000000000,2009-10-15 00:00:00.000000000,2009-10-15 00:00:00.000000000,2009-10-02 00:00:00.000000000,6 days 00:00:00.000000000,6 days 00:00:00.000000000,0 days 00:00:00.000000000
5492,2014-08-29 00:00:00.000000000,2014-08-29 00:00:00.000000000,2014-08-29 00:00:00.000000000,2013-07-11 00:00:00.000000000,2014-08-29 00:00:00.000000000,2014-08-29 00:00:00.000000000,2013-07-11 00:00:00.000000000,0 days 00:00:00.000000000,0 days 00:00:00.000000000,0 days 00:00:00.000000000
5493,2013-07-05 00:00:00.000000000,2013-07-05 00:00:00.000000000,2013-07-05 00:00:00.000000000,2013-01-29 00:00:00.000000000,2013-02-06 00:00:00.000000000,2013-02-06 00:00:00.000000000,2012-09-02 00:00:00.000000000,149 days 00:00:00.000000000,149 days 00:00:00.000000000,0 days 00:00:00.000000000
5494,2010-03-03 00:00:00.000000000,2010-03-03 00:00:00.000000000,2010-03-03 00:00:00.000000000,2009-11-03 00:00:00.000000000,2009-11-13 00:00:00.000000000,2009-11-13 00:00:00.000000000,2009-07-16 00:00:00.000000000,110 days 00:00:00.000000000,110 days 00:00:00.000000000,0 days 00:00:00.000000000
5495,2015-01-19 00:00:00.000000000,2015-01-19 00:00:00.000000000,2015-01-22 00:00:00.000000000,2014-09-22 00:00:00.000000000,2014-10-29 00:00:00.000000000,2014-10-29 00:00:00.000000000,2014-07-02 00:00:00.000000000,82 days 00:00:00.000000000,82 days 00:00:00.000000000,0 days 00:00:00.000000000
5496,2013-03-21 00:00:00.000000000,2013-03-21 00:00:00.000000000,2013-03-21 00:00:00.000000000,2012-09-19 00:00:00.000000000,2012-10-12 00:00:00.000000000,2012-10-12 00:00:00.000000000,2012-04-12 00:00:00.000000000,160 days 00:00:00.000000000,160 days 00:00:00.000000000,0 days 00:00:00.000000000
5497,2015-05-21 00:00:00.000000000,2015-05-21 00:00:00.000000000,2015-05-21 00:00:00.000000000,2015-01-06 00:00:00.000000000,2015-01-16 00:00:00.000000000,2015-01-16 00:00:00.000000000,2014-09-03 00:00:00.000000000,125 days 00:00:00.000000000,125 days 00:00:00.000000000,0 days 00:00:00.000000000
5498,2014-02-11 00:00:00.000000000,2014-02-11 00:00:00.000000000,2014-02-11 00:00:00.000000000,2013-07-18 00:00:00.000000000,2013-08-06 00:00:00.000000000,2013-08-06 00:00:00.000000000,2013-01-10 00:00:00.000000000,189 days 00:00:00.000000000,189 days 00:00:00.000000000,0 days 00:00:00.000000000
5499,2014-10-25 00:00:00.000000000,2014-10-25 00:00:00.000000000,2014-10-25 00:00:00.000000000,2014-03-27 00:00:00.000000000,2014-05-06 00:00:00.000000000,2014-05-06 00:00:00.000000000,2013-10-06 00:00:00.000000000,172 days 00:00:00.000000000,172 days 00:00:00.000000000,0 days 00:00:00.000000000
5500,2014-09-05 00:00:00.000000000,2014-09-05 00:00:00.000000000,2014-09-16 00:00:00.000000000,2014-04-23 00:00:00.000000000,2014-05-20 00:00:00.000000000,2014-05-20 00:00:00.000000000,2014-01-05 00:00:00.000000000,108 days 00:00:00.000000000,108 days 00:00:00.000000000,0 days 00:00:00.000000000
5501,2013-05-16 00:00:00.000000000,2013-05-16 00:00:00.000000000,2013-05-16 00:00:00.000000000,2013-01-24 00:00:00.000000000,2013-02-22 00:00:00.000000000,2013-02-22 00:00:00.000000000,2012-11-02 00:00:00.000000000,83 days 00:00:00.000000000,83 days 00:00:00.000000000,0 days 00:00:00.000000000
5502,2014-08-29 00:00:00.000000000,2014-08-29 00:00:00.000000000,2014-08-29 00:00:00.000000000,2013-07-11 00:00:00.000000000,2014-08-29 00:00:00.000000000,2014-08-29 00:00:00.000000000,2013-07-11 00:00:00.000000000,0 days 00:00:00.000000000,0 days 00:00:00.000000000,0 days 00:00:00.000000000
5503,2012-09-05 00:00:00.000000000,2012-09-05 00:00:00.000000000,2012-09-05 00:00:00.000000000,2012-05-24 00:00:00.000000000,2012-06-13 00:00:00.000000000,2012-06-13 00:00:00.000000000,2012-03-01 00:00:00.000000000,84 days 00:00:00.000000000,84 days 00:00:00.000000000,0 days 00:00:00.000000000
5504,2013-10-04 00:00:00.000000000,2013-10-04 00:00:00.000000000,2013-10-05 00:00:00.000000000,2013-04-29 00:00:00.000000000,2013-05-28 00:00:00.000000000,2013-05-28 00:00:00.000000000,2012-12-21 00:00:00.000000000,129 days 00:00:00.000000000,129 days 00:00:00.000000000,0 days 00:00:00.000000000
5505,2011-05-11 00:00:00.000000000,2011-05-11 00:00:00.000000000,2011-05-11 00:00:00.000000000,2010-10-20 00:00:00.000000000,2010-11-04 00:00:00.000000000,2010-11-04 00:00:00.000000000,2010-04-15 00:00:00.000000000,188 days 00:00:00.000000000,188 days 00:00:00.000000000,0 days 00:00:00.000000000
5506,2012-12-07 00:00:00.000000000,2012-12-07 00:00:00.000000000,2012-12-07 00:00:00.000000000,2012-07-31 00:00:00.000000000,2012-10-04 00:00:00.000000000,2012-10-04 00:00:00.000000000,2012-05-28 00:00:00.000000000,64 days 00:00:00.000000000,64 days 00:00:00.000000000,0 days 00:00:00.000000000
5507,2010-07-15 00:00:00.000000000,2010-07-15 00:00:00.000000000,2010-07-15 00:00:00.000000000,2010-03-18 00:00:00.000000000,2010-03-19 00:00:00.000000000,2010-03-19 00:00:00.000000000,2009-11-20 00:00:00.000000000,118 days 00:00:00.000000000,118 days 00:00:00.000000000,0 days 00:00:00.000000000
5508,2014-10-14 00:00:00.000000000,2014-10-14 00:00:00.000000000,2014-10-15 00:00:00.000000000,2014-07-23 00:00:00.000000000,2014-09-04 00:00:00.000000000,2014-09-04 00:00:00.000000000,2014-06-13 00:00:00.000000000,40 days 00:00:00.000000000,40 days 00:00:00.000000000,0 days 00:00:00.000000000
5509,2013-09-18 00:00:00.000000000,2013-09-19 00:00:00.000000000,2013-09-19 00:00:00.000000000,2013-06-10 00:00:00.000000000,2013-07-10 00:00:00.000000000,2013-07-10 00:00:00.000000000,2013-04-01 00:00:00.000000000,70 days 00:00:00.000000000,71 days 00:00:00.000000000,1 days 00:00:00.000000000
5510,2012-09-04 00:00:00.000000000,2012-09-04 00:00:00.000000000,2012-09-04 00:00:00.000000000,2012-03-29 00:00:00.000000000,2012-04-24 00:00:00.000000000,2012-04-24 00:00:00.000000000,2011-11-17 00:00:00.000000000,133 days 00:00:00.000000000,133 days 00:00:00.000000000,0 days 00:00:00.000000000
5511,2011-11-02 00:00:00.000000000,2011-11-02 00:00:00.000000000,2011-11-02 00:00:00.000000000,2011-03-10 00:00:00.000000000,2011-03-23 00:00:00.000000000,2011-03-23 00:00:00.000000000,2010-07-29 00:00:00.000000000,224 days 00:00:00.000000000,224 days 00:00:00.000000000,0 days 00:00:00.000000000
5512,2011-04-05 00:00:00.000000000,2011-04-05 00:00:00.000000000,2011-04-05 00:00:00.000000000,2010-08-31 00:00:00.000000000,2010-09-21 00:00:00.000000000,2010-09-21 00:00:00.000000000,2010-02-16 00:00:00.000000000,196 days 00:00:00.000000000,196 days 00:00:00.000000000,0 days 00:00:00.000000000
5513,2014-01-03 00:00:00.000000000,2014-01-03 00:00:00.000000000,2014-01-06 00:00:00.000000000,2013-07-30 00:00:00.000000000,2013-09-02 00:00:00.000000000,2013-09-02 00:00:00.000000000,2013-03-29 00:00:00.000000000,123 days 00:00:00.000000000,123 days 00:00:00.000000000,0 days 00:00:00.000000000
5514,2012-07-03 00:00:00.000000000,2012-07-03 00:00:00.000000000,2012-07-03 00:00:00.000000000,2012-01-06 00:00:00.000000000,2012-02-23 00:00:00.000000000,2012-02-23 00:00:00.000000000,2011-08-28 00:00:00.000000000,131 days 00:00:00.000000000,131 days 00:00:00.000000000,0 days 00:00:00.000000000
5515,2014-01-24 00:00:00.000000000,2014-01-24 00:00:00.000000000,2014-01-27 00:00:00.000000000,2013-04-29 00:00:00.000000000,2013-06-12 00:00:00.000000000,2013-06-12 00:00:00.000000000,2012-09-15 00:00:00.000000000,226 days 00:00:00.000000000,226 days 00:00:00.000000000,0 days 00:00:00.000000000
5516,2014-07-08 00:00:00.000000000,2014-07-08 00:00:00.000000000,2014-07-10 00:00:00.000000000,2014-01-22 00:00:00.000000000,2014-02-26 00:00:00.000000000,2014-02-26 00:00:00.000000000,2013-09-12 00:00:00.000000000,132 days 00:00:00.000000000,132 days 00:00:00.000000000,0 days 00:00:00.000000000
5517,2011-09-12 00:00:00.000000000,2011-09-12 00:00:00.000000000,2011-09-12 00:00:00.000000000,2011-01-17 00:00:00.000000000,2011-01-25 00:00:00.000000000,2011-01-25 00:00:00.000000000,2010-06-01 00:00:00.000000000,230 days 00:00:00.000000000,230 days 00:00:00.000000000,0 days 00:00:00.000000000
5518,2012-11-29 00:00:00.000000000,2012-11-29 00:00:00.000000000,2012-11-29 00:00:00.000000000,2012-07-25 00:00:00.000000000,2012-08-14 00:00:00.000000000,2012-08-14 00:00:00.000000000,2012-04-09 00:00:00.000000000,107 days 00:00:00.000000000,107 days 00:00:00.000000000,0 days 00:00:00.000000000
5519,2011-12-01 00:00:00.000000000,2011-12-01 00:00:00.000000000,2011-12-01 00:00:00.000000000,2011-08-11 00:00:00.000000000,2011-10-05 00:00:00.000000000,2011-10-05 00:00:00.000000000,2011-06-15 00:00:00.000000000,57 days 00:00:00.000000000,57 days 00:00:00.000000000,0 days 00:00:00.000000000
5520,2014-10-22 00:00:00.000000000,2014-10-22 00:00:00.000000000,2014-11-11 00:00:00.000000000,2014-07-30 00:00:00.000000000,2014-08-14 00:00:00.000000000,2014-08-14 00:00:00.000000000,2014-05-22 00:00:00.000000000,69 days 00:00:00.000000000,69 days 00:00:00.000000000,0 days 00:00:00.000000000
5521,2013-09-20 00:00:00.000000000,2013-09-20 00:00:00.000000000,2013-09-20 00:00:00.000000000,2013-04-12 00:00:00.000000000,2013-05-08 00:00:00.000000000,2013-05-08 00:00:00.000000000,2012-11-28 00:00:00.000000000,135 days 00:00:00.000000000,135 days 00:00:00.000000000,0 days 00:00:00.000000000
5522,2014-12-02 00:00:00.000000000,2014-12-02 00:00:00.000000000,2014-12-05 00:00:00.000000000,2014-09-23 00:00:00.000000000,2014-10-16 00:00:00.000000000,2014-10-16 00:00:00.000000000,2014-08-07 00:00:00.000000000,47 days 00:00:00.000000000,47 days 00:00:00.000000000,0 days 00:00:00.000000000
5523,2009-08-17 00:00:00.000000000,2009-08-17 00:00:00.000000000,2009-08-17 00:00:00.000000000,2009-06-19 00:00:00.000000000,2009-07-07 00:00:00.000000000,2009-07-07 00:00:00.000000000,2009-05-09 00:00:00.000000000,41 days 00:00:00.000000000,41 days 00:00:00.000000000,0 days 00:00:00.000000000
5524,2010-12-07 00:00:00.000000000,2010-12-07 00:00:00.000000000,2010-12-07 00:00:00.000000000,2010-08-07 00:00:00.000000000,2010-09-24 00:00:00.000000000,2010-09-24 00:00:00.000000000,2010-05-25 00:00:00.000000000,74 days 00:00:00.000000000,74 days 00:00:00.000000000,0 days 00:00:00.000000000
5525,2011-03-04 00:00:00.000000000,2011-03-04 00:00:00.000000000,2011-03-04 00:00:00.000000000,2010-08-31 00:00:00.000000000,2010-09-24 00:00:00.000000000,2010-09-24 00:00:00.000000000,2010-03-23 00:00:00.000000000,161 days 00:00:00.000000000,161 days 00:00:00.000000000,0 days 00:00:00.000000000
5526,2012-09-10 00:00:00.000000000,2012-09-10 00:00:00.000000000,2012-09-10 00:00:00.000000000,2012-07-27 00:00:00.000000000,2012-08-02 00:00:00.000000000,2012-08-02 00:00:00.000000000,2012-06-18 00:00:00.000000000,39 days 00:00:00.000000000,39 days 00:00:00.000000000,0 days 00:00:00.000000000
5527,2010-11-17 00:00:00.000000000,2010-11-17 00:00:00.000000000,2010-11-17 00:00:00.000000000,2010-06-07 00:00:00.000000000,2010-07-21 00:00:00.000000000,2010-07-21 00:00:00.000000000,2010-02-08 00:00:00.000000000,119 days 00:00:00.000000000,119 days 00:00:00.000000000,0 days 00:00:00.000000000
5528,2012-07-03 00:00:00.000000000,2012-07-03 00:00:00.000000000,2012-07-03 00:00:00.000000000,2012-03-01 00:00:00.000000000,2012-05-15 00:00:00.000000000,2012-05-15 00:00:00.000000000,2012-01-12 00:00:00.000000000,49 days 00:00:00.000000000,49 days 00:00:00.000000000,0 days 00:00:00.000000000
5529,2012-11-06 00:00:00.000000000,2012-11-06 00:00:00.000000000,2012-11-06 00:00:00.000000000,2012-07-17 00:00:00.000000000,2012-08-13 00:00:00.000000000,2012-08-13 00:00:00.000000000,2012-04-23 00:00:00.000000000,85 days 00:00:00.000000000,85 days 00:00:00.000000000,0 days 00:00:00.000000000
5530,2014-10-01 00:00:00.000000000,2014-10-01 00:00:00.000000000,2014-10-01 00:00:00.000000000,2013-11-18 00:00:00.000000000,2014-03-14 00:00:00.000000000,2014-03-14 00:00:00.000000000,2013-05-01 00:00:00.000000000,201 days 00:00:00.000000000,201 days 00:00:00.000000000,0 days 00:00:00.000000000
5531,2013-11-09 00:00:00.000000000,2013-11-09 00:00:00.000000000,2013-11-20 00:00:00.000000000,2013-08-19 00:00:00.000000000,2013-08-23 00:00:00.000000000,2013-08-23 00:00:00.000000000,2013-06-02 00:00:00.000000000,78 days 00:00:00.000000000,78 days 00:00:00.000000000,0 days 00:00:00.000000000
5532,2015-09-03 00:00:00.000000000,2015-09-03 00:00:00.000000000,2015-09-03 00:00:00.000000000,2015-04-14 00:00:00.000000000,2015-05-13 00:00:00.000000000,2015-05-13 00:00:00.000000000,2014-12-22 00:00:00.000000000,113 days 00:00:00.000000000,113 days 00:00:00.000000000,0 days 00:00:00.000000000
5533,2009-11-12 00:00:00.000000000,2009-11-12 00:00:00.000000000,2009-11-12 00:00:00.000000000,2009-09-03 00:00:00.000000000,2009-09-11 00:00:00.000000000,2009-09-11 00:00:00.000000000,2009-07-03 00:00:00.000000000,62 days 00:00:00.000000000,62 days 00:00:00.000000000,0 days 00:00:00.000000000
5534,2013-08-07 00:00:00.000000000,2013-08-07 00:00:00.000000000,2013-08-07 00:00:00.000000000,2013-01-30 00:00:00.000000000,2013-03-11 00:00:00.000000000,2013-03-11 00:00:00.000000000,2012-09-03 00:00:00.000000000,149 days 00:00:00.000000000,149 days 00:00:00.000000000,0 days 00:00:00.000000000
5535,2013-11-07 00:00:00.000000000,2013-11-11 00:00:00.000000000,2013-11-17 00:00:00.000000000,2013-06-10 00:00:00.000000000,2013-07-10 00:00:00.000000000,2013-07-10 00:00:00.000000000,2013-02-10 00:00:00.000000000,120 days 00:00:00.000000000,124 days 00:00:00.000000000,4 days 00:00:00.000000000
5536,2014-04-14 00:00:00.000000000,2014-04-14 00:00:00.000000000,2014-04-14 00:00:00.000000000,2014-01-21 00:00:00.000000000,2014-02-19 00:00:00.000000000,2014-02-19 00:00:00.000000000,2013-11-28 00:00:00.000000000,54 days 00:00:00.000000000,54 days 00:00:00.000000000,0 days 00:00:00.000000000
5537,2012-11-06 00:00:00.000000000,2012-11-07 00:00:00.000000000,2012-11-07 00:00:00.000000000,2012-07-17 00:00:00.000000000,2012-08-13 00:00:00.000000000,2012-08-13 00:00:00.000000000,2012-04-23 00:00:00.000000000,85 days 00:00:00.000000000,86 days 00:00:00.000000000,1 days 00:00:00.000000000
5538,2015-02-19 00:00:00.000000000,2015-02-19 00:00:00.000000000,2015-02-19 00:00:00.000000000,2014-09-03 00:00:00.000000000,2014-10-09 00:00:00.000000000,2014-10-09 00:00:00.000000000,2014-04-23 00:00:00.000000000,133 days 00:00:00.000000000,133 days 00:00:00.000000000,0 days 00:00:00.000000000
5539,2013-09-24 00:00:00.000000000,2013-09-24 00:00:00.000000000,2013-09-24 00:00:00.000000000,2013-04-29 00:00:00.000000000,2013-06-12 00:00:00.000000000,2013-06-12 00:00:00.000000000,2013-01-15 00:00:00.000000000,104 days 00:00:00.000000000,104 days 00:00:00.000000000,0 days 00:00:00.000000000
5540,2010-02-23 00:00:00.000000000,2010-02-23 00:00:00.000000000,2010-02-23 00:00:00.000000000,2009-12-10 00:00:00.000000000,2010-01-08 00:00:00.000000000,2010-01-08 00:00:00.000000000,2009-10-25 00:00:00.000000000,46 days 00:00:00.000000000,46 days 00:00:00.000000000,0 days 00:00:00.000000000
5541,2011-10-10 00:00:00.000000000,2011-10-10 00:00:00.000000000,2011-10-10 00:00:00.000000000,2011-03-10 00:00:00.000000000,2011-03-24 00:00:00.000000000,2011-03-24 00:00:00.000000000,2010-08-22 00:00:00.000000000,200 days 00:00:00.000000000,200 days 00:00:00.000000000,0 days 00:00:00.000000000
5542,2015-05-14 00:00:00.000000000,2015-05-14 00:00:00.000000000,2015-05-14 00:00:00.000000000,2014-11-11 00:00:00.000000000,2014-12-04 00:00:00.000000000,2014-12-04 00:00:00.000000000,2014-06-03 00:00:00.000000000,161 days 00:00:00.000000000,161 days 00:00:00.000000000,0 days 00:00:00.000000000
5543,2012-05-02 00:00:00.000000000,2012-05-02 00:00:00.000000000,2012-05-02 00:00:00.000000000,2011-10-05 00:00:00.000000000,2011-12-29 00:00:00.000000000,2011-12-29 00:00:00.000000000,2011-06-02 00:00:00.000000000,125 days 00:00:00.000000000,125 days 00:00:00.000000000,0 days 00:00:00.000000000
5544,2012-02-20 00:00:00.000000000,2012-02-20 00:00:00.000000000,2012-02-20 00:00:00.000000000,2011-09-07 00:00:00.000000000,2011-09-14 00:00:00.000000000,2011-09-14 00:00:00.000000000,2011-04-01 00:00:00.000000000,159 days 00:00:00.000000000,159 days 00:00:00.000000000,0 days 00:00:00.000000000
5545,2015-01-12 00:00:00.000000000,2015-01-12 00:00:00.000000000,2015-01-12 00:00:00.000000000,2014-04-08 00:00:00.000000000,2014-05-15 00:00:00.000000000,2014-05-15 00:00:00.000000000,2013-08-09 00:00:00.000000000,242 days 00:00:00.000000000,242 days 00:00:00.000000000,0 days 00:00:00.000000000
5546,2015-02-19 00:00:00.000000000,2015-02-19 00:00:00.000000000,2015-02-19 00:00:00.000000000,2014-04-30 00:00:00.000000000,2014-05-08 00:00:00.000000000,2014-05-08 00:00:00.000000000,2013-07-17 00:00:00.000000000,287 days 00:00:00.000000000,287 days 00:00:00.000000000,0 days 00:00:00.000000000
5547,2015-03-31 00:00:00.000000000,2015-03-31 00:00:00.000000000,2015-03-31 00:00:00.000000000,2014-10-24 00:00:00.000000000,2014-10-30 00:00:00.000000000,2014-10-30 00:00:00.000000000,2014-05-25 00:00:00.000000000,152 days 00:00:00.000000000,152 days 00:00:00.000000000,0 days 00:00:00.000000000
5548,2014-08-27 00:00:00.000000000,2014-08-27 00:00:00.000000000,2014-08-27 00:00:00.000000000,2013-07-11 00:00:00.000000000,2014-08-27 00:00:00.000000000,2014-08-27 00:00:00.000000000,2013-07-11 00:00:00.000000000,0 days 00:00:00.000000000,0 days 00:00:00.000000000,0 days 00:00:00.000000000
5549,2015-07-23 00:00:00.000000000,2015-07-23 00:00:00.000000000,2015-07-29 00:00:00.000000000,2015-03-10 00:00:00.000000000,2015-03-17 00:00:00.000000000,2015-03-17 00:00:00.000000000,2014-11-02 00:00:00.000000000,128 days 00:00:00.000000000,128 days 00:00:00.000000000,0 days 00:00:00.000000000
5550,2014-10-29 00:00:00.000000000,2014-10-29 00:00:00.000000000,2014-11-04 00:00:00.000000000,2014-04-08 00:00:00.000000000,2014-04-30 00:00:00.000000000,2014-04-30 00:00:00.000000000,2013-10-08 00:00:00.000000000,182 days 00:00:00.000000000,182 days 00:00:00.000000000,0 days 00:00:00.000000000
5551,2013-08-20 00:00:00.000000000,2013-08-20 00:00:00.000000000,2013-08-20 00:00:00.000000000,2013-01-16 00:00:00.000000000,2013-02-05 00:00:00.000000000,2013-02-05 00:00:00.000000000,2012-07-04 00:00:00.000000000,196 days 00:00:00.000000000,196 days 00:00:00.000000000,0 days 00:00:00.000000000
5552,2010-11-12 00:00:00.000000000,2010-11-12 00:00:00.000000000,2010-11-12 00:00:00.000000000,2010-07-23 00:00:00.000000000,2010-08-27 00:00:00.000000000,2010-08-27 00:00:00.000000000,2010-05-07 00:00:00.000000000,77 days 00:00:00.000000000,77 days 00:00:00.000000000,0 days 00:00:00.000000000
5553,2009-09-29 00:00:00.000000000,2009-09-29 00:00:00.000000000,2009-09-29 00:00:00.000000000,2009-07-15 00:00:00.000000000,2009-07-25 00:00:00.000000000,2009-07-25 00:00:00.000000000,2009-05-10 00:00:00.000000000,66 days 00:00:00.000000000,66 days 00:00:00.000000000,0 days 00:00:00.000000000
5554,2011-07-07 00:00:00.000000000,2011-07-12 00:00:00.000000000,2011-07-12 00:00:00.000000000,2011-02-16 00:00:00.000000000,2011-03-30 00:00:00.000000000,2011-03-30 00:00:00.000000000,2010-11-09 00:00:00.000000000,99 days 00:00:00.000000000,104 days 00:00:00.000000000,5 days 00:00:00.000000000
5555,2013-12-13 00:00:00.000000000,2013-12-13 00:00:00.000000000,2013-12-17 00:00:00.000000000,2013-08-09 00:00:00.000000000,2013-09-19 00:00:00.000000000,2013-09-19 00:00:00.000000000,2013-05-16 00:00:00.000000000,85 days 00:00:00.000000000,85 days 00:00:00.000000000,0 days 00:00:00.000000000
5556,2013-11-16 00:00:00.000000000,2013-11-16 00:00:00.000000000,2013-11-21 00:00:00.000000000,2013-07-08 00:00:00.000000000,2013-09-10 00:00:00.000000000,2013-09-10 00:00:00.000000000,2013-05-02 00:00:00.000000000,67 days 00:00:00.000000000,67 days 00:00:00.000000000,0 days 00:00:00.000000000
5557,2010-04-07 00:00:00.000000000,2010-04-07 00:00:00.000000000,2010-04-07 00:00:00.000000000,2009-11-05 00:00:00.000000000,2009-11-23 00:00:00.000000000,2009-11-23 00:00:00.000000000,2009-06-23 00:00:00.000000000,135 days 00:00:00.000000000,135 days 00:00:00.000000000,0 days 00:00:00.000000000
5558,2013-05-08 00:00:00.000000000,2013-05-08 00:00:00.000000000,2013-05-08 00:00:00.000000000,2012-12-13 00:00:00.000000000,2013-02-07 00:00:00.000000000,2013-02-07 00:00:00.000000000,2012-09-14 00:00:00.000000000,90 days 00:00:00.000000000,90 days 00:00:00.000000000,0 days 00:00:00.000000000
5559,2015-04-24 00:00:00.000000000,2015-04-24 00:00:00.000000000,2015-04-24 00:00:00.000000000,2014-09-24 00:00:00.000000000,2014-11-14 00:00:00.000000000,2014-11-14 00:00:00.000000000,2014-04-16 00:00:00.000000000,161 days 00:00:00.000000000,161 days 00:00:00.000000000,0 days 00:00:00.000000000
5560,2014-08-11 00:00:00.000000000,2014-08-11 00:00:00.000000000,2014-08-27 00:00:00.000000000,2014-04-23 00:00:00.000000000,2014-05-20 00:00:00.000000000,2014-05-20 00:00:00.000000000,2014-01-30 00:00:00.000000000,83 days 00:00:00.000000000,83 days 00:00:00.000000000,0 days 00:00:00.000000000
5561,2014-08-26 00:00:00.000000000,2014-08-26 00:00:00.000000000,2014-08-26 00:00:00.000000000,2014-01-28 00:00:00.000000000,2014-02-04 00:00:00.000000000,2014-02-04 00:00:00.000000000,2013-07-09 00:00:00.000000000,203 days 00:00:00.000000000,203 days 00:00:00.000000000,0 days 00:00:00.000000000
5562,2015-07-24 00:00:00.000000000,2015-07-24 00:00:00.000000000,2015-07-24 00:00:00.000000000,2014-09-11 00:00:00.000000000,2014-10-09 00:00:00.000000000,2014-10-09 00:00:00.000000000,2013-11-27 00:00:00.000000000,288 days 00:00:00.000000000,288 days 00:00:00.000000000,0 days 00:00:00.000000000
5563,2013-09-02 00:00:00.000000000,2013-09-02 00:00:00.000000000,2013-09-02 00:00:00.000000000,2013-02-07 00:00:00.000000000,2013-03-26 00:00:00.000000000,2013-03-26 00:00:00.000000000,2012-08-31 00:00:00.000000000,160 days 00:00:00.000000000,160 days 00:00:00.000000000,0 days 00:00:00.000000000
5564,2013-07-01 00:00:00.000000000,2013-07-01 00:00:00.000000000,2013-07-01 00:00:00.000000000,2013-04-15 00:00:00.000000000,2013-05-23 00:00:00.000000000,2013-05-23 00:00:00.000000000,2013-03-07 00:00:00.000000000,39 days 00:00:00.000000000,39 days 00:00:00.000000000,0 days 00:00:00.000000000
5565,2011-10-05 00:00:00.000000000,2011-10-05 00:00:00.000000000,2011-10-05 00:00:00.000000000,2011-03-10 00:00:00.000000000,2011-04-01 00:00:00.000000000,2011-04-01 00:00:00.000000000,2010-09-04 00:00:00.000000000,187 days 00:00:00.000000000,187 days 00:00:00.000000000,0 days 00:00:00.000000000
5566,2015-06-03 00:00:00.000000000,2015-06-03 00:00:00.000000000,2015-06-05 00:00:00.000000000,2014-12-29 00:00:00.000000000,2015-02-20 00:00:00.000000000,2015-02-20 00:00:00.000000000,2014-09-17 00:00:00.000000000,103 days 00:00:00.000000000,103 days 00:00:00.000000000,0 days 00:00:00.000000000
5567,2013-07-17 00:00:00.000000000,2013-07-17 00:00:00.000000000,2013-07-17 00:00:00.000000000,2013-05-06 00:00:00.000000000,2013-05-21 00:00:00.000000000,2013-05-21 00:00:00.000000000,2013-03-10 00:00:00.000000000,57 days 00:00:00.000000000,57 days 00:00:00.000000000,0 days 00:00:00.000000000
5568,2012-02-13 00:00:00.000000000,2012-02-13 00:00:00.000000000,2012-02-13 00:00:00.000000000,2011-04-27 00:00:00.000000000,2011-05-30 00:00:00.000000000,2011-05-30 00:00:00.000000000,2010-08-11 00:00:00.000000000,259 days 00:00:00.000000000,259 days 00:00:00.000000000,0 days 00:00:00.000000000
5569,2014-07-30 00:00:00.000000000,2014-07-30 00:00:00.000000000,2014-08-07 00:00:00.000000000,2014-05-12 00:00:00.000000000,2014-05-20 00:00:00.000000000,2014-05-20 00:00:00.000000000,2014-03-02 00:00:00.000000000,71 days 00:00:00.000000000,71 days 00:00:00.000000000,0 days 00:00:00.000000000
5570,2014-05-09 00:00:00.000000000,2014-05-09 00:00:00.000000000,2014-05-12 00:00:00.000000000,2013-08-21 00:00:00.000000000,2013-10-25 00:00:00.000000000,2013-10-25 00:00:00.000000000,2013-02-06 00:00:00.000000000,196 days 00:00:00.000000000,196 days 00:00:00.000000000,0 days 00:00:00.000000000
5571,2015-06-02 00:00:00.000000000,2015-06-02 00:00:00.000000000,2015-06-04 00:00:00.000000000,2014-08-13 00:00:00.000000000,2014-08-29 00:00:00.000000000,2014-08-29 00:00:00.000000000,2013-11-09 00:00:00.000000000,277 days 00:00:00.000000000,277 days 00:00:00.000000000,0 days 00:00:00.000000000
5572,2014-08-11 00:00:00.000000000,2014-08-11 00:00:00.000000000,2014-08-27 00:00:00.000000000,2014-04-23 00:00:00.000000000,2014-05-20 00:00:00.000000000,2014-05-20 00:00:00.000000000,2014-01-30 00:00:00.000000000,83 days 00:00:00.000000000,83 days 00:00:00.000000000,0 days 00:00:00.000000000
5573,2010-07-27 00:00:00.000000000,2010-07-27 00:00:00.000000000,2010-07-27 00:00:00.000000000,2010-03-18 00:00:00.000000000,2010-03-19 00:00:00.000000000,2010-03-19 00:00:00.000000000,2009-11-08 00:00:00.000000000,130 days 00:00:00.000000000,130 days 00:00:00.000000000,0 days 00:00:00.000000000
5574,2015-04-27 00:00:00.000000000,2015-04-27 00:00:00.000000000,2015-04-27 00:00:00.000000000,2015-03-10 00:00:00.000000000,2015-03-17 00:00:00.000000000,2015-03-17 00:00:00.000000000,2015-01-28 00:00:00.000000000,41 days 00:00:00.000000000,41 days 00:00:00.000000000,0 days 00:00:00.000000000
5575,2015-07-24 00:00:00.000000000,2015-07-24 00:00:00.000000000,2015-07-24 00:00:00.000000000,2014-09-11 00:00:00.000000000,2014-10-09 00:00:00.000000000,2014-10-09 00:00:00.000000000,2013-11-27 00:00:00.000000000,288 days 00:00:00.000000000,288 days 00:00:00.000000000,0 days 00:00:00.000000000
5576,2013-01-09 00:00:00.000000000,2013-01-09 00:00:00.000000000,2013-01-09 00:00:00.000000000,2012-10-05 00:00:00.000000000,2012-10-16 00:00:00.000000000,2012-10-16 00:00:00.000000000,2012-07-12 00:00:00.000000000,85 days 00:00:00.000000000,85 days 00:00:00.000000000,0 days 00:00:00.000000000
5577,2014-09-05 00:00:00.000000000,2014-09-05 00:00:00.000000000,2014-09-16 00:00:00.000000000,2014-04-23 00:00:00.000000000,2014-05-20 00:00:00.000000000,2014-05-20 00:00:00.000000000,2014-01-05 00:00:00.000000000,108 days 00:00:00.000000000,108 days 00:00:00.000000000,0 days 00:00:00.000000000
5578,2013-10-03 00:00:00.000000000,2013-10-03 00:00:00.000000000,2013-10-04 00:00:00.000000000,2013-05-03 00:00:00.000000000,2013-08-19 00:00:00.000000000,2013-08-19 00:00:00.000000000,2013-03-19 00:00:00.000000000,45 days 00:00:00.000000000,45 days 00:00:00.000000000,0 days 00:00:00.000000000
5579,2015-04-10 00:00:00.000000000,2015-04-10 00:00:00.000000000,2015-04-13 00:00:00.000000000,2014-08-11 00:00:00.000000000,2014-09-25 00:00:00.000000000,2014-09-25 00:00:00.000000000,2014-01-26 00:00:00.000000000,197 days 00:00:00.000000000,197 days 00:00:00.000000000,0 days 00:00:00.000000000
5580,2013-06-29 00:00:00.000000000,2013-06-29 00:00:00.000000000,2013-06-29 00:00:00.000000000,2013-01-24 00:00:00.000000000,2013-02-22 00:00:00.000000000,2013-02-22 00:00:00.000000000,2012-09-19 00:00:00.000000000,127 days 00:00:00.000000000,127 days 00:00:00.000000000,0 days 00:00:00.000000000
5581,2013-12-23 00:00:00.000000000,2013-12-10 00:00:00.000000000,2013-12-16 00:00:00.000000000,2013-08-13 00:00:00.000000000,2013-11-01 00:00:00.000000000,2013-11-01 00:00:00.000000000,2013-06-22 00:00:00.000000000,52 days 00:00:00.000000000,39 days 00:00:00.000000000,-13 days +00:00:00.000000000
5582,2014-01-24 00:00:00.000000000,2014-01-24 00:00:00.000000000,2014-01-29 00:00:00.000000000,2013-08-21 00:00:00.000000000,2013-10-25 00:00:00.000000000,2013-10-25 00:00:00.000000000,2013-05-22 00:00:00.000000000,91 days 00:00:00.000000000,91 days 00:00:00.000000000,0 days 00:00:00.000000000
5583,2012-02-02 00:00:00.000000000,2012-02-02 00:00:00.000000000,2012-02-02 00:00:00.000000000,2011-10-26 00:00:00.000000000,2011-11-11 00:00:00.000000000,2011-11-11 00:00:00.000000000,2011-08-04 00:00:00.000000000,83 days 00:00:00.000000000,83 days 00:00:00.000000000,0 days 00:00:00.000000000
5584,2015-09-07 00:00:00.000000000,2015-09-07 00:00:00.000000000,2015-09-07 00:00:00.000000000,2015-04-14 00:00:00.000000000,2015-05-13 00:00:00.000000000,2015-05-13 00:00:00.000000000,2014-12-18 00:00:00.000000000,117 days 00:00:00.000000000,117 days 00:00:00.000000000,0 days 00:00:00.000000000
5585,2010-05-31 00:00:00.000000000,2010-05-31 00:00:00.000000000,2010-05-31 00:00:00.000000000,2010-04-19 00:00:00.000000000,2010-04-21 00:00:00.000000000,2010-04-21 00:00:00.000000000,2010-03-10 00:00:00.000000000,40 days 00:00:00.000000000,40 days 00:00:00.000000000,0 days 00:00:00.000000000
5586,2010-04-08 00:00:00.000000000,2010-04-08 00:00:00.000000000,2010-04-08 00:00:00.000000000,2009-10-23 00:00:00.000000000,2009-11-19 00:00:00.000000000,2009-11-19 00:00:00.000000000,2009-06-05 00:00:00.000000000,140 days 00:00:00.000000000,140 days 00:00:00.000000000,0 days 00:00:00.000000000
5587,2013-11-07 00:00:00.000000000,2013-11-11 00:00:00.000000000,2013-11-17 00:00:00.000000000,2013-06-10 00:00:00.000000000,2013-07-10 00:00:00.000000000,2013-07-10 00:00:00.000000000,2013-02-10 00:00:00.000000000,120 days 00:00:00.000000000,124 days 00:00:00.000000000,4 days 00:00:00.000000000
5588,2014-09-16 00:00:00.000000000,2014-09-23 00:00:00.000000000,2014-11-04 00:00:00.000000000,2014-04-08 00:00:00.000000000,2014-04-30 00:00:00.000000000,2014-04-30 00:00:00.000000000,2013-11-20 00:00:00.000000000,139 days 00:00:00.000000000,146 days 00:00:00.000000000,7 days 00:00:00.000000000
5589,2015-04-22 00:00:00.000000000,2015-04-22 00:00:00.000000000,2015-04-23 00:00:00.000000000,2014-10-27 00:00:00.000000000,2014-10-30 00:00:00.000000000,2014-10-30 00:00:00.000000000,2014-05-06 00:00:00.000000000,174 days 00:00:00.000000000,174 days 00:00:00.000000000,0 days 00:00:00.000000000
5590,2011-08-18 00:00:00.000000000,2011-08-18 00:00:00.000000000,2011-08-18 00:00:00.000000000,2011-05-05 00:00:00.000000000,2011-05-18 00:00:00.000000000,2011-05-18 00:00:00.000000000,2011-02-02 00:00:00.000000000,92 days 00:00:00.000000000,92 days 00:00:00.000000000,0 days 00:00:00.000000000
5591,2014-03-03 00:00:00.000000000,2014-03-03 00:00:00.000000000,2014-03-07 00:00:00.000000000,2013-10-11 00:00:00.000000000,2013-10-30 00:00:00.000000000,2013-10-30 00:00:00.000000000,2013-06-09 00:00:00.000000000,124 days 00:00:00.000000000,124 days 00:00:00.000000000,0 days 00:00:00.000000000
5592,2013-07-29 00:00:00.000000000,2013-07-29 00:00:00.000000000,2013-07-29 00:00:00.000000000,2013-05-06 00:00:00.000000000,2013-06-04 00:00:00.000000000,2013-06-04 00:00:00.000000000,2013-03-12 00:00:00.000000000,55 days 00:00:00.000000000,55 days 00:00:00.000000000,0 days 00:00:00.000000000
5593,2010-03-01 00:00:00.000000000,2010-03-01 00:00:00.000000000,2010-03-01 00:00:00.000000000,2009-03-10 00:00:00.000000000,2009-03-25 00:00:00.000000000,2009-03-25 00:00:00.000000000,2008-04-03 00:00:00.000000000,341 days 00:00:00.000000000,341 days 00:00:00.000000000,0 days 00:00:00.000000000
5594,2014-11-04 00:00:00.000000000,2014-11-04 00:00:00.000000000,2014-11-20 00:00:00.000000000,2014-08-11 00:00:00.000000000,2014-08-27 00:00:00.000000000,2014-08-27 00:00:00.000000000,2014-06-03 00:00:00.000000000,69 days 00:00:00.000000000,69 days 00:00:00.000000000,0 days 00:00:00.000000000
5595,2011-12-07 00:00:00.000000000,2011-12-06 00:00:00.000000000,2011-12-06 00:00:00.000000000,2011-03-10 00:00:00.000000000,2011-03-28 00:00:00.000000000,2011-03-28 00:00:00.000000000,2010-06-29 00:00:00.000000000,254 days 00:00:00.000000000,253 days 00:00:00.000000000,-1 days +00:00:00.000000000
5596,2011-09-12 00:00:00.000000000,2011-09-12 00:00:00.000000000,2011-09-12 00:00:00.000000000,2011-06-21 00:00:00.000000000,2011-08-03 00:00:00.000000000,2011-08-03 00:00:00.000000000,2011-05-12 00:00:00.000000000,40 days 00:00:00.000000000,40 days 00:00:00.000000000,0 days 00:00:00.000000000
5597,2013-04-03 00:00:00.000000000,2013-04-03 00:00:00.000000000,2013-04-03 00:00:00.000000000,2012-10-15 00:00:00.000000000,2012-11-07 00:00:00.000000000,2012-11-07 00:00:00.000000000,2012-05-21 00:00:00.000000000,147 days 00:00:00.000000000,147 days 00:00:00.000000000,0 days 00:00:00.000000000
5598,2009-11-17 00:00:00.000000000,2009-11-17 00:00:00.000000000,2009-11-17 00:00:00.000000000,2009-08-27 00:00:00.000000000,2009-09-03 00:00:00.000000000,2009-09-03 00:00:00.000000000,2009-06-13 00:00:00.000000000,75 days 00:00:00.000000000,75 days 00:00:00.000000000,0 days 00:00:00.000000000
5599,2011-12-22 00:00:00.000000000,2011-12-22 00:00:00.000000000,2011-12-22 00:00:00.000000000,2011-09-16 00:00:00.000000000,2011-09-21 00:00:00.000000000,2011-09-21 00:00:00.000000000,2011-06-16 00:00:00.000000000,92 days 00:00:00.000000000,92 days 00:00:00.000000000,0 days 00:00:00.000000000
5600,2011-09-04 00:00:00.000000000,2011-09-04 00:00:00.000000000,2011-09-04 00:00:00.000000000,2011-06-28 00:00:00.000000000,2011-07-20 00:00:00.000000000,2011-07-20 00:00:00.000000000,2011-05-13 00:00:00.000000000,46 days 00:00:00.000000000,46 days 00:00:00.000000000,0 days 00:00:00.000000000
5601,2014-07-29 00:00:00.000000000,2014-07-29 00:00:00.000000000,2014-08-06 00:00:00.000000000,2014-06-03 00:00:00.000000000,2014-06-23 00:00:00.000000000,2014-06-23 00:00:00.000000000,2014-04-28 00:00:00.000000000,36 days 00:00:00.000000000,36 days 00:00:00.000000000,0 days 00:00:00.000000000
5602,2013-10-15 00:00:00.000000000,2013-10-15 00:00:00.000000000,2013-10-21 00:00:00.000000000,2013-08-01 00:00:00.000000000,2013-09-04 00:00:00.000000000,2013-09-04 00:00:00.000000000,2013-06-21 00:00:00.000000000,41 days 00:00:00.000000000,41 days 00:00:00.000000000,0 days 00:00:00.000000000
5603,2011-03-30 00:00:00.000000000,2011-03-30 00:00:00.000000000,2011-03-30 00:00:00.000000000,2010-10-25 00:00:00.000000000,2010-11-02 00:00:00.000000000,2010-11-02 00:00:00.000000000,2010-05-30 00:00:00.000000000,148 days 00:00:00.000000000,148 days 00:00:00.000000000,0 days 00:00:00.000000000
5604,2011-08-31 00:00:00.000000000,2011-08-31 00:00:00.000000000,2011-08-31 00:00:00.000000000,2011-04-28 00:00:00.000000000,2011-05-23 00:00:00.000000000,2011-05-23 00:00:00.000000000,2011-01-18 00:00:00.000000000,100 days 00:00:00.000000000,100 days 00:00:00.000000000,0 days 00:00:00.000000000
5605,2015-03-31 00:00:00.000000000,2015-03-31 00:00:00.000000000,2015-04-01 00:00:00.000000000,2014-10-30 00:00:00.000000000,2014-12-08 00:00:00.000000000,2014-12-08 00:00:00.000000000,2014-07-09 00:00:00.000000000,113 days 00:00:00.000000000,113 days 00:00:00.000000000,0 days 00:00:00.000000000
5606,2013-10-18 00:00:00.000000000,2013-10-18 00:00:00.000000000,2013-10-18 00:00:00.000000000,2013-08-19 00:00:00.000000000,2013-08-23 00:00:00.000000000,2013-08-23 00:00:00.000000000,2013-06-24 00:00:00.000000000,56 days 00:00:00.000000000,56 days 00:00:00.000000000,0 days 00:00:00.000000000
5607,2014-08-29 00:00:00.000000000,2014-08-29 00:00:00.000000000,2014-08-29 00:00:00.000000000,2013-07-11 00:00:00.000000000,2014-08-29 00:00:00.000000000,2014-08-29 00:00:00.000000000,2013-07-11 00:00:00.000000000,0 days 00:00:00.000000000,0 days 00:00:00.000000000,0 days 00:00:00.000000000
5608,2012-08-28 00:00:00.000000000,2012-08-28 00:00:00.000000000,2012-08-28 00:00:00.000000000,2012-01-10 00:00:00.000000000,2012-01-23 00:00:00.000000000,2012-01-23 00:00:00.000000000,2011-06-06 00:00:00.000000000,218 days 00:00:00.000000000,218 days 00:00:00.000000000,0 days 00:00:00.000000000
5609,2010-05-05 00:00:00.000000000,2010-05-15 00:00:00.000000000,2010-05-15 00:00:00.000000000,2010-01-15 00:00:00.000000000,2010-02-05 00:00:00.000000000,2010-02-05 00:00:00.000000000,2009-10-18 00:00:00.000000000,89 days 00:00:00.000000000,99 days 00:00:00.000000000,10 days 00:00:00.000000000
5610,2014-08-13 00:00:00.000000000,2014-08-13 00:00:00.000000000,2014-08-13 00:00:00.000000000,2013-07-11 00:00:00.000000000,2014-08-13 00:00:00.000000000,2014-08-13 00:00:00.000000000,2013-07-11 00:00:00.000000000,0 days 00:00:00.000000000,0 days 00:00:00.000000000,0 days 00:00:00.000000000
5611,2013-12-27 00:00:00.000000000,2013-12-27 00:00:00.000000000,2013-12-27 00:00:00.000000000,2013-07-03 00:00:00.000000000,2013-08-27 00:00:00.000000000,2013-08-27 00:00:00.000000000,2013-03-03 00:00:00.000000000,122 days 00:00:00.000000000,122 days 00:00:00.000000000,0 days 00:00:00.000000000
5612,2013-03-11 00:00:00.000000000,2013-03-11 00:00:00.000000000,2013-03-11 00:00:00.000000000,2013-01-16 00:00:00.000000000,2013-02-05 00:00:00.000000000,2013-02-05 00:00:00.000000000,2012-12-13 00:00:00.000000000,34 days 00:00:00.000000000,34 days 00:00:00.000000000,0 days 00:00:00.000000000
5613,2011-12-01 00:00:00.000000000,2011-12-01 00:00:00.000000000,2011-12-01 00:00:00.000000000,2011-03-10 00:00:00.000000000,2011-03-23 00:00:00.000000000,2011-03-23 00:00:00.000000000,2010-06-30 00:00:00.000000000,253 days 00:00:00.000000000,253 days 00:00:00.000000000,0 days 00:00:00.000000000
5614,2015-07-24 00:00:00.000000000,2015-07-24 00:00:00.000000000,2015-07-24 00:00:00.000000000,2014-09-11 00:00:00.000000000,2014-10-09 00:00:00.000000000,2014-10-09 00:00:00.000000000,2013-11-27 00:00:00.000000000,288 days 00:00:00.000000000,288 days 00:00:00.000000000,0 days 00:00:00.000000000
5615,2011-02-14 00:00:00.000000000,2011-02-14 00:00:00.000000000,2011-02-14 00:00:00.000000000,2010-04-28 00:00:00.000000000,2010-04-29 00:00:00.000000000,2010-04-29 00:00:00.000000000,2009-07-11 00:00:00.000000000,291 days 00:00:00.000000000,291 days 00:00:00.000000000,0 days 00:00:00.000000000
5616,2009-12-29 00:00:00.000000000,2009-12-29 00:00:00.000000000,2009-12-29 00:00:00.000000000,2009-12-17 00:00:00.000000000,2009-12-23 00:00:00.000000000,2009-12-23 00:00:00.000000000,2009-12-11 00:00:00.000000000,6 days 00:00:00.000000000,6 days 00:00:00.000000000,0 days 00:00:00.000000000
5617,2013-04-25 00:00:00.000000000,2013-04-25 00:00:00.000000000,2013-04-25 00:00:00.000000000,2012-05-29 00:00:00.000000000,2012-07-18 00:00:00.000000000,2012-07-18 00:00:00.000000000,2011-08-22 00:00:00.000000000,281 days 00:00:00.000000000,281 days 00:00:00.000000000,0 days 00:00:00.000000000
5618,2013-07-24 00:00:00.000000000,2013-07-24 00:00:00.000000000,2013-07-24 00:00:00.000000000,2013-05-02 00:00:00.000000000,2013-05-22 00:00:00.000000000,2013-05-22 00:00:00.000000000,2013-02-28 00:00:00.000000000,63 days 00:00:00.000000000,63 days 00:00:00.000000000,0 days 00:00:00.000000000
5619,2013-04-16 00:00:00.000000000,2013-04-16 00:00:00.000000000,2013-04-16 00:00:00.000000000,2013-03-18 00:00:00.000000000,1900-01-01 00:00:00.000000000,2013-04-09 00:00:00.000000000,2013-03-11 00:00:00.000000000,7 days 00:00:00.000000000,7 days 00:00:00.000000000,0 days 00:00:00.000000000
5620,2013-09-18 00:00:00.000000000,2013-09-18 00:00:00.000000000,2013-09-18 00:00:00.000000000,2013-06-10 00:00:00.000000000,2013-07-10 00:00:00.000000000,2013-07-10 00:00:00.000000000,2013-04-01 00:00:00.000000000,70 days 00:00:00.000000000,70 days 00:00:00.000000000,0 days 00:00:00.000000000
5621,2014-03-24 00:00:00.000000000,2014-03-24 00:00:00.000000000,2014-03-24 00:00:00.000000000,2014-01-06 00:00:00.000000000,2014-02-03 00:00:00.000000000,2014-02-03 00:00:00.000000000,2013-11-18 00:00:00.000000000,49 days 00:00:00.000000000,49 days 00:00:00.000000000,0 days 00:00:00.000000000
5622,2014-08-29 00:00:00.000000000,2014-08-29 00:00:00.000000000,2014-08-29 00:00:00.000000000,2013-07-11 00:00:00.000000000,2014-08-29 00:00:00.000000000,2014-08-29 00:00:00.000000000,2013-07-11 00:00:00.000000000,0 days 00:00:00.000000000,0 days 00:00:00.000000000,0 days 00:00:00.000000000
5623,2014-02-11 00:00:00.000000000,2014-02-11 00:00:00.000000000,2014-02-11 00:00:00.000000000,2013-10-25 00:00:00.000000000,2013-11-21 00:00:00.000000000,2013-11-21 00:00:00.000000000,2013-08-04 00:00:00.000000000,82 days 00:00:00.000000000,82 days 00:00:00.000000000,0 days 00:00:00.000000000
5624,2012-10-27 00:00:00.000000000,2012-10-27 00:00:00.000000000,2012-10-27 00:00:00.000000000,2012-04-11 00:00:00.000000000,2012-06-15 00:00:00.000000000,2012-06-15 00:00:00.000000000,2011-11-29 00:00:00.000000000,134 days 00:00:00.000000000,134 days 00:00:00.000000000,0 days 00:00:00.000000000
5625,2012-01-09 00:00:00.000000000,2012-01-09 00:00:00.000000000,2012-01-09 00:00:00.000000000,2011-03-11 00:00:00.000000000,2011-03-30 00:00:00.000000000,2011-03-30 00:00:00.000000000,2010-05-30 00:00:00.000000000,285 days 00:00:00.000000000,285 days 00:00:00.000000000,0 days 00:00:00.000000000
5626,2014-10-03 00:00:00.000000000,2014-10-03 00:00:00.000000000,2014-10-03 00:00:00.000000000,2014-04-30 00:00:00.000000000,2014-10-03 00:00:00.000000000,2014-10-03 00:00:00.000000000,2014-04-30 00:00:00.000000000,0 days 00:00:00.000000000,0 days 00:00:00.000000000,0 days 00:00:00.000000000
5627,2011-10-10 00:00:00.000000000,2011-10-25 00:00:00.000000000,2011-10-25 00:00:00.000000000,2011-03-10 00:00:00.000000000,2011-03-24 00:00:00.000000000,2011-03-24 00:00:00.000000000,2010-08-22 00:00:00.000000000,200 days 00:00:00.000000000,215 days 00:00:00.000000000,15 days 00:00:00.000000000
5628,2013-09-17 00:00:00.000000000,2013-09-16 00:00:00.000000000,2013-09-16 00:00:00.000000000,2013-04-30 00:00:00.000000000,2013-05-29 00:00:00.000000000,2013-05-29 00:00:00.000000000,2013-01-09 00:00:00.000000000,111 days 00:00:00.000000000,110 days 00:00:00.000000000,-1 days +00:00:00.000000000
5629,2010-02-24 00:00:00.000000000,2010-02-24 00:00:00.000000000,2010-02-24 00:00:00.000000000,2009-11-03 00:00:00.000000000,2009-11-24 00:00:00.000000000,2009-11-24 00:00:00.000000000,2009-08-03 00:00:00.000000000,92 days 00:00:00.000000000,92 days 00:00:00.000000000,0 days 00:00:00.000000000
5630,2010-07-28 00:00:00.000000000,2010-07-28 00:00:00.000000000,2010-07-28 00:00:00.000000000,2010-03-01 00:00:00.000000000,2010-03-12 00:00:00.000000000,2010-03-12 00:00:00.000000000,2009-10-14 00:00:00.000000000,138 days 00:00:00.000000000,138 days 00:00:00.000000000,0 days 00:00:00.000000000
5631,2010-04-01 00:00:00.000000000,2010-04-01 00:00:00.000000000,2010-04-01 00:00:00.000000000,2009-01-04 00:00:00.000000000,2010-01-12 00:00:00.000000000,2010-01-12 00:00:00.000000000,2008-10-17 00:00:00.000000000,79 days 00:00:00.000000000,79 days 00:00:00.000000000,0 days 00:00:00.000000000
5632,2010-03-01 00:00:00.000000000,2010-03-01 00:00:00.000000000,2010-03-01 00:00:00.000000000,2009-09-09 00:00:00.000000000,2009-09-30 00:00:00.000000000,2009-09-30 00:00:00.000000000,2009-04-10 00:00:00.000000000,152 days 00:00:00.000000000,152 days 00:00:00.000000000,0 days 00:00:00.000000000
5633,2012-12-25 00:00:00.000000000,2012-12-25 00:00:00.000000000,2012-12-25 00:00:00.000000000,2012-09-12 00:00:00.000000000,2012-10-10 00:00:00.000000000,2012-10-10 00:00:00.000000000,2012-06-28 00:00:00.000000000,76 days 00:00:00.000000000,76 days 00:00:00.000000000,0 days 00:00:00.000000000
5634,2010-08-07 00:00:00.000000000,2010-08-07 00:00:00.000000000,2010-08-07 00:00:00.000000000,2010-06-21 00:00:00.000000000,2010-06-24 00:00:00.000000000,2010-06-24 00:00:00.000000000,2010-05-08 00:00:00.000000000,44 days 00:00:00.000000000,44 days 00:00:00.000000000,0 days 00:00:00.000000000
5635,2009-12-29 00:00:00.000000000,2009-12-29 00:00:00.000000000,2009-12-29 00:00:00.000000000,2009-12-17 00:00:00.000000000,2009-12-23 00:00:00.000000000,2009-12-23 00:00:00.000000000,2009-12-11 00:00:00.000000000,6 days 00:00:00.000000000,6 days 00:00:00.000000000,0 days 00:00:00.000000000
5636,2012-03-27 00:00:00.000000000,2012-03-27 00:00:00.000000000,2012-03-27 00:00:00.000000000,2012-01-05 00:00:00.000000000,2012-01-23 00:00:00.000000000,2012-01-23 00:00:00.000000000,2011-11-02 00:00:00.000000000,64 days 00:00:00.000000000,64 days 00:00:00.000000000,0 days 00:00:00.000000000
5637,2014-08-26 00:00:00.000000000,2014-08-26 00:00:00.000000000,2014-08-26 00:00:00.000000000,2014-04-30 00:00:00.000000000,2014-08-26 00:00:00.000000000,2014-08-26 00:00:00.000000000,2014-04-30 00:00:00.000000000,0 days 00:00:00.000000000,0 days 00:00:00.000000000,0 days 00:00:00.000000000
5638,2009-08-31 00:00:00.000000000,2009-08-31 00:00:00.000000000,2009-08-31 00:00:00.000000000,2009-07-17 00:00:00.000000000,2009-07-25 00:00:00.000000000,2009-07-25 00:00:00.000000000,2009-06-10 00:00:00.000000000,37 days 00:00:00.000000000,37 days 00:00:00.000000000,0 days 00:00:00.000000000
5639,2014-06-24 00:00:00.000000000,2014-06-24 00:00:00.000000000,2014-06-24 00:00:00.000000000,2014-02-28 00:00:00.000000000,2014-03-07 00:00:00.000000000,2014-03-07 00:00:00.000000000,2013-11-11 00:00:00.000000000,109 days 00:00:00.000000000,109 days 00:00:00.000000000,0 days 00:00:00.000000000
5640,2012-09-18 00:00:00.000000000,2012-09-18 00:00:00.000000000,2012-09-18 00:00:00.000000000,2012-07-05 00:00:00.000000000,2012-07-26 00:00:00.000000000,2012-07-26 00:00:00.000000000,2012-05-12 00:00:00.000000000,54 days 00:00:00.000000000,54 days 00:00:00.000000000,0 days 00:00:00.000000000
5641,2014-02-06 00:00:00.000000000,2014-02-06 00:00:00.000000000,2014-02-06 00:00:00.000000000,2013-10-08 00:00:00.000000000,2013-12-02 00:00:00.000000000,2013-12-02 00:00:00.000000000,2013-08-03 00:00:00.000000000,66 days 00:00:00.000000000,66 days 00:00:00.000000000,0 days 00:00:00.000000000
5642,2011-12-22 00:00:00.000000000,2011-12-22 00:00:00.000000000,2011-12-22 00:00:00.000000000,2011-08-29 00:00:00.000000000,2011-11-18 00:00:00.000000000,2011-11-18 00:00:00.000000000,2011-07-26 00:00:00.000000000,34 days 00:00:00.000000000,34 days 00:00:00.000000000,0 days 00:00:00.000000000
5643,2012-07-27 00:00:00.000000000,2012-07-27 00:00:00.000000000,2012-07-27 00:00:00.000000000,2012-06-07 00:00:00.000000000,2012-06-12 00:00:00.000000000,2012-06-12 00:00:00.000000000,2012-04-23 00:00:00.000000000,45 days 00:00:00.000000000,45 days 00:00:00.000000000,0 days 00:00:00.000000000
5644,2011-12-22 00:00:00.000000000,2011-12-22 00:00:00.000000000,2011-12-22 00:00:00.000000000,2011-10-19 00:00:00.000000000,2011-11-01 00:00:00.000000000,2011-11-01 00:00:00.000000000,2011-08-29 00:00:00.000000000,51 days 00:00:00.000000000,51 days 00:00:00.000000000,0 days 00:00:00.000000000
5645,2012-01-27 00:00:00.000000000,2012-01-27 00:00:00.000000000,2012-01-27 00:00:00.000000000,2011-03-10 00:00:00.000000000,2011-03-28 00:00:00.000000000,2011-03-28 00:00:00.000000000,2010-05-09 00:00:00.000000000,305 days 00:00:00.000000000,305 days 00:00:00.000000000,0 days 00:00:00.000000000
5646,2009-09-09 00:00:00.000000000,2009-09-09 00:00:00.000000000,2009-09-09 00:00:00.000000000,2009-06-11 00:00:00.000000000,2009-06-23 00:00:00.000000000,2009-06-23 00:00:00.000000000,2009-03-25 00:00:00.000000000,78 days 00:00:00.000000000,78 days 00:00:00.000000000,0 days 00:00:00.000000000
5647,2014-04-23 00:00:00.000000000,2014-04-23 00:00:00.000000000,2014-04-23 00:00:00.000000000,2013-10-04 00:00:00.000000000,2013-10-10 00:00:00.000000000,2013-10-10 00:00:00.000000000,2013-03-23 00:00:00.000000000,195 days 00:00:00.000000000,195 days 00:00:00.000000000,0 days 00:00:00.000000000
5648,2012-07-20 00:00:00.000000000,2012-07-20 00:00:00.000000000,2012-07-20 00:00:00.000000000,2012-06-04 00:00:00.000000000,2012-06-12 00:00:00.000000000,2012-06-12 00:00:00.000000000,2012-04-27 00:00:00.000000000,38 days 00:00:00.000000000,38 days 00:00:00.000000000,0 days 00:00:00.000000000
5649,2014-08-29 00:00:00.000000000,2014-08-29 00:00:00.000000000,2014-08-29 00:00:00.000000000,2013-07-11 00:00:00.000000000,2014-08-29 00:00:00.000000000,2014-08-29 00:00:00.000000000,2013-07-11 00:00:00.000000000,0 days 00:00:00.000000000,0 days 00:00:00.000000000,0 days 00:00:00.000000000
5650,2014-08-29 00:00:00.000000000,2014-08-29 00:00:00.000000000,2014-08-29 00:00:00.000000000,2013-07-11 00:00:00.000000000,2014-08-29 00:00:00.000000000,2014-08-29 00:00:00.000000000,2013-07-11 00:00:00.000000000,0 days 00:00:00.000000000,0 days 00:00:00.000000000,0 days 00:00:00.000000000
5651,2011-05-25 00:00:00.000000000,2011-05-25 00:00:00.000000000,2011-05-25 00:00:00.000000000,2011-02-04 00:00:00.000000000,2011-03-02 00:00:00.000000000,2011-03-02 00:00:00.000000000,2010-11-12 00:00:00.000000000,84 days 00:00:00.000000000,84 days 00:00:00.000000000,0 days 00:00:00.000000000
5652,2014-08-27 00:00:00.000000000,2014-08-27 00:00:00.000000000,2014-08-27 00:00:00.000000000,2013-07-11 00:00:00.000000000,2014-08-27 00:00:00.000000000,2014-08-27 00:00:00.000000000,2013-07-11 00:00:00.000000000,0 days 00:00:00.000000000,0 days 00:00:00.000000000,0 days 00:00:00.000000000
5653,2011-07-25 00:00:00.000000000,2011-07-25 00:00:00.000000000,2011-07-25 00:00:00.000000000,2011-03-29 00:00:00.000000000,2011-04-29 00:00:00.000000000,2011-04-29 00:00:00.000000000,2011-01-01 00:00:00.000000000,87 days 00:00:00.000000000,87 days 00:00:00.000000000,0 days 00:00:00.000000000
5654,2011-04-13 00:00:00.000000000,2011-04-13 00:00:00.000000000,2011-04-13 00:00:00.000000000,2011-01-17 00:00:00.000000000,2011-02-09 00:00:00.000000000,2011-02-09 00:00:00.000000000,2010-11-15 00:00:00.000000000,63 days 00:00:00.000000000,63 days 00:00:00.000000000,0 days 00:00:00.000000000
5655,2012-06-27 00:00:00.000000000,2012-06-27 00:00:00.000000000,2012-06-27 00:00:00.000000000,2011-12-15 00:00:00.000000000,2012-01-25 00:00:00.000000000,2012-01-25 00:00:00.000000000,2011-07-14 00:00:00.000000000,154 days 00:00:00.000000000,154 days 00:00:00.000000000,0 days 00:00:00.000000000
5656,2014-07-16 00:00:00.000000000,2014-07-16 00:00:00.000000000,2014-07-22 00:00:00.000000000,2014-04-18 00:00:00.000000000,2014-06-02 00:00:00.000000000,2014-06-02 00:00:00.000000000,2014-03-05 00:00:00.000000000,44 days 00:00:00.000000000,44 days 00:00:00.000000000,0 days 00:00:00.000000000
5657,2010-12-13 00:00:00.000000000,2010-12-08 00:00:00.000000000,2010-12-08 00:00:00.000000000,2010-06-02 00:00:00.000000000,2010-06-17 00:00:00.000000000,2010-06-17 00:00:00.000000000,2009-12-05 00:00:00.000000000,179 days 00:00:00.000000000,174 days 00:00:00.000000000,-5 days +00:00:00.000000000
5658,2015-08-12 00:00:00.000000000,2015-08-12 00:00:00.000000000,2015-08-12 00:00:00.000000000,2015-02-13 00:00:00.000000000,2015-03-02 00:00:00.000000000,2015-03-02 00:00:00.000000000,2014-09-03 00:00:00.000000000,163 days 00:00:00.000000000,163 days 00:00:00.000000000,0 days 00:00:00.000000000
5659,2012-01-09 00:00:00.000000000,2012-01-09 00:00:00.000000000,2012-01-09 00:00:00.000000000,2011-03-11 00:00:00.000000000,2011-03-30 00:00:00.000000000,2011-03-30 00:00:00.000000000,2010-05-30 00:00:00.000000000,285 days 00:00:00.000000000,285 days 00:00:00.000000000,0 days 00:00:00.000000000
5660,2014-04-14 00:00:00.000000000,2014-04-14 00:00:00.000000000,2014-04-15 00:00:00.000000000,2013-10-17 00:00:00.000000000,2013-11-04 00:00:00.000000000,2013-11-04 00:00:00.000000000,2013-05-09 00:00:00.000000000,161 days 00:00:00.000000000,161 days 00:00:00.000000000,0 days 00:00:00.000000000
5661,2014-10-09 00:00:00.000000000,2014-10-09 00:00:00.000000000,2014-10-13 00:00:00.000000000,2014-04-12 00:00:00.000000000,2014-05-23 00:00:00.000000000,2014-05-23 00:00:00.000000000,2013-11-24 00:00:00.000000000,139 days 00:00:00.000000000,139 days 00:00:00.000000000,0 days 00:00:00.000000000
5662,2011-04-05 00:00:00.000000000,2011-05-05 00:00:00.000000000,2011-05-05 00:00:00.000000000,2010-08-31 00:00:00.000000000,2010-09-21 00:00:00.000000000,2010-09-21 00:00:00.000000000,2010-02-16 00:00:00.000000000,196 days 00:00:00.000000000,226 days 00:00:00.000000000,30 days 00:00:00.000000000
5663,2015-08-24 00:00:00.000000000,2015-08-24 00:00:00.000000000,2015-08-24 00:00:00.000000000,2014-09-11 00:00:00.000000000,2014-10-09 00:00:00.000000000,2014-10-09 00:00:00.000000000,2013-10-27 00:00:00.000000000,319 days 00:00:00.000000000,319 days 00:00:00.000000000,0 days 00:00:00.000000000
5664,2010-07-02 00:00:00.000000000,2010-07-02 00:00:00.000000000,2010-07-02 00:00:00.000000000,2010-03-22 00:00:00.000000000,2010-03-29 00:00:00.000000000,2010-03-29 00:00:00.000000000,2009-12-17 00:00:00.000000000,95 days 00:00:00.000000000,95 days 00:00:00.000000000,0 days 00:00:00.000000000
5665,2015-03-26 00:00:00.000000000,2015-03-26 00:00:00.000000000,2015-03-26 00:00:00.000000000,2014-10-22 00:00:00.000000000,2014-12-24 00:00:00.000000000,2014-12-24 00:00:00.000000000,2014-07-22 00:00:00.000000000,92 days 00:00:00.000000000,92 days 00:00:00.000000000,0 days 00:00:00.000000000
5666,2010-04-21 00:00:00.000000000,2010-04-21 00:00:00.000000000,2010-04-21 00:00:00.000000000,2009-11-25 00:00:00.000000000,2009-12-02 00:00:00.000000000,2009-12-02 00:00:00.000000000,2009-07-08 00:00:00.000000000,140 days 00:00:00.000000000,140 days 00:00:00.000000000,0 days 00:00:00.000000000
5667,2009-12-29 00:00:00.000000000,2009-12-29 00:00:00.000000000,2009-12-29 00:00:00.000000000,2009-12-17 00:00:00.000000000,2009-12-23 00:00:00.000000000,2009-12-23 00:00:00.000000000,2009-12-11 00:00:00.000000000,6 days 00:00:00.000000000,6 days 00:00:00.000000000,0 days 00:00:00.000000000
5668,2011-07-12 00:00:00.000000000,2011-07-12 00:00:00.000000000,2011-07-12 00:00:00.000000000,2011-03-09 00:00:00.000000000,2011-05-05 00:00:00.000000000,2011-05-05 00:00:00.000000000,2010-12-31 00:00:00.000000000,68 days 00:00:00.000000000,68 days 00:00:00.000000000,0 days 00:00:00.000000000
5669,2014-06-26 00:00:00.000000000,2014-06-26 00:00:00.000000000,2014-06-28 00:00:00.000000000,2014-05-12 00:00:00.000000000,2014-05-20 00:00:00.000000000,2014-05-20 00:00:00.000000000,2014-04-05 00:00:00.000000000,37 days 00:00:00.000000000,37 days 00:00:00.000000000,0 days 00:00:00.000000000
5670,2014-02-06 00:00:00.000000000,2014-02-06 00:00:00.000000000,2014-02-06 00:00:00.000000000,2013-10-08 00:00:00.000000000,2013-12-02 00:00:00.000000000,2013-12-02 00:00:00.000000000,2013-08-03 00:00:00.000000000,66 days 00:00:00.000000000,66 days 00:00:00.000000000,0 days 00:00:00.000000000
5671,2015-09-07 00:00:00.000000000,2015-09-07 00:00:00.000000000,2015-09-07 00:00:00.000000000,2015-04-14 00:00:00.000000000,2015-05-13 00:00:00.000000000,2015-05-13 00:00:00.000000000,2014-12-18 00:00:00.000000000,117 days 00:00:00.000000000,117 days 00:00:00.000000000,0 days 00:00:00.000000000
5672,2012-05-10 00:00:00.000000000,2012-05-10 00:00:00.000000000,2012-05-10 00:00:00.000000000,2012-03-15 00:00:00.000000000,2012-04-17 00:00:00.000000000,2012-04-17 00:00:00.000000000,2012-02-21 00:00:00.000000000,23 days 00:00:00.000000000,23 days 00:00:00.000000000,0 days 00:00:00.000000000
5673,2012-06-05 00:00:00.000000000,2012-06-05 00:00:00.000000000,2012-06-05 00:00:00.000000000,2011-12-15 00:00:00.000000000,2012-01-18 00:00:00.000000000,2012-01-18 00:00:00.000000000,2011-07-29 00:00:00.000000000,139 days 00:00:00.000000000,139 days 00:00:00.000000000,0 days 00:00:00.000000000
5674,2013-08-01 00:00:00.000000000,2013-08-01 00:00:00.000000000,2013-08-01 00:00:00.000000000,2013-02-07 00:00:00.000000000,2013-02-13 00:00:00.000000000,2013-02-13 00:00:00.000000000,2012-08-22 00:00:00.000000000,169 days 00:00:00.000000000,169 days 00:00:00.000000000,0 days 00:00:00.000000000
5675,2010-09-29 00:00:00.000000000,2010-09-29 00:00:00.000000000,2010-09-29 00:00:00.000000000,2010-06-20 00:00:00.000000000,2010-08-10 00:00:00.000000000,2010-08-10 00:00:00.000000000,2010-05-01 00:00:00.000000000,50 days 00:00:00.000000000,50 days 00:00:00.000000000,0 days 00:00:00.000000000
5676,2010-05-31 00:00:00.000000000,2010-05-31 00:00:00.000000000,2010-05-31 00:00:00.000000000,2010-04-19 00:00:00.000000000,2010-04-21 00:00:00.000000000,2010-04-21 00:00:00.000000000,2010-03-10 00:00:00.000000000,40 days 00:00:00.000000000,40 days 00:00:00.000000000,0 days 00:00:00.000000000
5677,2013-04-16 00:00:00.000000000,2013-04-16 00:00:00.000000000,2013-04-16 00:00:00.000000000,2013-03-18 00:00:00.000000000,1900-01-01 00:00:00.000000000,2013-04-09 00:00:00.000000000,2013-03-11 00:00:00.000000000,7 days 00:00:00.000000000,7 days 00:00:00.000000000,0 days 00:00:00.000000000
5678,2012-02-09 00:00:00.000000000,2012-02-09 00:00:00.000000000,2012-02-09 00:00:00.000000000,2011-11-04 00:00:00.000000000,2011-11-16 00:00:00.000000000,2011-11-16 00:00:00.000000000,2011-08-11 00:00:00.000000000,85 days 00:00:00.000000000,85 days 00:00:00.000000000,0 days 00:00:00.000000000
5679,2015-03-09 00:00:00.000000000,2015-03-09 00:00:00.000000000,2015-03-09 00:00:00.000000000,2014-09-11 00:00:00.000000000,2015-03-09 00:00:00.000000000,2015-03-09 00:00:00.000000000,2014-09-11 00:00:00.000000000,0 days 00:00:00.000000000,0 days 00:00:00.000000000,0 days 00:00:00.000000000
5680,2012-12-07 00:00:00.000000000,2012-11-30 00:00:00.000000000,2012-11-30 00:00:00.000000000,2012-07-31 00:00:00.000000000,2012-10-04 00:00:00.000000000,2012-10-04 00:00:00.000000000,2012-05-28 00:00:00.000000000,64 days 00:00:00.000000000,57 days 00:00:00.000000000,-7 days +00:00:00.000000000
5681,2013-09-24 00:00:00.000000000,2013-09-24 00:00:00.000000000,2013-09-24 00:00:00.000000000,2013-07-03 00:00:00.000000000,2013-07-16 00:00:00.000000000,2013-07-16 00:00:00.000000000,2013-04-24 00:00:00.000000000,70 days 00:00:00.000000000,70 days 00:00:00.000000000,0 days 00:00:00.000000000
5682,2010-03-04 00:00:00.000000000,2010-03-04 00:00:00.000000000,2010-03-04 00:00:00.000000000,2010-01-11 00:00:00.000000000,2010-02-04 00:00:00.000000000,2010-02-04 00:00:00.000000000,2009-12-14 00:00:00.000000000,28 days 00:00:00.000000000,28 days 00:00:00.000000000,0 days 00:00:00.000000000
5683,2010-10-22 00:00:00.000000000,2010-10-22 00:00:00.000000000,2010-10-22 00:00:00.000000000,2010-06-02 00:00:00.000000000,2010-06-17 00:00:00.000000000,2010-06-17 00:00:00.000000000,2010-01-26 00:00:00.000000000,127 days 00:00:00.000000000,127 days 00:00:00.000000000,0 days 00:00:00.000000000
5684,2013-04-22 00:00:00.000000000,2013-04-22 00:00:00.000000000,2013-04-22 00:00:00.000000000,2012-12-13 00:00:00.000000000,2013-02-05 00:00:00.000000000,2013-02-05 00:00:00.000000000,2012-09-28 00:00:00.000000000,76 days 00:00:00.000000000,76 days 00:00:00.000000000,0 days 00:00:00.000000000
5685,2010-05-03 00:00:00.000000000,2010-04-26 00:00:00.000000000,2010-04-26 00:00:00.000000000,2009-12-16 00:00:00.000000000,2009-12-22 00:00:00.000000000,2009-12-22 00:00:00.000000000,2009-08-06 00:00:00.000000000,132 days 00:00:00.000000000,125 days 00:00:00.000000000,-7 days +00:00:00.000000000
5686,2009-12-03 00:00:00.000000000,2009-12-03 00:00:00.000000000,2009-12-03 00:00:00.000000000,2009-10-21 00:00:00.000000000,2009-09-14 00:00:00.000000000,2009-09-14 00:00:00.000000000,2009-08-02 00:00:00.000000000,80 days 00:00:00.000000000,80 days 00:00:00.000000000,0 days 00:00:00.000000000
5687,2013-03-11 00:00:00.000000000,2013-03-11 00:00:00.000000000,2013-03-11 00:00:00.000000000,2013-01-16 00:00:00.000000000,2013-02-05 00:00:00.000000000,2013-02-05 00:00:00.000000000,2012-12-13 00:00:00.000000000,34 days 00:00:00.000000000,34 days 00:00:00.000000000,0 days 00:00:00.000000000
5688,2014-07-31 00:00:00.000000000,2014-07-31 00:00:00.000000000,2014-07-31 00:00:00.000000000,2013-10-22 00:00:00.000000000,2013-12-04 00:00:00.000000000,2013-12-04 00:00:00.000000000,2013-02-25 00:00:00.000000000,239 days 00:00:00.000000000,239 days 00:00:00.000000000,0 days 00:00:00.000000000
5689,2010-06-22 00:00:00.000000000,2010-06-22 00:00:00.000000000,2010-06-22 00:00:00.000000000,2010-03-15 00:00:00.000000000,2010-03-31 00:00:00.000000000,2010-03-31 00:00:00.000000000,2009-12-22 00:00:00.000000000,83 days 00:00:00.000000000,83 days 00:00:00.000000000,0 days 00:00:00.000000000
5690,2014-12-10 00:00:00.000000000,2014-12-10 00:00:00.000000000,2014-12-10 00:00:00.000000000,2014-10-29 00:00:00.000000000,2014-12-10 00:00:00.000000000,2014-12-10 00:00:00.000000000,2014-10-29 00:00:00.000000000,0 days 00:00:00.000000000,0 days 00:00:00.000000000,0 days 00:00:00.000000000
5691,2012-06-05 00:00:00.000000000,2012-06-05 00:00:00.000000000,2012-06-05 00:00:00.000000000,2011-12-15 00:00:00.000000000,2012-01-18 00:00:00.000000000,2012-01-18 00:00:00.000000000,2011-07-29 00:00:00.000000000,139 days 00:00:00.000000000,139 days 00:00:00.000000000,0 days 00:00:00.000000000
5692,2009-08-24 00:00:00.000000000,2009-08-24 00:00:00.000000000,2009-08-24 00:00:00.000000000,2009-07-29 00:00:00.000000000,2009-08-07 00:00:00.000000000,2009-08-07 00:00:00.000000000,2009-07-12 00:00:00.000000000,17 days 00:00:00.000000000,17 days 00:00:00.000000000,0 days 00:00:00.000000000
5693,2012-12-13 00:00:00.000000000,2012-12-13 00:00:00.000000000,2012-12-13 00:00:00.000000000,2012-08-15 00:00:00.000000000,2012-08-21 00:00:00.000000000,2012-08-21 00:00:00.000000000,2012-04-23 00:00:00.000000000,114 days 00:00:00.000000000,114 days 00:00:00.000000000,0 days 00:00:00.000000000
5694,2013-09-18 00:00:00.000000000,2013-09-24 00:00:00.000000000,2013-09-24 00:00:00.000000000,2013-06-10 00:00:00.000000000,2013-07-10 00:00:00.000000000,2013-07-10 00:00:00.000000000,2013-04-01 00:00:00.000000000,70 days 00:00:00.000000000,76 days 00:00:00.000000000,6 days 00:00:00.000000000
5695,2011-02-09 00:00:00.000000000,2011-02-09 00:00:00.000000000,2011-02-09 00:00:00.000000000,2010-09-30 00:00:00.000000000,2010-10-18 00:00:00.000000000,2010-10-18 00:00:00.000000000,2010-06-08 00:00:00.000000000,114 days 00:00:00.000000000,114 days 00:00:00.000000000,0 days 00:00:00.000000000
5696,2015-04-17 00:00:00.000000000,2015-04-17 00:00:00.000000000,2015-04-20 00:00:00.000000000,2014-04-10 00:00:00.000000000,2014-04-30 00:00:00.000000000,2014-04-30 00:00:00.000000000,2013-04-23 00:00:00.000000000,352 days 00:00:00.000000000,352 days 00:00:00.000000000,0 days 00:00:00.000000000
5697,2010-12-13 00:00:00.000000000,2010-12-13 00:00:00.000000000,2010-12-13 00:00:00.000000000,2010-06-02 00:00:00.000000000,2010-06-17 00:00:00.000000000,2010-06-17 00:00:00.000000000,2009-12-05 00:00:00.000000000,179 days 00:00:00.000000000,179 days 00:00:00.000000000,0 days 00:00:00.000000000
5698,2013-11-07 00:00:00.000000000,2013-11-07 00:00:00.000000000,2013-11-17 00:00:00.000000000,2013-06-10 00:00:00.000000000,2013-07-10 00:00:00.000000000,2013-07-10 00:00:00.000000000,2013-02-10 00:00:00.000000000,120 days 00:00:00.000000000,120 days 00:00:00.000000000,0 days 00:00:00.000000000
5699,2010-08-13 00:00:00.000000000,2010-08-13 00:00:00.000000000,2010-08-13 00:00:00.000000000,2010-03-22 00:00:00.000000000,2010-03-29 00:00:00.000000000,2010-03-29 00:00:00.000000000,2009-11-05 00:00:00.000000000,137 days 00:00:00.000000000,137 days 00:00:00.000000000,0 days 00:00:00.000000000
5700,2011-02-16 00:00:00.000000000,2011-02-16 00:00:00.000000000,2011-02-16 00:00:00.000000000,2010-09-30 00:00:00.000000000,2010-10-18 00:00:00.000000000,2010-10-18 00:00:00.000000000,2010-06-01 00:00:00.000000000,121 days 00:00:00.000000000,121 days 00:00:00.000000000,0 days 00:00:00.000000000
5701,2010-09-20 00:00:00.000000000,2010-09-20 00:00:00.000000000,2010-09-20 00:00:00.000000000,2010-03-18 00:00:00.000000000,2010-03-19 00:00:00.000000000,2010-03-19 00:00:00.000000000,2009-09-14 00:00:00.000000000,185 days 00:00:00.000000000,185 days 00:00:00.000000000,0 days 00:00:00.000000000
5702,2014-07-02 00:00:00.000000000,2014-07-02 00:00:00.000000000,2014-07-02 00:00:00.000000000,2014-02-06 00:00:00.000000000,2014-03-10 00:00:00.000000000,2014-03-10 00:00:00.000000000,2013-10-15 00:00:00.000000000,114 days 00:00:00.000000000,114 days 00:00:00.000000000,0 days 00:00:00.000000000
5703,2012-05-31 00:00:00.000000000,2012-05-31 00:00:00.000000000,2012-05-31 00:00:00.000000000,2012-02-28 00:00:00.000000000,2012-03-22 00:00:00.000000000,2012-03-22 00:00:00.000000000,2011-12-20 00:00:00.000000000,70 days 00:00:00.000000000,70 days 00:00:00.000000000,0 days 00:00:00.000000000
5704,2013-02-13 00:00:00.000000000,2013-02-13 00:00:00.000000000,2013-02-13 00:00:00.000000000,2012-10-10 00:00:00.000000000,2012-10-25 00:00:00.000000000,2012-10-25 00:00:00.000000000,2012-06-21 00:00:00.000000000,111 days 00:00:00.000000000,111 days 00:00:00.000000000,0 days 00:00:00.000000000
5705,2010-03-23 00:00:00.000000000,2010-03-23 00:00:00.000000000,2010-03-23 00:00:00.000000000,2010-01-20 00:00:00.000000000,2010-01-22 00:00:00.000000000,2010-01-22 00:00:00.000000000,2009-11-21 00:00:00.000000000,60 days 00:00:00.000000000,60 days 00:00:00.000000000,0 days 00:00:00.000000000
5706,2010-08-03 00:00:00.000000000,2010-08-03 00:00:00.000000000,2010-08-03 00:00:00.000000000,2010-03-15 00:00:00.000000000,2010-03-24 00:00:00.000000000,2010-03-24 00:00:00.000000000,2009-11-03 00:00:00.000000000,132 days 00:00:00.000000000,132 days 00:00:00.000000000,0 days 00:00:00.000000000
5707,2012-12-05 00:00:00.000000000,2012-12-05 00:00:00.000000000,2012-12-05 00:00:00.000000000,2012-07-25 00:00:00.000000000,2012-08-15 00:00:00.000000000,2012-08-15 00:00:00.000000000,2012-04-04 00:00:00.000000000,112 days 00:00:00.000000000,112 days 00:00:00.000000000,0 days 00:00:00.000000000
5708,2010-04-05 00:00:00.000000000,2010-04-05 00:00:00.000000000,2010-04-05 00:00:00.000000000,2010-01-11 00:00:00.000000000,2010-02-04 00:00:00.000000000,2010-02-04 00:00:00.000000000,2009-11-12 00:00:00.000000000,60 days 00:00:00.000000000,60 days 00:00:00.000000000,0 days 00:00:00.000000000
5709,2010-05-24 00:00:00.000000000,2010-05-24 00:00:00.000000000,2010-05-24 00:00:00.000000000,2009-08-27 00:00:00.000000000,2009-09-03 00:00:00.000000000,2009-09-03 00:00:00.000000000,2008-12-07 00:00:00.000000000,263 days 00:00:00.000000000,263 days 00:00:00.000000000,0 days 00:00:00.000000000
5710,2013-12-04 00:00:00.000000000,2013-12-04 00:00:00.000000000,2013-12-04 00:00:00.000000000,2013-08-19 00:00:00.000000000,2013-09-11 00:00:00.000000000,2013-09-11 00:00:00.000000000,2013-05-27 00:00:00.000000000,84 days 00:00:00.000000000,84 days 00:00:00.000000000,0 days 00:00:00.000000000
5711,2011-06-22 00:00:00.000000000,2011-06-22 00:00:00.000000000,2011-06-22 00:00:00.000000000,2011-01-17 00:00:00.000000000,2011-02-15 00:00:00.000000000,2011-02-15 00:00:00.000000000,2010-09-12 00:00:00.000000000,127 days 00:00:00.000000000,127 days 00:00:00.000000000,0 days 00:00:00.000000000
5712,2014-08-26 00:00:00.000000000,2014-08-26 00:00:00.000000000,2014-09-16 00:00:00.000000000,2014-03-19 00:00:00.000000000,2014-05-05 00:00:00.000000000,2014-05-05 00:00:00.000000000,2013-11-26 00:00:00.000000000,113 days 00:00:00.000000000,113 days 00:00:00.000000000,0 days 00:00:00.000000000
5713,2011-01-06 00:00:00.000000000,2011-01-06 00:00:00.000000000,2011-01-06 00:00:00.000000000,2010-08-31 00:00:00.000000000,2010-09-24 00:00:00.000000000,2010-09-24 00:00:00.000000000,2010-05-19 00:00:00.000000000,104 days 00:00:00.000000000,104 days 00:00:00.000000000,0 days 00:00:00.000000000
5714,2010-03-04 00:00:00.000000000,2010-03-04 00:00:00.000000000,2010-03-04 00:00:00.000000000,2010-01-11 00:00:00.000000000,2010-02-04 00:00:00.000000000,2010-02-04 00:00:00.000000000,2009-12-14 00:00:00.000000000,28 days 00:00:00.000000000,28 days 00:00:00.000000000,0 days 00:00:00.000000000
5715,2014-09-17 00:00:00.000000000,2014-09-17 00:00:00.000000000,2014-09-19 00:00:00.000000000,2014-04-01 00:00:00.000000000,2014-05-27 00:00:00.000000000,2014-05-27 00:00:00.000000000,2013-12-09 00:00:00.000000000,113 days 00:00:00.000000000,113 days 00:00:00.000000000,0 days 00:00:00.000000000
5716,2010-03-29 00:00:00.000000000,2010-03-29 00:00:00.000000000,2010-03-29 00:00:00.000000000,2009-01-04 00:00:00.000000000,2010-01-12 00:00:00.000000000,2010-01-12 00:00:00.000000000,2008-10-20 00:00:00.000000000,76 days 00:00:00.000000000,76 days 00:00:00.000000000,0 days 00:00:00.000000000
5717,2014-12-10 00:00:00.000000000,2014-12-10 00:00:00.000000000,2014-12-16 00:00:00.000000000,2014-07-29 00:00:00.000000000,2014-09-12 00:00:00.000000000,2014-09-12 00:00:00.000000000,2014-05-01 00:00:00.000000000,89 days 00:00:00.000000000,89 days 00:00:00.000000000,0 days 00:00:00.000000000
5718,2014-02-18 00:00:00.000000000,2014-02-18 00:00:00.000000000,2014-03-19 00:00:00.000000000,2013-08-13 00:00:00.000000000,2013-11-01 00:00:00.000000000,2013-11-01 00:00:00.000000000,2013-04-26 00:00:00.000000000,109 days 00:00:00.000000000,109 days 00:00:00.000000000,0 days 00:00:00.000000000
5719,2014-10-17 00:00:00.000000000,2014-10-17 00:00:00.000000000,2014-10-17 00:00:00.000000000,2014-04-17 00:00:00.000000000,2014-06-09 00:00:00.000000000,2014-06-09 00:00:00.000000000,2013-12-08 00:00:00.000000000,130 days 00:00:00.000000000,130 days 00:00:00.000000000,0 days 00:00:00.000000000
5720,2009-08-12 00:00:00.000000000,2009-08-12 00:00:00.000000000,2009-08-12 00:00:00.000000000,2009-05-07 00:00:00.000000000,2009-07-21 00:00:00.000000000,2009-07-21 00:00:00.000000000,2009-04-15 00:00:00.000000000,22 days 00:00:00.000000000,22 days 00:00:00.000000000,0 days 00:00:00.000000000
5721,2010-04-08 00:00:00.000000000,2010-04-08 00:00:00.000000000,2010-04-08 00:00:00.000000000,2010-01-28 00:00:00.000000000,2010-02-02 00:00:00.000000000,2010-02-02 00:00:00.000000000,2009-11-24 00:00:00.000000000,65 days 00:00:00.000000000,65 days 00:00:00.000000000,0 days 00:00:00.000000000
5722,2014-02-17 00:00:00.000000000,2014-02-17 00:00:00.000000000,2014-02-18 00:00:00.000000000,2013-08-21 00:00:00.000000000,2013-10-24 00:00:00.000000000,2013-10-24 00:00:00.000000000,2013-04-27 00:00:00.000000000,116 days 00:00:00.000000000,116 days 00:00:00.000000000,0 days 00:00:00.000000000
5723,2015-07-23 00:00:00.000000000,2015-07-23 00:00:00.000000000,2015-07-29 00:00:00.000000000,2015-03-10 00:00:00.000000000,2015-03-17 00:00:00.000000000,2015-03-17 00:00:00.000000000,2014-11-02 00:00:00.000000000,128 days 00:00:00.000000000,128 days 00:00:00.000000000,0 days 00:00:00.000000000
5724,2014-08-27 00:00:00.000000000,2014-08-27 00:00:00.000000000,2014-08-27 00:00:00.000000000,2013-07-11 00:00:00.000000000,2014-08-27 00:00:00.000000000,2014-08-27 00:00:00.000000000,2013-07-11 00:00:00.000000000,0 days 00:00:00.000000000,0 days 00:00:00.000000000,0 days 00:00:00.000000000
5725,2011-01-14 00:00:00.000000000,2011-01-14 00:00:00.000000000,2011-01-14 00:00:00.000000000,2010-11-04 00:00:00.000000000,2010-11-11 00:00:00.000000000,2010-11-11 00:00:00.000000000,2010-09-01 00:00:00.000000000,64 days 00:00:00.000000000,64 days 00:00:00.000000000,0 days 00:00:00.000000000
5726,2010-06-30 00:00:00.000000000,2010-06-30 00:00:00.000000000,2010-06-30 00:00:00.000000000,2010-01-07 00:00:00.000000000,2010-01-08 00:00:00.000000000,2010-01-08 00:00:00.000000000,2009-07-18 00:00:00.000000000,173 days 00:00:00.000000000,173 days 00:00:00.000000000,0 days 00:00:00.000000000
5727,2013-11-06 00:00:00.000000000,2013-11-06 00:00:00.000000000,2013-11-13 00:00:00.000000000,2013-07-08 00:00:00.000000000,2013-07-31 00:00:00.000000000,2013-07-31 00:00:00.000000000,2013-04-01 00:00:00.000000000,98 days 00:00:00.000000000,98 days 00:00:00.000000000,0 days 00:00:00.000000000
5728,2012-05-23 00:00:00.000000000,2012-05-23 00:00:00.000000000,2012-05-23 00:00:00.000000000,2012-03-12 00:00:00.000000000,2012-03-28 00:00:00.000000000,2012-03-28 00:00:00.000000000,2012-01-16 00:00:00.000000000,56 days 00:00:00.000000000,56 days 00:00:00.000000000,0 days 00:00:00.000000000
5729,2010-03-10 00:00:00.000000000,2010-03-10 00:00:00.000000000,2010-03-10 00:00:00.000000000,2009-11-16 00:00:00.000000000,2009-11-26 00:00:00.000000000,2009-11-26 00:00:00.000000000,2009-08-04 00:00:00.000000000,104 days 00:00:00.000000000,104 days 00:00:00.000000000,0 days 00:00:00.000000000
5730,2014-09-17 00:00:00.000000000,2014-09-17 00:00:00.000000000,2014-09-19 00:00:00.000000000,2014-04-01 00:00:00.000000000,2014-05-27 00:00:00.000000000,2014-05-27 00:00:00.000000000,2013-12-09 00:00:00.000000000,113 days 00:00:00.000000000,113 days 00:00:00.000000000,0 days 00:00:00.000000000
5731,2014-08-11 00:00:00.000000000,2014-08-11 00:00:00.000000000,2014-08-12 00:00:00.000000000,2014-04-09 00:00:00.000000000,2014-04-28 00:00:00.000000000,2014-04-28 00:00:00.000000000,2013-12-25 00:00:00.000000000,105 days 00:00:00.000000000,105 days 00:00:00.000000000,0 days 00:00:00.000000000
5732,2011-01-06 00:00:00.000000000,2011-01-06 00:00:00.000000000,2011-01-06 00:00:00.000000000,2010-08-31 00:00:00.000000000,2010-09-24 00:00:00.000000000,2010-09-24 00:00:00.000000000,2010-05-19 00:00:00.000000000,104 days 00:00:00.000000000,104 days 00:00:00.000000000,0 days 00:00:00.000000000
5733,2015-02-12 00:00:00.000000000,2015-02-12 00:00:00.000000000,2015-02-12 00:00:00.000000000,2014-09-11 00:00:00.000000000,2015-02-12 00:00:00.000000000,2015-02-12 00:00:00.000000000,2014-09-11 00:00:00.000000000,0 days 00:00:00.000000000,0 days 00:00:00.000000000,0 days 00:00:00.000000000
5734,2015-07-25 00:00:00.000000000,2015-07-25 00:00:00.000000000,2015-07-29 00:00:00.000000000,2014-12-29 00:00:00.000000000,2015-02-20 00:00:00.000000000,2015-02-20 00:00:00.000000000,2014-07-27 00:00:00.000000000,155 days 00:00:00.000000000,155 days 00:00:00.000000000,0 days 00:00:00.000000000
5735,2014-03-27 00:00:00.000000000,2014-03-27 00:00:00.000000000,2014-03-27 00:00:00.000000000,2013-06-21 00:00:00.000000000,2013-08-12 00:00:00.000000000,2013-08-12 00:00:00.000000000,2012-11-06 00:00:00.000000000,227 days 00:00:00.000000000,227 days 00:00:00.000000000,0 days 00:00:00.000000000
5736,2015-07-14 00:00:00.000000000,2015-07-14 00:00:00.000000000,2015-07-14 00:00:00.000000000,2014-09-11 00:00:00.000000000,2015-07-14 00:00:00.000000000,2015-07-14 00:00:00.000000000,2014-09-11 00:00:00.000000000,0 days 00:00:00.000000000,0 days 00:00:00.000000000,0 days 00:00:00.000000000
5737,2011-09-29 00:00:00.000000000,2011-10-05 00:00:00.000000000,2011-10-05 00:00:00.000000000,2011-06-24 00:00:00.000000000,2011-07-18 00:00:00.000000000,2011-07-18 00:00:00.000000000,2011-04-12 00:00:00.000000000,73 days 00:00:00.000000000,79 days 00:00:00.000000000,6 days 00:00:00.000000000
5738,2012-10-18 00:00:00.000000000,2012-10-18 00:00:00.000000000,2012-10-18 00:00:00.000000000,2012-07-23 00:00:00.000000000,2012-08-22 00:00:00.000000000,2012-08-22 00:00:00.000000000,2012-05-27 00:00:00.000000000,57 days 00:00:00.000000000,57 days 00:00:00.000000000,0 days 00:00:00.000000000
5739,2015-05-11 00:00:00.000000000,2015-05-11 00:00:00.000000000,2015-05-11 00:00:00.000000000,2015-01-15 00:00:00.000000000,2015-02-23 00:00:00.000000000,2015-02-23 00:00:00.000000000,2014-10-30 00:00:00.000000000,77 days 00:00:00.000000000,77 days 00:00:00.000000000,0 days 00:00:00.000000000
5740,2010-05-26 00:00:00.000000000,2010-05-26 00:00:00.000000000,2010-05-26 00:00:00.000000000,2010-04-15 00:00:00.000000000,2010-04-15 00:00:00.000000000,2010-04-15 00:00:00.000000000,2010-03-05 00:00:00.000000000,41 days 00:00:00.000000000,41 days 00:00:00.000000000,0 days 00:00:00.000000000
5741,2010-11-22 00:00:00.000000000,2010-11-22 00:00:00.000000000,2010-11-22 00:00:00.000000000,2009-09-09 00:00:00.000000000,2009-09-30 00:00:00.000000000,2009-09-30 00:00:00.000000000,2008-07-18 00:00:00.000000000,418 days 00:00:00.000000000,418 days 00:00:00.000000000,0 days 00:00:00.000000000
5742,2010-08-13 00:00:00.000000000,2010-08-13 00:00:00.000000000,2010-08-13 00:00:00.000000000,2010-03-22 00:00:00.000000000,2010-03-25 00:00:00.000000000,2010-03-25 00:00:00.000000000,2009-11-01 00:00:00.000000000,141 days 00:00:00.000000000,141 days 00:00:00.000000000,0 days 00:00:00.000000000
5743,2014-06-25 00:00:00.000000000,2014-06-25 00:00:00.000000000,2014-06-25 00:00:00.000000000,2014-04-30 00:00:00.000000000,2014-06-25 00:00:00.000000000,2014-06-25 00:00:00.000000000,2014-04-30 00:00:00.000000000,0 days 00:00:00.000000000,0 days 00:00:00.000000000,0 days 00:00:00.000000000
5744,2014-04-04 00:00:00.000000000,2014-04-04 00:00:00.000000000,2014-04-28 00:00:00.000000000,2014-01-22 00:00:00.000000000,2014-01-28 00:00:00.000000000,2014-01-28 00:00:00.000000000,2013-11-17 00:00:00.000000000,66 days 00:00:00.000000000,66 days 00:00:00.000000000,0 days 00:00:00.000000000
5745,2010-06-24 00:00:00.000000000,2010-06-24 00:00:00.000000000,2010-06-24 00:00:00.000000000,2010-03-18 00:00:00.000000000,2010-03-19 00:00:00.000000000,2010-03-19 00:00:00.000000000,2009-12-11 00:00:00.000000000,97 days 00:00:00.000000000,97 days 00:00:00.000000000,0 days 00:00:00.000000000
5746,2011-06-28 00:00:00.000000000,2011-06-28 00:00:00.000000000,2011-06-28 00:00:00.000000000,2011-01-26 00:00:00.000000000,2011-02-15 00:00:00.000000000,2011-02-15 00:00:00.000000000,2010-09-15 00:00:00.000000000,133 days 00:00:00.000000000,133 days 00:00:00.000000000,0 days 00:00:00.000000000
5747,2013-08-24 00:00:00.000000000,2013-08-24 00:00:00.000000000,2013-08-24 00:00:00.000000000,2013-05-16 00:00:00.000000000,2013-06-11 00:00:00.000000000,2013-06-11 00:00:00.000000000,2013-03-03 00:00:00.000000000,74 days 00:00:00.000000000,74 days 00:00:00.000000000,0 days 00:00:00.000000000
5748,2015-08-24 00:00:00.000000000,2015-08-24 00:00:00.000000000,2015-08-24 00:00:00.000000000,2014-09-11 00:00:00.000000000,2015-08-24 00:00:00.000000000,2015-08-24 00:00:00.000000000,2014-09-11 00:00:00.000000000,0 days 00:00:00.000000000,0 days 00:00:00.000000000,0 days 00:00:00.000000000
5749,2010-05-21 00:00:00.000000000,2010-05-21 00:00:00.000000000,2010-05-21 00:00:00.000000000,2009-11-19 00:00:00.000000000,2009-12-22 00:00:00.000000000,2009-12-22 00:00:00.000000000,2009-06-22 00:00:00.000000000,150 days 00:00:00.000000000,150 days 00:00:00.000000000,0 days 00:00:00.000000000
5750,2015-06-09 00:00:00.000000000,2015-06-09 00:00:00.000000000,2015-07-16 00:00:00.000000000,2014-10-28 00:00:00.000000000,2014-12-19 00:00:00.000000000,2014-12-19 00:00:00.000000000,2014-05-09 00:00:00.000000000,172 days 00:00:00.000000000,172 days 00:00:00.000000000,0 days 00:00:00.000000000
5751,2012-09-27 00:00:00.000000000,2012-09-27 00:00:00.000000000,2012-09-27 00:00:00.000000000,2012-07-26 00:00:00.000000000,2012-08-09 00:00:00.000000000,2012-08-09 00:00:00.000000000,2012-06-07 00:00:00.000000000,49 days 00:00:00.000000000,49 days 00:00:00.000000000,0 days 00:00:00.000000000
5752,2015-07-23 00:00:00.000000000,2015-07-23 00:00:00.000000000,2015-07-29 00:00:00.000000000,2015-03-10 00:00:00.000000000,2015-03-17 00:00:00.000000000,2015-03-17 00:00:00.000000000,2014-11-02 00:00:00.000000000,128 days 00:00:00.000000000,128 days 00:00:00.000000000,0 days 00:00:00.000000000
5753,2010-09-15 00:00:00.000000000,2010-09-15 00:00:00.000000000,2010-09-15 00:00:00.000000000,2010-06-29 00:00:00.000000000,2009-11-17 00:00:00.000000000,2009-11-17 00:00:00.000000000,2009-08-31 00:00:00.000000000,302 days 00:00:00.000000000,302 days 00:00:00.000000000,0 days 00:00:00.000000000
5754,2015-06-03 00:00:00.000000000,2015-06-03 00:00:00.000000000,2015-06-05 00:00:00.000000000,2014-12-29 00:00:00.000000000,2015-02-20 00:00:00.000000000,2015-02-20 00:00:00.000000000,2014-09-17 00:00:00.000000000,103 days 00:00:00.000000000,103 days 00:00:00.000000000,0 days 00:00:00.000000000
5755,2014-10-03 00:00:00.000000000,2014-10-03 00:00:00.000000000,2014-10-03 00:00:00.000000000,2014-04-30 00:00:00.000000000,2014-10-03 00:00:00.000000000,2014-10-03 00:00:00.000000000,2014-04-30 00:00:00.000000000,0 days 00:00:00.000000000,0 days 00:00:00.000000000,0 days 00:00:00.000000000
5756,2014-06-25 00:00:00.000000000,2014-06-25 00:00:00.000000000,2014-06-25 00:00:00.000000000,2014-04-30 00:00:00.000000000,2014-06-25 00:00:00.000000000,2014-06-25 00:00:00.000000000,2014-04-30 00:00:00.000000000,0 days 00:00:00.000000000,0 days 00:00:00.000000000,0 days 00:00:00.000000000
5757,2013-12-04 00:00:00.000000000,2013-12-04 00:00:00.000000000,2013-12-20 00:00:00.000000000,2013-07-16 00:00:00.000000000,2013-08-02 00:00:00.000000000,2013-08-02 00:00:00.000000000,2013-03-14 00:00:00.000000000,124 days 00:00:00.000000000,124 days 00:00:00.000000000,0 days 00:00:00.000000000
5758,2015-05-12 00:00:00.000000000,2015-05-12 00:00:00.000000000,2015-05-12 00:00:00.000000000,2014-09-11 00:00:00.000000000,2015-05-11 00:00:00.000000000,2015-05-11 00:00:00.000000000,2014-09-10 00:00:00.000000000,1 days 00:00:00.000000000,1 days 00:00:00.000000000,0 days 00:00:00.000000000
5759,2014-04-25 00:00:00.000000000,2014-04-25 00:00:00.000000000,2014-04-25 00:00:00.000000000,2013-10-22 00:00:00.000000000,2013-12-04 00:00:00.000000000,2013-12-04 00:00:00.000000000,2013-06-02 00:00:00.000000000,142 days 00:00:00.000000000,142 days 00:00:00.000000000,0 days 00:00:00.000000000
5760,2010-08-13 00:00:00.000000000,2010-08-13 00:00:00.000000000,2010-08-13 00:00:00.000000000,2010-03-22 00:00:00.000000000,2010-03-25 00:00:00.000000000,2010-03-25 00:00:00.000000000,2009-11-01 00:00:00.000000000,141 days 00:00:00.000000000,141 days 00:00:00.000000000,0 days 00:00:00.000000000
5761,2015-06-03 00:00:00.000000000,2015-06-03 00:00:00.000000000,2015-06-05 00:00:00.000000000,2014-12-29 00:00:00.000000000,2015-02-20 00:00:00.000000000,2015-02-20 00:00:00.000000000,2014-09-17 00:00:00.000000000,103 days 00:00:00.000000000,103 days 00:00:00.000000000,0 days 00:00:00.000000000
5762,2014-06-11 00:00:00.000000000,2014-06-11 00:00:00.000000000,2014-06-12 00:00:00.000000000,2014-04-22 00:00:00.000000000,2014-05-07 00:00:00.000000000,2014-05-07 00:00:00.000000000,2014-03-18 00:00:00.000000000,35 days 00:00:00.000000000,35 days 00:00:00.000000000,0 days 00:00:00.000000000
5763,2011-09-29 00:00:00.000000000,2011-09-29 00:00:00.000000000,2011-09-29 00:00:00.000000000,2011-06-06 00:00:00.000000000,2011-06-22 00:00:00.000000000,2011-06-22 00:00:00.000000000,2011-02-27 00:00:00.000000000,99 days 00:00:00.000000000,99 days 00:00:00.000000000,0 days 00:00:00.000000000
5764,2013-04-16 00:00:00.000000000,2013-04-16 00:00:00.000000000,2013-04-16 00:00:00.000000000,2013-03-18 00:00:00.000000000,1900-01-01 00:00:00.000000000,2013-04-09 00:00:00.000000000,2013-03-11 00:00:00.000000000,7 days 00:00:00.000000000,7 days 00:00:00.000000000,0 days 00:00:00.000000000
5765,2013-10-29 00:00:00.000000000,2013-10-29 00:00:00.000000000,2013-11-01 00:00:00.000000000,2013-06-04 00:00:00.000000000,2013-08-07 00:00:00.000000000,2013-08-07 00:00:00.000000000,2013-03-13 00:00:00.000000000,83 days 00:00:00.000000000,83 days 00:00:00.000000000,0 days 00:00:00.000000000
5766,2010-01-25 00:00:00.000000000,2010-01-25 00:00:00.000000000,2010-01-25 00:00:00.000000000,2009-12-02 00:00:00.000000000,2009-12-08 00:00:00.000000000,2009-12-08 00:00:00.000000000,2009-10-15 00:00:00.000000000,48 days 00:00:00.000000000,48 days 00:00:00.000000000,0 days 00:00:00.000000000
5767,2012-07-20 00:00:00.000000000,2012-07-20 00:00:00.000000000,2012-07-20 00:00:00.000000000,2011-12-07 00:00:00.000000000,2012-05-18 00:00:00.000000000,2012-05-18 00:00:00.000000000,2011-10-05 00:00:00.000000000,63 days 00:00:00.000000000,63 days 00:00:00.000000000,0 days 00:00:00.000000000
5768,2015-07-30 00:00:00.000000000,2015-07-30 00:00:00.000000000,2015-07-30 00:00:00.000000000,2015-01-28 00:00:00.000000000,2015-02-17 00:00:00.000000000,2015-02-17 00:00:00.000000000,2014-08-18 00:00:00.000000000,163 days 00:00:00.000000000,163 days 00:00:00.000000000,0 days 00:00:00.000000000
5769,2012-12-07 00:00:00.000000000,2012-12-07 00:00:00.000000000,2012-12-07 00:00:00.000000000,2012-07-31 00:00:00.000000000,2012-10-04 00:00:00.000000000,2012-10-04 00:00:00.000000000,2012-05-28 00:00:00.000000000,64 days 00:00:00.000000000,64 days 00:00:00.000000000,0 days 00:00:00.000000000
5770,2011-04-29 00:00:00.000000000,2011-04-29 00:00:00.000000000,2011-04-29 00:00:00.000000000,2009-11-05 00:00:00.000000000,2009-11-23 00:00:00.000000000,2009-11-23 00:00:00.000000000,2008-06-01 00:00:00.000000000,522 days 00:00:00.000000000,522 days 00:00:00.000000000,0 days 00:00:00.000000000
5771,2011-03-04 00:00:00.000000000,2011-01-06 00:00:00.000000000,2011-01-06 00:00:00.000000000,2010-06-02 00:00:00.000000000,2010-06-17 00:00:00.000000000,2010-06-17 00:00:00.000000000,2009-09-15 00:00:00.000000000,260 days 00:00:00.000000000,203 days 00:00:00.000000000,-57 days +00:00:00.000000000
5772,2015-08-24 00:00:00.000000000,2015-08-24 00:00:00.000000000,2015-08-24 00:00:00.000000000,2014-09-11 00:00:00.000000000,2015-08-24 00:00:00.000000000,2015-08-24 00:00:00.000000000,2014-09-11 00:00:00.000000000,0 days 00:00:00.000000000,0 days 00:00:00.000000000,0 days 00:00:00.000000000
5773,2013-01-09 00:00:00.000000000,2013-01-08 00:00:00.000000000,2013-01-08 00:00:00.000000000,2012-10-05 00:00:00.000000000,2012-10-16 00:00:00.000000000,2012-10-16 00:00:00.000000000,2012-07-12 00:00:00.000000000,85 days 00:00:00.000000000,84 days 00:00:00.000000000,-1 days +00:00:00.000000000
5774,2010-05-20 00:00:00.000000000,2010-05-20 00:00:00.000000000,2010-05-20 00:00:00.000000000,2010-02-02 00:00:00.000000000,2010-02-17 00:00:00.000000000,2010-02-17 00:00:00.000000000,2009-11-02 00:00:00.000000000,92 days 00:00:00.000000000,92 days 00:00:00.000000000,0 days 00:00:00.000000000
5775,2013-07-05 00:00:00.000000000,2013-07-05 00:00:00.000000000,2013-07-05 00:00:00.000000000,2013-01-29 00:00:00.000000000,2013-02-06 00:00:00.000000000,2013-02-06 00:00:00.000000000,2012-09-02 00:00:00.000000000,149 days 00:00:00.000000000,149 days 00:00:00.000000000,0 days 00:00:00.000000000
5776,2010-03-22 00:00:00.000000000,2010-03-22 00:00:00.000000000,2010-03-22 00:00:00.000000000,2009-10-20 00:00:00.000000000,2009-11-02 00:00:00.000000000,2009-11-02 00:00:00.000000000,2009-06-02 00:00:00.000000000,140 days 00:00:00.000000000,140 days 00:00:00.000000000,0 days 00:00:00.000000000
5777,2014-10-03 00:00:00.000000000,2014-10-03 00:00:00.000000000,2014-10-03 00:00:00.000000000,2014-04-30 00:00:00.000000000,2014-10-03 00:00:00.000000000,2014-10-03 00:00:00.000000000,2014-04-30 00:00:00.000000000,0 days 00:00:00.000000000,0 days 00:00:00.000000000,0 days 00:00:00.000000000
5778,2014-06-25 00:00:00.000000000,2014-06-25 00:00:00.000000000,2014-06-25 00:00:00.000000000,2014-04-30 00:00:00.000000000,2014-06-25 00:00:00.000000000,2014-06-25 00:00:00.000000000,2014-04-30 00:00:00.000000000,0 days 00:00:00.000000000,0 days 00:00:00.000000000,0 days 00:00:00.000000000
5779,2014-02-07 00:00:00.000000000,2014-02-07 00:00:00.000000000,2014-02-07 00:00:00.000000000,2013-07-11 00:00:00.000000000,2013-08-13 00:00:00.000000000,2013-08-13 00:00:00.000000000,2013-01-14 00:00:00.000000000,178 days 00:00:00.000000000,178 days 00:00:00.000000000,0 days 00:00:00.000000000
5780,2012-03-07 00:00:00.000000000,2012-03-08 00:00:00.000000000,2012-03-08 00:00:00.000000000,2012-01-25 00:00:00.000000000,2012-01-27 00:00:00.000000000,2012-01-27 00:00:00.000000000,2011-12-16 00:00:00.000000000,40 days 00:00:00.000000000,41 days 00:00:00.000000000,1 days 00:00:00.000000000
5781,2013-10-18 00:00:00.000000000,2013-10-18 00:00:00.000000000,2013-10-18 00:00:00.000000000,2013-07-18 00:00:00.000000000,2013-08-06 00:00:00.000000000,2013-08-06 00:00:00.000000000,2013-05-06 00:00:00.000000000,73 days 00:00:00.000000000,73 days 00:00:00.000000000,0 days 00:00:00.000000000
5782,2011-06-09 00:00:00.000000000,2011-06-09 00:00:00.000000000,2011-06-09 00:00:00.000000000,2010-12-27 00:00:00.000000000,2011-03-09 00:00:00.000000000,2011-03-09 00:00:00.000000000,2010-09-26 00:00:00.000000000,92 days 00:00:00.000000000,92 days 00:00:00.000000000,0 days 00:00:00.000000000
5783,2013-11-13 00:00:00.000000000,2013-11-13 00:00:00.000000000,2013-11-14 00:00:00.000000000,2013-07-15 00:00:00.000000000,2013-08-02 00:00:00.000000000,2013-08-02 00:00:00.000000000,2013-04-03 00:00:00.000000000,103 days 00:00:00.000000000,103 days 00:00:00.000000000,0 days 00:00:00.000000000
5784,2009-12-28 00:00:00.000000000,2009-12-28 00:00:00.000000000,2009-12-28 00:00:00.000000000,2009-12-17 00:00:00.000000000,2009-12-23 00:00:00.000000000,2009-12-23 00:00:00.000000000,2009-12-12 00:00:00.000000000,5 days 00:00:00.000000000,5 days 00:00:00.000000000,0 days 00:00:00.000000000
5785,2015-04-09 00:00:00.000000000,2015-04-09 00:00:00.000000000,2015-04-10 00:00:00.000000000,2014-06-03 00:00:00.000000000,2014-07-31 00:00:00.000000000,2014-07-31 00:00:00.000000000,2013-09-24 00:00:00.000000000,252 days 00:00:00.000000000,252 days 00:00:00.000000000,0 days 00:00:00.000000000
5786,2010-03-15 00:00:00.000000000,2010-03-15 00:00:00.000000000,2010-03-15 00:00:00.000000000,2009-01-04 00:00:00.000000000,2010-01-11 00:00:00.000000000,2010-01-11 00:00:00.000000000,2008-11-02 00:00:00.000000000,63 days 00:00:00.000000000,63 days 00:00:00.000000000,0 days 00:00:00.000000000
5787,2014-01-13 00:00:00.000000000,2014-01-13 00:00:00.000000000,2014-01-13 00:00:00.000000000,2013-11-14 00:00:00.000000000,2013-12-02 00:00:00.000000000,2013-12-02 00:00:00.000000000,2013-10-03 00:00:00.000000000,42 days 00:00:00.000000000,42 days 00:00:00.000000000,0 days 00:00:00.000000000
5788,2012-01-24 00:00:00.000000000,2012-01-25 00:00:00.000000000,2012-01-25 00:00:00.000000000,2011-12-06 00:00:00.000000000,2011-12-13 00:00:00.000000000,2011-12-13 00:00:00.000000000,2011-10-25 00:00:00.000000000,42 days 00:00:00.000000000,43 days 00:00:00.000000000,1 days 00:00:00.000000000
5789,2012-02-20 00:00:00.000000000,2012-02-20 00:00:00.000000000,2012-02-20 00:00:00.000000000,2012-01-26 00:00:00.000000000,2012-01-30 00:00:00.000000000,2012-01-30 00:00:00.000000000,2012-01-05 00:00:00.000000000,21 days 00:00:00.000000000,21 days 00:00:00.000000000,0 days 00:00:00.000000000
5790,2015-05-12 00:00:00.000000000,2015-05-12 00:00:00.000000000,2015-05-12 00:00:00.000000000,2014-09-11 00:00:00.000000000,2015-05-11 00:00:00.000000000,2015-05-11 00:00:00.000000000,2014-09-10 00:00:00.000000000,1 days 00:00:00.000000000,1 days 00:00:00.000000000,0 days 00:00:00.000000000
5791,2011-02-23 00:00:00.000000000,2011-02-23 00:00:00.000000000,2011-02-23 00:00:00.000000000,2010-08-31 00:00:00.000000000,2010-09-21 00:00:00.000000000,2010-09-21 00:00:00.000000000,2010-03-29 00:00:00.000000000,155 days 00:00:00.000000000,155 days 00:00:00.000000000,0 days 00:00:00.000000000
5792,2012-12-19 00:00:00.000000000,2012-12-19 00:00:00.000000000,2012-12-19 00:00:00.000000000,2012-07-25 00:00:00.000000000,2012-08-14 00:00:00.000000000,2012-08-14 00:00:00.000000000,2012-03-20 00:00:00.000000000,127 days 00:00:00.000000000,127 days 00:00:00.000000000,0 days 00:00:00.000000000
5793,2012-10-08 00:00:00.000000000,2012-10-08 00:00:00.000000000,2012-10-08 00:00:00.000000000,2012-01-13 00:00:00.000000000,2012-05-31 00:00:00.000000000,2012-05-31 00:00:00.000000000,2011-09-05 00:00:00.000000000,130 days 00:00:00.000000000,130 days 00:00:00.000000000,0 days 00:00:00.000000000
5794,2015-01-26 00:00:00.000000000,2015-01-26 00:00:00.000000000,2015-01-26 00:00:00.000000000,2014-09-11 00:00:00.000000000,2015-01-26 00:00:00.000000000,2015-01-26 00:00:00.000000000,2014-09-11 00:00:00.000000000,0 days 00:00:00.000000000,0 days 00:00:00.000000000,0 days 00:00:00.000000000
5795,2014-01-17 00:00:00.000000000,2014-01-17 00:00:00.000000000,2014-01-21 00:00:00.000000000,2013-08-19 00:00:00.000000000,2013-09-02 00:00:00.000000000,2013-09-02 00:00:00.000000000,2013-04-04 00:00:00.000000000,137 days 00:00:00.000000000,137 days 00:00:00.000000000,0 days 00:00:00.000000000
5796,2010-02-18 00:00:00.000000000,2010-02-18 00:00:00.000000000,2010-02-18 00:00:00.000000000,2009-11-16 00:00:00.000000000,2009-11-25 00:00:00.000000000,2009-11-25 00:00:00.000000000,2009-08-23 00:00:00.000000000,85 days 00:00:00.000000000,85 days 00:00:00.000000000,0 days 00:00:00.000000000
5797,2011-04-07 00:00:00.000000000,2011-04-07 00:00:00.000000000,2011-04-07 00:00:00.000000000,2010-11-16 00:00:00.000000000,2011-01-12 00:00:00.000000000,2011-01-12 00:00:00.000000000,2010-08-23 00:00:00.000000000,85 days 00:00:00.000000000,85 days 00:00:00.000000000,0 days 00:00:00.000000000
5798,2011-06-13 00:00:00.000000000,2011-09-05 00:00:00.000000000,2011-09-05 00:00:00.000000000,2010-11-26 00:00:00.000000000,2010-12-14 00:00:00.000000000,2010-12-14 00:00:00.000000000,2010-05-29 00:00:00.000000000,181 days 00:00:00.000000000,265 days 00:00:00.000000000,84 days 00:00:00.000000000
5799,2010-03-03 00:00:00.000000000,2010-03-03 00:00:00.000000000,2010-03-03 00:00:00.000000000,2010-01-06 00:00:00.000000000,2010-01-20 00:00:00.000000000,2010-01-20 00:00:00.000000000,2009-11-25 00:00:00.000000000,42 days 00:00:00.000000000,42 days 00:00:00.000000000,0 days 00:00:00.000000000
5800,2013-06-04 00:00:00.000000000,2013-06-04 00:00:00.000000000,2013-06-04 00:00:00.000000000,2012-12-14 00:00:00.000000000,2013-01-15 00:00:00.000000000,2013-01-15 00:00:00.000000000,2012-07-27 00:00:00.000000000,140 days 00:00:00.000000000,140 days 00:00:00.000000000,0 days 00:00:00.000000000
5801,2012-08-20 00:00:00.000000000,2012-08-20 00:00:00.000000000,2012-08-20 00:00:00.000000000,2012-04-20 00:00:00.000000000,2012-06-13 00:00:00.000000000,2012-06-13 00:00:00.000000000,2012-02-12 00:00:00.000000000,68 days 00:00:00.000000000,68 days 00:00:00.000000000,0 days 00:00:00.000000000
5802,2010-03-13 00:00:00.000000000,2010-03-13 00:00:00.000000000,2010-03-13 00:00:00.000000000,2009-10-20 00:00:00.000000000,2009-11-03 00:00:00.000000000,2009-11-03 00:00:00.000000000,2009-06-12 00:00:00.000000000,130 days 00:00:00.000000000,130 days 00:00:00.000000000,0 days 00:00:00.000000000
5803,2015-04-09 00:00:00.000000000,2015-04-09 00:00:00.000000000,2015-04-13 00:00:00.000000000,2014-10-22 00:00:00.000000000,2015-01-07 00:00:00.000000000,2015-01-07 00:00:00.000000000,2014-07-22 00:00:00.000000000,92 days 00:00:00.000000000,92 days 00:00:00.000000000,0 days 00:00:00.000000000
5804,2009-12-15 00:00:00.000000000,2009-12-15 00:00:00.000000000,2009-12-15 00:00:00.000000000,2009-08-27 00:00:00.000000000,2009-09-03 00:00:00.000000000,2009-09-03 00:00:00.000000000,2009-05-16 00:00:00.000000000,103 days 00:00:00.000000000,103 days 00:00:00.000000000,0 days 00:00:00.000000000
5805,2011-06-17 00:00:00.000000000,2011-06-17 00:00:00.000000000,2011-06-17 00:00:00.000000000,2011-03-09 00:00:00.000000000,2011-05-05 00:00:00.000000000,2011-05-05 00:00:00.000000000,2011-01-25 00:00:00.000000000,43 days 00:00:00.000000000,43 days 00:00:00.000000000,0 days 00:00:00.000000000
5806,2013-04-24 00:00:00.000000000,2013-04-24 00:00:00.000000000,2013-04-24 00:00:00.000000000,2013-01-10 00:00:00.000000000,2013-01-22 00:00:00.000000000,2013-01-22 00:00:00.000000000,2012-10-10 00:00:00.000000000,92 days 00:00:00.000000000,92 days 00:00:00.000000000,0 days 00:00:00.000000000
5807,2014-05-27 00:00:00.000000000,2014-05-27 00:00:00.000000000,2014-05-28 00:00:00.000000000,2014-01-21 00:00:00.000000000,2014-02-14 00:00:00.000000000,2014-02-14 00:00:00.000000000,2013-10-11 00:00:00.000000000,102 days 00:00:00.000000000,102 days 00:00:00.000000000,0 days 00:00:00.000000000
5808,2013-02-27 00:00:00.000000000,2013-02-27 00:00:00.000000000,2013-02-27 00:00:00.000000000,2012-06-05 00:00:00.000000000,2012-06-27 00:00:00.000000000,2012-06-27 00:00:00.000000000,2011-10-04 00:00:00.000000000,245 days 00:00:00.000000000,245 days 00:00:00.000000000,0 days 00:00:00.000000000
5809,2014-01-24 00:00:00.000000000,2014-01-24 00:00:00.000000000,2014-01-24 00:00:00.000000000,2013-07-18 00:00:00.000000000,2013-08-05 00:00:00.000000000,2013-08-05 00:00:00.000000000,2013-01-27 00:00:00.000000000,172 days 00:00:00.000000000,172 days 00:00:00.000000000,0 days 00:00:00.000000000
5810,2014-08-18 00:00:00.000000000,2014-08-18 00:00:00.000000000,2014-08-25 00:00:00.000000000,2014-02-06 00:00:00.000000000,2014-03-10 00:00:00.000000000,2014-03-10 00:00:00.000000000,2013-08-29 00:00:00.000000000,161 days 00:00:00.000000000,161 days 00:00:00.000000000,0 days 00:00:00.000000000
5811,2010-01-27 00:00:00.000000000,2010-01-27 00:00:00.000000000,2010-01-27 00:00:00.000000000,2009-05-07 00:00:00.000000000,2009-09-22 00:00:00.000000000,2009-09-22 00:00:00.000000000,2008-12-31 00:00:00.000000000,127 days 00:00:00.000000000,127 days 00:00:00.000000000,0 days 00:00:00.000000000
5812,2014-08-05 00:00:00.000000000,2014-08-05 00:00:00.000000000,2014-08-05 00:00:00.000000000,2014-04-30 00:00:00.000000000,2014-08-05 00:00:00.000000000,2014-08-05 00:00:00.000000000,2014-04-30 00:00:00.000000000,0 days 00:00:00.000000000,0 days 00:00:00.000000000,0 days 00:00:00.000000000
5813,2015-07-23 00:00:00.000000000,2015-07-23 00:00:00.000000000,2015-07-23 00:00:00.000000000,2015-02-20 00:00:00.000000000,2015-02-24 00:00:00.000000000,2015-02-24 00:00:00.000000000,2014-09-24 00:00:00.000000000,149 days 00:00:00.000000000,149 days 00:00:00.000000000,0 days 00:00:00.000000000
5814,2009-09-24 00:00:00.000000000,2009-09-24 00:00:00.000000000,2009-09-24 00:00:00.000000000,2009-08-04 00:00:00.000000000,2009-08-11 00:00:00.000000000,2009-08-11 00:00:00.000000000,2009-06-21 00:00:00.000000000,44 days 00:00:00.000000000,44 days 00:00:00.000000000,0 days 00:00:00.000000000
5815,2013-10-18 00:00:00.000000000,2013-10-11 00:00:00.000000000,2013-10-14 00:00:00.000000000,2013-08-19 00:00:00.000000000,2013-08-23 00:00:00.000000000,2013-08-23 00:00:00.000000000,2013-06-24 00:00:00.000000000,56 days 00:00:00.000000000,49 days 00:00:00.000000000,-7 days +00:00:00.000000000
5816,2015-08-24 00:00:00.000000000,2015-08-24 00:00:00.000000000,2015-08-24 00:00:00.000000000,2014-09-11 00:00:00.000000000,2014-10-09 00:00:00.000000000,2014-10-09 00:00:00.000000000,2013-10-27 00:00:00.000000000,319 days 00:00:00.000000000,319 days 00:00:00.000000000,0 days 00:00:00.000000000
5817,2014-09-16 00:00:00.000000000,2014-09-16 00:00:00.000000000,2014-11-04 00:00:00.000000000,2014-04-08 00:00:00.000000000,2014-04-30 00:00:00.000000000,2014-04-30 00:00:00.000000000,2013-11-20 00:00:00.000000000,139 days 00:00:00.000000000,139 days 00:00:00.000000000,0 days 00:00:00.000000000
5818,2011-09-29 00:00:00.000000000,2011-09-29 00:00:00.000000000,2011-09-29 00:00:00.000000000,2011-06-24 00:00:00.000000000,2011-07-18 00:00:00.000000000,2011-07-18 00:00:00.000000000,2011-04-12 00:00:00.000000000,73 days 00:00:00.000000000,73 days 00:00:00.000000000,0 days 00:00:00.000000000
5819,2014-04-04 00:00:00.000000000,2014-04-04 00:00:00.000000000,2014-04-28 00:00:00.000000000,2014-01-22 00:00:00.000000000,2014-01-28 00:00:00.000000000,2014-01-28 00:00:00.000000000,2013-11-17 00:00:00.000000000,66 days 00:00:00.000000000,66 days 00:00:00.000000000,0 days 00:00:00.000000000
5820,2010-07-16 00:00:00.000000000,2010-07-16 00:00:00.000000000,2010-07-16 00:00:00.000000000,2010-03-15 00:00:00.000000000,2010-03-24 00:00:00.000000000,2010-03-24 00:00:00.000000000,2009-11-21 00:00:00.000000000,114 days 00:00:00.000000000,114 days 00:00:00.000000000,0 days 00:00:00.000000000
5821,2010-03-17 00:00:00.000000000,2010-03-17 00:00:00.000000000,2010-03-17 00:00:00.000000000,2009-10-20 00:00:00.000000000,2009-11-13 00:00:00.000000000,2009-11-13 00:00:00.000000000,2009-06-18 00:00:00.000000000,124 days 00:00:00.000000000,124 days 00:00:00.000000000,0 days 00:00:00.000000000
5822,2010-12-12 00:00:00.000000000,2010-12-12 00:00:00.000000000,2010-12-12 00:00:00.000000000,2010-08-13 00:00:00.000000000,2010-09-28 00:00:00.000000000,2010-09-28 00:00:00.000000000,2010-05-30 00:00:00.000000000,75 days 00:00:00.000000000,75 days 00:00:00.000000000,0 days 00:00:00.000000000
5823,2009-10-26 00:00:00.000000000,2009-10-26 00:00:00.000000000,2009-10-26 00:00:00.000000000,2009-07-30 00:00:00.000000000,2009-09-14 00:00:00.000000000,2009-09-14 00:00:00.000000000,2009-06-18 00:00:00.000000000,42 days 00:00:00.000000000,42 days 00:00:00.000000000,0 days 00:00:00.000000000
5824,2012-09-21 00:00:00.000000000,2012-09-21 00:00:00.000000000,2012-09-21 00:00:00.000000000,2012-05-28 00:00:00.000000000,2012-06-26 00:00:00.000000000,2012-06-26 00:00:00.000000000,2012-03-02 00:00:00.000000000,87 days 00:00:00.000000000,87 days 00:00:00.000000000,0 days 00:00:00.000000000
5825,2010-04-01 00:00:00.000000000,2010-04-01 00:00:00.000000000,2010-04-01 00:00:00.000000000,2010-03-23 00:00:00.000000000,2010-03-25 00:00:00.000000000,2010-03-25 00:00:00.000000000,2010-03-16 00:00:00.000000000,7 days 00:00:00.000000000,7 days 00:00:00.000000000,0 days 00:00:00.000000000
5826,2011-01-05 00:00:00.000000000,2011-01-05 00:00:00.000000000,2011-01-05 00:00:00.000000000,2010-11-09 00:00:00.000000000,2010-11-24 00:00:00.000000000,2010-11-24 00:00:00.000000000,2010-09-28 00:00:00.000000000,42 days 00:00:00.000000000,42 days 00:00:00.000000000,0 days 00:00:00.000000000
5827,2009-09-30 00:00:00.000000000,2009-09-30 00:00:00.000000000,2009-09-30 00:00:00.000000000,2009-05-07 00:00:00.000000000,2009-07-21 00:00:00.000000000,2009-07-21 00:00:00.000000000,2009-02-25 00:00:00.000000000,71 days 00:00:00.000000000,71 days 00:00:00.000000000,0 days 00:00:00.000000000
5828,2013-02-08 00:00:00.000000000,2013-02-08 00:00:00.000000000,2013-02-08 00:00:00.000000000,2012-10-10 00:00:00.000000000,2012-10-25 00:00:00.000000000,2012-10-25 00:00:00.000000000,2012-06-26 00:00:00.000000000,106 days 00:00:00.000000000,106 days 00:00:00.000000000,0 days 00:00:00.000000000
5829,2014-10-13 00:00:00.000000000,2014-10-13 00:00:00.000000000,2014-10-15 00:00:00.000000000,2014-01-22 00:00:00.000000000,2014-02-27 00:00:00.000000000,2014-02-27 00:00:00.000000000,2013-06-08 00:00:00.000000000,228 days 00:00:00.000000000,228 days 00:00:00.000000000,0 days 00:00:00.000000000
5830,2014-06-14 00:00:00.000000000,2014-06-14 00:00:00.000000000,2014-06-16 00:00:00.000000000,2014-04-01 00:00:00.000000000,2014-04-11 00:00:00.000000000,2014-04-11 00:00:00.000000000,2014-01-27 00:00:00.000000000,64 days 00:00:00.000000000,64 days 00:00:00.000000000,0 days 00:00:00.000000000
5831,2010-06-08 00:00:00.000000000,2010-06-08 00:00:00.000000000,2010-06-08 00:00:00.000000000,2010-03-18 00:00:00.000000000,2010-03-19 00:00:00.000000000,2010-03-19 00:00:00.000000000,2009-12-27 00:00:00.000000000,81 days 00:00:00.000000000,81 days 00:00:00.000000000,0 days 00:00:00.000000000
5832,2010-03-25 00:00:00.000000000,2010-03-25 00:00:00.000000000,2010-03-25 00:00:00.000000000,2010-02-19 00:00:00.000000000,2010-03-04 00:00:00.000000000,2010-03-04 00:00:00.000000000,2010-01-29 00:00:00.000000000,21 days 00:00:00.000000000,21 days 00:00:00.000000000,0 days 00:00:00.000000000
5833,2011-12-20 00:00:00.000000000,2011-12-16 00:00:00.000000000,2011-12-16 00:00:00.000000000,2011-08-31 00:00:00.000000000,2011-09-22 00:00:00.000000000,2011-09-22 00:00:00.000000000,2011-06-03 00:00:00.000000000,89 days 00:00:00.000000000,85 days 00:00:00.000000000,-4 days +00:00:00.000000000
5834,2015-08-24 00:00:00.000000000,2015-08-24 00:00:00.000000000,2015-08-24 00:00:00.000000000,2014-09-11 00:00:00.000000000,2014-10-09 00:00:00.000000000,2014-10-09 00:00:00.000000000,2013-10-27 00:00:00.000000000,319 days 00:00:00.000000000,319 days 00:00:00.000000000,0 days 00:00:00.000000000
5835,2015-01-19 00:00:00.000000000,2015-01-20 00:00:00.000000000,2015-01-22 00:00:00.000000000,2014-09-22 00:00:00.000000000,2014-10-29 00:00:00.000000000,2014-10-29 00:00:00.000000000,2014-07-02 00:00:00.000000000,82 days 00:00:00.000000000,83 days 00:00:00.000000000,1 days 00:00:00.000000000
5836,2014-09-17 00:00:00.000000000,2014-09-17 00:00:00.000000000,2014-09-19 00:00:00.000000000,2014-04-01 00:00:00.000000000,2014-05-27 00:00:00.000000000,2014-05-27 00:00:00.000000000,2013-12-09 00:00:00.000000000,113 days 00:00:00.000000000,113 days 00:00:00.000000000,0 days 00:00:00.000000000
5837,2010-08-07 00:00:00.000000000,2010-08-07 00:00:00.000000000,2010-08-07 00:00:00.000000000,2010-06-21 00:00:00.000000000,2010-06-24 00:00:00.000000000,2010-06-24 00:00:00.000000000,2010-05-08 00:00:00.000000000,44 days 00:00:00.000000000,44 days 00:00:00.000000000,0 days 00:00:00.000000000
5838,2014-12-19 00:00:00.000000000,2014-12-19 00:00:00.000000000,2015-01-26 00:00:00.000000000,2014-07-28 00:00:00.000000000,2014-08-20 00:00:00.000000000,2014-08-20 00:00:00.000000000,2014-03-29 00:00:00.000000000,121 days 00:00:00.000000000,121 days 00:00:00.000000000,0 days 00:00:00.000000000
5839,2011-05-30 00:00:00.000000000,2011-05-30 00:00:00.000000000,2011-05-30 00:00:00.000000000,2010-11-26 00:00:00.000000000,2010-12-14 00:00:00.000000000,2010-12-14 00:00:00.000000000,2010-06-12 00:00:00.000000000,167 days 00:00:00.000000000,167 days 00:00:00.000000000,0 days 00:00:00.000000000
5840,2010-09-13 00:00:00.000000000,2010-09-13 00:00:00.000000000,2010-09-13 00:00:00.000000000,2009-09-09 00:00:00.000000000,2009-09-30 00:00:00.000000000,2009-09-30 00:00:00.000000000,2008-09-26 00:00:00.000000000,348 days 00:00:00.000000000,348 days 00:00:00.000000000,0 days 00:00:00.000000000
5841,2015-05-19 00:00:00.000000000,2015-05-19 00:00:00.000000000,2015-05-26 00:00:00.000000000,2014-08-11 00:00:00.000000000,2014-08-27 00:00:00.000000000,2014-08-27 00:00:00.000000000,2013-11-19 00:00:00.000000000,265 days 00:00:00.000000000,265 days 00:00:00.000000000,0 days 00:00:00.000000000
5842,2010-08-30 00:00:00.000000000,2010-08-30 00:00:00.000000000,2010-08-30 00:00:00.000000000,2010-05-04 00:00:00.000000000,2010-05-25 00:00:00.000000000,2010-05-25 00:00:00.000000000,2010-01-27 00:00:00.000000000,97 days 00:00:00.000000000,97 days 00:00:00.000000000,0 days 00:00:00.000000000
5843,2014-03-27 00:00:00.000000000,2014-03-27 00:00:00.000000000,2014-03-27 00:00:00.000000000,2013-06-21 00:00:00.000000000,2013-08-12 00:00:00.000000000,2013-08-12 00:00:00.000000000,2012-11-06 00:00:00.000000000,227 days 00:00:00.000000000,227 days 00:00:00.000000000,0 days 00:00:00.000000000
5844,2014-08-05 00:00:00.000000000,2014-08-05 00:00:00.000000000,2014-08-05 00:00:00.000000000,2014-04-30 00:00:00.000000000,2014-08-05 00:00:00.000000000,2014-08-05 00:00:00.000000000,2014-04-30 00:00:00.000000000,0 days 00:00:00.000000000,0 days 00:00:00.000000000,0 days 00:00:00.000000000
5845,2013-07-02 00:00:00.000000000,2013-07-02 00:00:00.000000000,2013-07-02 00:00:00.000000000,2013-01-10 00:00:00.000000000,2013-01-22 00:00:00.000000000,2013-01-22 00:00:00.000000000,2012-08-02 00:00:00.000000000,161 days 00:00:00.000000000,161 days 00:00:00.000000000,0 days 00:00:00.000000000
5846,2015-09-14 00:00:00.000000000,2015-09-14 00:00:00.000000000,2015-09-14 00:00:00.000000000,2015-02-13 00:00:00.000000000,2015-03-04 00:00:00.000000000,2015-03-04 00:00:00.000000000,2014-08-03 00:00:00.000000000,194 days 00:00:00.000000000,194 days 00:00:00.000000000,0 days 00:00:00.000000000
5847,2014-10-21 00:00:00.000000000,2014-10-21 00:00:00.000000000,2014-11-12 00:00:00.000000000,2013-11-18 00:00:00.000000000,2014-03-14 00:00:00.000000000,2014-03-14 00:00:00.000000000,2013-04-11 00:00:00.000000000,221 days 00:00:00.000000000,221 days 00:00:00.000000000,0 days 00:00:00.000000000
5848,2010-06-11 00:00:00.000000000,2010-06-11 00:00:00.000000000,2010-06-11 00:00:00.000000000,2010-03-18 00:00:00.000000000,2010-03-19 00:00:00.000000000,2010-03-19 00:00:00.000000000,2009-12-24 00:00:00.000000000,84 days 00:00:00.000000000,84 days 00:00:00.000000000,0 days 00:00:00.000000000
5849,2010-05-21 00:00:00.000000000,2010-05-21 00:00:00.000000000,2010-05-21 00:00:00.000000000,2010-04-28 00:00:00.000000000,2010-04-29 00:00:00.000000000,2010-04-29 00:00:00.000000000,2010-04-06 00:00:00.000000000,22 days 00:00:00.000000000,22 days 00:00:00.000000000,0 days 00:00:00.000000000
5850,2011-03-10 00:00:00.000000000,2011-03-10 00:00:00.000000000,2011-03-10 00:00:00.000000000,2010-08-31 00:00:00.000000000,2010-09-24 00:00:00.000000000,2010-09-24 00:00:00.000000000,2010-03-17 00:00:00.000000000,167 days 00:00:00.000000000,167 days 00:00:00.000000000,0 days 00:00:00.000000000
5851,2014-02-06 00:00:00.000000000,2014-02-06 00:00:00.000000000,2014-02-06 00:00:00.000000000,2013-10-08 00:00:00.000000000,2013-12-02 00:00:00.000000000,2013-12-02 00:00:00.000000000,2013-08-03 00:00:00.000000000,66 days 00:00:00.000000000,66 days 00:00:00.000000000,0 days 00:00:00.000000000
5852,2015-01-09 00:00:00.000000000,2015-01-09 00:00:00.000000000,2015-01-12 00:00:00.000000000,2014-05-11 00:00:00.000000000,2014-06-02 00:00:00.000000000,2014-06-02 00:00:00.000000000,2013-10-02 00:00:00.000000000,221 days 00:00:00.000000000,221 days 00:00:00.000000000,0 days 00:00:00.000000000
5853,2014-11-28 00:00:00.000000000,2014-11-28 00:00:00.000000000,2014-11-28 00:00:00.000000000,2014-09-11 00:00:00.000000000,2014-11-28 00:00:00.000000000,2014-11-28 00:00:00.000000000,2014-09-11 00:00:00.000000000,0 days 00:00:00.000000000,0 days 00:00:00.000000000,0 days 00:00:00.000000000
5854,2015-08-31 00:00:00.000000000,2015-08-31 00:00:00.000000000,2015-08-31 00:00:00.000000000,2015-02-13 00:00:00.000000000,2015-03-02 00:00:00.000000000,2015-03-02 00:00:00.000000000,2014-08-15 00:00:00.000000000,182 days 00:00:00.000000000,182 days 00:00:00.000000000,0 days 00:00:00.000000000
5855,2014-08-29 00:00:00.000000000,2014-08-29 00:00:00.000000000,2014-08-29 00:00:00.000000000,2013-07-11 00:00:00.000000000,2014-08-29 00:00:00.000000000,2014-08-29 00:00:00.000000000,2013-07-11 00:00:00.000000000,0 days 00:00:00.000000000,0 days 00:00:00.000000000,0 days 00:00:00.000000000
5856,2012-11-28 00:00:00.000000000,2012-11-27 00:00:00.000000000,2012-11-27 00:00:00.000000000,2012-07-17 00:00:00.000000000,2012-08-13 00:00:00.000000000,2012-08-13 00:00:00.000000000,2012-04-01 00:00:00.000000000,107 days 00:00:00.000000000,106 days 00:00:00.000000000,-1 days +00:00:00.000000000
5857,2015-07-18 00:00:00.000000000,2015-07-18 00:00:00.000000000,2015-07-20 00:00:00.000000000,2015-04-28 00:00:00.000000000,2015-06-02 00:00:00.000000000,2015-06-02 00:00:00.000000000,2015-03-13 00:00:00.000000000,46 days 00:00:00.000000000,46 days 00:00:00.000000000,0 days 00:00:00.000000000
5858,2014-06-10 00:00:00.000000000,2014-06-10 00:00:00.000000000,2014-07-07 00:00:00.000000000,2014-02-04 00:00:00.000000000,2014-04-10 00:00:00.000000000,2014-04-10 00:00:00.000000000,2013-12-05 00:00:00.000000000,61 days 00:00:00.000000000,61 days 00:00:00.000000000,0 days 00:00:00.000000000
5859,2015-07-02 00:00:00.000000000,2015-07-02 00:00:00.000000000,2015-07-30 00:00:00.000000000,2015-03-10 00:00:00.000000000,2015-03-16 00:00:00.000000000,2015-03-16 00:00:00.000000000,2014-11-22 00:00:00.000000000,108 days 00:00:00.000000000,108 days 00:00:00.000000000,0 days 00:00:00.000000000
5860,2014-08-27 00:00:00.000000000,2014-08-27 00:00:00.000000000,2014-08-27 00:00:00.000000000,2013-07-11 00:00:00.000000000,2014-08-27 00:00:00.000000000,2014-08-27 00:00:00.000000000,2013-07-11 00:00:00.000000000,0 days 00:00:00.000000000,0 days 00:00:00.000000000,0 days 00:00:00.000000000
5861,2013-02-13 00:00:00.000000000,2013-02-13 00:00:00.000000000,2013-02-13 00:00:00.000000000,2012-10-10 00:00:00.000000000,2012-10-25 00:00:00.000000000,2012-10-25 00:00:00.000000000,2012-06-21 00:00:00.000000000,111 days 00:00:00.000000000,111 days 00:00:00.000000000,0 days 00:00:00.000000000
5862,2015-07-02 00:00:00.000000000,2015-07-02 00:00:00.000000000,2015-07-30 00:00:00.000000000,2015-03-10 00:00:00.000000000,2015-03-16 00:00:00.000000000,2015-03-16 00:00:00.000000000,2014-11-22 00:00:00.000000000,108 days 00:00:00.000000000,108 days 00:00:00.000000000,0 days 00:00:00.000000000
5863,2014-11-17 00:00:00.000000000,2014-11-17 00:00:00.000000000,2014-11-17 00:00:00.000000000,2014-05-11 00:00:00.000000000,2014-07-31 00:00:00.000000000,2014-07-31 00:00:00.000000000,2014-01-22 00:00:00.000000000,109 days 00:00:00.000000000,109 days 00:00:00.000000000,0 days 00:00:00.000000000
5864,2014-02-06 00:00:00.000000000,2014-02-06 00:00:00.000000000,2014-02-06 00:00:00.000000000,2013-10-08 00:00:00.000000000,2013-12-02 00:00:00.000000000,2013-12-02 00:00:00.000000000,2013-08-03 00:00:00.000000000,66 days 00:00:00.000000000,66 days 00:00:00.000000000,0 days 00:00:00.000000000
5865,2011-07-14 00:00:00.000000000,2011-07-14 00:00:00.000000000,2011-07-14 00:00:00.000000000,2010-12-27 00:00:00.000000000,2011-05-02 00:00:00.000000000,2011-05-02 00:00:00.000000000,2010-10-15 00:00:00.000000000,73 days 00:00:00.000000000,73 days 00:00:00.000000000,0 days 00:00:00.000000000
5866,2014-07-29 00:00:00.000000000,2014-07-29 00:00:00.000000000,2014-08-06 00:00:00.000000000,2014-02-06 00:00:00.000000000,2014-03-10 00:00:00.000000000,2014-03-10 00:00:00.000000000,2013-09-18 00:00:00.000000000,141 days 00:00:00.000000000,141 days 00:00:00.000000000,0 days 00:00:00.000000000
5867,2010-03-18 00:00:00.000000000,2010-03-18 00:00:00.000000000,2010-03-18 00:00:00.000000000,2009-12-16 00:00:00.000000000,2009-12-22 00:00:00.000000000,2009-12-22 00:00:00.000000000,2009-09-21 00:00:00.000000000,86 days 00:00:00.000000000,86 days 00:00:00.000000000,0 days 00:00:00.000000000
5868,2010-01-19 00:00:00.000000000,2010-01-19 00:00:00.000000000,2010-01-19 00:00:00.000000000,2009-10-20 00:00:00.000000000,2009-11-02 00:00:00.000000000,2009-11-02 00:00:00.000000000,2009-08-03 00:00:00.000000000,78 days 00:00:00.000000000,78 days 00:00:00.000000000,0 days 00:00:00.000000000
5869,2014-09-26 00:00:00.000000000,2014-09-26 00:00:00.000000000,2014-10-06 00:00:00.000000000,2014-05-11 00:00:00.000000000,2014-05-28 00:00:00.000000000,2014-05-28 00:00:00.000000000,2014-01-10 00:00:00.000000000,121 days 00:00:00.000000000,121 days 00:00:00.000000000,0 days 00:00:00.000000000
5870,2012-12-12 00:00:00.000000000,2012-12-12 00:00:00.000000000,2012-12-12 00:00:00.000000000,2012-10-10 00:00:00.000000000,2012-10-25 00:00:00.000000000,2012-10-25 00:00:00.000000000,2012-08-23 00:00:00.000000000,48 days 00:00:00.000000000,48 days 00:00:00.000000000,0 days 00:00:00.000000000
5871,2011-09-21 00:00:00.000000000,2011-09-21 00:00:00.000000000,2011-09-21 00:00:00.000000000,2011-03-31 00:00:00.000000000,2011-04-14 00:00:00.000000000,2011-04-14 00:00:00.000000000,2010-10-22 00:00:00.000000000,160 days 00:00:00.000000000,160 days 00:00:00.000000000,0 days 00:00:00.000000000
5872,2010-10-13 00:00:00.000000000,2010-11-17 00:00:00.000000000,2010-11-17 00:00:00.000000000,2010-03-18 00:00:00.000000000,2010-03-19 00:00:00.000000000,2010-03-19 00:00:00.000000000,2009-08-22 00:00:00.000000000,208 days 00:00:00.000000000,243 days 00:00:00.000000000,35 days 00:00:00.000000000
5873,2011-04-05 00:00:00.000000000,2011-04-05 00:00:00.000000000,2011-04-05 00:00:00.000000000,2011-01-27 00:00:00.000000000,2011-02-15 00:00:00.000000000,2011-02-15 00:00:00.000000000,2010-12-09 00:00:00.000000000,49 days 00:00:00.000000000,49 days 00:00:00.000000000,0 days 00:00:00.000000000
5874,2015-06-03 00:00:00.000000000,2015-06-03 00:00:00.000000000,2015-06-05 00:00:00.000000000,2014-12-29 00:00:00.000000000,2015-02-20 00:00:00.000000000,2015-02-20 00:00:00.000000000,2014-09-17 00:00:00.000000000,103 days 00:00:00.000000000,103 days 00:00:00.000000000,0 days 00:00:00.000000000
5875,2013-06-04 00:00:00.000000000,2013-06-04 00:00:00.000000000,2013-06-04 00:00:00.000000000,2012-12-14 00:00:00.000000000,2013-01-15 00:00:00.000000000,2013-01-15 00:00:00.000000000,2012-07-27 00:00:00.000000000,140 days 00:00:00.000000000,140 days 00:00:00.000000000,0 days 00:00:00.000000000
5876,2014-11-28 00:00:00.000000000,2014-11-28 00:00:00.000000000,2014-12-16 00:00:00.000000000,2014-04-08 00:00:00.000000000,2014-05-16 00:00:00.000000000,2014-05-16 00:00:00.000000000,2013-09-24 00:00:00.000000000,196 days 00:00:00.000000000,196 days 00:00:00.000000000,0 days 00:00:00.000000000
5877,2011-04-26 00:00:00.000000000,2011-04-12 00:00:00.000000000,2011-04-12 00:00:00.000000000,2010-08-31 00:00:00.000000000,2010-09-24 00:00:00.000000000,2010-09-24 00:00:00.000000000,2010-01-29 00:00:00.000000000,214 days 00:00:00.000000000,200 days 00:00:00.000000000,-14 days +00:00:00.000000000
5878,2015-07-02 00:00:00.000000000,2015-07-02 00:00:00.000000000,2015-07-30 00:00:00.000000000,2015-03-10 00:00:00.000000000,2015-03-16 00:00:00.000000000,2015-03-16 00:00:00.000000000,2014-11-22 00:00:00.000000000,108 days 00:00:00.000000000,108 days 00:00:00.000000000,0 days 00:00:00.000000000
5879,2011-10-31 00:00:00.000000000,2011-10-31 00:00:00.000000000,2011-10-31 00:00:00.000000000,2011-08-05 00:00:00.000000000,2011-08-29 00:00:00.000000000,2011-08-29 00:00:00.000000000,2011-06-03 00:00:00.000000000,63 days 00:00:00.000000000,63 days 00:00:00.000000000,0 days 00:00:00.000000000
5880,2015-06-02 00:00:00.000000000,2015-06-02 00:00:00.000000000,2015-06-03 00:00:00.000000000,2014-10-08 00:00:00.000000000,2014-10-23 00:00:00.000000000,2014-10-23 00:00:00.000000000,2014-02-28 00:00:00.000000000,222 days 00:00:00.000000000,222 days 00:00:00.000000000,0 days 00:00:00.000000000
5881,2009-10-30 00:00:00.000000000,2009-10-30 00:00:00.000000000,2009-10-30 00:00:00.000000000,2009-05-07 00:00:00.000000000,2009-07-21 00:00:00.000000000,2009-07-21 00:00:00.000000000,2009-01-26 00:00:00.000000000,101 days 00:00:00.000000000,101 days 00:00:00.000000000,0 days 00:00:00.000000000
5882,2013-04-16 00:00:00.000000000,2013-04-16 00:00:00.000000000,2013-04-16 00:00:00.000000000,2013-03-18 00:00:00.000000000,1900-01-01 00:00:00.000000000,2013-04-09 00:00:00.000000000,2013-03-11 00:00:00.000000000,7 days 00:00:00.000000000,7 days 00:00:00.000000000,0 days 00:00:00.000000000
5883,2010-07-29 00:00:00.000000000,2010-07-29 00:00:00.000000000,2010-07-29 00:00:00.000000000,2010-03-15 00:00:00.000000000,2010-03-24 00:00:00.000000000,2010-03-24 00:00:00.000000000,2009-11-08 00:00:00.000000000,127 days 00:00:00.000000000,127 days 00:00:00.000000000,0 days 00:00:00.000000000
5884,2015-05-27 00:00:00.000000000,2015-05-27 00:00:00.000000000,2015-05-28 00:00:00.000000000,2014-10-09 00:00:00.000000000,2014-12-15 00:00:00.000000000,2014-12-15 00:00:00.000000000,2014-04-29 00:00:00.000000000,163 days 00:00:00.000000000,163 days 00:00:00.000000000,0 days 00:00:00.000000000
5885,2014-12-19 00:00:00.000000000,2014-12-19 00:00:00.000000000,2014-12-22 00:00:00.000000000,2014-08-19 00:00:00.000000000,2014-09-18 00:00:00.000000000,2014-09-18 00:00:00.000000000,2014-05-19 00:00:00.000000000,92 days 00:00:00.000000000,92 days 00:00:00.000000000,0 days 00:00:00.000000000
5886,2015-03-31 00:00:00.000000000,2015-03-31 00:00:00.000000000,2015-03-31 00:00:00.000000000,2014-12-05 00:00:00.000000000,2014-12-18 00:00:00.000000000,2014-12-18 00:00:00.000000000,2014-08-24 00:00:00.000000000,103 days 00:00:00.000000000,103 days 00:00:00.000000000,0 days 00:00:00.000000000
5887,2014-08-28 00:00:00.000000000,2014-08-28 00:00:00.000000000,2014-08-28 00:00:00.000000000,2014-04-30 00:00:00.000000000,2014-08-28 00:00:00.000000000,2014-08-28 00:00:00.000000000,2014-04-30 00:00:00.000000000,0 days 00:00:00.000000000,0 days 00:00:00.000000000,0 days 00:00:00.000000000
5888,2015-01-09 00:00:00.000000000,2015-01-09 00:00:00.000000000,2015-01-19 00:00:00.000000000,2014-06-17 00:00:00.000000000,2014-07-01 00:00:00.000000000,2014-07-01 00:00:00.000000000,2013-12-07 00:00:00.000000000,192 days 00:00:00.000000000,192 days 00:00:00.000000000,0 days 00:00:00.000000000
5889,2010-01-04 00:00:00.000000000,2010-01-04 00:00:00.000000000,2010-01-04 00:00:00.000000000,2009-10-27 00:00:00.000000000,2009-10-29 00:00:00.000000000,2009-10-29 00:00:00.000000000,2009-08-21 00:00:00.000000000,67 days 00:00:00.000000000,67 days 00:00:00.000000000,0 days 00:00:00.000000000
5890,2011-08-06 00:00:00.000000000,2011-08-06 00:00:00.000000000,2011-08-06 00:00:00.000000000,2011-03-10 00:00:00.000000000,2011-04-01 00:00:00.000000000,2011-04-01 00:00:00.000000000,2010-11-03 00:00:00.000000000,127 days 00:00:00.000000000,127 days 00:00:00.000000000,0 days 00:00:00.000000000
5891,2012-10-09 00:00:00.000000000,2012-10-09 00:00:00.000000000,2012-10-09 00:00:00.000000000,2012-04-11 00:00:00.000000000,2012-06-12 00:00:00.000000000,2012-06-12 00:00:00.000000000,2011-12-14 00:00:00.000000000,119 days 00:00:00.000000000,119 days 00:00:00.000000000,0 days 00:00:00.000000000
5892,2010-12-21 00:00:00.000000000,2010-12-21 00:00:00.000000000,2010-12-21 00:00:00.000000000,2010-09-30 00:00:00.000000000,2010-10-14 00:00:00.000000000,2010-10-14 00:00:00.000000000,2010-07-24 00:00:00.000000000,68 days 00:00:00.000000000,68 days 00:00:00.000000000,0 days 00:00:00.000000000
5893,2014-08-28 00:00:00.000000000,2014-08-28 00:00:00.000000000,2014-08-28 00:00:00.000000000,2014-04-30 00:00:00.000000000,2014-08-28 00:00:00.000000000,2014-08-28 00:00:00.000000000,2014-04-30 00:00:00.000000000,0 days 00:00:00.000000000,0 days 00:00:00.000000000,0 days 00:00:00.000000000
5894,2010-09-06 00:00:00.000000000,2010-09-06 00:00:00.000000000,2010-09-06 00:00:00.000000000,2009-09-09 00:00:00.000000000,2009-09-29 00:00:00.000000000,2009-09-29 00:00:00.000000000,2008-10-02 00:00:00.000000000,342 days 00:00:00.000000000,342 days 00:00:00.000000000,0 days 00:00:00.000000000
5895,2015-06-30 00:00:00.000000000,2015-06-30 00:00:00.000000000,2015-07-02 00:00:00.000000000,2014-12-08 00:00:00.000000000,2015-03-13 00:00:00.000000000,2015-03-13 00:00:00.000000000,2014-08-21 00:00:00.000000000,109 days 00:00:00.000000000,109 days 00:00:00.000000000,0 days 00:00:00.000000000
5896,2010-02-16 00:00:00.000000000,2010-02-16 00:00:00.000000000,2010-02-16 00:00:00.000000000,2009-08-05 00:00:00.000000000,2009-08-18 00:00:00.000000000,2009-08-18 00:00:00.000000000,2009-02-04 00:00:00.000000000,182 days 00:00:00.000000000,182 days 00:00:00.000000000,0 days 00:00:00.000000000
5897,2011-04-18 00:00:00.000000000,2011-04-18 00:00:00.000000000,2011-04-18 00:00:00.000000000,2010-12-29 00:00:00.000000000,2011-01-05 00:00:00.000000000,2011-01-05 00:00:00.000000000,2010-09-17 00:00:00.000000000,103 days 00:00:00.000000000,103 days 00:00:00.000000000,0 days 00:00:00.000000000
5898,2013-08-28 00:00:00.000000000,2013-08-28 00:00:00.000000000,2013-08-28 00:00:00.000000000,2013-06-21 00:00:00.000000000,2013-07-01 00:00:00.000000000,2013-07-01 00:00:00.000000000,2013-04-24 00:00:00.000000000,58 days 00:00:00.000000000,58 days 00:00:00.000000000,0 days 00:00:00.000000000
5899,2009-12-29 00:00:00.000000000,2009-12-29 00:00:00.000000000,2009-12-29 00:00:00.000000000,2009-12-17 00:00:00.000000000,2009-12-23 00:00:00.000000000,2009-12-23 00:00:00.000000000,2009-12-11 00:00:00.000000000,6 days 00:00:00.000000000,6 days 00:00:00.000000000,0 days 00:00:00.000000000
5900,2011-01-11 00:00:00.000000000,2011-03-04 00:00:00.000000000,2011-03-04 00:00:00.000000000,2010-08-31 00:00:00.000000000,2010-09-24 00:00:00.000000000,2010-09-24 00:00:00.000000000,2010-05-14 00:00:00.000000000,109 days 00:00:00.000000000,161 days 00:00:00.000000000,52 days 00:00:00.000000000
5901,2015-02-02 00:00:00.000000000,2015-02-02 00:00:00.000000000,2015-02-02 00:00:00.000000000,2014-07-29 00:00:00.000000000,2014-08-28 00:00:00.000000000,2014-08-28 00:00:00.000000000,2014-02-21 00:00:00.000000000,158 days 00:00:00.000000000,158 days 00:00:00.000000000,0 days 00:00:00.000000000
5902,2015-05-12 00:00:00.000000000,2015-05-12 00:00:00.000000000,2015-05-12 00:00:00.000000000,2014-09-11 00:00:00.000000000,2015-05-11 00:00:00.000000000,2015-05-11 00:00:00.000000000,2014-09-10 00:00:00.000000000,1 days 00:00:00.000000000,1 days 00:00:00.000000000,0 days 00:00:00.000000000
5903,2011-12-22 00:00:00.000000000,2012-01-04 00:00:00.000000000,2012-01-04 00:00:00.000000000,2011-03-10 00:00:00.000000000,2011-09-30 00:00:00.000000000,2011-09-30 00:00:00.000000000,2010-12-17 00:00:00.000000000,83 days 00:00:00.000000000,96 days 00:00:00.000000000,13 days 00:00:00.000000000
5904,2010-04-16 00:00:00.000000000,2010-04-16 00:00:00.000000000,2010-04-16 00:00:00.000000000,2009-11-05 00:00:00.000000000,2009-11-17 00:00:00.000000000,2009-11-17 00:00:00.000000000,2009-06-08 00:00:00.000000000,150 days 00:00:00.000000000,150 days 00:00:00.000000000,0 days 00:00:00.000000000
5905,2014-08-28 00:00:00.000000000,2014-08-28 00:00:00.000000000,2014-08-28 00:00:00.000000000,2014-04-30 00:00:00.000000000,2014-08-28 00:00:00.000000000,2014-08-28 00:00:00.000000000,2014-04-30 00:00:00.000000000,0 days 00:00:00.000000000,0 days 00:00:00.000000000,0 days 00:00:00.000000000
5906,2015-03-13 00:00:00.000000000,2015-03-13 00:00:00.000000000,2015-03-13 00:00:00.000000000,2014-10-22 00:00:00.000000000,2014-12-24 00:00:00.000000000,2014-12-24 00:00:00.000000000,2014-08-04 00:00:00.000000000,79 days 00:00:00.000000000,79 days 00:00:00.000000000,0 days 00:00:00.000000000
5907,2013-09-24 00:00:00.000000000,2013-09-24 00:00:00.000000000,2013-09-24 00:00:00.000000000,2013-05-03 00:00:00.000000000,2013-05-21 00:00:00.000000000,2013-05-21 00:00:00.000000000,2012-12-28 00:00:00.000000000,126 days 00:00:00.000000000,126 days 00:00:00.000000000,0 days 00:00:00.000000000
5908,2011-01-07 00:00:00.000000000,2011-01-07 00:00:00.000000000,2011-01-07 00:00:00.000000000,2010-08-13 00:00:00.000000000,2010-09-27 00:00:00.000000000,2010-09-27 00:00:00.000000000,2010-05-03 00:00:00.000000000,102 days 00:00:00.000000000,102 days 00:00:00.000000000,0 days 00:00:00.000000000
5909,2011-08-12 00:00:00.000000000,2011-08-12 00:00:00.000000000,2011-08-12 00:00:00.000000000,2010-11-26 00:00:00.000000000,2010-12-14 00:00:00.000000000,2010-12-14 00:00:00.000000000,2010-03-30 00:00:00.000000000,241 days 00:00:00.000000000,241 days 00:00:00.000000000,0 days 00:00:00.000000000
5910,2011-09-05 00:00:00.000000000,2011-09-05 00:00:00.000000000,2011-09-05 00:00:00.000000000,2011-03-31 00:00:00.000000000,2011-04-14 00:00:00.000000000,2011-04-14 00:00:00.000000000,2010-11-07 00:00:00.000000000,144 days 00:00:00.000000000,144 days 00:00:00.000000000,0 days 00:00:00.000000000
5911,2013-11-08 00:00:00.000000000,2013-11-08 00:00:00.000000000,2013-11-13 00:00:00.000000000,2013-07-08 00:00:00.000000000,2013-07-30 00:00:00.000000000,2013-07-30 00:00:00.000000000,2013-03-29 00:00:00.000000000,101 days 00:00:00.000000000,101 days 00:00:00.000000000,0 days 00:00:00.000000000
5912,2011-01-12 00:00:00.000000000,2011-01-06 00:00:00.000000000,2011-01-06 00:00:00.000000000,2010-06-02 00:00:00.000000000,2010-06-17 00:00:00.000000000,2010-06-17 00:00:00.000000000,2009-11-05 00:00:00.000000000,209 days 00:00:00.000000000,203 days 00:00:00.000000000,-6 days +00:00:00.000000000
5913,2014-02-14 00:00:00.000000000,2014-02-14 00:00:00.000000000,2014-02-17 00:00:00.000000000,2013-10-28 00:00:00.000000000,2013-12-16 00:00:00.000000000,2013-12-16 00:00:00.000000000,2013-08-29 00:00:00.000000000,60 days 00:00:00.000000000,60 days 00:00:00.000000000,0 days 00:00:00.000000000
5914,2015-01-19 00:00:00.000000000,2015-01-19 00:00:00.000000000,2015-01-22 00:00:00.000000000,2014-09-22 00:00:00.000000000,2014-10-29 00:00:00.000000000,2014-10-29 00:00:00.000000000,2014-07-02 00:00:00.000000000,82 days 00:00:00.000000000,82 days 00:00:00.000000000,0 days 00:00:00.000000000
5915,2014-08-13 00:00:00.000000000,2014-08-13 00:00:00.000000000,2014-08-25 00:00:00.000000000,2014-02-06 00:00:00.000000000,2014-03-10 00:00:00.000000000,2014-03-10 00:00:00.000000000,2013-09-03 00:00:00.000000000,156 days 00:00:00.000000000,156 days 00:00:00.000000000,0 days 00:00:00.000000000
5916,2013-08-14 00:00:00.000000000,2013-08-14 00:00:00.000000000,2013-08-14 00:00:00.000000000,2013-02-07 00:00:00.000000000,2013-03-22 00:00:00.000000000,2013-03-22 00:00:00.000000000,2012-09-15 00:00:00.000000000,145 days 00:00:00.000000000,145 days 00:00:00.000000000,0 days 00:00:00.000000000
5917,2014-08-01 00:00:00.000000000,2014-08-01 00:00:00.000000000,2014-08-12 00:00:00.000000000,2014-03-20 00:00:00.000000000,2014-04-30 00:00:00.000000000,2014-04-30 00:00:00.000000000,2013-12-17 00:00:00.000000000,93 days 00:00:00.000000000,93 days 00:00:00.000000000,0 days 00:00:00.000000000
5918,2010-12-17 00:00:00.000000000,2010-12-17 00:00:00.000000000,2010-12-17 00:00:00.000000000,2010-10-07 00:00:00.000000000,2010-11-04 00:00:00.000000000,2010-11-04 00:00:00.000000000,2010-08-25 00:00:00.000000000,43 days 00:00:00.000000000,43 days 00:00:00.000000000,0 days 00:00:00.000000000
5919,2011-07-26 00:00:00.000000000,2011-07-26 00:00:00.000000000,2011-07-26 00:00:00.000000000,2011-04-21 00:00:00.000000000,2011-05-02 00:00:00.000000000,2011-05-02 00:00:00.000000000,2011-01-26 00:00:00.000000000,85 days 00:00:00.000000000,85 days 00:00:00.000000000,0 days 00:00:00.000000000
5920,2014-08-27 00:00:00.000000000,2014-08-27 00:00:00.000000000,2014-08-27 00:00:00.000000000,2013-07-11 00:00:00.000000000,2014-08-27 00:00:00.000000000,2014-08-27 00:00:00.000000000,2013-07-11 00:00:00.000000000,0 days 00:00:00.000000000,0 days 00:00:00.000000000,0 days 00:00:00.000000000
5921,2010-12-23 00:00:00.000000000,2010-12-23 00:00:00.000000000,2010-12-23 00:00:00.000000000,2010-09-30 00:00:00.000000000,2010-10-15 00:00:00.000000000,2010-10-15 00:00:00.000000000,2010-07-23 00:00:00.000000000,69 days 00:00:00.000000000,69 days 00:00:00.000000000,0 days 00:00:00.000000000
5922,2015-07-23 00:00:00.000000000,2015-07-23 00:00:00.000000000,2015-07-29 00:00:00.000000000,2015-03-10 00:00:00.000000000,2015-03-17 00:00:00.000000000,2015-03-17 00:00:00.000000000,2014-11-02 00:00:00.000000000,128 days 00:00:00.000000000,128 days 00:00:00.000000000,0 days 00:00:00.000000000
5923,2013-04-29 00:00:00.000000000,2013-04-29 00:00:00.000000000,2013-04-29 00:00:00.000000000,2012-12-13 00:00:00.000000000,2013-01-02 00:00:00.000000000,2013-01-02 00:00:00.000000000,2012-08-18 00:00:00.000000000,117 days 00:00:00.000000000,117 days 00:00:00.000000000,0 days 00:00:00.000000000
5924,2012-10-09 00:00:00.000000000,2012-10-09 00:00:00.000000000,2012-10-09 00:00:00.000000000,2012-07-10 00:00:00.000000000,2012-07-12 00:00:00.000000000,2012-07-12 00:00:00.000000000,2012-04-12 00:00:00.000000000,89 days 00:00:00.000000000,89 days 00:00:00.000000000,0 days 00:00:00.000000000
5925,2014-08-19 00:00:00.000000000,2014-08-19 00:00:00.000000000,2014-09-17 00:00:00.000000000,2014-05-16 00:00:00.000000000,2014-06-02 00:00:00.000000000,2014-06-02 00:00:00.000000000,2014-02-27 00:00:00.000000000,78 days 00:00:00.000000000,78 days 00:00:00.000000000,0 days 00:00:00.000000000
5926,2013-01-30 00:00:00.000000000,2013-01-30 00:00:00.000000000,2013-01-30 00:00:00.000000000,2012-09-19 00:00:00.000000000,2012-09-24 00:00:00.000000000,2012-09-24 00:00:00.000000000,2012-05-14 00:00:00.000000000,128 days 00:00:00.000000000,128 days 00:00:00.000000000,0 days 00:00:00.000000000
5927,2015-01-09 00:00:00.000000000,2015-01-09 00:00:00.000000000,2015-01-19 00:00:00.000000000,2014-06-17 00:00:00.000000000,2014-07-01 00:00:00.000000000,2014-07-01 00:00:00.000000000,2013-12-07 00:00:00.000000000,192 days 00:00:00.000000000,192 days 00:00:00.000000000,0 days 00:00:00.000000000
5928,2010-03-23 00:00:00.000000000,2010-03-23 00:00:00.000000000,2010-03-23 00:00:00.000000000,2010-02-02 00:00:00.000000000,2010-02-03 00:00:00.000000000,2010-02-03 00:00:00.000000000,2009-12-16 00:00:00.000000000,48 days 00:00:00.000000000,48 days 00:00:00.000000000,0 days 00:00:00.000000000
5929,2012-08-01 00:00:00.000000000,2012-08-01 00:00:00.000000000,2012-08-01 00:00:00.000000000,2012-03-27 00:00:00.000000000,2012-05-03 00:00:00.000000000,2012-05-03 00:00:00.000000000,2011-12-28 00:00:00.000000000,90 days 00:00:00.000000000,90 days 00:00:00.000000000,0 days 00:00:00.000000000
5930,2012-09-27 00:00:00.000000000,2012-10-04 00:00:00.000000000,2012-10-04 00:00:00.000000000,2012-07-26 00:00:00.000000000,2012-08-09 00:00:00.000000000,2012-08-09 00:00:00.000000000,2012-06-07 00:00:00.000000000,49 days 00:00:00.000000000,56 days 00:00:00.000000000,7 days 00:00:00.000000000
5931,2015-05-12 00:00:00.000000000,2015-05-12 00:00:00.000000000,2015-05-12 00:00:00.000000000,2014-09-11 00:00:00.000000000,2015-05-11 00:00:00.000000000,2015-05-11 00:00:00.000000000,2014-09-10 00:00:00.000000000,1 days 00:00:00.000000000,1 days 00:00:00.000000000,0 days 00:00:00.000000000
5932,2013-03-15 00:00:00.000000000,2013-03-15 00:00:00.000000000,2013-03-15 00:00:00.000000000,2012-08-24 00:00:00.000000000,2012-09-12 00:00:00.000000000,2012-09-12 00:00:00.000000000,2012-02-22 00:00:00.000000000,184 days 00:00:00.000000000,184 days 00:00:00.000000000,0 days 00:00:00.000000000
5933,2012-12-10 00:00:00.000000000,2012-12-10 00:00:00.000000000,2012-12-10 00:00:00.000000000,2012-07-25 00:00:00.000000000,2012-08-14 00:00:00.000000000,2012-08-14 00:00:00.000000000,2012-03-29 00:00:00.000000000,118 days 00:00:00.000000000,118 days 00:00:00.000000000,0 days 00:00:00.000000000
5934,2013-07-05 00:00:00.000000000,2013-07-05 00:00:00.000000000,2013-07-05 00:00:00.000000000,2012-12-13 00:00:00.000000000,2013-01-11 00:00:00.000000000,2013-01-11 00:00:00.000000000,2012-06-21 00:00:00.000000000,175 days 00:00:00.000000000,175 days 00:00:00.000000000,0 days 00:00:00.000000000
5935,2014-12-22 00:00:00.000000000,2014-12-22 00:00:00.000000000,2015-01-13 00:00:00.000000000,2014-06-17 00:00:00.000000000,2014-06-30 00:00:00.000000000,2014-06-30 00:00:00.000000000,2013-12-24 00:00:00.000000000,175 days 00:00:00.000000000,175 days 00:00:00.000000000,0 days 00:00:00.000000000
5936,2014-04-28 00:00:00.000000000,2014-04-28 00:00:00.000000000,2014-04-28 00:00:00.000000000,2014-03-12 00:00:00.000000000,2014-04-03 00:00:00.000000000,2014-04-03 00:00:00.000000000,2014-02-15 00:00:00.000000000,25 days 00:00:00.000000000,25 days 00:00:00.000000000,0 days 00:00:00.000000000
5937,2013-08-19 00:00:00.000000000,2013-08-19 00:00:00.000000000,2013-08-19 00:00:00.000000000,2013-05-14 00:00:00.000000000,2013-06-07 00:00:00.000000000,2013-06-07 00:00:00.000000000,2013-03-02 00:00:00.000000000,73 days 00:00:00.000000000,73 days 00:00:00.000000000,0 days 00:00:00.000000000
5938,2012-09-09 00:00:00.000000000,2012-09-09 00:00:00.000000000,2012-09-09 00:00:00.000000000,2012-07-05 00:00:00.000000000,2012-07-16 00:00:00.000000000,2012-07-16 00:00:00.000000000,2012-05-11 00:00:00.000000000,55 days 00:00:00.000000000,55 days 00:00:00.000000000,0 days 00:00:00.000000000
5939,2010-01-18 00:00:00.000000000,2010-01-18 00:00:00.000000000,2010-01-18 00:00:00.000000000,2009-09-16 00:00:00.000000000,2009-10-23 00:00:00.000000000,2009-10-23 00:00:00.000000000,2009-06-21 00:00:00.000000000,87 days 00:00:00.000000000,87 days 00:00:00.000000000,0 days 00:00:00.000000000
5940,2011-12-07 00:00:00.000000000,2011-12-07 00:00:00.000000000,2011-12-07 00:00:00.000000000,2011-03-10 00:00:00.000000000,2011-03-23 00:00:00.000000000,2011-03-23 00:00:00.000000000,2010-06-24 00:00:00.000000000,259 days 00:00:00.000000000,259 days 00:00:00.000000000,0 days 00:00:00.000000000
5941,2014-07-20 00:00:00.000000000,2014-07-20 00:00:00.000000000,2014-08-01 00:00:00.000000000,2014-04-30 00:00:00.000000000,2014-05-21 00:00:00.000000000,2014-05-21 00:00:00.000000000,2014-03-01 00:00:00.000000000,60 days 00:00:00.000000000,60 days 00:00:00.000000000,0 days 00:00:00.000000000
5942,2011-10-31 00:00:00.000000000,2011-10-31 00:00:00.000000000,2011-10-31 00:00:00.000000000,2011-08-04 00:00:00.000000000,2011-08-18 00:00:00.000000000,2011-08-18 00:00:00.000000000,2011-05-22 00:00:00.000000000,74 days 00:00:00.000000000,74 days 00:00:00.000000000,0 days 00:00:00.000000000
5943,2010-03-03 00:00:00.000000000,2010-03-03 00:00:00.000000000,2010-03-03 00:00:00.000000000,2009-09-09 00:00:00.000000000,2009-09-29 00:00:00.000000000,2009-09-29 00:00:00.000000000,2009-04-07 00:00:00.000000000,155 days 00:00:00.000000000,155 days 00:00:00.000000000,0 days 00:00:00.000000000
5944,2014-07-17 00:00:00.000000000,2014-07-17 00:00:00.000000000,2014-07-17 00:00:00.000000000,2014-03-24 00:00:00.000000000,2014-05-07 00:00:00.000000000,2014-05-07 00:00:00.000000000,2014-01-12 00:00:00.000000000,71 days 00:00:00.000000000,71 days 00:00:00.000000000,0 days 00:00:00.000000000
5945,2015-07-02 00:00:00.000000000,2015-07-07 00:00:00.000000000,2015-07-07 00:00:00.000000000,2014-12-29 00:00:00.000000000,2015-02-20 00:00:00.000000000,2015-02-20 00:00:00.000000000,2014-08-19 00:00:00.000000000,132 days 00:00:00.000000000,137 days 00:00:00.000000000,5 days 00:00:00.000000000
5946,2009-08-05 00:00:00.000000000,2009-08-05 00:00:00.000000000,2009-08-05 00:00:00.000000000,2009-05-07 00:00:00.000000000,2009-07-21 00:00:00.000000000,2009-07-21 00:00:00.000000000,2009-04-22 00:00:00.000000000,15 days 00:00:00.000000000,15 days 00:00:00.000000000,0 days 00:00:00.000000000
5947,2012-08-04 00:00:00.000000000,2012-08-04 00:00:00.000000000,2012-08-04 00:00:00.000000000,2012-06-04 00:00:00.000000000,2012-06-12 00:00:00.000000000,2012-06-12 00:00:00.000000000,2012-04-12 00:00:00.000000000,53 days 00:00:00.000000000,53 days 00:00:00.000000000,0 days 00:00:00.000000000
5948,2015-02-19 00:00:00.000000000,2015-02-19 00:00:00.000000000,2015-02-19 00:00:00.000000000,2014-04-30 00:00:00.000000000,2014-05-08 00:00:00.000000000,2014-05-08 00:00:00.000000000,2013-07-17 00:00:00.000000000,287 days 00:00:00.000000000,287 days 00:00:00.000000000,0 days 00:00:00.000000000
5949,2011-04-26 00:00:00.000000000,2011-06-08 00:00:00.000000000,2011-06-08 00:00:00.000000000,2010-08-31 00:00:00.000000000,2010-09-24 00:00:00.000000000,2010-09-24 00:00:00.000000000,2010-01-29 00:00:00.000000000,214 days 00:00:00.000000000,257 days 00:00:00.000000000,43 days 00:00:00.000000000
5950,2013-11-01 00:00:00.000000000,2013-11-01 00:00:00.000000000,2013-11-06 00:00:00.000000000,2013-03-01 00:00:00.000000000,2013-03-01 00:00:00.000000000,2013-03-01 00:00:00.000000000,2012-06-29 00:00:00.000000000,245 days 00:00:00.000000000,245 days 00:00:00.000000000,0 days 00:00:00.000000000
5951,2014-10-28 00:00:00.000000000,2014-10-28 00:00:00.000000000,2014-11-21 00:00:00.000000000,2014-03-20 00:00:00.000000000,2014-05-30 00:00:00.000000000,2014-05-30 00:00:00.000000000,2013-10-20 00:00:00.000000000,151 days 00:00:00.000000000,151 days 00:00:00.000000000,0 days 00:00:00.000000000
5952,2014-06-24 00:00:00.000000000,2014-06-24 00:00:00.000000000,2014-06-24 00:00:00.000000000,2013-10-03 00:00:00.000000000,2013-10-31 00:00:00.000000000,2013-10-31 00:00:00.000000000,2013-02-09 00:00:00.000000000,236 days 00:00:00.000000000,236 days 00:00:00.000000000,0 days 00:00:00.000000000
5953,2014-01-10 00:00:00.000000000,2014-01-10 00:00:00.000000000,2014-01-10 00:00:00.000000000,2013-08-13 00:00:00.000000000,2013-09-17 00:00:00.000000000,2013-09-17 00:00:00.000000000,2013-04-20 00:00:00.000000000,115 days 00:00:00.000000000,115 days 00:00:00.000000000,0 days 00:00:00.000000000
5954,2014-07-23 00:00:00.000000000,2014-07-23 00:00:00.000000000,2014-07-29 00:00:00.000000000,2014-04-01 00:00:00.000000000,2014-05-26 00:00:00.000000000,2014-05-26 00:00:00.000000000,2014-02-02 00:00:00.000000000,58 days 00:00:00.000000000,58 days 00:00:00.000000000,0 days 00:00:00.000000000
5955,2012-04-02 00:00:00.000000000,2012-04-02 00:00:00.000000000,2012-04-02 00:00:00.000000000,2012-01-19 00:00:00.000000000,2012-02-06 00:00:00.000000000,2012-02-06 00:00:00.000000000,2011-11-24 00:00:00.000000000,56 days 00:00:00.000000000,56 days 00:00:00.000000000,0 days 00:00:00.000000000
5956,2013-05-22 00:00:00.000000000,2013-05-22 00:00:00.000000000,2013-05-22 00:00:00.000000000,2013-02-13 00:00:00.000000000,2013-03-28 00:00:00.000000000,2013-03-28 00:00:00.000000000,2012-12-20 00:00:00.000000000,55 days 00:00:00.000000000,55 days 00:00:00.000000000,0 days 00:00:00.000000000
5957,2013-10-10 00:00:00.000000000,2013-10-10 00:00:00.000000000,2013-10-18 00:00:00.000000000,2013-07-26 00:00:00.000000000,2013-08-06 00:00:00.000000000,2013-08-06 00:00:00.000000000,2013-05-22 00:00:00.000000000,65 days 00:00:00.000000000,65 days 00:00:00.000000000,0 days 00:00:00.000000000
5958,2013-04-16 00:00:00.000000000,2013-04-16 00:00:00.000000000,2013-04-16 00:00:00.000000000,2013-03-18 00:00:00.000000000,1900-01-01 00:00:00.000000000,2013-04-09 00:00:00.000000000,2013-03-11 00:00:00.000000000,7 days 00:00:00.000000000,7 days 00:00:00.000000000,0 days 00:00:00.000000000
5959,2011-07-05 00:00:00.000000000,2011-07-05 00:00:00.000000000,2011-07-05 00:00:00.000000000,2011-03-31 00:00:00.000000000,2011-04-14 00:00:00.000000000,2011-04-14 00:00:00.000000000,2011-01-08 00:00:00.000000000,82 days 00:00:00.000000000,82 days 00:00:00.000000000,0 days 00:00:00.000000000
5960,2011-08-03 00:00:00.000000000,2011-08-03 00:00:00.000000000,2011-08-03 00:00:00.000000000,2011-05-12 00:00:00.000000000,2011-05-31 00:00:00.000000000,2011-05-31 00:00:00.000000000,2011-03-09 00:00:00.000000000,64 days 00:00:00.000000000,64 days 00:00:00.000000000,0 days 00:00:00.000000000
5961,2015-06-24 00:00:00.000000000,2015-06-24 00:00:00.000000000,2015-06-30 00:00:00.000000000,2015-05-04 00:00:00.000000000,2015-05-07 00:00:00.000000000,2015-05-07 00:00:00.000000000,2015-03-17 00:00:00.000000000,48 days 00:00:00.000000000,48 days 00:00:00.000000000,0 days 00:00:00.000000000
5962,2014-08-22 00:00:00.000000000,2014-08-22 00:00:00.000000000,2014-08-26 00:00:00.000000000,2014-03-25 00:00:00.000000000,2014-06-30 00:00:00.000000000,2014-06-30 00:00:00.000000000,2014-01-31 00:00:00.000000000,53 days 00:00:00.000000000,53 days 00:00:00.000000000,0 days 00:00:00.000000000
5963,2010-04-20 00:00:00.000000000,2010-04-20 00:00:00.000000000,2010-04-20 00:00:00.000000000,2009-09-09 00:00:00.000000000,2009-09-30 00:00:00.000000000,2009-09-30 00:00:00.000000000,2009-02-19 00:00:00.000000000,202 days 00:00:00.000000000,202 days 00:00:00.000000000,0 days 00:00:00.000000000
5964,2012-06-15 00:00:00.000000000,2012-06-15 00:00:00.000000000,2012-06-15 00:00:00.000000000,2012-01-17 00:00:00.000000000,2012-04-05 00:00:00.000000000,2012-04-05 00:00:00.000000000,2011-11-07 00:00:00.000000000,71 days 00:00:00.000000000,71 days 00:00:00.000000000,0 days 00:00:00.000000000
5965,2015-03-19 00:00:00.000000000,2015-03-19 00:00:00.000000000,2015-03-19 00:00:00.000000000,2014-12-05 00:00:00.000000000,2014-12-18 00:00:00.000000000,2014-12-18 00:00:00.000000000,2014-09-05 00:00:00.000000000,91 days 00:00:00.000000000,91 days 00:00:00.000000000,0 days 00:00:00.000000000
5966,2014-08-25 00:00:00.000000000,2014-08-25 00:00:00.000000000,2014-08-28 00:00:00.000000000,2013-08-23 00:00:00.000000000,2013-10-08 00:00:00.000000000,2013-10-08 00:00:00.000000000,2012-10-06 00:00:00.000000000,321 days 00:00:00.000000000,321 days 00:00:00.000000000,0 days 00:00:00.000000000
5967,2011-11-04 00:00:00.000000000,2011-11-04 00:00:00.000000000,2011-11-04 00:00:00.000000000,2011-08-05 00:00:00.000000000,2011-08-28 00:00:00.000000000,2011-08-28 00:00:00.000000000,2011-05-29 00:00:00.000000000,68 days 00:00:00.000000000,68 days 00:00:00.000000000,0 days 00:00:00.000000000
5968,2012-11-28 00:00:00.000000000,2012-11-29 00:00:00.000000000,2012-11-29 00:00:00.000000000,2012-07-17 00:00:00.000000000,2012-08-13 00:00:00.000000000,2012-08-13 00:00:00.000000000,2012-04-01 00:00:00.000000000,107 days 00:00:00.000000000,108 days 00:00:00.000000000,1 days 00:00:00.000000000
5969,2015-06-30 00:00:00.000000000,2015-06-29 00:00:00.000000000,2015-07-02 00:00:00.000000000,2014-12-08 00:00:00.000000000,2015-03-13 00:00:00.000000000,2015-03-13 00:00:00.000000000,2014-08-21 00:00:00.000000000,109 days 00:00:00.000000000,108 days 00:00:00.000000000,-1 days +00:00:00.000000000
5970,2011-05-31 00:00:00.000000000,2011-06-13 00:00:00.000000000,2011-06-13 00:00:00.000000000,2010-11-26 00:00:00.000000000,2010-12-14 00:00:00.000000000,2010-12-14 00:00:00.000000000,2010-06-11 00:00:00.000000000,168 days 00:00:00.000000000,181 days 00:00:00.000000000,13 days 00:00:00.000000000
5971,2012-07-16 00:00:00.000000000,2012-07-16 00:00:00.000000000,2012-07-16 00:00:00.000000000,2012-04-12 00:00:00.000000000,2012-05-02 00:00:00.000000000,2012-05-02 00:00:00.000000000,2012-01-28 00:00:00.000000000,75 days 00:00:00.000000000,75 days 00:00:00.000000000,0 days 00:00:00.000000000
5972,2015-01-20 00:00:00.000000000,2015-01-20 00:00:00.000000000,2015-01-21 00:00:00.000000000,2014-09-24 00:00:00.000000000,2014-11-14 00:00:00.000000000,2014-11-14 00:00:00.000000000,2014-07-19 00:00:00.000000000,67 days 00:00:00.000000000,67 days 00:00:00.000000000,0 days 00:00:00.000000000
5973,2013-03-15 00:00:00.000000000,2013-03-15 00:00:00.000000000,2013-03-15 00:00:00.000000000,2012-12-12 00:00:00.000000000,2012-12-26 00:00:00.000000000,2012-12-26 00:00:00.000000000,2012-09-24 00:00:00.000000000,79 days 00:00:00.000000000,79 days 00:00:00.000000000,0 days 00:00:00.000000000
5974,2010-12-15 00:00:00.000000000,2010-12-15 00:00:00.000000000,2010-12-15 00:00:00.000000000,2010-08-31 00:00:00.000000000,2010-09-21 00:00:00.000000000,2010-09-21 00:00:00.000000000,2010-06-07 00:00:00.000000000,85 days 00:00:00.000000000,85 days 00:00:00.000000000,0 days 00:00:00.000000000
5975,2013-04-16 00:00:00.000000000,2013-04-16 00:00:00.000000000,2013-04-16 00:00:00.000000000,2013-03-18 00:00:00.000000000,1900-01-01 00:00:00.000000000,2013-04-09 00:00:00.000000000,2013-03-11 00:00:00.000000000,7 days 00:00:00.000000000,7 days 00:00:00.000000000,0 days 00:00:00.000000000
5976,2012-06-28 00:00:00.000000000,2012-06-28 00:00:00.000000000,2012-06-28 00:00:00.000000000,2011-11-30 00:00:00.000000000,2012-03-09 00:00:00.000000000,2012-03-09 00:00:00.000000000,2011-08-11 00:00:00.000000000,111 days 00:00:00.000000000,111 days 00:00:00.000000000,0 days 00:00:00.000000000
5977,2014-12-17 00:00:00.000000000,2014-12-17 00:00:00.000000000,2014-12-17 00:00:00.000000000,2014-07-09 00:00:00.000000000,2014-08-11 00:00:00.000000000,2014-08-11 00:00:00.000000000,2014-03-03 00:00:00.000000000,128 days 00:00:00.000000000,128 days 00:00:00.000000000,0 days 00:00:00.000000000
5978,2011-12-19 00:00:00.000000000,2011-12-09 00:00:00.000000000,2011-12-09 00:00:00.000000000,2011-07-28 00:00:00.000000000,2011-08-15 00:00:00.000000000,2011-08-15 00:00:00.000000000,2011-03-24 00:00:00.000000000,126 days 00:00:00.000000000,116 days 00:00:00.000000000,-10 days +00:00:00.000000000
5979,2015-01-26 00:00:00.000000000,2015-01-26 00:00:00.000000000,2015-01-26 00:00:00.000000000,2014-09-11 00:00:00.000000000,2015-01-26 00:00:00.000000000,2015-01-26 00:00:00.000000000,2014-09-11 00:00:00.000000000,0 days 00:00:00.000000000,0 days 00:00:00.000000000,0 days 00:00:00.000000000
5980,2012-10-02 00:00:00.000000000,2012-10-02 00:00:00.000000000,2012-10-02 00:00:00.000000000,2012-04-11 00:00:00.000000000,2012-06-11 00:00:00.000000000,2012-06-11 00:00:00.000000000,2011-12-20 00:00:00.000000000,113 days 00:00:00.000000000,113 days 00:00:00.000000000,0 days 00:00:00.000000000
5981,2014-08-29 00:00:00.000000000,2014-08-29 00:00:00.000000000,2014-09-23 00:00:00.000000000,2014-03-19 00:00:00.000000000,2014-05-27 00:00:00.000000000,2014-05-27 00:00:00.000000000,2013-12-15 00:00:00.000000000,94 days 00:00:00.000000000,94 days 00:00:00.000000000,0 days 00:00:00.000000000
5982,2014-12-17 00:00:00.000000000,2014-12-17 00:00:00.000000000,2014-12-17 00:00:00.000000000,2014-07-09 00:00:00.000000000,2014-08-11 00:00:00.000000000,2014-08-11 00:00:00.000000000,2014-03-03 00:00:00.000000000,128 days 00:00:00.000000000,128 days 00:00:00.000000000,0 days 00:00:00.000000000
5983,2014-11-04 00:00:00.000000000,2014-11-04 00:00:00.000000000,2014-11-06 00:00:00.000000000,2014-04-12 00:00:00.000000000,2014-05-23 00:00:00.000000000,2014-05-23 00:00:00.000000000,2013-10-29 00:00:00.000000000,165 days 00:00:00.000000000,165 days 00:00:00.000000000,0 days 00:00:00.000000000
5984,2013-07-20 00:00:00.000000000,2013-07-20 00:00:00.000000000,2013-07-20 00:00:00.000000000,2013-01-24 00:00:00.000000000,2013-02-26 00:00:00.000000000,2013-02-26 00:00:00.000000000,2012-09-02 00:00:00.000000000,144 days 00:00:00.000000000,144 days 00:00:00.000000000,0 days 00:00:00.000000000
5985,2014-09-05 00:00:00.000000000,2014-09-05 00:00:00.000000000,2014-09-16 00:00:00.000000000,2014-04-23 00:00:00.000000000,2014-05-20 00:00:00.000000000,2014-05-20 00:00:00.000000000,2014-01-05 00:00:00.000000000,108 days 00:00:00.000000000,108 days 00:00:00.000000000,0 days 00:00:00.000000000
5986,2015-05-12 00:00:00.000000000,2015-05-12 00:00:00.000000000,2015-05-12 00:00:00.000000000,2014-09-11 00:00:00.000000000,2015-05-11 00:00:00.000000000,2015-05-11 00:00:00.000000000,2014-09-10 00:00:00.000000000,1 days 00:00:00.000000000,1 days 00:00:00.000000000,0 days 00:00:00.000000000
5987,2013-04-16 00:00:00.000000000,2013-04-16 00:00:00.000000000,2013-04-16 00:00:00.000000000,2013-03-18 00:00:00.000000000,1900-01-01 00:00:00.000000000,2013-04-09 00:00:00.000000000,2013-03-11 00:00:00.000000000,7 days 00:00:00.000000000,7 days 00:00:00.000000000,0 days 00:00:00.000000000
5988,2013-02-26 00:00:00.000000000,2013-02-26 00:00:00.000000000,2013-02-26 00:00:00.000000000,2012-12-17 00:00:00.000000000,2013-01-11 00:00:00.000000000,2013-01-11 00:00:00.000000000,2012-11-01 00:00:00.000000000,46 days 00:00:00.000000000,46 days 00:00:00.000000000,0 days 00:00:00.000000000
5989,2009-11-16 00:00:00.000000000,2009-11-16 00:00:00.000000000,2009-11-16 00:00:00.000000000,2009-08-03 00:00:00.000000000,2009-08-07 00:00:00.000000000,2009-08-07 00:00:00.000000000,2009-04-24 00:00:00.000000000,101 days 00:00:00.000000000,101 days 00:00:00.000000000,0 days 00:00:00.000000000
5990,2015-05-05 00:00:00.000000000,2015-04-22 00:00:00.000000000,2015-04-23 00:00:00.000000000,2014-10-10 00:00:00.000000000,2014-11-05 00:00:00.000000000,2014-11-05 00:00:00.000000000,2014-04-12 00:00:00.000000000,181 days 00:00:00.000000000,168 days 00:00:00.000000000,-13 days +00:00:00.000000000
5991,2014-08-28 00:00:00.000000000,2014-08-28 00:00:00.000000000,2014-08-28 00:00:00.000000000,2014-04-30 00:00:00.000000000,2014-08-28 00:00:00.000000000,2014-08-28 00:00:00.000000000,2014-04-30 00:00:00.000000000,0 days 00:00:00.000000000,0 days 00:00:00.000000000,0 days 00:00:00.000000000
5992,2010-03-29 00:00:00.000000000,2010-03-29 00:00:00.000000000,2010-03-29 00:00:00.000000000,2009-01-04 00:00:00.000000000,2010-01-12 00:00:00.000000000,2010-01-12 00:00:00.000000000,2008-10-20 00:00:00.000000000,76 days 00:00:00.000000000,76 days 00:00:00.000000000,0 days 00:00:00.000000000
5993,2013-04-29 00:00:00.000000000,2013-04-29 00:00:00.000000000,2013-04-29 00:00:00.000000000,2013-01-03 00:00:00.000000000,2013-01-11 00:00:00.000000000,2013-01-11 00:00:00.000000000,2012-09-17 00:00:00.000000000,108 days 00:00:00.000000000,108 days 00:00:00.000000000,0 days 00:00:00.000000000
5994,2014-09-22 00:00:00.000000000,2014-09-22 00:00:00.000000000,2014-11-04 00:00:00.000000000,2014-04-08 00:00:00.000000000,2014-04-30 00:00:00.000000000,2014-04-30 00:00:00.000000000,2013-11-14 00:00:00.000000000,145 days 00:00:00.000000000,145 days 00:00:00.000000000,0 days 00:00:00.000000000
5995,2014-08-29 00:00:00.000000000,2014-08-29 00:00:00.000000000,2014-08-29 00:00:00.000000000,2013-07-11 00:00:00.000000000,2014-08-29 00:00:00.000000000,2014-08-29 00:00:00.000000000,2013-07-11 00:00:00.000000000,0 days 00:00:00.000000000,0 days 00:00:00.000000000,0 days 00:00:00.000000000
5996,2015-01-23 00:00:00.000000000,2015-01-23 00:00:00.000000000,2015-01-23 00:00:00.000000000,2014-01-23 00:00:00.000000000,2014-02-27 00:00:00.000000000,2014-02-27 00:00:00.000000000,2013-02-27 00:00:00.000000000,330 days 00:00:00.000000000,330 days 00:00:00.000000000,0 days 00:00:00.000000000
5997,2011-08-08 00:00:00.000000000,2011-08-08 00:00:00.000000000,2011-08-08 00:00:00.000000000,2011-05-06 00:00:00.000000000,2011-05-19 00:00:00.000000000,2011-05-19 00:00:00.000000000,2011-02-14 00:00:00.000000000,81 days 00:00:00.000000000,81 days 00:00:00.000000000,0 days 00:00:00.000000000
5998,2015-05-25 00:00:00.000000000,2015-05-25 00:00:00.000000000,2015-05-26 00:00:00.000000000,2014-09-24 00:00:00.000000000,2014-11-14 00:00:00.000000000,2014-11-14 00:00:00.000000000,2014-03-16 00:00:00.000000000,192 days 00:00:00.000000000,192 days 00:00:00.000000000,0 days 00:00:00.000000000
5999,2013-04-19 00:00:00.000000000,2013-04-19 00:00:00.000000000,2013-04-19 00:00:00.000000000,2012-10-10 00:00:00.000000000,2012-10-22 00:00:00.000000000,2012-10-22 00:00:00.000000000,2012-04-14 00:00:00.000000000,179 days 00:00:00.000000000,179 days 00:00:00.000000000,0 days 00:00:00.000000000
6000,2014-03-27 00:00:00.000000000,2014-03-27 00:00:00.000000000,2014-05-08 00:00:00.000000000,2013-06-21 00:00:00.000000000,2013-08-12 00:00:00.000000000,2013-08-12 00:00:00.000000000,2012-11-06 00:00:00.000000000,227 days 00:00:00.000000000,227 days 00:00:00.000000000,0 days 00:00:00.000000000
6001,2013-05-15 00:00:00.000000000,2013-05-15 00:00:00.000000000,2013-05-15 00:00:00.000000000,2012-10-15 00:00:00.000000000,2012-07-11 00:00:00.000000000,2012-07-11 00:00:00.000000000,2011-12-12 00:00:00.000000000,308 days 00:00:00.000000000,308 days 00:00:00.000000000,0 days 00:00:00.000000000
6002,2012-08-22 00:00:00.000000000,2012-08-22 00:00:00.000000000,2012-08-22 00:00:00.000000000,2012-04-11 00:00:00.000000000,2012-06-12 00:00:00.000000000,2012-06-12 00:00:00.000000000,2012-01-31 00:00:00.000000000,71 days 00:00:00.000000000,71 days 00:00:00.000000000,0 days 00:00:00.000000000
6003,2015-04-09 00:00:00.000000000,2015-04-09 00:00:00.000000000,2015-04-13 00:00:00.000000000,2014-10-22 00:00:00.000000000,2015-01-07 00:00:00.000000000,2015-01-07 00:00:00.000000000,2014-07-22 00:00:00.000000000,92 days 00:00:00.000000000,92 days 00:00:00.000000000,0 days 00:00:00.000000000
6004,2011-10-19 00:00:00.000000000,2011-10-18 00:00:00.000000000,2011-10-18 00:00:00.000000000,2011-04-07 00:00:00.000000000,2011-05-05 00:00:00.000000000,2011-05-05 00:00:00.000000000,2010-10-22 00:00:00.000000000,167 days 00:00:00.000000000,166 days 00:00:00.000000000,-1 days +00:00:00.000000000
6005,2010-10-13 00:00:00.000000000,2010-10-13 00:00:00.000000000,2010-10-13 00:00:00.000000000,2010-06-23 00:00:00.000000000,2010-07-01 00:00:00.000000000,2010-07-01 00:00:00.000000000,2010-03-11 00:00:00.000000000,104 days 00:00:00.000000000,104 days 00:00:00.000000000,0 days 00:00:00.000000000
6006,2014-08-27 00:00:00.000000000,2014-08-27 00:00:00.000000000,2014-08-27 00:00:00.000000000,2013-07-11 00:00:00.000000000,2014-08-27 00:00:00.000000000,2014-08-27 00:00:00.000000000,2013-07-11 00:00:00.000000000,0 days 00:00:00.000000000,0 days 00:00:00.000000000,0 days 00:00:00.000000000
6007,2012-07-12 00:00:00.000000000,2012-07-12 00:00:00.000000000,2012-07-12 00:00:00.000000000,2012-06-07 00:00:00.000000000,2012-06-12 00:00:00.000000000,2012-06-12 00:00:00.000000000,2012-05-08 00:00:00.000000000,30 days 00:00:00.000000000,30 days 00:00:00.000000000,0 days 00:00:00.000000000
6008,2014-08-29 00:00:00.000000000,2014-08-29 00:00:00.000000000,2014-08-29 00:00:00.000000000,2013-07-11 00:00:00.000000000,2014-08-29 00:00:00.000000000,2014-08-29 00:00:00.000000000,2013-07-11 00:00:00.000000000,0 days 00:00:00.000000000,0 days 00:00:00.000000000,0 days 00:00:00.000000000
6009,2012-08-02 00:00:00.000000000,2012-08-02 00:00:00.000000000,2012-08-02 00:00:00.000000000,2011-12-07 00:00:00.000000000,2012-05-18 00:00:00.000000000,2012-05-18 00:00:00.000000000,2011-09-22 00:00:00.000000000,76 days 00:00:00.000000000,76 days 00:00:00.000000000,0 days 00:00:00.000000000
6010,2014-02-07 00:00:00.000000000,2014-02-07 00:00:00.000000000,2014-02-07 00:00:00.000000000,2013-07-11 00:00:00.000000000,2013-08-13 00:00:00.000000000,2013-08-13 00:00:00.000000000,2013-01-14 00:00:00.000000000,178 days 00:00:00.000000000,178 days 00:00:00.000000000,0 days 00:00:00.000000000
6011,2012-06-29 00:00:00.000000000,2012-06-29 00:00:00.000000000,2012-06-29 00:00:00.000000000,2011-10-26 00:00:00.000000000,2011-11-11 00:00:00.000000000,2011-11-11 00:00:00.000000000,2011-03-09 00:00:00.000000000,231 days 00:00:00.000000000,231 days 00:00:00.000000000,0 days 00:00:00.000000000
6012,2014-02-06 00:00:00.000000000,2014-02-06 00:00:00.000000000,2014-02-06 00:00:00.000000000,2013-10-08 00:00:00.000000000,2013-12-02 00:00:00.000000000,2013-12-02 00:00:00.000000000,2013-08-03 00:00:00.000000000,66 days 00:00:00.000000000,66 days 00:00:00.000000000,0 days 00:00:00.000000000
6013,2010-06-11 00:00:00.000000000,2010-06-11 00:00:00.000000000,2010-06-11 00:00:00.000000000,2010-03-01 00:00:00.000000000,2010-03-12 00:00:00.000000000,2010-03-12 00:00:00.000000000,2009-11-30 00:00:00.000000000,91 days 00:00:00.000000000,91 days 00:00:00.000000000,0 days 00:00:00.000000000
6014,2011-02-01 00:00:00.000000000,2011-02-01 00:00:00.000000000,2011-02-01 00:00:00.000000000,2010-06-02 00:00:00.000000000,2010-06-17 00:00:00.000000000,2010-06-17 00:00:00.000000000,2009-10-16 00:00:00.000000000,229 days 00:00:00.000000000,229 days 00:00:00.000000000,0 days 00:00:00.000000000
6015,2015-07-02 00:00:00.000000000,2015-07-07 00:00:00.000000000,2015-07-07 00:00:00.000000000,2014-12-29 00:00:00.000000000,2015-02-20 00:00:00.000000000,2015-02-20 00:00:00.000000000,2014-08-19 00:00:00.000000000,132 days 00:00:00.000000000,137 days 00:00:00.000000000,5 days 00:00:00.000000000
6016,2015-08-07 00:00:00.000000000,2015-08-07 00:00:00.000000000,2015-08-10 00:00:00.000000000,2015-05-04 00:00:00.000000000,2015-05-07 00:00:00.000000000,2015-05-07 00:00:00.000000000,2015-02-01 00:00:00.000000000,92 days 00:00:00.000000000,92 days 00:00:00.000000000,0 days 00:00:00.000000000
6017,2014-04-28 00:00:00.000000000,2014-04-28 00:00:00.000000000,2014-04-28 00:00:00.000000000,2014-03-12 00:00:00.000000000,2014-04-03 00:00:00.000000000,2014-04-03 00:00:00.000000000,2014-02-15 00:00:00.000000000,25 days 00:00:00.000000000,25 days 00:00:00.000000000,0 days 00:00:00.000000000
6018,2015-07-03 00:00:00.000000000,2015-07-03 00:00:00.000000000,2015-07-13 00:00:00.000000000,2014-10-22 00:00:00.000000000,2014-12-24 00:00:00.000000000,2014-12-24 00:00:00.000000000,2014-04-14 00:00:00.000000000,191 days 00:00:00.000000000,191 days 00:00:00.000000000,0 days 00:00:00.000000000
6019,2010-08-24 00:00:00.000000000,2010-08-24 00:00:00.000000000,2010-08-24 00:00:00.000000000,2010-03-18 00:00:00.000000000,2010-03-19 00:00:00.000000000,2010-03-19 00:00:00.000000000,2009-10-11 00:00:00.000000000,158 days 00:00:00.000000000,158 days 00:00:00.000000000,0 days 00:00:00.000000000
6020,2009-08-25 00:00:00.000000000,2009-08-25 00:00:00.000000000,2009-08-25 00:00:00.000000000,2009-07-17 00:00:00.000000000,2009-07-25 00:00:00.000000000,2009-07-25 00:00:00.000000000,2009-06-16 00:00:00.000000000,31 days 00:00:00.000000000,31 days 00:00:00.000000000,0 days 00:00:00.000000000
6021,2010-06-13 00:00:00.000000000,2010-06-13 00:00:00.000000000,2010-06-13 00:00:00.000000000,2009-07-28 00:00:00.000000000,2009-08-18 00:00:00.000000000,2009-08-18 00:00:00.000000000,2008-10-02 00:00:00.000000000,299 days 00:00:00.000000000,299 days 00:00:00.000000000,0 days 00:00:00.000000000
6022,2014-10-01 00:00:00.000000000,2014-10-01 00:00:00.000000000,2014-10-01 00:00:00.000000000,2014-04-30 00:00:00.000000000,2014-05-20 00:00:00.000000000,2014-05-20 00:00:00.000000000,2013-12-17 00:00:00.000000000,134 days 00:00:00.000000000,134 days 00:00:00.000000000,0 days 00:00:00.000000000
6023,2012-03-27 00:00:00.000000000,2012-03-27 00:00:00.000000000,2012-03-27 00:00:00.000000000,2012-01-06 00:00:00.000000000,2012-02-24 00:00:00.000000000,2012-02-24 00:00:00.000000000,2011-12-05 00:00:00.000000000,32 days 00:00:00.000000000,32 days 00:00:00.000000000,0 days 00:00:00.000000000
6024,2010-07-29 00:00:00.000000000,2010-07-30 00:00:00.000000000,2010-07-30 00:00:00.000000000,2009-11-18 00:00:00.000000000,2010-05-27 00:00:00.000000000,2010-05-27 00:00:00.000000000,2009-09-16 00:00:00.000000000,63 days 00:00:00.000000000,64 days 00:00:00.000000000,1 days 00:00:00.000000000
6025,2015-03-26 00:00:00.000000000,2015-03-26 00:00:00.000000000,2015-03-31 00:00:00.000000000,2014-08-19 00:00:00.000000000,2014-09-25 00:00:00.000000000,2014-09-25 00:00:00.000000000,2014-02-18 00:00:00.000000000,182 days 00:00:00.000000000,182 days 00:00:00.000000000,0 days 00:00:00.000000000
6026,2011-06-13 00:00:00.000000000,2011-06-13 00:00:00.000000000,2011-06-13 00:00:00.000000000,2010-11-26 00:00:00.000000000,2010-12-14 00:00:00.000000000,2010-12-14 00:00:00.000000000,2010-05-29 00:00:00.000000000,181 days 00:00:00.000000000,181 days 00:00:00.000000000,0 days 00:00:00.000000000
6027,2011-02-01 00:00:00.000000000,2011-02-01 00:00:00.000000000,2011-02-01 00:00:00.000000000,2010-06-02 00:00:00.000000000,2010-06-17 00:00:00.000000000,2010-06-17 00:00:00.000000000,2009-10-16 00:00:00.000000000,229 days 00:00:00.000000000,229 days 00:00:00.000000000,0 days 00:00:00.000000000
6028,2015-04-28 00:00:00.000000000,2015-04-28 00:00:00.000000000,2015-04-28 00:00:00.000000000,2014-04-30 00:00:00.000000000,2015-04-28 00:00:00.000000000,2015-04-28 00:00:00.000000000,2014-04-30 00:00:00.000000000,0 days 00:00:00.000000000,0 days 00:00:00.000000000,0 days 00:00:00.000000000
6029,2013-09-30 00:00:00.000000000,2013-09-30 00:00:00.000000000,2013-09-30 00:00:00.000000000,2013-04-12 00:00:00.000000000,2013-05-17 00:00:00.000000000,2013-05-17 00:00:00.000000000,2012-11-27 00:00:00.000000000,136 days 00:00:00.000000000,136 days 00:00:00.000000000,0 days 00:00:00.000000000
6030,2013-06-24 00:00:00.000000000,2013-06-24 00:00:00.000000000,2013-06-24 00:00:00.000000000,2012-10-10 00:00:00.000000000,2013-04-17 00:00:00.000000000,2013-04-17 00:00:00.000000000,2012-08-03 00:00:00.000000000,68 days 00:00:00.000000000,68 days 00:00:00.000000000,0 days 00:00:00.000000000
6031,2012-12-10 00:00:00.000000000,2012-12-10 00:00:00.000000000,2012-12-10 00:00:00.000000000,2012-07-12 00:00:00.000000000,2012-11-21 00:00:00.000000000,2012-11-21 00:00:00.000000000,2012-06-23 00:00:00.000000000,19 days 00:00:00.000000000,19 days 00:00:00.000000000,0 days 00:00:00.000000000
6032,2015-08-04 00:00:00.000000000,2015-08-04 00:00:00.000000000,2015-08-04 00:00:00.000000000,2015-02-19 00:00:00.000000000,2015-04-24 00:00:00.000000000,2015-04-24 00:00:00.000000000,2014-11-09 00:00:00.000000000,102 days 00:00:00.000000000,102 days 00:00:00.000000000,0 days 00:00:00.000000000
6033,2010-07-07 00:00:00.000000000,2010-07-07 00:00:00.000000000,2010-07-07 00:00:00.000000000,2009-11-18 00:00:00.000000000,2009-12-02 00:00:00.000000000,2009-12-02 00:00:00.000000000,2009-04-15 00:00:00.000000000,217 days 00:00:00.000000000,217 days 00:00:00.000000000,0 days 00:00:00.000000000
6034,2013-06-12 00:00:00.000000000,2013-06-12 00:00:00.000000000,2013-06-12 00:00:00.000000000,2012-10-05 00:00:00.000000000,2012-10-16 00:00:00.000000000,2012-10-16 00:00:00.000000000,2012-02-09 00:00:00.000000000,239 days 00:00:00.000000000,239 days 00:00:00.000000000,0 days 00:00:00.000000000
6035,2015-07-21 00:00:00.000000000,2015-07-21 00:00:00.000000000,2015-07-22 00:00:00.000000000,2014-09-24 00:00:00.000000000,2014-11-14 00:00:00.000000000,2014-11-14 00:00:00.000000000,2014-01-18 00:00:00.000000000,249 days 00:00:00.000000000,249 days 00:00:00.000000000,0 days 00:00:00.000000000
6036,2014-07-30 00:00:00.000000000,2014-07-30 00:00:00.000000000,2014-08-07 00:00:00.000000000,2014-05-12 00:00:00.000000000,2014-05-20 00:00:00.000000000,2014-05-20 00:00:00.000000000,2014-03-02 00:00:00.000000000,71 days 00:00:00.000000000,71 days 00:00:00.000000000,0 days 00:00:00.000000000
6037,2014-01-06 00:00:00.000000000,2014-01-06 00:00:00.000000000,2014-01-13 00:00:00.000000000,2013-07-11 00:00:00.000000000,2013-07-30 00:00:00.000000000,2013-07-30 00:00:00.000000000,2013-02-01 00:00:00.000000000,160 days 00:00:00.000000000,160 days 00:00:00.000000000,0 days 00:00:00.000000000
6038,2013-07-11 00:00:00.000000000,2013-07-15 00:00:00.000000000,2013-07-15 00:00:00.000000000,2013-04-23 00:00:00.000000000,2013-05-09 00:00:00.000000000,2013-05-09 00:00:00.000000000,2013-02-19 00:00:00.000000000,63 days 00:00:00.000000000,67 days 00:00:00.000000000,4 days 00:00:00.000000000
6039,2011-03-14 00:00:00.000000000,2011-03-14 00:00:00.000000000,2011-03-14 00:00:00.000000000,2010-11-19 00:00:00.000000000,2010-12-09 00:00:00.000000000,2010-12-09 00:00:00.000000000,2010-08-16 00:00:00.000000000,95 days 00:00:00.000000000,95 days 00:00:00.000000000,0 days 00:00:00.000000000
6040,2012-08-20 00:00:00.000000000,2012-08-20 00:00:00.000000000,2012-08-20 00:00:00.000000000,2011-10-05 00:00:00.000000000,2012-04-09 00:00:00.000000000,2012-04-09 00:00:00.000000000,2011-05-25 00:00:00.000000000,133 days 00:00:00.000000000,133 days 00:00:00.000000000,0 days 00:00:00.000000000
6041,2015-01-26 00:00:00.000000000,2015-01-26 00:00:00.000000000,2015-01-26 00:00:00.000000000,2014-09-11 00:00:00.000000000,2015-01-26 00:00:00.000000000,2015-01-26 00:00:00.000000000,2014-09-11 00:00:00.000000000,0 days 00:00:00.000000000,0 days 00:00:00.000000000,0 days 00:00:00.000000000
6042,2010-01-27 00:00:00.000000000,2010-01-27 00:00:00.000000000,2010-01-27 00:00:00.000000000,2009-10-13 00:00:00.000000000,2009-11-06 00:00:00.000000000,2009-11-06 00:00:00.000000000,2009-07-23 00:00:00.000000000,82 days 00:00:00.000000000,82 days 00:00:00.000000000,0 days 00:00:00.000000000
6043,2010-08-27 00:00:00.000000000,2010-08-27 00:00:00.000000000,2010-08-27 00:00:00.000000000,2010-02-25 00:00:00.000000000,2010-06-07 00:00:00.000000000,2010-06-07 00:00:00.000000000,2009-12-06 00:00:00.000000000,81 days 00:00:00.000000000,81 days 00:00:00.000000000,0 days 00:00:00.000000000
6044,2011-04-25 00:00:00.000000000,2011-04-25 00:00:00.000000000,2011-04-25 00:00:00.000000000,2010-09-03 00:00:00.000000000,2010-09-27 00:00:00.000000000,2010-09-27 00:00:00.000000000,2010-02-05 00:00:00.000000000,210 days 00:00:00.000000000,210 days 00:00:00.000000000,0 days 00:00:00.000000000
6045,2013-12-16 00:00:00.000000000,2013-12-16 00:00:00.000000000,2013-12-16 00:00:00.000000000,2013-07-11 00:00:00.000000000,2013-07-25 00:00:00.000000000,2013-07-25 00:00:00.000000000,2013-02-17 00:00:00.000000000,144 days 00:00:00.000000000,144 days 00:00:00.000000000,0 days 00:00:00.000000000
6046,2013-01-09 00:00:00.000000000,2013-01-09 00:00:00.000000000,2013-01-09 00:00:00.000000000,2012-10-10 00:00:00.000000000,2012-10-22 00:00:00.000000000,2012-10-22 00:00:00.000000000,2012-07-23 00:00:00.000000000,79 days 00:00:00.000000000,79 days 00:00:00.000000000,0 days 00:00:00.000000000
6047,2014-12-10 00:00:00.000000000,2014-12-10 00:00:00.000000000,2014-12-10 00:00:00.000000000,2014-09-24 00:00:00.000000000,2014-11-04 00:00:00.000000000,2014-11-04 00:00:00.000000000,2014-08-19 00:00:00.000000000,36 days 00:00:00.000000000,36 days 00:00:00.000000000,0 days 00:00:00.000000000
6048,2014-12-31 00:00:00.000000000,2014-12-31 00:00:00.000000000,2014-12-31 00:00:00.000000000,2014-08-11 00:00:00.000000000,2014-08-27 00:00:00.000000000,2014-08-27 00:00:00.000000000,2014-04-07 00:00:00.000000000,126 days 00:00:00.000000000,126 days 00:00:00.000000000,0 days 00:00:00.000000000
6049,2011-03-28 00:00:00.000000000,2011-03-28 00:00:00.000000000,2011-03-28 00:00:00.000000000,2011-01-05 00:00:00.000000000,2011-02-02 00:00:00.000000000,2011-02-02 00:00:00.000000000,2010-11-12 00:00:00.000000000,54 days 00:00:00.000000000,54 days 00:00:00.000000000,0 days 00:00:00.000000000
6050,2015-07-02 00:00:00.000000000,2015-07-02 00:00:00.000000000,2015-07-03 00:00:00.000000000,2014-12-29 00:00:00.000000000,2015-02-20 00:00:00.000000000,2015-02-20 00:00:00.000000000,2014-08-19 00:00:00.000000000,132 days 00:00:00.000000000,132 days 00:00:00.000000000,0 days 00:00:00.000000000
6051,2013-11-07 00:00:00.000000000,2013-10-30 00:00:00.000000000,2013-10-29 00:00:00.000000000,2013-08-19 00:00:00.000000000,2013-08-23 00:00:00.000000000,2013-08-23 00:00:00.000000000,2013-06-04 00:00:00.000000000,76 days 00:00:00.000000000,68 days 00:00:00.000000000,-8 days +00:00:00.000000000
6052,2014-11-10 00:00:00.000000000,2014-11-10 00:00:00.000000000,2014-11-12 00:00:00.000000000,2014-04-12 00:00:00.000000000,2014-05-23 00:00:00.000000000,2014-05-23 00:00:00.000000000,2013-10-23 00:00:00.000000000,171 days 00:00:00.000000000,171 days 00:00:00.000000000,0 days 00:00:00.000000000
6053,2014-06-02 00:00:00.000000000,2014-06-02 00:00:00.000000000,2014-06-04 00:00:00.000000000,2013-10-15 00:00:00.000000000,2013-11-12 00:00:00.000000000,2013-11-12 00:00:00.000000000,2013-03-27 00:00:00.000000000,202 days 00:00:00.000000000,202 days 00:00:00.000000000,0 days 00:00:00.000000000
6054,2011-05-03 00:00:00.000000000,2011-06-03 00:00:00.000000000,2011-06-03 00:00:00.000000000,2010-08-31 00:00:00.000000000,2010-09-24 00:00:00.000000000,2010-09-24 00:00:00.000000000,2010-01-22 00:00:00.000000000,221 days 00:00:00.000000000,252 days 00:00:00.000000000,31 days 00:00:00.000000000
6055,2014-10-22 00:00:00.000000000,2014-10-22 00:00:00.000000000,2014-10-22 00:00:00.000000000,2014-07-30 00:00:00.000000000,2014-08-14 00:00:00.000000000,2014-08-14 00:00:00.000000000,2014-05-22 00:00:00.000000000,69 days 00:00:00.000000000,69 days 00:00:00.000000000,0 days 00:00:00.000000000
6056,2014-10-03 00:00:00.000000000,2014-10-03 00:00:00.000000000,2014-10-03 00:00:00.000000000,2014-04-30 00:00:00.000000000,2014-10-03 00:00:00.000000000,2014-10-03 00:00:00.000000000,2014-04-30 00:00:00.000000000,0 days 00:00:00.000000000,0 days 00:00:00.000000000,0 days 00:00:00.000000000
6057,2013-09-20 00:00:00.000000000,2013-09-20 00:00:00.000000000,2013-09-20 00:00:00.000000000,2013-04-08 00:00:00.000000000,2013-05-22 00:00:00.000000000,2013-05-22 00:00:00.000000000,2012-12-08 00:00:00.000000000,121 days 00:00:00.000000000,121 days 00:00:00.000000000,0 days 00:00:00.000000000
6058,2015-04-10 00:00:00.000000000,2015-04-10 00:00:00.000000000,2015-04-13 00:00:00.000000000,2014-08-11 00:00:00.000000000,2014-09-25 00:00:00.000000000,2014-09-25 00:00:00.000000000,2014-01-26 00:00:00.000000000,197 days 00:00:00.000000000,197 days 00:00:00.000000000,0 days 00:00:00.000000000
6059,2015-07-24 00:00:00.000000000,2015-07-24 00:00:00.000000000,2015-07-24 00:00:00.000000000,2014-09-11 00:00:00.000000000,2014-10-09 00:00:00.000000000,2014-10-09 00:00:00.000000000,2013-11-27 00:00:00.000000000,288 days 00:00:00.000000000,288 days 00:00:00.000000000,0 days 00:00:00.000000000
6060,2012-03-07 00:00:00.000000000,2012-03-07 00:00:00.000000000,2012-03-07 00:00:00.000000000,2012-01-25 00:00:00.000000000,2012-01-27 00:00:00.000000000,2012-01-27 00:00:00.000000000,2011-12-16 00:00:00.000000000,40 days 00:00:00.000000000,40 days 00:00:00.000000000,0 days 00:00:00.000000000
6061,2011-12-01 00:00:00.000000000,2011-12-19 00:00:00.000000000,2011-12-19 00:00:00.000000000,2011-03-10 00:00:00.000000000,2011-03-23 00:00:00.000000000,2011-03-23 00:00:00.000000000,2010-06-30 00:00:00.000000000,253 days 00:00:00.000000000,271 days 00:00:00.000000000,18 days 00:00:00.000000000
6062,2014-04-04 00:00:00.000000000,2014-04-04 00:00:00.000000000,2014-04-28 00:00:00.000000000,2014-01-22 00:00:00.000000000,2014-01-28 00:00:00.000000000,2014-01-28 00:00:00.000000000,2013-11-17 00:00:00.000000000,66 days 00:00:00.000000000,66 days 00:00:00.000000000,0 days 00:00:00.000000000
6063,2014-12-17 00:00:00.000000000,2014-12-17 00:00:00.000000000,2014-12-17 00:00:00.000000000,2014-07-09 00:00:00.000000000,2014-08-11 00:00:00.000000000,2014-08-11 00:00:00.000000000,2014-03-03 00:00:00.000000000,128 days 00:00:00.000000000,128 days 00:00:00.000000000,0 days 00:00:00.000000000
6064,2011-02-01 00:00:00.000000000,2011-02-01 00:00:00.000000000,2011-02-01 00:00:00.000000000,2010-06-02 00:00:00.000000000,2010-06-17 00:00:00.000000000,2010-06-17 00:00:00.000000000,2009-10-16 00:00:00.000000000,229 days 00:00:00.000000000,229 days 00:00:00.000000000,0 days 00:00:00.000000000
6065,2014-10-01 00:00:00.000000000,2014-10-01 00:00:00.000000000,2014-10-01 00:00:00.000000000,2014-04-10 00:00:00.000000000,2014-05-29 00:00:00.000000000,2014-05-29 00:00:00.000000000,2013-12-06 00:00:00.000000000,125 days 00:00:00.000000000,125 days 00:00:00.000000000,0 days 00:00:00.000000000
6066,2014-12-10 00:00:00.000000000,2014-12-10 00:00:00.000000000,2014-12-10 00:00:00.000000000,2014-10-29 00:00:00.000000000,2014-12-10 00:00:00.000000000,2014-12-10 00:00:00.000000000,2014-10-29 00:00:00.000000000,0 days 00:00:00.000000000,0 days 00:00:00.000000000,0 days 00:00:00.000000000
6067,2012-09-27 00:00:00.000000000,2012-10-04 00:00:00.000000000,2012-10-04 00:00:00.000000000,2012-07-26 00:00:00.000000000,2012-08-09 00:00:00.000000000,2012-08-09 00:00:00.000000000,2012-06-07 00:00:00.000000000,49 days 00:00:00.000000000,56 days 00:00:00.000000000,7 days 00:00:00.000000000
6068,2011-02-16 00:00:00.000000000,2011-02-16 00:00:00.000000000,2011-02-16 00:00:00.000000000,2010-09-30 00:00:00.000000000,2010-10-18 00:00:00.000000000,2010-10-18 00:00:00.000000000,2010-06-01 00:00:00.000000000,121 days 00:00:00.000000000,121 days 00:00:00.000000000,0 days 00:00:00.000000000
6069,2012-11-21 00:00:00.000000000,2012-11-21 00:00:00.000000000,2012-11-21 00:00:00.000000000,2012-07-05 00:00:00.000000000,2012-07-26 00:00:00.000000000,2012-07-26 00:00:00.000000000,2012-03-09 00:00:00.000000000,118 days 00:00:00.000000000,118 days 00:00:00.000000000,0 days 00:00:00.000000000
6070,2015-02-12 00:00:00.000000000,2015-02-12 00:00:00.000000000,2015-02-12 00:00:00.000000000,2014-09-11 00:00:00.000000000,2015-02-12 00:00:00.000000000,2015-02-12 00:00:00.000000000,2014-09-11 00:00:00.000000000,0 days 00:00:00.000000000,0 days 00:00:00.000000000,0 days 00:00:00.000000000
6071,2013-10-08 00:00:00.000000000,2013-10-08 00:00:00.000000000,2013-10-08 00:00:00.000000000,2013-03-20 00:00:00.000000000,2013-05-01 00:00:00.000000000,2013-05-01 00:00:00.000000000,2012-10-11 00:00:00.000000000,160 days 00:00:00.000000000,160 days 00:00:00.000000000,0 days 00:00:00.000000000
6072,2015-06-09 00:00:00.000000000,2015-06-09 00:00:00.000000000,2015-07-16 00:00:00.000000000,2014-10-28 00:00:00.000000000,2014-12-19 00:00:00.000000000,2014-12-19 00:00:00.000000000,2014-05-09 00:00:00.000000000,172 days 00:00:00.000000000,172 days 00:00:00.000000000,0 days 00:00:00.000000000
6073,2010-05-12 00:00:00.000000000,2010-05-12 00:00:00.000000000,2010-05-12 00:00:00.000000000,2009-12-28 00:00:00.000000000,2010-01-15 00:00:00.000000000,2010-01-15 00:00:00.000000000,2009-09-02 00:00:00.000000000,117 days 00:00:00.000000000,117 days 00:00:00.000000000,0 days 00:00:00.000000000
6074,2015-05-11 00:00:00.000000000,2015-05-11 00:00:00.000000000,2015-05-13 00:00:00.000000000,2014-10-22 00:00:00.000000000,2014-12-24 00:00:00.000000000,2014-12-24 00:00:00.000000000,2014-06-06 00:00:00.000000000,138 days 00:00:00.000000000,138 days 00:00:00.000000000,0 days 00:00:00.000000000
6075,2014-02-06 00:00:00.000000000,2014-02-06 00:00:00.000000000,2014-02-06 00:00:00.000000000,2013-10-08 00:00:00.000000000,2013-12-02 00:00:00.000000000,2013-12-02 00:00:00.000000000,2013-08-03 00:00:00.000000000,66 days 00:00:00.000000000,66 days 00:00:00.000000000,0 days 00:00:00.000000000
6076,2014-01-22 00:00:00.000000000,2014-01-22 00:00:00.000000000,2014-01-22 00:00:00.000000000,2013-07-11 00:00:00.000000000,2013-10-14 00:00:00.000000000,2013-10-14 00:00:00.000000000,2013-04-02 00:00:00.000000000,100 days 00:00:00.000000000,100 days 00:00:00.000000000,0 days 00:00:00.000000000
6077,2013-09-23 00:00:00.000000000,2013-09-23 00:00:00.000000000,2013-09-23 00:00:00.000000000,2013-05-17 00:00:00.000000000,2013-06-13 00:00:00.000000000,2013-06-13 00:00:00.000000000,2013-02-04 00:00:00.000000000,102 days 00:00:00.000000000,102 days 00:00:00.000000000,0 days 00:00:00.000000000
6078,2012-01-27 00:00:00.000000000,2012-01-27 00:00:00.000000000,2012-01-27 00:00:00.000000000,2011-03-10 00:00:00.000000000,2011-03-28 00:00:00.000000000,2011-03-28 00:00:00.000000000,2010-05-09 00:00:00.000000000,305 days 00:00:00.000000000,305 days 00:00:00.000000000,0 days 00:00:00.000000000
6079,2010-03-17 00:00:00.000000000,2010-03-17 00:00:00.000000000,2010-03-17 00:00:00.000000000,2009-10-20 00:00:00.000000000,2009-11-13 00:00:00.000000000,2009-11-13 00:00:00.000000000,2009-06-18 00:00:00.000000000,124 days 00:00:00.000000000,124 days 00:00:00.000000000,0 days 00:00:00.000000000
6080,2014-08-27 00:00:00.000000000,2014-08-27 00:00:00.000000000,2014-08-27 00:00:00.000000000,2013-07-11 00:00:00.000000000,2014-08-27 00:00:00.000000000,2014-08-27 00:00:00.000000000,2013-07-11 00:00:00.000000000,0 days 00:00:00.000000000,0 days 00:00:00.000000000,0 days 00:00:00.000000000
6081,2014-07-10 00:00:00.000000000,2014-07-10 00:00:00.000000000,2014-07-10 00:00:00.000000000,2013-07-11 00:00:00.000000000,2014-07-10 00:00:00.000000000,2014-07-10 00:00:00.000000000,2013-07-11 00:00:00.000000000,0 days 00:00:00.000000000,0 days 00:00:00.000000000,0 days 00:00:00.000000000
6082,2015-02-19 00:00:00.000000000,2015-02-19 00:00:00.000000000,2015-02-19 00:00:00.000000000,2014-04-30 00:00:00.000000000,2014-05-08 00:00:00.000000000,2014-05-08 00:00:00.000000000,2013-07-17 00:00:00.000000000,287 days 00:00:00.000000000,287 days 00:00:00.000000000,0 days 00:00:00.000000000
6083,2010-12-21 00:00:00.000000000,2010-12-21 00:00:00.000000000,2010-12-21 00:00:00.000000000,2010-10-31 00:00:00.000000000,2010-11-17 00:00:00.000000000,2010-11-17 00:00:00.000000000,2010-09-27 00:00:00.000000000,34 days 00:00:00.000000000,34 days 00:00:00.000000000,0 days 00:00:00.000000000
6084,2012-05-02 00:00:00.000000000,2012-05-02 00:00:00.000000000,2012-05-02 00:00:00.000000000,2011-10-05 00:00:00.000000000,2011-12-29 00:00:00.000000000,2011-12-29 00:00:00.000000000,2011-06-02 00:00:00.000000000,125 days 00:00:00.000000000,125 days 00:00:00.000000000,0 days 00:00:00.000000000
6085,2011-11-25 00:00:00.000000000,2011-11-25 00:00:00.000000000,2011-11-25 00:00:00.000000000,2011-03-10 00:00:00.000000000,2011-03-28 00:00:00.000000000,2011-03-28 00:00:00.000000000,2010-07-11 00:00:00.000000000,242 days 00:00:00.000000000,242 days 00:00:00.000000000,0 days 00:00:00.000000000
6086,2015-04-15 00:00:00.000000000,2015-04-15 00:00:00.000000000,2015-04-23 00:00:00.000000000,2014-12-08 00:00:00.000000000,2015-01-28 00:00:00.000000000,2015-01-28 00:00:00.000000000,2014-09-22 00:00:00.000000000,77 days 00:00:00.000000000,77 days 00:00:00.000000000,0 days 00:00:00.000000000
6087,2015-02-28 00:00:00.000000000,2015-02-28 00:00:00.000000000,2015-02-28 00:00:00.000000000,2014-10-15 00:00:00.000000000,2014-10-30 00:00:00.000000000,2014-10-30 00:00:00.000000000,2014-06-16 00:00:00.000000000,121 days 00:00:00.000000000,121 days 00:00:00.000000000,0 days 00:00:00.000000000
6088,2009-10-26 00:00:00.000000000,2009-10-26 00:00:00.000000000,2009-10-26 00:00:00.000000000,2009-06-25 00:00:00.000000000,2009-06-26 00:00:00.000000000,2009-06-26 00:00:00.000000000,2009-02-23 00:00:00.000000000,122 days 00:00:00.000000000,122 days 00:00:00.000000000,0 days 00:00:00.000000000
6089,2015-07-02 00:00:00.000000000,2015-07-02 00:00:00.000000000,2015-07-30 00:00:00.000000000,2015-03-10 00:00:00.000000000,2015-03-16 00:00:00.000000000,2015-03-16 00:00:00.000000000,2014-11-22 00:00:00.000000000,108 days 00:00:00.000000000,108 days 00:00:00.000000000,0 days 00:00:00.000000000
6090,2014-02-06 00:00:00.000000000,2014-02-06 00:00:00.000000000,2014-02-06 00:00:00.000000000,2013-10-08 00:00:00.000000000,2013-12-02 00:00:00.000000000,2013-12-02 00:00:00.000000000,2013-08-03 00:00:00.000000000,66 days 00:00:00.000000000,66 days 00:00:00.000000000,0 days 00:00:00.000000000
6091,2015-07-12 00:00:00.000000000,2015-07-12 00:00:00.000000000,2015-07-13 00:00:00.000000000,2015-01-20 00:00:00.000000000,2015-02-09 00:00:00.000000000,2015-02-09 00:00:00.000000000,2014-08-20 00:00:00.000000000,153 days 00:00:00.000000000,153 days 00:00:00.000000000,0 days 00:00:00.000000000
6092,2012-09-04 00:00:00.000000000,2012-09-04 00:00:00.000000000,2012-09-04 00:00:00.000000000,2012-04-10 00:00:00.000000000,2012-05-04 00:00:00.000000000,2012-05-04 00:00:00.000000000,2011-12-09 00:00:00.000000000,123 days 00:00:00.000000000,123 days 00:00:00.000000000,0 days 00:00:00.000000000
6093,2015-04-22 00:00:00.000000000,2015-04-22 00:00:00.000000000,2015-04-22 00:00:00.000000000,2014-12-08 00:00:00.000000000,2015-01-26 00:00:00.000000000,2015-01-26 00:00:00.000000000,2014-09-13 00:00:00.000000000,86 days 00:00:00.000000000,86 days 00:00:00.000000000,0 days 00:00:00.000000000
6094,2011-07-26 00:00:00.000000000,2011-07-26 00:00:00.000000000,2011-07-26 00:00:00.000000000,2011-04-21 00:00:00.000000000,2011-05-02 00:00:00.000000000,2011-05-02 00:00:00.000000000,2011-01-26 00:00:00.000000000,85 days 00:00:00.000000000,85 days 00:00:00.000000000,0 days 00:00:00.000000000
6095,2015-03-09 00:00:00.000000000,2015-03-09 00:00:00.000000000,2015-03-09 00:00:00.000000000,2014-09-11 00:00:00.000000000,2015-03-09 00:00:00.000000000,2015-03-09 00:00:00.000000000,2014-09-11 00:00:00.000000000,0 days 00:00:00.000000000,0 days 00:00:00.000000000,0 days 00:00:00.000000000
6096,2014-08-19 00:00:00.000000000,2014-09-04 00:00:00.000000000,2014-09-17 00:00:00.000000000,2014-05-16 00:00:00.000000000,2014-06-02 00:00:00.000000000,2014-06-02 00:00:00.000000000,2014-02-27 00:00:00.000000000,78 days 00:00:00.000000000,94 days 00:00:00.000000000,16 days 00:00:00.000000000
6097,2009-10-16 00:00:00.000000000,2009-10-16 00:00:00.000000000,2009-10-16 00:00:00.000000000,2009-07-24 00:00:00.000000000,2009-08-24 00:00:00.000000000,2009-08-24 00:00:00.000000000,2009-06-01 00:00:00.000000000,53 days 00:00:00.000000000,53 days 00:00:00.000000000,0 days 00:00:00.000000000
6098,2011-11-22 00:00:00.000000000,2011-11-22 00:00:00.000000000,2011-11-22 00:00:00.000000000,2011-03-10 00:00:00.000000000,2011-03-24 00:00:00.000000000,2011-03-24 00:00:00.000000000,2010-07-10 00:00:00.000000000,243 days 00:00:00.000000000,243 days 00:00:00.000000000,0 days 00:00:00.000000000
6099,2011-04-26 00:00:00.000000000,2011-04-12 00:00:00.000000000,2011-04-12 00:00:00.000000000,2010-08-31 00:00:00.000000000,2010-09-24 00:00:00.000000000,2010-09-24 00:00:00.000000000,2010-01-29 00:00:00.000000000,214 days 00:00:00.000000000,200 days 00:00:00.000000000,-14 days +00:00:00.000000000
6100,2013-09-28 00:00:00.000000000,2013-09-28 00:00:00.000000000,2013-09-28 00:00:00.000000000,2013-05-03 00:00:00.000000000,2013-05-15 00:00:00.000000000,2013-05-15 00:00:00.000000000,2012-12-18 00:00:00.000000000,136 days 00:00:00.000000000,136 days 00:00:00.000000000,0 days 00:00:00.000000000
6101,2015-09-02 00:00:00.000000000,2015-09-02 00:00:00.000000000,2015-09-03 00:00:00.000000000,2014-09-24 00:00:00.000000000,2014-11-14 00:00:00.000000000,2014-11-14 00:00:00.000000000,2013-12-06 00:00:00.000000000,292 days 00:00:00.000000000,292 days 00:00:00.000000000,0 days 00:00:00.000000000
6102,2013-08-07 00:00:00.000000000,2013-08-07 00:00:00.000000000,2013-08-07 00:00:00.000000000,2013-01-30 00:00:00.000000000,2013-03-11 00:00:00.000000000,2013-03-11 00:00:00.000000000,2012-09-03 00:00:00.000000000,149 days 00:00:00.000000000,149 days 00:00:00.000000000,0 days 00:00:00.000000000
6103,2015-04-08 00:00:00.000000000,2015-04-08 00:00:00.000000000,2015-04-08 00:00:00.000000000,2014-11-11 00:00:00.000000000,2014-11-25 00:00:00.000000000,2014-11-25 00:00:00.000000000,2014-06-30 00:00:00.000000000,134 days 00:00:00.000000000,134 days 00:00:00.000000000,0 days 00:00:00.000000000
6104,2013-08-24 00:00:00.000000000,2013-08-24 00:00:00.000000000,2013-08-24 00:00:00.000000000,2013-05-16 00:00:00.000000000,2013-06-11 00:00:00.000000000,2013-06-11 00:00:00.000000000,2013-03-03 00:00:00.000000000,74 days 00:00:00.000000000,74 days 00:00:00.000000000,0 days 00:00:00.000000000
6105,2015-05-18 00:00:00.000000000,2015-05-18 00:00:00.000000000,2015-05-19 00:00:00.000000000,2014-08-13 00:00:00.000000000,2014-08-20 00:00:00.000000000,2014-08-20 00:00:00.000000000,2013-11-15 00:00:00.000000000,271 days 00:00:00.000000000,271 days 00:00:00.000000000,0 days 00:00:00.000000000
6106,2015-07-23 00:00:00.000000000,2015-07-23 00:00:00.000000000,2015-07-29 00:00:00.000000000,2015-03-10 00:00:00.000000000,2015-03-17 00:00:00.000000000,2015-03-17 00:00:00.000000000,2014-11-02 00:00:00.000000000,128 days 00:00:00.000000000,128 days 00:00:00.000000000,0 days 00:00:00.000000000
6107,2015-08-13 00:00:00.000000000,2015-08-13 00:00:00.000000000,2015-08-14 00:00:00.000000000,2015-05-05 00:00:00.000000000,2015-05-27 00:00:00.000000000,2015-05-27 00:00:00.000000000,2015-02-16 00:00:00.000000000,78 days 00:00:00.000000000,78 days 00:00:00.000000000,0 days 00:00:00.000000000
6108,2015-09-03 00:00:00.000000000,2015-09-03 00:00:00.000000000,2015-09-03 00:00:00.000000000,2015-04-14 00:00:00.000000000,2015-05-13 00:00:00.000000000,2015-05-13 00:00:00.000000000,2014-12-22 00:00:00.000000000,113 days 00:00:00.000000000,113 days 00:00:00.000000000,0 days 00:00:00.000000000
6109,2014-11-28 00:00:00.000000000,2014-11-28 00:00:00.000000000,2014-11-28 00:00:00.000000000,2014-09-11 00:00:00.000000000,2014-11-28 00:00:00.000000000,2014-11-28 00:00:00.000000000,2014-09-11 00:00:00.000000000,0 days 00:00:00.000000000,0 days 00:00:00.000000000,0 days 00:00:00.000000000
6110,2010-09-07 00:00:00.000000000,2010-10-27 00:00:00.000000000,2010-10-27 00:00:00.000000000,2010-03-18 00:00:00.000000000,2010-03-19 00:00:00.000000000,2010-03-19 00:00:00.000000000,2009-09-27 00:00:00.000000000,172 days 00:00:00.000000000,222 days 00:00:00.000000000,50 days 00:00:00.000000000
6111,2010-11-10 00:00:00.000000000,2010-11-10 00:00:00.000000000,2010-11-10 00:00:00.000000000,2010-07-14 00:00:00.000000000,2010-07-30 00:00:00.000000000,2010-07-30 00:00:00.000000000,2010-04-02 00:00:00.000000000,103 days 00:00:00.000000000,103 days 00:00:00.000000000,0 days 00:00:00.000000000
6112,2011-01-31 00:00:00.000000000,2011-01-31 00:00:00.000000000,2011-01-31 00:00:00.000000000,2010-08-31 00:00:00.000000000,2010-09-24 00:00:00.000000000,2010-09-24 00:00:00.000000000,2010-04-24 00:00:00.000000000,129 days 00:00:00.000000000,129 days 00:00:00.000000000,0 days 00:00:00.000000000
6113,2012-03-01 00:00:00.000000000,2012-03-01 00:00:00.000000000,2012-03-01 00:00:00.000000000,2011-09-21 00:00:00.000000000,2011-10-04 00:00:00.000000000,2011-10-04 00:00:00.000000000,2011-04-25 00:00:00.000000000,149 days 00:00:00.000000000,149 days 00:00:00.000000000,0 days 00:00:00.000000000
6114,2015-05-08 00:00:00.000000000,2015-05-08 00:00:00.000000000,2015-05-11 00:00:00.000000000,2014-12-29 00:00:00.000000000,2015-02-20 00:00:00.000000000,2015-02-20 00:00:00.000000000,2014-10-13 00:00:00.000000000,77 days 00:00:00.000000000,77 days 00:00:00.000000000,0 days 00:00:00.000000000
6115,2014-09-11 00:00:00.000000000,2014-09-11 00:00:00.000000000,2014-09-11 00:00:00.000000000,2014-03-07 00:00:00.000000000,2014-04-15 00:00:00.000000000,2014-04-15 00:00:00.000000000,2013-10-09 00:00:00.000000000,149 days 00:00:00.000000000,149 days 00:00:00.000000000,0 days 00:00:00.000000000
6116,2011-10-19 00:00:00.000000000,2011-10-19 00:00:00.000000000,2011-10-19 00:00:00.000000000,2011-04-07 00:00:00.000000000,2011-05-05 00:00:00.000000000,2011-05-05 00:00:00.000000000,2010-10-22 00:00:00.000000000,167 days 00:00:00.000000000,167 days 00:00:00.000000000,0 days 00:00:00.000000000
6117,2009-10-20 00:00:00.000000000,2009-10-20 00:00:00.000000000,2009-10-20 00:00:00.000000000,2009-08-25 00:00:00.000000000,2009-09-10 00:00:00.000000000,2009-09-10 00:00:00.000000000,2009-07-16 00:00:00.000000000,40 days 00:00:00.000000000,40 days 00:00:00.000000000,0 days 00:00:00.000000000
6118,2013-11-07 00:00:00.000000000,2013-11-11 00:00:00.000000000,2013-11-17 00:00:00.000000000,2013-06-10 00:00:00.000000000,2013-07-10 00:00:00.000000000,2013-07-10 00:00:00.000000000,2013-02-10 00:00:00.000000000,120 days 00:00:00.000000000,124 days 00:00:00.000000000,4 days 00:00:00.000000000
6119,2013-11-04 00:00:00.000000000,2013-11-04 00:00:00.000000000,2013-11-05 00:00:00.000000000,2013-08-09 00:00:00.000000000,2013-09-16 00:00:00.000000000,2013-09-16 00:00:00.000000000,2013-06-21 00:00:00.000000000,49 days 00:00:00.000000000,49 days 00:00:00.000000000,0 days 00:00:00.000000000
6120,2011-12-02 00:00:00.000000000,2011-12-02 00:00:00.000000000,2011-12-02 00:00:00.000000000,2011-03-11 00:00:00.000000000,2011-03-30 00:00:00.000000000,2011-03-30 00:00:00.000000000,2010-07-07 00:00:00.000000000,247 days 00:00:00.000000000,247 days 00:00:00.000000000,0 days 00:00:00.000000000
6121,2014-08-27 00:00:00.000000000,2014-08-27 00:00:00.000000000,2014-08-27 00:00:00.000000000,2013-07-11 00:00:00.000000000,2014-08-27 00:00:00.000000000,2014-08-27 00:00:00.000000000,2013-07-11 00:00:00.000000000,0 days 00:00:00.000000000,0 days 00:00:00.000000000,0 days 00:00:00.000000000
6122,2011-07-14 00:00:00.000000000,2011-11-18 00:00:00.000000000,2011-11-18 00:00:00.000000000,2011-03-10 00:00:00.000000000,2011-03-28 00:00:00.000000000,2011-03-28 00:00:00.000000000,2010-11-22 00:00:00.000000000,108 days 00:00:00.000000000,235 days 00:00:00.000000000,127 days 00:00:00.000000000
6123,2015-07-02 00:00:00.000000000,2015-07-02 00:00:00.000000000,2015-07-03 00:00:00.000000000,2014-12-29 00:00:00.000000000,2015-02-20 00:00:00.000000000,2015-02-20 00:00:00.000000000,2014-08-19 00:00:00.000000000,132 days 00:00:00.000000000,132 days 00:00:00.000000000,0 days 00:00:00.000000000
6124,2013-10-28 00:00:00.000000000,2013-10-28 00:00:00.000000000,2013-10-30 00:00:00.000000000,2013-05-17 00:00:00.000000000,2013-06-14 00:00:00.000000000,2013-06-14 00:00:00.000000000,2013-01-01 00:00:00.000000000,136 days 00:00:00.000000000,136 days 00:00:00.000000000,0 days 00:00:00.000000000
6125,2014-06-13 00:00:00.000000000,2014-06-13 00:00:00.000000000,2014-06-13 00:00:00.000000000,2014-04-01 00:00:00.000000000,2014-04-29 00:00:00.000000000,2014-04-29 00:00:00.000000000,2014-02-15 00:00:00.000000000,45 days 00:00:00.000000000,45 days 00:00:00.000000000,0 days 00:00:00.000000000
6126,2013-04-16 00:00:00.000000000,2013-04-16 00:00:00.000000000,2013-04-16 00:00:00.000000000,2013-03-18 00:00:00.000000000,1900-01-01 00:00:00.000000000,2013-04-09 00:00:00.000000000,2013-03-11 00:00:00.000000000,7 days 00:00:00.000000000,7 days 00:00:00.000000000,0 days 00:00:00.000000000
6127,2012-01-04 00:00:00.000000000,2012-01-04 00:00:00.000000000,2012-01-04 00:00:00.000000000,2011-06-02 00:00:00.000000000,2011-06-14 00:00:00.000000000,2011-06-14 00:00:00.000000000,2010-11-10 00:00:00.000000000,204 days 00:00:00.000000000,204 days 00:00:00.000000000,0 days 00:00:00.000000000
6128,2010-02-18 00:00:00.000000000,2010-02-18 00:00:00.000000000,2010-02-18 00:00:00.000000000,2009-10-07 00:00:00.000000000,2009-10-13 00:00:00.000000000,2009-10-13 00:00:00.000000000,2009-06-01 00:00:00.000000000,128 days 00:00:00.000000000,128 days 00:00:00.000000000,0 days 00:00:00.000000000
6129,2015-06-02 00:00:00.000000000,2015-06-02 00:00:00.000000000,2015-06-02 00:00:00.000000000,2014-09-11 00:00:00.000000000,2015-06-02 00:00:00.000000000,2015-06-02 00:00:00.000000000,2014-09-11 00:00:00.000000000,0 days 00:00:00.000000000,0 days 00:00:00.000000000,0 days 00:00:00.000000000
6130,2014-12-19 00:00:00.000000000,2014-12-19 00:00:00.000000000,2014-12-19 00:00:00.000000000,2014-07-09 00:00:00.000000000,2014-08-11 00:00:00.000000000,2014-08-11 00:00:00.000000000,2014-03-01 00:00:00.000000000,130 days 00:00:00.000000000,130 days 00:00:00.000000000,0 days 00:00:00.000000000
6131,2014-05-09 00:00:00.000000000,2014-05-09 00:00:00.000000000,2014-05-12 00:00:00.000000000,2013-08-21 00:00:00.000000000,2013-10-25 00:00:00.000000000,2013-10-25 00:00:00.000000000,2013-02-06 00:00:00.000000000,196 days 00:00:00.000000000,196 days 00:00:00.000000000,0 days 00:00:00.000000000
6132,2011-11-18 00:00:00.000000000,2011-11-18 00:00:00.000000000,2011-11-18 00:00:00.000000000,2011-09-13 00:00:00.000000000,2011-09-15 00:00:00.000000000,2011-09-15 00:00:00.000000000,2011-07-11 00:00:00.000000000,64 days 00:00:00.000000000,64 days 00:00:00.000000000,0 days 00:00:00.000000000
6133,2015-08-24 00:00:00.000000000,2015-08-24 00:00:00.000000000,2015-08-24 00:00:00.000000000,2014-09-11 00:00:00.000000000,2014-10-09 00:00:00.000000000,2014-10-09 00:00:00.000000000,2013-10-27 00:00:00.000000000,319 days 00:00:00.000000000,319 days 00:00:00.000000000,0 days 00:00:00.000000000
6134,2014-02-06 00:00:00.000000000,2014-02-06 00:00:00.000000000,2014-02-06 00:00:00.000000000,2013-10-08 00:00:00.000000000,2013-12-02 00:00:00.000000000,2013-12-02 00:00:00.000000000,2013-08-03 00:00:00.000000000,66 days 00:00:00.000000000,66 days 00:00:00.000000000,0 days 00:00:00.000000000
6135,2014-11-17 00:00:00.000000000,2014-11-17 00:00:00.000000000,2014-11-18 00:00:00.000000000,2014-06-03 00:00:00.000000000,2014-06-18 00:00:00.000000000,2014-06-18 00:00:00.000000000,2014-01-02 00:00:00.000000000,152 days 00:00:00.000000000,152 days 00:00:00.000000000,0 days 00:00:00.000000000
6136,2012-07-09 00:00:00.000000000,2012-07-28 00:00:00.000000000,2012-07-28 00:00:00.000000000,2012-06-05 00:00:00.000000000,2012-06-14 00:00:00.000000000,2012-06-14 00:00:00.000000000,2012-05-11 00:00:00.000000000,25 days 00:00:00.000000000,44 days 00:00:00.000000000,19 days 00:00:00.000000000
6137,2013-04-16 00:00:00.000000000,2013-04-16 00:00:00.000000000,2013-04-16 00:00:00.000000000,2013-03-18 00:00:00.000000000,1900-01-01 00:00:00.000000000,2013-04-09 00:00:00.000000000,2013-03-11 00:00:00.000000000,7 days 00:00:00.000000000,7 days 00:00:00.000000000,0 days 00:00:00.000000000
6138,2014-02-11 00:00:00.000000000,2014-02-11 00:00:00.000000000,2014-02-11 00:00:00.000000000,2013-07-18 00:00:00.000000000,2013-08-06 00:00:00.000000000,2013-08-06 00:00:00.000000000,2013-01-10 00:00:00.000000000,189 days 00:00:00.000000000,189 days 00:00:00.000000000,0 days 00:00:00.000000000
6139,2011-10-10 00:00:00.000000000,2011-10-10 00:00:00.000000000,2011-10-10 00:00:00.000000000,2011-03-10 00:00:00.000000000,2011-03-24 00:00:00.000000000,2011-03-24 00:00:00.000000000,2010-08-22 00:00:00.000000000,200 days 00:00:00.000000000,200 days 00:00:00.000000000,0 days 00:00:00.000000000
6140,2014-02-07 00:00:00.000000000,2014-02-07 00:00:00.000000000,2014-02-07 00:00:00.000000000,2013-07-11 00:00:00.000000000,2013-08-13 00:00:00.000000000,2013-08-13 00:00:00.000000000,2013-01-14 00:00:00.000000000,178 days 00:00:00.000000000,178 days 00:00:00.000000000,0 days 00:00:00.000000000
6141,2012-06-18 00:00:00.000000000,2012-06-18 00:00:00.000000000,2012-06-18 00:00:00.000000000,2011-12-14 00:00:00.000000000,2012-01-09 00:00:00.000000000,2012-01-09 00:00:00.000000000,2011-07-06 00:00:00.000000000,161 days 00:00:00.000000000,161 days 00:00:00.000000000,0 days 00:00:00.000000000
6142,2011-08-31 00:00:00.000000000,2011-08-25 00:00:00.000000000,2011-08-25 00:00:00.000000000,2011-04-28 00:00:00.000000000,2011-05-23 00:00:00.000000000,2011-05-23 00:00:00.000000000,2011-01-18 00:00:00.000000000,100 days 00:00:00.000000000,94 days 00:00:00.000000000,-6 days +00:00:00.000000000
6143,2011-04-05 00:00:00.000000000,2011-04-05 00:00:00.000000000,2011-04-05 00:00:00.000000000,2011-01-03 00:00:00.000000000,2011-02-15 00:00:00.000000000,2011-02-15 00:00:00.000000000,2010-11-15 00:00:00.000000000,49 days 00:00:00.000000000,49 days 00:00:00.000000000,0 days 00:00:00.000000000
6144,2010-02-11 00:00:00.000000000,2010-02-11 00:00:00.000000000,2010-02-11 00:00:00.000000000,2010-01-05 00:00:00.000000000,2010-01-12 00:00:00.000000000,2010-01-12 00:00:00.000000000,2009-12-06 00:00:00.000000000,30 days 00:00:00.000000000,30 days 00:00:00.000000000,0 days 00:00:00.000000000
6145,2012-07-16 00:00:00.000000000,2012-07-16 00:00:00.000000000,2012-07-16 00:00:00.000000000,2011-12-07 00:00:00.000000000,2012-04-03 00:00:00.000000000,2012-04-03 00:00:00.000000000,2011-08-25 00:00:00.000000000,104 days 00:00:00.000000000,104 days 00:00:00.000000000,0 days 00:00:00.000000000
6146,2011-10-18 00:00:00.000000000,2011-10-18 00:00:00.000000000,2011-10-18 00:00:00.000000000,2010-12-21 00:00:00.000000000,2011-01-06 00:00:00.000000000,2011-01-06 00:00:00.000000000,2010-03-11 00:00:00.000000000,285 days 00:00:00.000000000,285 days 00:00:00.000000000,0 days 00:00:00.000000000
6147,2013-04-12 00:00:00.000000000,2013-04-12 00:00:00.000000000,2013-04-12 00:00:00.000000000,2013-01-22 00:00:00.000000000,2013-02-12 00:00:00.000000000,2013-02-12 00:00:00.000000000,2012-11-24 00:00:00.000000000,59 days 00:00:00.000000000,59 days 00:00:00.000000000,0 days 00:00:00.000000000
6148,2015-05-14 00:00:00.000000000,2015-05-14 00:00:00.000000000,2015-05-14 00:00:00.000000000,2014-10-27 00:00:00.000000000,2014-10-30 00:00:00.000000000,2014-10-30 00:00:00.000000000,2014-04-14 00:00:00.000000000,196 days 00:00:00.000000000,196 days 00:00:00.000000000,0 days 00:00:00.000000000
6149,2010-01-27 00:00:00.000000000,2010-01-27 00:00:00.000000000,2010-01-27 00:00:00.000000000,2009-12-02 00:00:00.000000000,2009-12-08 00:00:00.000000000,2009-12-08 00:00:00.000000000,2009-10-13 00:00:00.000000000,50 days 00:00:00.000000000,50 days 00:00:00.000000000,0 days 00:00:00.000000000
6150,2009-10-30 00:00:00.000000000,2009-10-30 00:00:00.000000000,2009-10-30 00:00:00.000000000,2009-05-07 00:00:00.000000000,2009-08-03 00:00:00.000000000,2009-08-03 00:00:00.000000000,2009-02-08 00:00:00.000000000,88 days 00:00:00.000000000,88 days 00:00:00.000000000,0 days 00:00:00.000000000
6151,2011-02-14 00:00:00.000000000,2011-02-14 00:00:00.000000000,2011-02-14 00:00:00.000000000,2010-08-31 00:00:00.000000000,2010-09-28 00:00:00.000000000,2010-09-28 00:00:00.000000000,2010-04-14 00:00:00.000000000,139 days 00:00:00.000000000,139 days 00:00:00.000000000,0 days 00:00:00.000000000
6152,2013-02-28 00:00:00.000000000,2013-02-28 00:00:00.000000000,2013-02-28 00:00:00.000000000,2012-07-12 00:00:00.000000000,2012-11-06 00:00:00.000000000,2012-11-06 00:00:00.000000000,2012-03-20 00:00:00.000000000,114 days 00:00:00.000000000,114 days 00:00:00.000000000,0 days 00:00:00.000000000
6153,2011-10-24 00:00:00.000000000,2011-10-24 00:00:00.000000000,2011-10-24 00:00:00.000000000,2011-06-27 00:00:00.000000000,2011-07-08 00:00:00.000000000,2011-07-08 00:00:00.000000000,2011-03-11 00:00:00.000000000,108 days 00:00:00.000000000,108 days 00:00:00.000000000,0 days 00:00:00.000000000
6154,2011-01-11 00:00:00.000000000,2011-01-11 00:00:00.000000000,2011-01-11 00:00:00.000000000,2010-08-13 00:00:00.000000000,2010-09-27 00:00:00.000000000,2010-09-27 00:00:00.000000000,2010-04-29 00:00:00.000000000,106 days 00:00:00.000000000,106 days 00:00:00.000000000,0 days 00:00:00.000000000
6155,2009-08-11 00:00:00.000000000,2009-08-11 00:00:00.000000000,2009-08-11 00:00:00.000000000,2009-05-07 00:00:00.000000000,2009-07-21 00:00:00.000000000,2009-07-21 00:00:00.000000000,2009-04-16 00:00:00.000000000,21 days 00:00:00.000000000,21 days 00:00:00.000000000,0 days 00:00:00.000000000
6156,2011-06-20 00:00:00.000000000,2011-06-20 00:00:00.000000000,2011-06-20 00:00:00.000000000,2011-02-25 00:00:00.000000000,2011-03-23 00:00:00.000000000,2011-03-23 00:00:00.000000000,2010-11-28 00:00:00.000000000,89 days 00:00:00.000000000,89 days 00:00:00.000000000,0 days 00:00:00.000000000
6157,2015-03-09 00:00:00.000000000,2015-03-09 00:00:00.000000000,2015-03-09 00:00:00.000000000,2014-09-11 00:00:00.000000000,2015-03-09 00:00:00.000000000,2015-03-09 00:00:00.000000000,2014-09-11 00:00:00.000000000,0 days 00:00:00.000000000,0 days 00:00:00.000000000,0 days 00:00:00.000000000
6158,2011-11-22 00:00:00.000000000,2011-11-22 00:00:00.000000000,2011-11-22 00:00:00.000000000,2011-06-27 00:00:00.000000000,2011-07-07 00:00:00.000000000,2011-07-07 00:00:00.000000000,2011-02-09 00:00:00.000000000,138 days 00:00:00.000000000,138 days 00:00:00.000000000,0 days 00:00:00.000000000
6159,2010-07-01 00:00:00.000000000,2010-07-01 00:00:00.000000000,2010-07-01 00:00:00.000000000,2010-03-22 00:00:00.000000000,2010-03-26 00:00:00.000000000,2010-03-26 00:00:00.000000000,2009-12-15 00:00:00.000000000,97 days 00:00:00.000000000,97 days 00:00:00.000000000,0 days 00:00:00.000000000
6160,2014-10-09 00:00:00.000000000,2014-10-09 00:00:00.000000000,2014-10-13 00:00:00.000000000,2014-04-12 00:00:00.000000000,2014-05-23 00:00:00.000000000,2014-05-23 00:00:00.000000000,2013-11-24 00:00:00.000000000,139 days 00:00:00.000000000,139 days 00:00:00.000000000,0 days 00:00:00.000000000
6161,2015-02-19 00:00:00.000000000,2015-02-19 00:00:00.000000000,2015-02-19 00:00:00.000000000,2014-04-30 00:00:00.000000000,2014-05-08 00:00:00.000000000,2014-05-08 00:00:00.000000000,2013-07-17 00:00:00.000000000,287 days 00:00:00.000000000,287 days 00:00:00.000000000,0 days 00:00:00.000000000
6162,2013-05-06 00:00:00.000000000,2013-05-06 00:00:00.000000000,2013-05-06 00:00:00.000000000,2012-07-17 00:00:00.000000000,2012-08-10 00:00:00.000000000,2012-08-10 00:00:00.000000000,2011-10-22 00:00:00.000000000,269 days 00:00:00.000000000,269 days 00:00:00.000000000,0 days 00:00:00.000000000
6163,2012-01-06 00:00:00.000000000,2012-01-06 00:00:00.000000000,2012-01-06 00:00:00.000000000,2011-08-29 00:00:00.000000000,2011-09-14 00:00:00.000000000,2011-09-14 00:00:00.000000000,2011-05-07 00:00:00.000000000,114 days 00:00:00.000000000,114 days 00:00:00.000000000,0 days 00:00:00.000000000
6164,2014-07-11 00:00:00.000000000,2014-07-11 00:00:00.000000000,2014-07-11 00:00:00.000000000,2013-07-12 00:00:00.000000000,2014-07-11 00:00:00.000000000,2014-07-11 00:00:00.000000000,2013-07-12 00:00:00.000000000,0 days 00:00:00.000000000,0 days 00:00:00.000000000,0 days 00:00:00.000000000
6165,2013-04-16 00:00:00.000000000,2013-04-16 00:00:00.000000000,2013-04-16 00:00:00.000000000,2013-03-18 00:00:00.000000000,1900-01-01 00:00:00.000000000,2013-04-09 00:00:00.000000000,2013-03-11 00:00:00.000000000,7 days 00:00:00.000000000,7 days 00:00:00.000000000,0 days 00:00:00.000000000
6166,2012-10-17 00:00:00.000000000,2012-10-17 00:00:00.000000000,2012-10-17 00:00:00.000000000,2012-05-04 00:00:00.000000000,2012-06-13 00:00:00.000000000,2012-06-13 00:00:00.000000000,2011-12-30 00:00:00.000000000,126 days 00:00:00.000000000,126 days 00:00:00.000000000,0 days 00:00:00.000000000
6167,2012-03-27 00:00:00.000000000,2012-03-27 00:00:00.000000000,2012-03-27 00:00:00.000000000,2011-12-08 00:00:00.000000000,2012-01-17 00:00:00.000000000,2012-01-17 00:00:00.000000000,2011-09-29 00:00:00.000000000,70 days 00:00:00.000000000,70 days 00:00:00.000000000,0 days 00:00:00.000000000
6168,2014-01-13 00:00:00.000000000,2014-01-13 00:00:00.000000000,2014-01-13 00:00:00.000000000,2013-11-14 00:00:00.000000000,2013-12-02 00:00:00.000000000,2013-12-02 00:00:00.000000000,2013-10-03 00:00:00.000000000,42 days 00:00:00.000000000,42 days 00:00:00.000000000,0 days 00:00:00.000000000
6169,2010-01-06 00:00:00.000000000,2010-01-06 00:00:00.000000000,2010-01-06 00:00:00.000000000,2009-09-18 00:00:00.000000000,2009-10-07 00:00:00.000000000,2009-10-07 00:00:00.000000000,2009-06-19 00:00:00.000000000,91 days 00:00:00.000000000,91 days 00:00:00.000000000,0 days 00:00:00.000000000
6170,2012-10-04 00:00:00.000000000,2012-10-04 00:00:00.000000000,2012-10-04 00:00:00.000000000,2012-05-14 00:00:00.000000000,2012-06-28 00:00:00.000000000,2012-06-28 00:00:00.000000000,2012-02-06 00:00:00.000000000,98 days 00:00:00.000000000,98 days 00:00:00.000000000,0 days 00:00:00.000000000
6171,2014-01-23 00:00:00.000000000,2014-01-23 00:00:00.000000000,2014-01-24 00:00:00.000000000,2013-08-21 00:00:00.000000000,2013-10-22 00:00:00.000000000,2013-10-22 00:00:00.000000000,2013-05-20 00:00:00.000000000,93 days 00:00:00.000000000,93 days 00:00:00.000000000,0 days 00:00:00.000000000
6172,2011-06-22 00:00:00.000000000,2011-06-22 00:00:00.000000000,2011-06-22 00:00:00.000000000,2011-01-17 00:00:00.000000000,2011-02-15 00:00:00.000000000,2011-02-15 00:00:00.000000000,2010-09-12 00:00:00.000000000,127 days 00:00:00.000000000,127 days 00:00:00.000000000,0 days 00:00:00.000000000
6173,2010-01-28 00:00:00.000000000,2010-01-28 00:00:00.000000000,2010-01-28 00:00:00.000000000,2009-08-31 00:00:00.000000000,2009-09-11 00:00:00.000000000,2009-09-11 00:00:00.000000000,2009-04-14 00:00:00.000000000,139 days 00:00:00.000000000,139 days 00:00:00.000000000,0 days 00:00:00.000000000
6174,2013-08-01 00:00:00.000000000,2013-08-01 00:00:00.000000000,2013-08-01 00:00:00.000000000,2013-02-07 00:00:00.000000000,2013-02-13 00:00:00.000000000,2013-02-13 00:00:00.000000000,2012-08-22 00:00:00.000000000,169 days 00:00:00.000000000,169 days 00:00:00.000000000,0 days 00:00:00.000000000
6175,2015-07-24 00:00:00.000000000,2015-07-24 00:00:00.000000000,2015-07-24 00:00:00.000000000,2014-09-11 00:00:00.000000000,2014-10-09 00:00:00.000000000,2014-10-09 00:00:00.000000000,2013-11-27 00:00:00.000000000,288 days 00:00:00.000000000,288 days 00:00:00.000000000,0 days 00:00:00.000000000
6176,2011-03-31 00:00:00.000000000,2011-03-31 00:00:00.000000000,2011-03-31 00:00:00.000000000,2010-03-01 00:00:00.000000000,2010-03-12 00:00:00.000000000,2010-03-12 00:00:00.000000000,2009-02-10 00:00:00.000000000,384 days 00:00:00.000000000,384 days 00:00:00.000000000,0 days 00:00:00.000000000
6177,2015-03-09 00:00:00.000000000,2015-03-09 00:00:00.000000000,2015-03-09 00:00:00.000000000,2014-09-11 00:00:00.000000000,2015-03-09 00:00:00.000000000,2015-03-09 00:00:00.000000000,2014-09-11 00:00:00.000000000,0 days 00:00:00.000000000,0 days 00:00:00.000000000,0 days 00:00:00.000000000
6178,2015-04-27 00:00:00.000000000,2015-04-27 00:00:00.000000000,2015-04-27 00:00:00.000000000,2014-10-09 00:00:00.000000000,2014-12-12 00:00:00.000000000,2014-12-12 00:00:00.000000000,2014-05-26 00:00:00.000000000,136 days 00:00:00.000000000,136 days 00:00:00.000000000,0 days 00:00:00.000000000
6179,2014-11-28 00:00:00.000000000,2014-11-28 00:00:00.000000000,2014-11-28 00:00:00.000000000,2014-09-11 00:00:00.000000000,2014-11-28 00:00:00.000000000,2014-11-28 00:00:00.000000000,2014-09-11 00:00:00.000000000,0 days 00:00:00.000000000,0 days 00:00:00.000000000,0 days 00:00:00.000000000
6180,2012-02-14 00:00:00.000000000,2012-02-14 00:00:00.000000000,2012-02-14 00:00:00.000000000,2011-12-05 00:00:00.000000000,2012-01-12 00:00:00.000000000,2012-01-12 00:00:00.000000000,2011-11-02 00:00:00.000000000,33 days 00:00:00.000000000,33 days 00:00:00.000000000,0 days 00:00:00.000000000
6181,2012-01-12 00:00:00.000000000,2012-01-12 00:00:00.000000000,2012-01-12 00:00:00.000000000,2011-03-10 00:00:00.000000000,2011-03-28 00:00:00.000000000,2011-03-28 00:00:00.000000000,2010-05-24 00:00:00.000000000,290 days 00:00:00.000000000,290 days 00:00:00.000000000,0 days 00:00:00.000000000
6182,2010-07-06 00:00:00.000000000,2010-07-06 00:00:00.000000000,2010-07-06 00:00:00.000000000,2010-03-22 00:00:00.000000000,2010-03-26 00:00:00.000000000,2010-03-26 00:00:00.000000000,2009-12-10 00:00:00.000000000,102 days 00:00:00.000000000,102 days 00:00:00.000000000,0 days 00:00:00.000000000
6183,2012-10-10 00:00:00.000000000,2012-10-10 00:00:00.000000000,2012-10-10 00:00:00.000000000,2012-06-15 00:00:00.000000000,2012-07-11 00:00:00.000000000,2012-07-11 00:00:00.000000000,2012-03-16 00:00:00.000000000,91 days 00:00:00.000000000,91 days 00:00:00.000000000,0 days 00:00:00.000000000
6184,2013-12-18 00:00:00.000000000,2013-12-18 00:00:00.000000000,2014-01-08 00:00:00.000000000,2013-04-19 00:00:00.000000000,2013-04-25 00:00:00.000000000,2013-04-25 00:00:00.000000000,2012-08-25 00:00:00.000000000,237 days 00:00:00.000000000,237 days 00:00:00.000000000,0 days 00:00:00.000000000
6185,2009-11-27 00:00:00.000000000,2009-11-27 00:00:00.000000000,2009-11-27 00:00:00.000000000,2009-08-12 00:00:00.000000000,2009-08-14 00:00:00.000000000,2009-08-14 00:00:00.000000000,2009-04-29 00:00:00.000000000,105 days 00:00:00.000000000,105 days 00:00:00.000000000,0 days 00:00:00.000000000
6186,2014-01-03 00:00:00.000000000,2014-01-03 00:00:00.000000000,2014-01-13 00:00:00.000000000,2013-08-13 00:00:00.000000000,2013-11-01 00:00:00.000000000,2013-11-01 00:00:00.000000000,2013-06-11 00:00:00.000000000,63 days 00:00:00.000000000,63 days 00:00:00.000000000,0 days 00:00:00.000000000
6187,2014-07-10 00:00:00.000000000,2014-07-10 00:00:00.000000000,2014-07-10 00:00:00.000000000,2013-07-11 00:00:00.000000000,2014-07-10 00:00:00.000000000,2014-07-10 00:00:00.000000000,2013-07-11 00:00:00.000000000,0 days 00:00:00.000000000,0 days 00:00:00.000000000,0 days 00:00:00.000000000
6188,2014-04-04 00:00:00.000000000,2014-04-04 00:00:00.000000000,2014-04-28 00:00:00.000000000,2014-01-22 00:00:00.000000000,2014-01-28 00:00:00.000000000,2014-01-28 00:00:00.000000000,2013-11-17 00:00:00.000000000,66 days 00:00:00.000000000,66 days 00:00:00.000000000,0 days 00:00:00.000000000
6189,2014-11-10 00:00:00.000000000,2014-11-10 00:00:00.000000000,2014-11-12 00:00:00.000000000,2014-04-12 00:00:00.000000000,2014-05-23 00:00:00.000000000,2014-05-23 00:00:00.000000000,2013-10-23 00:00:00.000000000,171 days 00:00:00.000000000,171 days 00:00:00.000000000,0 days 00:00:00.000000000
6190,2014-11-04 00:00:00.000000000,2014-11-04 00:00:00.000000000,2014-11-20 00:00:00.000000000,2014-08-11 00:00:00.000000000,2014-08-27 00:00:00.000000000,2014-08-27 00:00:00.000000000,2014-06-03 00:00:00.000000000,69 days 00:00:00.000000000,69 days 00:00:00.000000000,0 days 00:00:00.000000000
6191,2012-03-09 00:00:00.000000000,2012-03-09 00:00:00.000000000,2012-03-09 00:00:00.000000000,2011-08-31 00:00:00.000000000,2011-09-19 00:00:00.000000000,2011-09-19 00:00:00.000000000,2011-03-12 00:00:00.000000000,172 days 00:00:00.000000000,172 days 00:00:00.000000000,0 days 00:00:00.000000000
6192,2014-08-28 00:00:00.000000000,2014-08-28 00:00:00.000000000,2014-08-28 00:00:00.000000000,2014-04-30 00:00:00.000000000,2014-08-28 00:00:00.000000000,2014-08-28 00:00:00.000000000,2014-04-30 00:00:00.000000000,0 days 00:00:00.000000000,0 days 00:00:00.000000000,0 days 00:00:00.000000000
6193,2014-02-07 00:00:00.000000000,2014-02-07 00:00:00.000000000,2014-02-07 00:00:00.000000000,2013-07-11 00:00:00.000000000,2013-08-13 00:00:00.000000000,2013-08-13 00:00:00.000000000,2013-01-14 00:00:00.000000000,178 days 00:00:00.000000000,178 days 00:00:00.000000000,0 days 00:00:00.000000000
6194,2012-12-10 00:00:00.000000000,2012-12-10 00:00:00.000000000,2012-12-10 00:00:00.000000000,2012-07-25 00:00:00.000000000,2012-08-14 00:00:00.000000000,2012-08-14 00:00:00.000000000,2012-03-29 00:00:00.000000000,118 days 00:00:00.000000000,118 days 00:00:00.000000000,0 days 00:00:00.000000000
6195,2009-10-23 00:00:00.000000000,2009-10-23 00:00:00.000000000,2009-10-23 00:00:00.000000000,2009-08-21 00:00:00.000000000,2009-09-11 00:00:00.000000000,2009-09-11 00:00:00.000000000,2009-07-10 00:00:00.000000000,42 days 00:00:00.000000000,42 days 00:00:00.000000000,0 days 00:00:00.000000000
6196,2013-11-14 00:00:00.000000000,2013-11-14 00:00:00.000000000,2013-11-14 00:00:00.000000000,2013-08-19 00:00:00.000000000,2013-09-25 00:00:00.000000000,2013-09-25 00:00:00.000000000,2013-06-30 00:00:00.000000000,50 days 00:00:00.000000000,50 days 00:00:00.000000000,0 days 00:00:00.000000000
6197,2015-07-25 00:00:00.000000000,2015-07-25 00:00:00.000000000,2015-07-29 00:00:00.000000000,2014-12-29 00:00:00.000000000,2015-02-20 00:00:00.000000000,2015-02-20 00:00:00.000000000,2014-07-27 00:00:00.000000000,155 days 00:00:00.000000000,155 days 00:00:00.000000000,0 days 00:00:00.000000000
6198,2014-07-20 00:00:00.000000000,2014-07-21 00:00:00.000000000,2014-08-06 00:00:00.000000000,2014-04-30 00:00:00.000000000,2014-05-21 00:00:00.000000000,2014-05-21 00:00:00.000000000,2014-03-01 00:00:00.000000000,60 days 00:00:00.000000000,61 days 00:00:00.000000000,1 days 00:00:00.000000000
6199,2015-04-28 00:00:00.000000000,2015-04-28 00:00:00.000000000,2015-04-28 00:00:00.000000000,2014-04-30 00:00:00.000000000,2015-04-28 00:00:00.000000000,2015-04-28 00:00:00.000000000,2014-04-30 00:00:00.000000000,0 days 00:00:00.000000000,0 days 00:00:00.000000000,0 days 00:00:00.000000000
6200,2013-03-15 00:00:00.000000000,2013-03-15 00:00:00.000000000,2013-03-15 00:00:00.000000000,2013-02-25 00:00:00.000000000,2013-02-25 00:00:00.000000000,2013-02-25 00:00:00.000000000,2013-02-07 00:00:00.000000000,18 days 00:00:00.000000000,18 days 00:00:00.000000000,0 days 00:00:00.000000000
6201,2014-01-28 00:00:00.000000000,2014-01-28 00:00:00.000000000,2014-01-28 00:00:00.000000000,2013-10-03 00:00:00.000000000,2013-10-28 00:00:00.000000000,2013-10-28 00:00:00.000000000,2013-07-03 00:00:00.000000000,92 days 00:00:00.000000000,92 days 00:00:00.000000000,0 days 00:00:00.000000000
6202,2014-01-21 00:00:00.000000000,2014-01-21 00:00:00.000000000,2014-01-21 00:00:00.000000000,2013-07-11 00:00:00.000000000,2013-10-14 00:00:00.000000000,2013-10-14 00:00:00.000000000,2013-04-03 00:00:00.000000000,99 days 00:00:00.000000000,99 days 00:00:00.000000000,0 days 00:00:00.000000000
6203,2014-07-24 00:00:00.000000000,2014-07-24 00:00:00.000000000,2014-07-25 00:00:00.000000000,2014-03-10 00:00:00.000000000,2014-05-16 00:00:00.000000000,2014-05-16 00:00:00.000000000,2013-12-31 00:00:00.000000000,69 days 00:00:00.000000000,69 days 00:00:00.000000000,0 days 00:00:00.000000000
6204,2015-07-03 00:00:00.000000000,2015-07-03 00:00:00.000000000,2015-07-13 00:00:00.000000000,2014-10-22 00:00:00.000000000,2014-12-24 00:00:00.000000000,2014-12-24 00:00:00.000000000,2014-04-14 00:00:00.000000000,191 days 00:00:00.000000000,191 days 00:00:00.000000000,0 days 00:00:00.000000000
6205,2010-08-03 00:00:00.000000000,2010-08-03 00:00:00.000000000,2010-08-03 00:00:00.000000000,2010-03-15 00:00:00.000000000,2010-03-24 00:00:00.000000000,2010-03-24 00:00:00.000000000,2009-11-03 00:00:00.000000000,132 days 00:00:00.000000000,132 days 00:00:00.000000000,0 days 00:00:00.000000000
6206,2012-01-23 00:00:00.000000000,2012-01-23 00:00:00.000000000,2012-01-23 00:00:00.000000000,2011-11-09 00:00:00.000000000,2011-12-29 00:00:00.000000000,2011-12-29 00:00:00.000000000,2011-10-15 00:00:00.000000000,25 days 00:00:00.000000000,25 days 00:00:00.000000000,0 days 00:00:00.000000000
6207,2010-05-28 00:00:00.000000000,2010-05-28 00:00:00.000000000,2010-05-28 00:00:00.000000000,2010-04-16 00:00:00.000000000,2010-04-22 00:00:00.000000000,2010-04-22 00:00:00.000000000,2010-03-11 00:00:00.000000000,36 days 00:00:00.000000000,36 days 00:00:00.000000000,0 days 00:00:00.000000000
6208,2012-10-09 00:00:00.000000000,2012-10-09 00:00:00.000000000,2012-10-09 00:00:00.000000000,2012-07-26 00:00:00.000000000,2012-08-09 00:00:00.000000000,2012-08-09 00:00:00.000000000,2012-05-26 00:00:00.000000000,61 days 00:00:00.000000000,61 days 00:00:00.000000000,0 days 00:00:00.000000000
6209,2014-05-09 00:00:00.000000000,2014-05-09 00:00:00.000000000,2014-05-12 00:00:00.000000000,2013-08-21 00:00:00.000000000,2013-10-24 00:00:00.000000000,2013-10-24 00:00:00.000000000,2013-02-05 00:00:00.000000000,197 days 00:00:00.000000000,197 days 00:00:00.000000000,0 days 00:00:00.000000000
6210,2012-05-18 00:00:00.000000000,2012-05-18 00:00:00.000000000,2012-05-18 00:00:00.000000000,2012-03-15 00:00:00.000000000,2012-04-17 00:00:00.000000000,2012-04-17 00:00:00.000000000,2012-02-13 00:00:00.000000000,31 days 00:00:00.000000000,31 days 00:00:00.000000000,0 days 00:00:00.000000000
6211,2015-02-23 00:00:00.000000000,2015-02-23 00:00:00.000000000,2015-02-24 00:00:00.000000000,2014-03-27 00:00:00.000000000,2014-05-06 00:00:00.000000000,2014-05-06 00:00:00.000000000,2013-06-07 00:00:00.000000000,293 days 00:00:00.000000000,293 days 00:00:00.000000000,0 days 00:00:00.000000000
6212,2014-08-07 00:00:00.000000000,2014-08-07 00:00:00.000000000,2014-08-15 00:00:00.000000000,2014-03-07 00:00:00.000000000,2014-04-14 00:00:00.000000000,2014-04-14 00:00:00.000000000,2013-11-12 00:00:00.000000000,115 days 00:00:00.000000000,115 days 00:00:00.000000000,0 days 00:00:00.000000000
6213,2012-03-06 00:00:00.000000000,2012-03-06 00:00:00.000000000,2012-03-06 00:00:00.000000000,2011-12-14 00:00:00.000000000,2012-01-19 00:00:00.000000000,2012-01-19 00:00:00.000000000,2011-10-28 00:00:00.000000000,47 days 00:00:00.000000000,47 days 00:00:00.000000000,0 days 00:00:00.000000000
6214,2011-07-07 00:00:00.000000000,2011-07-07 00:00:00.000000000,2011-07-07 00:00:00.000000000,2011-02-16 00:00:00.000000000,2011-03-30 00:00:00.000000000,2011-03-30 00:00:00.000000000,2010-11-09 00:00:00.000000000,99 days 00:00:00.000000000,99 days 00:00:00.000000000,0 days 00:00:00.000000000
6215,2014-12-11 00:00:00.000000000,2014-12-11 00:00:00.000000000,2014-12-16 00:00:00.000000000,2014-06-30 00:00:00.000000000,2014-07-31 00:00:00.000000000,2014-07-31 00:00:00.000000000,2014-02-17 00:00:00.000000000,133 days 00:00:00.000000000,133 days 00:00:00.000000000,0 days 00:00:00.000000000
6216,2010-12-07 00:00:00.000000000,2010-12-07 00:00:00.000000000,2010-12-07 00:00:00.000000000,2010-06-23 00:00:00.000000000,2010-07-01 00:00:00.000000000,2010-07-01 00:00:00.000000000,2010-01-15 00:00:00.000000000,159 days 00:00:00.000000000,159 days 00:00:00.000000000,0 days 00:00:00.000000000
6217,2014-07-24 00:00:00.000000000,2014-07-24 00:00:00.000000000,2014-07-31 00:00:00.000000000,2014-03-07 00:00:00.000000000,2014-04-14 00:00:00.000000000,2014-04-14 00:00:00.000000000,2013-11-26 00:00:00.000000000,101 days 00:00:00.000000000,101 days 00:00:00.000000000,0 days 00:00:00.000000000
6218,2012-05-22 00:00:00.000000000,2012-05-22 00:00:00.000000000,2012-05-22 00:00:00.000000000,2012-02-01 00:00:00.000000000,2012-03-08 00:00:00.000000000,2012-03-08 00:00:00.000000000,2011-11-18 00:00:00.000000000,75 days 00:00:00.000000000,75 days 00:00:00.000000000,0 days 00:00:00.000000000
6219,2014-02-07 00:00:00.000000000,2014-02-07 00:00:00.000000000,2014-02-07 00:00:00.000000000,2013-07-11 00:00:00.000000000,2013-08-13 00:00:00.000000000,2013-08-13 00:00:00.000000000,2013-01-14 00:00:00.000000000,178 days 00:00:00.000000000,178 days 00:00:00.000000000,0 days 00:00:00.000000000
6220,2011-09-29 00:00:00.000000000,2011-09-30 00:00:00.000000000,2011-09-30 00:00:00.000000000,2011-06-24 00:00:00.000000000,2011-07-18 00:00:00.000000000,2011-07-18 00:00:00.000000000,2011-04-12 00:00:00.000000000,73 days 00:00:00.000000000,74 days 00:00:00.000000000,1 days 00:00:00.000000000
6221,2014-06-14 00:00:00.000000000,2014-06-14 00:00:00.000000000,2014-06-16 00:00:00.000000000,2014-04-01 00:00:00.000000000,2014-05-08 00:00:00.000000000,2014-05-08 00:00:00.000000000,2014-02-23 00:00:00.000000000,37 days 00:00:00.000000000,37 days 00:00:00.000000000,0 days 00:00:00.000000000
6222,2010-10-22 00:00:00.000000000,2010-10-22 00:00:00.000000000,2010-10-22 00:00:00.000000000,2010-08-19 00:00:00.000000000,2010-09-02 00:00:00.000000000,2010-09-02 00:00:00.000000000,2010-06-30 00:00:00.000000000,50 days 00:00:00.000000000,50 days 00:00:00.000000000,0 days 00:00:00.000000000
6223,2014-08-27 00:00:00.000000000,2014-08-27 00:00:00.000000000,2014-08-27 00:00:00.000000000,2013-07-11 00:00:00.000000000,2014-08-27 00:00:00.000000000,2014-08-27 00:00:00.000000000,2013-07-11 00:00:00.000000000,0 days 00:00:00.000000000,0 days 00:00:00.000000000,0 days 00:00:00.000000000
6224,2013-11-09 00:00:00.000000000,2013-11-09 00:00:00.000000000,2013-11-13 00:00:00.000000000,2013-06-21 00:00:00.000000000,2013-07-01 00:00:00.000000000,2013-07-01 00:00:00.000000000,2013-02-10 00:00:00.000000000,131 days 00:00:00.000000000,131 days 00:00:00.000000000,0 days 00:00:00.000000000
6225,2015-06-03 00:00:00.000000000,2015-06-03 00:00:00.000000000,2015-06-05 00:00:00.000000000,2014-12-29 00:00:00.000000000,2015-02-20 00:00:00.000000000,2015-02-20 00:00:00.000000000,2014-09-17 00:00:00.000000000,103 days 00:00:00.000000000,103 days 00:00:00.000000000,0 days 00:00:00.000000000
6226,2010-02-16 00:00:00.000000000,2010-02-16 00:00:00.000000000,2010-02-16 00:00:00.000000000,2009-11-18 00:00:00.000000000,2009-12-02 00:00:00.000000000,2009-12-02 00:00:00.000000000,2009-09-03 00:00:00.000000000,76 days 00:00:00.000000000,76 days 00:00:00.000000000,0 days 00:00:00.000000000
6227,2014-09-29 00:00:00.000000000,2014-09-29 00:00:00.000000000,2014-09-30 00:00:00.000000000,2014-06-17 00:00:00.000000000,2014-07-01 00:00:00.000000000,2014-07-01 00:00:00.000000000,2014-03-19 00:00:00.000000000,90 days 00:00:00.000000000,90 days 00:00:00.000000000,0 days 00:00:00.000000000
6228,2013-08-14 00:00:00.000000000,2013-08-14 00:00:00.000000000,2013-08-14 00:00:00.000000000,2013-02-07 00:00:00.000000000,2013-03-22 00:00:00.000000000,2013-03-22 00:00:00.000000000,2012-09-15 00:00:00.000000000,145 days 00:00:00.000000000,145 days 00:00:00.000000000,0 days 00:00:00.000000000
6229,2013-11-04 00:00:00.000000000,2013-11-04 00:00:00.000000000,2013-12-03 00:00:00.000000000,2013-04-12 00:00:00.000000000,2013-05-08 00:00:00.000000000,2013-05-08 00:00:00.000000000,2012-10-14 00:00:00.000000000,180 days 00:00:00.000000000,180 days 00:00:00.000000000,0 days 00:00:00.000000000
6230,2009-12-01 00:00:00.000000000,2009-12-01 00:00:00.000000000,2009-12-01 00:00:00.000000000,2009-08-04 00:00:00.000000000,2009-08-11 00:00:00.000000000,2009-08-11 00:00:00.000000000,2009-04-14 00:00:00.000000000,112 days 00:00:00.000000000,112 days 00:00:00.000000000,0 days 00:00:00.000000000
6231,2014-06-25 00:00:00.000000000,2014-06-25 00:00:00.000000000,2014-06-25 00:00:00.000000000,2014-04-30 00:00:00.000000000,2014-06-25 00:00:00.000000000,2014-06-25 00:00:00.000000000,2014-04-30 00:00:00.000000000,0 days 00:00:00.000000000,0 days 00:00:00.000000000,0 days 00:00:00.000000000
6232,2010-12-18 00:00:00.000000000,2010-12-18 00:00:00.000000000,2010-12-18 00:00:00.000000000,2010-07-16 00:00:00.000000000,2010-11-22 00:00:00.000000000,2010-11-22 00:00:00.000000000,2010-06-20 00:00:00.000000000,26 days 00:00:00.000000000,26 days 00:00:00.000000000,0 days 00:00:00.000000000
6233,2009-12-03 00:00:00.000000000,2009-12-03 00:00:00.000000000,2009-12-03 00:00:00.000000000,2009-08-12 00:00:00.000000000,2009-08-14 00:00:00.000000000,2009-08-14 00:00:00.000000000,2009-04-23 00:00:00.000000000,111 days 00:00:00.000000000,111 days 00:00:00.000000000,0 days 00:00:00.000000000
6234,2010-06-01 00:00:00.000000000,2010-06-01 00:00:00.000000000,2010-06-01 00:00:00.000000000,2009-07-16 00:00:00.000000000,2009-08-31 00:00:00.000000000,2009-08-31 00:00:00.000000000,2008-10-15 00:00:00.000000000,274 days 00:00:00.000000000,274 days 00:00:00.000000000,0 days 00:00:00.000000000
6235,2014-05-02 00:00:00.000000000,2014-05-02 00:00:00.000000000,2014-05-07 00:00:00.000000000,2013-12-11 00:00:00.000000000,2013-12-17 00:00:00.000000000,2013-12-17 00:00:00.000000000,2013-07-28 00:00:00.000000000,136 days 00:00:00.000000000,136 days 00:00:00.000000000,0 days 00:00:00.000000000
6236,2011-09-26 00:00:00.000000000,2011-09-26 00:00:00.000000000,2011-09-26 00:00:00.000000000,2011-03-31 00:00:00.000000000,2011-04-14 00:00:00.000000000,2011-04-14 00:00:00.000000000,2010-10-17 00:00:00.000000000,165 days 00:00:00.000000000,165 days 00:00:00.000000000,0 days 00:00:00.000000000
6237,2015-03-11 00:00:00.000000000,2015-03-11 00:00:00.000000000,2015-03-31 00:00:00.000000000,2014-08-19 00:00:00.000000000,2014-09-19 00:00:00.000000000,2014-09-19 00:00:00.000000000,2014-02-27 00:00:00.000000000,173 days 00:00:00.000000000,173 days 00:00:00.000000000,0 days 00:00:00.000000000
6238,2013-06-06 00:00:00.000000000,2013-06-06 00:00:00.000000000,2013-06-06 00:00:00.000000000,2013-01-15 00:00:00.000000000,2013-02-04 00:00:00.000000000,2013-02-04 00:00:00.000000000,2012-09-15 00:00:00.000000000,122 days 00:00:00.000000000,122 days 00:00:00.000000000,0 days 00:00:00.000000000
6239,2015-02-10 00:00:00.000000000,2015-02-10 00:00:00.000000000,2015-02-18 00:00:00.000000000,2014-11-12 00:00:00.000000000,2014-11-19 00:00:00.000000000,2014-11-19 00:00:00.000000000,2014-08-21 00:00:00.000000000,83 days 00:00:00.000000000,83 days 00:00:00.000000000,0 days 00:00:00.000000000
6240,2012-10-19 00:00:00.000000000,2012-10-19 00:00:00.000000000,2012-10-19 00:00:00.000000000,2012-06-19 00:00:00.000000000,2012-07-31 00:00:00.000000000,2012-07-31 00:00:00.000000000,2012-03-31 00:00:00.000000000,80 days 00:00:00.000000000,80 days 00:00:00.000000000,0 days 00:00:00.000000000
6241,2010-12-15 00:00:00.000000000,2010-12-15 00:00:00.000000000,2010-12-15 00:00:00.000000000,2010-03-18 00:00:00.000000000,2010-03-19 00:00:00.000000000,2010-03-19 00:00:00.000000000,2009-06-20 00:00:00.000000000,271 days 00:00:00.000000000,271 days 00:00:00.000000000,0 days 00:00:00.000000000
6242,2014-02-11 00:00:00.000000000,2014-02-11 00:00:00.000000000,2014-02-11 00:00:00.000000000,2013-07-18 00:00:00.000000000,2013-08-06 00:00:00.000000000,2013-08-06 00:00:00.000000000,2013-01-10 00:00:00.000000000,189 days 00:00:00.000000000,189 days 00:00:00.000000000,0 days 00:00:00.000000000
6243,2013-03-20 00:00:00.000000000,2013-04-01 00:00:00.000000000,2013-04-01 00:00:00.000000000,2012-10-18 00:00:00.000000000,2012-11-06 00:00:00.000000000,2012-11-06 00:00:00.000000000,2012-06-06 00:00:00.000000000,134 days 00:00:00.000000000,146 days 00:00:00.000000000,12 days 00:00:00.000000000
6244,2013-09-02 00:00:00.000000000,2013-09-02 00:00:00.000000000,2013-09-02 00:00:00.000000000,2013-02-07 00:00:00.000000000,2013-03-26 00:00:00.000000000,2013-03-26 00:00:00.000000000,2012-08-31 00:00:00.000000000,160 days 00:00:00.000000000,160 days 00:00:00.000000000,0 days 00:00:00.000000000
6245,2015-06-03 00:00:00.000000000,2015-06-03 00:00:00.000000000,2015-06-05 00:00:00.000000000,2014-12-29 00:00:00.000000000,2015-02-20 00:00:00.000000000,2015-02-20 00:00:00.000000000,2014-09-17 00:00:00.000000000,103 days 00:00:00.000000000,103 days 00:00:00.000000000,0 days 00:00:00.000000000
6246,2014-08-29 00:00:00.000000000,2014-08-29 00:00:00.000000000,2014-08-29 00:00:00.000000000,2013-07-11 00:00:00.000000000,2014-08-29 00:00:00.000000000,2014-08-29 00:00:00.000000000,2013-07-11 00:00:00.000000000,0 days 00:00:00.000000000,0 days 00:00:00.000000000,0 days 00:00:00.000000000
6247,2011-11-04 00:00:00.000000000,2011-11-04 00:00:00.000000000,2011-11-04 00:00:00.000000000,2011-08-19 00:00:00.000000000,2011-08-29 00:00:00.000000000,2011-08-29 00:00:00.000000000,2011-06-13 00:00:00.000000000,67 days 00:00:00.000000000,67 days 00:00:00.000000000,0 days 00:00:00.000000000
6248,2013-02-28 00:00:00.000000000,2013-02-28 00:00:00.000000000,2013-02-28 00:00:00.000000000,2012-07-12 00:00:00.000000000,2012-11-06 00:00:00.000000000,2012-11-06 00:00:00.000000000,2012-03-20 00:00:00.000000000,114 days 00:00:00.000000000,114 days 00:00:00.000000000,0 days 00:00:00.000000000
6249,2013-12-13 00:00:00.000000000,2013-12-13 00:00:00.000000000,2013-12-13 00:00:00.000000000,2013-07-11 00:00:00.000000000,2013-07-25 00:00:00.000000000,2013-07-25 00:00:00.000000000,2013-02-20 00:00:00.000000000,141 days 00:00:00.000000000,141 days 00:00:00.000000000,0 days 00:00:00.000000000
6250,2014-10-03 00:00:00.000000000,2014-10-03 00:00:00.000000000,2014-10-03 00:00:00.000000000,2014-04-30 00:00:00.000000000,2014-10-03 00:00:00.000000000,2014-10-03 00:00:00.000000000,2014-04-30 00:00:00.000000000,0 days 00:00:00.000000000,0 days 00:00:00.000000000,0 days 00:00:00.000000000
6251,2011-06-22 00:00:00.000000000,2011-06-22 00:00:00.000000000,2011-06-22 00:00:00.000000000,2011-01-17 00:00:00.000000000,2011-02-15 00:00:00.000000000,2011-02-15 00:00:00.000000000,2010-09-12 00:00:00.000000000,127 days 00:00:00.000000000,127 days 00:00:00.000000000,0 days 00:00:00.000000000
6252,2009-08-11 00:00:00.000000000,2009-08-11 00:00:00.000000000,2009-08-11 00:00:00.000000000,2009-06-11 00:00:00.000000000,2009-06-29 00:00:00.000000000,2009-06-29 00:00:00.000000000,2009-04-29 00:00:00.000000000,43 days 00:00:00.000000000,43 days 00:00:00.000000000,0 days 00:00:00.000000000
6253,2015-07-10 00:00:00.000000000,2015-07-10 00:00:00.000000000,2015-07-10 00:00:00.000000000,2015-01-28 00:00:00.000000000,2015-02-17 00:00:00.000000000,2015-02-17 00:00:00.000000000,2014-09-07 00:00:00.000000000,143 days 00:00:00.000000000,143 days 00:00:00.000000000,0 days 00:00:00.000000000
6254,2010-01-26 00:00:00.000000000,2010-01-26 00:00:00.000000000,2010-01-26 00:00:00.000000000,2009-11-04 00:00:00.000000000,2009-11-13 00:00:00.000000000,2009-11-13 00:00:00.000000000,2009-08-22 00:00:00.000000000,74 days 00:00:00.000000000,74 days 00:00:00.000000000,0 days 00:00:00.000000000
6255,2013-12-14 00:00:00.000000000,2013-12-14 00:00:00.000000000,2013-12-14 00:00:00.000000000,2013-06-21 00:00:00.000000000,2013-08-12 00:00:00.000000000,2013-08-12 00:00:00.000000000,2013-02-17 00:00:00.000000000,124 days 00:00:00.000000000,124 days 00:00:00.000000000,0 days 00:00:00.000000000
6256,2013-08-07 00:00:00.000000000,2013-08-07 00:00:00.000000000,2013-08-07 00:00:00.000000000,2013-01-30 00:00:00.000000000,2013-03-11 00:00:00.000000000,2013-03-11 00:00:00.000000000,2012-09-03 00:00:00.000000000,149 days 00:00:00.000000000,149 days 00:00:00.000000000,0 days 00:00:00.000000000
6257,2013-06-12 00:00:00.000000000,2013-06-12 00:00:00.000000000,2013-06-12 00:00:00.000000000,2012-11-15 00:00:00.000000000,2012-12-06 00:00:00.000000000,2012-12-06 00:00:00.000000000,2012-05-11 00:00:00.000000000,188 days 00:00:00.000000000,188 days 00:00:00.000000000,0 days 00:00:00.000000000
6258,2011-04-26 00:00:00.000000000,2011-05-26 00:00:00.000000000,2011-05-26 00:00:00.000000000,2010-08-31 00:00:00.000000000,2010-09-24 00:00:00.000000000,2010-09-24 00:00:00.000000000,2010-01-29 00:00:00.000000000,214 days 00:00:00.000000000,244 days 00:00:00.000000000,30 days 00:00:00.000000000
6259,2011-02-10 00:00:00.000000000,2011-02-10 00:00:00.000000000,2011-02-10 00:00:00.000000000,2010-08-30 00:00:00.000000000,2010-09-02 00:00:00.000000000,2010-09-02 00:00:00.000000000,2010-03-22 00:00:00.000000000,161 days 00:00:00.000000000,161 days 00:00:00.000000000,0 days 00:00:00.000000000
6260,2015-08-24 00:00:00.000000000,2015-08-24 00:00:00.000000000,2015-08-24 00:00:00.000000000,2014-09-11 00:00:00.000000000,2014-10-09 00:00:00.000000000,2014-10-09 00:00:00.000000000,2013-10-27 00:00:00.000000000,319 days 00:00:00.000000000,319 days 00:00:00.000000000,0 days 00:00:00.000000000
6261,2014-10-20 00:00:00.000000000,2014-10-20 00:00:00.000000000,2014-10-24 00:00:00.000000000,2014-03-20 00:00:00.000000000,2014-04-28 00:00:00.000000000,2014-04-28 00:00:00.000000000,2013-09-26 00:00:00.000000000,175 days 00:00:00.000000000,175 days 00:00:00.000000000,0 days 00:00:00.000000000
6262,2011-08-24 00:00:00.000000000,2011-08-24 00:00:00.000000000,2011-08-24 00:00:00.000000000,2011-04-21 00:00:00.000000000,2011-05-02 00:00:00.000000000,2011-05-02 00:00:00.000000000,2010-12-28 00:00:00.000000000,114 days 00:00:00.000000000,114 days 00:00:00.000000000,0 days 00:00:00.000000000
6263,2014-04-11 00:00:00.000000000,2014-04-11 00:00:00.000000000,2014-04-24 00:00:00.000000000,2014-02-26 00:00:00.000000000,2014-03-19 00:00:00.000000000,2014-03-19 00:00:00.000000000,2014-02-03 00:00:00.000000000,23 days 00:00:00.000000000,23 days 00:00:00.000000000,0 days 00:00:00.000000000
6264,2009-12-29 00:00:00.000000000,2009-12-29 00:00:00.000000000,2009-12-29 00:00:00.000000000,2009-12-17 00:00:00.000000000,2009-12-23 00:00:00.000000000,2009-12-23 00:00:00.000000000,2009-12-11 00:00:00.000000000,6 days 00:00:00.000000000,6 days 00:00:00.000000000,0 days 00:00:00.000000000
6265,2013-02-01 00:00:00.000000000,2013-02-01 00:00:00.000000000,2013-02-01 00:00:00.000000000,2012-07-25 00:00:00.000000000,2012-08-14 00:00:00.000000000,2012-08-14 00:00:00.000000000,2012-02-05 00:00:00.000000000,171 days 00:00:00.000000000,171 days 00:00:00.000000000,0 days 00:00:00.000000000
6266,2014-10-03 00:00:00.000000000,2014-10-03 00:00:00.000000000,2014-10-03 00:00:00.000000000,2014-04-30 00:00:00.000000000,2014-10-03 00:00:00.000000000,2014-10-03 00:00:00.000000000,2014-04-30 00:00:00.000000000,0 days 00:00:00.000000000,0 days 00:00:00.000000000,0 days 00:00:00.000000000
6267,2013-10-24 00:00:00.000000000,2013-10-24 00:00:00.000000000,2013-11-01 00:00:00.000000000,2013-06-10 00:00:00.000000000,2013-07-10 00:00:00.000000000,2013-07-10 00:00:00.000000000,2013-02-24 00:00:00.000000000,106 days 00:00:00.000000000,106 days 00:00:00.000000000,0 days 00:00:00.000000000
6268,2014-08-29 00:00:00.000000000,2014-08-29 00:00:00.000000000,2014-08-29 00:00:00.000000000,2013-07-11 00:00:00.000000000,2014-08-29 00:00:00.000000000,2014-08-29 00:00:00.000000000,2013-07-11 00:00:00.000000000,0 days 00:00:00.000000000,0 days 00:00:00.000000000,0 days 00:00:00.000000000
6269,2010-04-20 00:00:00.000000000,2010-04-20 00:00:00.000000000,2010-04-20 00:00:00.000000000,2010-01-07 00:00:00.000000000,2010-01-08 00:00:00.000000000,2010-01-08 00:00:00.000000000,2009-09-27 00:00:00.000000000,102 days 00:00:00.000000000,102 days 00:00:00.000000000,0 days 00:00:00.000000000
6270,2014-08-29 00:00:00.000000000,2014-08-29 00:00:00.000000000,2014-08-29 00:00:00.000000000,2013-07-11 00:00:00.000000000,2014-08-29 00:00:00.000000000,2014-08-29 00:00:00.000000000,2013-07-11 00:00:00.000000000,0 days 00:00:00.000000000,0 days 00:00:00.000000000,0 days 00:00:00.000000000
6271,2009-12-19 00:00:00.000000000,2009-12-19 00:00:00.000000000,2009-12-19 00:00:00.000000000,2009-09-22 00:00:00.000000000,2009-11-03 00:00:00.000000000,2009-11-03 00:00:00.000000000,2009-08-07 00:00:00.000000000,46 days 00:00:00.000000000,46 days 00:00:00.000000000,0 days 00:00:00.000000000
6272,2015-08-06 00:00:00.000000000,2015-08-06 00:00:00.000000000,2015-08-12 00:00:00.000000000,2015-04-23 00:00:00.000000000,2015-06-16 00:00:00.000000000,2015-06-16 00:00:00.000000000,2015-03-03 00:00:00.000000000,51 days 00:00:00.000000000,51 days 00:00:00.000000000,0 days 00:00:00.000000000
6273,2014-02-06 00:00:00.000000000,2014-02-06 00:00:00.000000000,2014-02-06 00:00:00.000000000,2013-10-08 00:00:00.000000000,2013-12-02 00:00:00.000000000,2013-12-02 00:00:00.000000000,2013-08-03 00:00:00.000000000,66 days 00:00:00.000000000,66 days 00:00:00.000000000,0 days 00:00:00.000000000
6274,2009-09-11 00:00:00.000000000,2009-09-11 00:00:00.000000000,2009-09-11 00:00:00.000000000,2009-07-06 00:00:00.000000000,2009-07-14 00:00:00.000000000,2009-07-14 00:00:00.000000000,2009-05-08 00:00:00.000000000,59 days 00:00:00.000000000,59 days 00:00:00.000000000,0 days 00:00:00.000000000
6275,2011-12-19 00:00:00.000000000,2011-12-19 00:00:00.000000000,2011-12-19 00:00:00.000000000,2011-07-28 00:00:00.000000000,2011-08-15 00:00:00.000000000,2011-08-15 00:00:00.000000000,2011-03-24 00:00:00.000000000,126 days 00:00:00.000000000,126 days 00:00:00.000000000,0 days 00:00:00.000000000
6276,2009-12-21 00:00:00.000000000,2009-12-21 00:00:00.000000000,2009-12-21 00:00:00.000000000,2009-10-13 00:00:00.000000000,2009-11-06 00:00:00.000000000,2009-11-06 00:00:00.000000000,2009-08-29 00:00:00.000000000,45 days 00:00:00.000000000,45 days 00:00:00.000000000,0 days 00:00:00.000000000
6277,2011-09-02 00:00:00.000000000,2011-09-02 00:00:00.000000000,2011-09-02 00:00:00.000000000,2011-07-12 00:00:00.000000000,2011-07-20 00:00:00.000000000,2011-07-20 00:00:00.000000000,2011-05-29 00:00:00.000000000,44 days 00:00:00.000000000,44 days 00:00:00.000000000,0 days 00:00:00.000000000
6278,2014-10-03 00:00:00.000000000,2014-10-03 00:00:00.000000000,2014-10-03 00:00:00.000000000,2014-04-30 00:00:00.000000000,2014-10-03 00:00:00.000000000,2014-10-03 00:00:00.000000000,2014-04-30 00:00:00.000000000,0 days 00:00:00.000000000,0 days 00:00:00.000000000,0 days 00:00:00.000000000
6279,2012-03-07 00:00:00.000000000,2012-03-07 00:00:00.000000000,2012-03-07 00:00:00.000000000,2012-01-25 00:00:00.000000000,2012-01-27 00:00:00.000000000,2012-01-27 00:00:00.000000000,2011-12-16 00:00:00.000000000,40 days 00:00:00.000000000,40 days 00:00:00.000000000,0 days 00:00:00.000000000
6280,2011-05-31 00:00:00.000000000,2011-06-13 00:00:00.000000000,2011-06-13 00:00:00.000000000,2010-11-26 00:00:00.000000000,2010-12-14 00:00:00.000000000,2010-12-14 00:00:00.000000000,2010-06-11 00:00:00.000000000,168 days 00:00:00.000000000,181 days 00:00:00.000000000,13 days 00:00:00.000000000
6281,2010-05-12 00:00:00.000000000,2010-05-12 00:00:00.000000000,2010-05-12 00:00:00.000000000,2010-04-30 00:00:00.000000000,2010-05-05 00:00:00.000000000,2010-05-05 00:00:00.000000000,2010-04-23 00:00:00.000000000,7 days 00:00:00.000000000,7 days 00:00:00.000000000,0 days 00:00:00.000000000
6282,2015-06-17 00:00:00.000000000,2015-06-17 00:00:00.000000000,2015-06-17 00:00:00.000000000,2015-04-28 00:00:00.000000000,2015-06-02 00:00:00.000000000,2015-06-02 00:00:00.000000000,2015-04-13 00:00:00.000000000,15 days 00:00:00.000000000,15 days 00:00:00.000000000,0 days 00:00:00.000000000
6283,2012-04-10 00:00:00.000000000,2012-04-10 00:00:00.000000000,2012-04-10 00:00:00.000000000,2011-12-08 00:00:00.000000000,2012-01-17 00:00:00.000000000,2012-01-17 00:00:00.000000000,2011-09-15 00:00:00.000000000,84 days 00:00:00.000000000,84 days 00:00:00.000000000,0 days 00:00:00.000000000
6284,2014-09-29 00:00:00.000000000,2014-09-29 00:00:00.000000000,2014-10-14 00:00:00.000000000,2014-03-19 00:00:00.000000000,2014-05-05 00:00:00.000000000,2014-05-05 00:00:00.000000000,2013-10-23 00:00:00.000000000,147 days 00:00:00.000000000,147 days 00:00:00.000000000,0 days 00:00:00.000000000
6285,2011-01-06 00:00:00.000000000,2011-01-27 00:00:00.000000000,2011-01-27 00:00:00.000000000,2010-08-31 00:00:00.000000000,2010-09-24 00:00:00.000000000,2010-09-24 00:00:00.000000000,2010-05-19 00:00:00.000000000,104 days 00:00:00.000000000,125 days 00:00:00.000000000,21 days 00:00:00.000000000
6286,2011-08-09 00:00:00.000000000,2011-08-09 00:00:00.000000000,2011-08-09 00:00:00.000000000,2011-03-28 00:00:00.000000000,2011-06-16 00:00:00.000000000,2011-06-16 00:00:00.000000000,2011-02-02 00:00:00.000000000,54 days 00:00:00.000000000,54 days 00:00:00.000000000,0 days 00:00:00.000000000
6287,2015-02-12 00:00:00.000000000,2015-02-12 00:00:00.000000000,2015-02-12 00:00:00.000000000,2014-09-11 00:00:00.000000000,2015-02-12 00:00:00.000000000,2015-02-12 00:00:00.000000000,2014-09-11 00:00:00.000000000,0 days 00:00:00.000000000,0 days 00:00:00.000000000,0 days 00:00:00.000000000
6288,2015-04-28 00:00:00.000000000,2015-04-28 00:00:00.000000000,2015-04-28 00:00:00.000000000,2014-04-30 00:00:00.000000000,2015-04-28 00:00:00.000000000,2015-04-28 00:00:00.000000000,2014-04-30 00:00:00.000000000,0 days 00:00:00.000000000,0 days 00:00:00.000000000,0 days 00:00:00.000000000
6289,2014-08-05 00:00:00.000000000,2014-08-05 00:00:00.000000000,2014-08-05 00:00:00.000000000,2014-04-30 00:00:00.000000000,2014-08-05 00:00:00.000000000,2014-08-05 00:00:00.000000000,2014-04-30 00:00:00.000000000,0 days 00:00:00.000000000,0 days 00:00:00.000000000,0 days 00:00:00.000000000
6290,2014-11-06 00:00:00.000000000,2014-11-06 00:00:00.000000000,2014-11-19 00:00:00.000000000,2014-01-21 00:00:00.000000000,2014-02-19 00:00:00.000000000,2014-02-19 00:00:00.000000000,2013-05-06 00:00:00.000000000,260 days 00:00:00.000000000,260 days 00:00:00.000000000,0 days 00:00:00.000000000
6291,2015-07-02 00:00:00.000000000,2015-07-07 00:00:00.000000000,2015-07-07 00:00:00.000000000,2014-12-29 00:00:00.000000000,2015-02-20 00:00:00.000000000,2015-02-20 00:00:00.000000000,2014-08-19 00:00:00.000000000,132 days 00:00:00.000000000,137 days 00:00:00.000000000,5 days 00:00:00.000000000
6292,2013-04-12 00:00:00.000000000,2013-04-12 00:00:00.000000000,2013-04-12 00:00:00.000000000,2013-03-18 00:00:00.000000000,1900-01-01 00:00:00.000000000,2013-04-05 00:00:00.000000000,2013-03-11 00:00:00.000000000,7 days 00:00:00.000000000,7 days 00:00:00.000000000,0 days 00:00:00.000000000
6293,2011-09-02 00:00:00.000000000,2011-09-02 00:00:00.000000000,2011-09-02 00:00:00.000000000,2011-03-10 00:00:00.000000000,2011-03-24 00:00:00.000000000,2011-03-24 00:00:00.000000000,2010-09-29 00:00:00.000000000,162 days 00:00:00.000000000,162 days 00:00:00.000000000,0 days 00:00:00.000000000
6294,2015-04-09 00:00:00.000000000,2015-04-09 00:00:00.000000000,2015-04-10 00:00:00.000000000,2014-10-22 00:00:00.000000000,2014-12-10 00:00:00.000000000,2014-12-10 00:00:00.000000000,2014-06-24 00:00:00.000000000,120 days 00:00:00.000000000,120 days 00:00:00.000000000,0 days 00:00:00.000000000
6295,2013-08-01 00:00:00.000000000,2013-08-01 00:00:00.000000000,2013-08-01 00:00:00.000000000,2013-04-12 00:00:00.000000000,2013-05-08 00:00:00.000000000,2013-05-08 00:00:00.000000000,2013-01-17 00:00:00.000000000,85 days 00:00:00.000000000,85 days 00:00:00.000000000,0 days 00:00:00.000000000
6296,2009-10-27 00:00:00.000000000,2009-10-27 00:00:00.000000000,2009-10-27 00:00:00.000000000,2009-05-07 00:00:00.000000000,2009-09-22 00:00:00.000000000,2009-09-22 00:00:00.000000000,2009-04-02 00:00:00.000000000,35 days 00:00:00.000000000,35 days 00:00:00.000000000,0 days 00:00:00.000000000
6297,2010-07-22 00:00:00.000000000,2010-07-22 00:00:00.000000000,2010-07-22 00:00:00.000000000,2010-03-15 00:00:00.000000000,2010-03-24 00:00:00.000000000,2010-03-24 00:00:00.000000000,2009-11-15 00:00:00.000000000,120 days 00:00:00.000000000,120 days 00:00:00.000000000,0 days 00:00:00.000000000
6298,2013-03-05 00:00:00.000000000,2013-03-05 00:00:00.000000000,2013-03-05 00:00:00.000000000,2012-12-13 00:00:00.000000000,2013-01-11 00:00:00.000000000,2013-01-11 00:00:00.000000000,2012-10-21 00:00:00.000000000,53 days 00:00:00.000000000,53 days 00:00:00.000000000,0 days 00:00:00.000000000
6299,2012-05-08 00:00:00.000000000,2012-05-08 00:00:00.000000000,2012-05-08 00:00:00.000000000,2012-01-10 00:00:00.000000000,2012-01-23 00:00:00.000000000,2012-01-23 00:00:00.000000000,2011-09-26 00:00:00.000000000,106 days 00:00:00.000000000,106 days 00:00:00.000000000,0 days 00:00:00.000000000
6300,2010-06-09 00:00:00.000000000,2010-06-09 00:00:00.000000000,2010-06-09 00:00:00.000000000,2010-03-18 00:00:00.000000000,2010-03-19 00:00:00.000000000,2010-03-19 00:00:00.000000000,2009-12-26 00:00:00.000000000,82 days 00:00:00.000000000,82 days 00:00:00.000000000,0 days 00:00:00.000000000
6301,2010-04-29 00:00:00.000000000,2010-04-29 00:00:00.000000000,2010-04-29 00:00:00.000000000,2009-06-30 00:00:00.000000000,2010-03-07 00:00:00.000000000,2010-03-07 00:00:00.000000000,2009-05-08 00:00:00.000000000,53 days 00:00:00.000000000,53 days 00:00:00.000000000,0 days 00:00:00.000000000
6302,2012-01-06 00:00:00.000000000,2012-01-06 00:00:00.000000000,2012-01-06 00:00:00.000000000,2011-08-29 00:00:00.000000000,2011-09-14 00:00:00.000000000,2011-09-14 00:00:00.000000000,2011-05-07 00:00:00.000000000,114 days 00:00:00.000000000,114 days 00:00:00.000000000,0 days 00:00:00.000000000
6303,2011-12-22 00:00:00.000000000,2011-12-22 00:00:00.000000000,2011-12-22 00:00:00.000000000,2011-06-27 00:00:00.000000000,2011-07-08 00:00:00.000000000,2011-07-08 00:00:00.000000000,2011-01-11 00:00:00.000000000,167 days 00:00:00.000000000,167 days 00:00:00.000000000,0 days 00:00:00.000000000
6304,2010-01-04 00:00:00.000000000,2010-01-04 00:00:00.000000000,2010-01-04 00:00:00.000000000,2009-07-28 00:00:00.000000000,2009-08-18 00:00:00.000000000,2009-08-18 00:00:00.000000000,2009-03-11 00:00:00.000000000,139 days 00:00:00.000000000,139 days 00:00:00.000000000,0 days 00:00:00.000000000
6305,2014-07-20 00:00:00.000000000,2014-07-20 00:00:00.000000000,2014-08-01 00:00:00.000000000,2014-04-30 00:00:00.000000000,2014-05-21 00:00:00.000000000,2014-05-21 00:00:00.000000000,2014-03-01 00:00:00.000000000,60 days 00:00:00.000000000,60 days 00:00:00.000000000,0 days 00:00:00.000000000
6306,2013-04-03 00:00:00.000000000,2013-04-03 00:00:00.000000000,2013-04-03 00:00:00.000000000,2013-01-29 00:00:00.000000000,2013-02-14 00:00:00.000000000,2013-02-14 00:00:00.000000000,2012-12-12 00:00:00.000000000,48 days 00:00:00.000000000,48 days 00:00:00.000000000,0 days 00:00:00.000000000
6307,2014-07-29 00:00:00.000000000,2014-07-29 00:00:00.000000000,2014-08-06 00:00:00.000000000,2014-02-06 00:00:00.000000000,2014-03-10 00:00:00.000000000,2014-03-10 00:00:00.000000000,2013-09-18 00:00:00.000000000,141 days 00:00:00.000000000,141 days 00:00:00.000000000,0 days 00:00:00.000000000
6308,2014-08-29 00:00:00.000000000,2014-08-29 00:00:00.000000000,2014-08-29 00:00:00.000000000,2013-07-11 00:00:00.000000000,2014-08-29 00:00:00.000000000,2014-08-29 00:00:00.000000000,2013-07-11 00:00:00.000000000,0 days 00:00:00.000000000,0 days 00:00:00.000000000,0 days 00:00:00.000000000
6309,2013-12-18 00:00:00.000000000,2013-12-18 00:00:00.000000000,2013-12-20 00:00:00.000000000,2013-07-08 00:00:00.000000000,2013-08-27 00:00:00.000000000,2013-08-27 00:00:00.000000000,2013-03-17 00:00:00.000000000,113 days 00:00:00.000000000,113 days 00:00:00.000000000,0 days 00:00:00.000000000
6310,2011-09-23 00:00:00.000000000,2011-09-23 00:00:00.000000000,2011-09-23 00:00:00.000000000,2011-03-11 00:00:00.000000000,2011-03-30 00:00:00.000000000,2011-03-30 00:00:00.000000000,2010-09-15 00:00:00.000000000,177 days 00:00:00.000000000,177 days 00:00:00.000000000,0 days 00:00:00.000000000
6311,2015-05-08 00:00:00.000000000,2015-05-08 00:00:00.000000000,2015-05-11 00:00:00.000000000,2014-12-29 00:00:00.000000000,2015-02-20 00:00:00.000000000,2015-02-20 00:00:00.000000000,2014-10-13 00:00:00.000000000,77 days 00:00:00.000000000,77 days 00:00:00.000000000,0 days 00:00:00.000000000
6312,2010-07-06 00:00:00.000000000,2010-07-06 00:00:00.000000000,2010-07-06 00:00:00.000000000,2009-10-20 00:00:00.000000000,2009-11-09 00:00:00.000000000,2009-11-09 00:00:00.000000000,2009-02-23 00:00:00.000000000,239 days 00:00:00.000000000,239 days 00:00:00.000000000,0 days 00:00:00.000000000
6313,2014-10-20 00:00:00.000000000,2014-10-20 00:00:00.000000000,2014-10-24 00:00:00.000000000,2014-05-11 00:00:00.000000000,2014-06-02 00:00:00.000000000,2014-06-02 00:00:00.000000000,2013-12-22 00:00:00.000000000,140 days 00:00:00.000000000,140 days 00:00:00.000000000,0 days 00:00:00.000000000
6314,2015-06-03 00:00:00.000000000,2015-06-03 00:00:00.000000000,2015-06-05 00:00:00.000000000,2014-12-29 00:00:00.000000000,2015-02-20 00:00:00.000000000,2015-02-20 00:00:00.000000000,2014-09-17 00:00:00.000000000,103 days 00:00:00.000000000,103 days 00:00:00.000000000,0 days 00:00:00.000000000
6315,2013-11-07 00:00:00.000000000,2013-11-07 00:00:00.000000000,2013-11-17 00:00:00.000000000,2013-06-10 00:00:00.000000000,2013-07-10 00:00:00.000000000,2013-07-10 00:00:00.000000000,2013-02-10 00:00:00.000000000,120 days 00:00:00.000000000,120 days 00:00:00.000000000,0 days 00:00:00.000000000
6316,2012-12-19 00:00:00.000000000,2012-12-19 00:00:00.000000000,2012-12-19 00:00:00.000000000,2012-09-20 00:00:00.000000000,2012-10-08 00:00:00.000000000,2012-10-08 00:00:00.000000000,2012-07-10 00:00:00.000000000,72 days 00:00:00.000000000,72 days 00:00:00.000000000,0 days 00:00:00.000000000
6317,2013-11-20 00:00:00.000000000,2013-11-20 00:00:00.000000000,2013-11-26 00:00:00.000000000,2013-04-23 00:00:00.000000000,2013-05-23 00:00:00.000000000,2013-05-23 00:00:00.000000000,2012-10-24 00:00:00.000000000,181 days 00:00:00.000000000,181 days 00:00:00.000000000,0 days 00:00:00.000000000
6318,2009-08-24 00:00:00.000000000,2009-08-24 00:00:00.000000000,2009-08-24 00:00:00.000000000,2009-07-29 00:00:00.000000000,2009-08-07 00:00:00.000000000,2009-08-07 00:00:00.000000000,2009-07-12 00:00:00.000000000,17 days 00:00:00.000000000,17 days 00:00:00.000000000,0 days 00:00:00.000000000
6319,2009-10-27 00:00:00.000000000,2009-10-27 00:00:00.000000000,2009-10-27 00:00:00.000000000,2009-08-12 00:00:00.000000000,2009-08-14 00:00:00.000000000,2009-08-14 00:00:00.000000000,2009-05-30 00:00:00.000000000,74 days 00:00:00.000000000,74 days 00:00:00.000000000,0 days 00:00:00.000000000
6320,2015-05-12 00:00:00.000000000,2015-05-12 00:00:00.000000000,2015-05-12 00:00:00.000000000,2014-09-11 00:00:00.000000000,2015-05-11 00:00:00.000000000,2015-05-11 00:00:00.000000000,2014-09-10 00:00:00.000000000,1 days 00:00:00.000000000,1 days 00:00:00.000000000,0 days 00:00:00.000000000
6321,2014-12-24 00:00:00.000000000,2014-12-24 00:00:00.000000000,2015-01-02 00:00:00.000000000,2014-04-30 00:00:00.000000000,2014-07-08 00:00:00.000000000,2014-07-08 00:00:00.000000000,2013-11-12 00:00:00.000000000,169 days 00:00:00.000000000,169 days 00:00:00.000000000,0 days 00:00:00.000000000
6322,2014-06-24 00:00:00.000000000,2014-06-24 00:00:00.000000000,2014-06-24 00:00:00.000000000,2014-02-28 00:00:00.000000000,2014-03-07 00:00:00.000000000,2014-03-07 00:00:00.000000000,2013-11-11 00:00:00.000000000,109 days 00:00:00.000000000,109 days 00:00:00.000000000,0 days 00:00:00.000000000
6323,2011-04-14 00:00:00.000000000,2011-04-14 00:00:00.000000000,2011-04-14 00:00:00.000000000,2010-12-27 00:00:00.000000000,2011-02-02 00:00:00.000000000,2011-02-02 00:00:00.000000000,2010-10-17 00:00:00.000000000,71 days 00:00:00.000000000,71 days 00:00:00.000000000,0 days 00:00:00.000000000
6324,2014-03-03 00:00:00.000000000,2014-03-03 00:00:00.000000000,2014-03-26 00:00:00.000000000,2013-08-09 00:00:00.000000000,2013-09-16 00:00:00.000000000,2013-09-16 00:00:00.000000000,2013-02-22 00:00:00.000000000,168 days 00:00:00.000000000,168 days 00:00:00.000000000,0 days 00:00:00.000000000
6325,2012-02-25 00:00:00.000000000,2012-02-25 00:00:00.000000000,2012-02-25 00:00:00.000000000,2012-01-27 00:00:00.000000000,2012-01-31 00:00:00.000000000,2012-01-31 00:00:00.000000000,2012-01-02 00:00:00.000000000,25 days 00:00:00.000000000,25 days 00:00:00.000000000,0 days 00:00:00.000000000
6326,2012-11-08 00:00:00.000000000,2012-11-22 00:00:00.000000000,2012-11-22 00:00:00.000000000,2012-05-29 00:00:00.000000000,2012-07-18 00:00:00.000000000,2012-07-18 00:00:00.000000000,2012-02-06 00:00:00.000000000,113 days 00:00:00.000000000,127 days 00:00:00.000000000,14 days 00:00:00.000000000
6327,2014-09-29 00:00:00.000000000,2014-09-29 00:00:00.000000000,2014-10-03 00:00:00.000000000,2014-06-09 00:00:00.000000000,2014-06-19 00:00:00.000000000,2014-06-19 00:00:00.000000000,2014-02-27 00:00:00.000000000,102 days 00:00:00.000000000,102 days 00:00:00.000000000,0 days 00:00:00.000000000
6328,2010-05-12 00:00:00.000000000,2010-05-12 00:00:00.000000000,2010-05-12 00:00:00.000000000,2010-03-12 00:00:00.000000000,2010-03-18 00:00:00.000000000,2010-03-18 00:00:00.000000000,2010-01-16 00:00:00.000000000,55 days 00:00:00.000000000,55 days 00:00:00.000000000,0 days 00:00:00.000000000
6329,2012-05-21 00:00:00.000000000,2012-05-21 00:00:00.000000000,2012-05-21 00:00:00.000000000,2012-03-15 00:00:00.000000000,2012-04-04 00:00:00.000000000,2012-04-04 00:00:00.000000000,2012-01-28 00:00:00.000000000,47 days 00:00:00.000000000,47 days 00:00:00.000000000,0 days 00:00:00.000000000
6330,2010-05-31 00:00:00.000000000,2010-05-31 00:00:00.000000000,2010-05-31 00:00:00.000000000,2010-04-19 00:00:00.000000000,2010-04-21 00:00:00.000000000,2010-04-21 00:00:00.000000000,2010-03-10 00:00:00.000000000,40 days 00:00:00.000000000,40 days 00:00:00.000000000,0 days 00:00:00.000000000
6331,2010-06-30 00:00:00.000000000,2010-06-30 00:00:00.000000000,2010-06-30 00:00:00.000000000,2009-09-09 00:00:00.000000000,2009-09-30 00:00:00.000000000,2009-09-30 00:00:00.000000000,2008-12-10 00:00:00.000000000,273 days 00:00:00.000000000,273 days 00:00:00.000000000,0 days 00:00:00.000000000
6332,2013-01-09 00:00:00.000000000,2013-02-21 00:00:00.000000000,2013-02-21 00:00:00.000000000,2012-10-05 00:00:00.000000000,2012-10-16 00:00:00.000000000,2012-10-16 00:00:00.000000000,2012-07-12 00:00:00.000000000,85 days 00:00:00.000000000,128 days 00:00:00.000000000,43 days 00:00:00.000000000
6333,2014-02-06 00:00:00.000000000,2014-02-06 00:00:00.000000000,2014-02-06 00:00:00.000000000,2013-10-08 00:00:00.000000000,2013-12-02 00:00:00.000000000,2013-12-02 00:00:00.000000000,2013-08-03 00:00:00.000000000,66 days 00:00:00.000000000,66 days 00:00:00.000000000,0 days 00:00:00.000000000
6334,2014-08-29 00:00:00.000000000,2014-08-29 00:00:00.000000000,2014-08-29 00:00:00.000000000,2013-07-11 00:00:00.000000000,2014-08-29 00:00:00.000000000,2014-08-29 00:00:00.000000000,2013-07-11 00:00:00.000000000,0 days 00:00:00.000000000,0 days 00:00:00.000000000,0 days 00:00:00.000000000
6335,2014-01-13 00:00:00.000000000,2014-01-13 00:00:00.000000000,2014-01-13 00:00:00.000000000,2013-11-14 00:00:00.000000000,2013-12-02 00:00:00.000000000,2013-12-02 00:00:00.000000000,2013-10-03 00:00:00.000000000,42 days 00:00:00.000000000,42 days 00:00:00.000000000,0 days 00:00:00.000000000
6336,2013-04-16 00:00:00.000000000,2013-04-16 00:00:00.000000000,2013-04-16 00:00:00.000000000,2013-03-18 00:00:00.000000000,1900-01-01 00:00:00.000000000,2013-04-09 00:00:00.000000000,2013-03-11 00:00:00.000000000,7 days 00:00:00.000000000,7 days 00:00:00.000000000,0 days 00:00:00.000000000
6337,2013-11-20 00:00:00.000000000,2013-11-20 00:00:00.000000000,2013-11-22 00:00:00.000000000,2013-04-23 00:00:00.000000000,2013-05-23 00:00:00.000000000,2013-05-23 00:00:00.000000000,2012-10-24 00:00:00.000000000,181 days 00:00:00.000000000,181 days 00:00:00.000000000,0 days 00:00:00.000000000
6338,2014-04-28 00:00:00.000000000,2014-04-28 00:00:00.000000000,2014-04-28 00:00:00.000000000,2014-03-12 00:00:00.000000000,2014-04-03 00:00:00.000000000,2014-04-03 00:00:00.000000000,2014-02-15 00:00:00.000000000,25 days 00:00:00.000000000,25 days 00:00:00.000000000,0 days 00:00:00.000000000
6339,2010-05-05 00:00:00.000000000,2010-06-18 00:00:00.000000000,2010-06-18 00:00:00.000000000,2010-01-15 00:00:00.000000000,2010-02-05 00:00:00.000000000,2010-02-05 00:00:00.000000000,2009-10-18 00:00:00.000000000,89 days 00:00:00.000000000,133 days 00:00:00.000000000,44 days 00:00:00.000000000
6340,2014-08-13 00:00:00.000000000,2014-07-30 00:00:00.000000000,2014-08-01 00:00:00.000000000,2014-02-06 00:00:00.000000000,2014-03-10 00:00:00.000000000,2014-03-10 00:00:00.000000000,2013-09-03 00:00:00.000000000,156 days 00:00:00.000000000,142 days 00:00:00.000000000,-14 days +00:00:00.000000000
6341,2010-05-07 00:00:00.000000000,2010-05-07 00:00:00.000000000,2010-05-07 00:00:00.000000000,2009-10-29 00:00:00.000000000,2009-11-09 00:00:00.000000000,2009-11-09 00:00:00.000000000,2009-05-03 00:00:00.000000000,179 days 00:00:00.000000000,179 days 00:00:00.000000000,0 days 00:00:00.000000000
6342,2010-03-26 00:00:00.000000000,2010-03-26 00:00:00.000000000,2010-03-26 00:00:00.000000000,2010-02-10 00:00:00.000000000,2010-02-10 00:00:00.000000000,2010-02-10 00:00:00.000000000,2009-12-28 00:00:00.000000000,44 days 00:00:00.000000000,44 days 00:00:00.000000000,0 days 00:00:00.000000000
6343,2011-10-28 00:00:00.000000000,2011-10-28 00:00:00.000000000,2011-10-28 00:00:00.000000000,2011-09-13 00:00:00.000000000,2011-09-21 00:00:00.000000000,2011-09-21 00:00:00.000000000,2011-08-07 00:00:00.000000000,37 days 00:00:00.000000000,37 days 00:00:00.000000000,0 days 00:00:00.000000000
6344,2010-12-31 00:00:00.000000000,2010-12-31 00:00:00.000000000,2010-12-31 00:00:00.000000000,2010-08-31 00:00:00.000000000,2010-09-24 00:00:00.000000000,2010-09-24 00:00:00.000000000,2010-05-25 00:00:00.000000000,98 days 00:00:00.000000000,98 days 00:00:00.000000000,0 days 00:00:00.000000000
6345,2012-10-04 00:00:00.000000000,2012-10-04 00:00:00.000000000,2012-10-04 00:00:00.000000000,2012-06-22 00:00:00.000000000,2012-07-16 00:00:00.000000000,2012-07-16 00:00:00.000000000,2012-04-03 00:00:00.000000000,80 days 00:00:00.000000000,80 days 00:00:00.000000000,0 days 00:00:00.000000000
6346,2014-11-03 00:00:00.000000000,2014-11-03 00:00:00.000000000,2014-11-03 00:00:00.000000000,2014-04-08 00:00:00.000000000,2014-06-20 00:00:00.000000000,2014-06-20 00:00:00.000000000,2013-11-23 00:00:00.000000000,136 days 00:00:00.000000000,136 days 00:00:00.000000000,0 days 00:00:00.000000000
6347,2010-07-01 00:00:00.000000000,2010-07-01 00:00:00.000000000,2010-07-01 00:00:00.000000000,2010-03-15 00:00:00.000000000,2010-03-24 00:00:00.000000000,2010-03-24 00:00:00.000000000,2009-12-06 00:00:00.000000000,99 days 00:00:00.000000000,99 days 00:00:00.000000000,0 days 00:00:00.000000000
6348,2011-10-19 00:00:00.000000000,2011-10-19 00:00:00.000000000,2011-10-19 00:00:00.000000000,2011-03-31 00:00:00.000000000,2011-04-14 00:00:00.000000000,2011-04-14 00:00:00.000000000,2010-09-24 00:00:00.000000000,188 days 00:00:00.000000000,188 days 00:00:00.000000000,0 days 00:00:00.000000000
6349,2012-10-02 00:00:00.000000000,2012-10-02 00:00:00.000000000,2012-10-02 00:00:00.000000000,2012-04-11 00:00:00.000000000,2012-06-11 00:00:00.000000000,2012-06-11 00:00:00.000000000,2011-12-20 00:00:00.000000000,113 days 00:00:00.000000000,113 days 00:00:00.000000000,0 days 00:00:00.000000000
6350,2015-05-20 00:00:00.000000000,2015-05-20 00:00:00.000000000,2015-07-16 00:00:00.000000000,2014-10-07 00:00:00.000000000,2014-11-18 00:00:00.000000000,2014-11-18 00:00:00.000000000,2014-04-07 00:00:00.000000000,183 days 00:00:00.000000000,183 days 00:00:00.000000000,0 days 00:00:00.000000000
6351,2012-05-15 00:00:00.000000000,2012-05-15 00:00:00.000000000,2012-05-15 00:00:00.000000000,2011-12-15 00:00:00.000000000,2012-01-16 00:00:00.000000000,2012-01-16 00:00:00.000000000,2011-08-17 00:00:00.000000000,120 days 00:00:00.000000000,120 days 00:00:00.000000000,0 days 00:00:00.000000000
6352,2011-09-21 00:00:00.000000000,2011-09-21 00:00:00.000000000,2011-09-21 00:00:00.000000000,2011-03-31 00:00:00.000000000,2011-04-14 00:00:00.000000000,2011-04-14 00:00:00.000000000,2010-10-22 00:00:00.000000000,160 days 00:00:00.000000000,160 days 00:00:00.000000000,0 days 00:00:00.000000000
6353,2013-11-29 00:00:00.000000000,2013-11-29 00:00:00.000000000,2013-12-02 00:00:00.000000000,2013-07-30 00:00:00.000000000,2013-09-02 00:00:00.000000000,2013-09-02 00:00:00.000000000,2013-05-03 00:00:00.000000000,88 days 00:00:00.000000000,88 days 00:00:00.000000000,0 days 00:00:00.000000000
6354,2010-08-24 00:00:00.000000000,2010-09-20 00:00:00.000000000,2010-09-20 00:00:00.000000000,2010-03-18 00:00:00.000000000,2010-03-19 00:00:00.000000000,2010-03-19 00:00:00.000000000,2009-10-11 00:00:00.000000000,158 days 00:00:00.000000000,185 days 00:00:00.000000000,27 days 00:00:00.000000000
6355,2014-08-29 00:00:00.000000000,2014-08-29 00:00:00.000000000,2014-08-29 00:00:00.000000000,2013-07-11 00:00:00.000000000,2014-08-29 00:00:00.000000000,2014-08-29 00:00:00.000000000,2013-07-11 00:00:00.000000000,0 days 00:00:00.000000000,0 days 00:00:00.000000000,0 days 00:00:00.000000000
6356,2013-04-16 00:00:00.000000000,2013-04-16 00:00:00.000000000,2013-04-16 00:00:00.000000000,2013-03-18 00:00:00.000000000,1900-01-01 00:00:00.000000000,2013-04-09 00:00:00.000000000,2013-03-11 00:00:00.000000000,7 days 00:00:00.000000000,7 days 00:00:00.000000000,0 days 00:00:00.000000000
6357,2012-07-18 00:00:00.000000000,2012-07-18 00:00:00.000000000,2012-07-18 00:00:00.000000000,2012-06-07 00:00:00.000000000,2012-06-12 00:00:00.000000000,2012-06-12 00:00:00.000000000,2012-05-02 00:00:00.000000000,36 days 00:00:00.000000000,36 days 00:00:00.000000000,0 days 00:00:00.000000000
6358,2012-10-30 00:00:00.000000000,2012-10-30 00:00:00.000000000,2012-10-30 00:00:00.000000000,2012-05-04 00:00:00.000000000,2012-06-13 00:00:00.000000000,2012-06-13 00:00:00.000000000,2011-12-17 00:00:00.000000000,139 days 00:00:00.000000000,139 days 00:00:00.000000000,0 days 00:00:00.000000000
6359,2014-08-27 00:00:00.000000000,2014-08-27 00:00:00.000000000,2014-08-27 00:00:00.000000000,2013-07-11 00:00:00.000000000,2014-08-27 00:00:00.000000000,2014-08-27 00:00:00.000000000,2013-07-11 00:00:00.000000000,0 days 00:00:00.000000000,0 days 00:00:00.000000000,0 days 00:00:00.000000000
6360,2012-04-10 00:00:00.000000000,2012-04-10 00:00:00.000000000,2012-04-10 00:00:00.000000000,2011-09-08 00:00:00.000000000,2011-09-30 00:00:00.000000000,2011-09-30 00:00:00.000000000,2011-02-27 00:00:00.000000000,193 days 00:00:00.000000000,193 days 00:00:00.000000000,0 days 00:00:00.000000000
6361,2012-10-22 00:00:00.000000000,2012-10-22 00:00:00.000000000,2012-10-22 00:00:00.000000000,2012-07-05 00:00:00.000000000,2012-07-16 00:00:00.000000000,2012-07-16 00:00:00.000000000,2012-03-29 00:00:00.000000000,98 days 00:00:00.000000000,98 days 00:00:00.000000000,0 days 00:00:00.000000000
6362,2011-02-17 00:00:00.000000000,2011-02-17 00:00:00.000000000,2011-02-17 00:00:00.000000000,2010-06-07 00:00:00.000000000,2010-07-21 00:00:00.000000000,2010-07-21 00:00:00.000000000,2009-11-08 00:00:00.000000000,211 days 00:00:00.000000000,211 days 00:00:00.000000000,0 days 00:00:00.000000000
6363,2013-02-20 00:00:00.000000000,2013-02-20 00:00:00.000000000,2013-02-20 00:00:00.000000000,2012-05-11 00:00:00.000000000,2012-06-13 00:00:00.000000000,2012-06-13 00:00:00.000000000,2011-09-02 00:00:00.000000000,252 days 00:00:00.000000000,252 days 00:00:00.000000000,0 days 00:00:00.000000000
6364,2011-09-23 00:00:00.000000000,2011-09-23 00:00:00.000000000,2011-09-23 00:00:00.000000000,2011-03-31 00:00:00.000000000,2011-04-21 00:00:00.000000000,2011-04-21 00:00:00.000000000,2010-10-27 00:00:00.000000000,155 days 00:00:00.000000000,155 days 00:00:00.000000000,0 days 00:00:00.000000000
6365,2010-11-09 00:00:00.000000000,2010-11-09 00:00:00.000000000,2010-11-09 00:00:00.000000000,2010-03-22 00:00:00.000000000,2010-03-29 00:00:00.000000000,2010-03-29 00:00:00.000000000,2009-08-09 00:00:00.000000000,225 days 00:00:00.000000000,225 days 00:00:00.000000000,0 days 00:00:00.000000000
6366,2014-11-24 00:00:00.000000000,2014-11-24 00:00:00.000000000,2014-11-24 00:00:00.000000000,2014-05-21 00:00:00.000000000,2014-06-03 00:00:00.000000000,2014-06-03 00:00:00.000000000,2013-11-28 00:00:00.000000000,174 days 00:00:00.000000000,174 days 00:00:00.000000000,0 days 00:00:00.000000000
6367,2013-03-15 00:00:00.000000000,2013-03-15 00:00:00.000000000,2013-03-15 00:00:00.000000000,2012-12-07 00:00:00.000000000,2013-01-03 00:00:00.000000000,2013-01-03 00:00:00.000000000,2012-09-27 00:00:00.000000000,71 days 00:00:00.000000000,71 days 00:00:00.000000000,0 days 00:00:00.000000000
6368,2009-08-11 00:00:00.000000000,2009-08-11 00:00:00.000000000,2009-08-11 00:00:00.000000000,2009-05-07 00:00:00.000000000,2009-07-21 00:00:00.000000000,2009-07-21 00:00:00.000000000,2009-04-16 00:00:00.000000000,21 days 00:00:00.000000000,21 days 00:00:00.000000000,0 days 00:00:00.000000000
6369,2010-09-01 00:00:00.000000000,2010-09-01 00:00:00.000000000,2010-09-01 00:00:00.000000000,2010-06-25 00:00:00.000000000,2010-08-11 00:00:00.000000000,2010-08-11 00:00:00.000000000,2010-06-04 00:00:00.000000000,21 days 00:00:00.000000000,21 days 00:00:00.000000000,0 days 00:00:00.000000000
6370,2013-11-25 00:00:00.000000000,2013-11-25 00:00:00.000000000,2013-12-20 00:00:00.000000000,2013-06-10 00:00:00.000000000,2013-07-10 00:00:00.000000000,2013-07-10 00:00:00.000000000,2013-01-23 00:00:00.000000000,138 days 00:00:00.000000000,138 days 00:00:00.000000000,0 days 00:00:00.000000000
6371,2014-10-13 00:00:00.000000000,2014-10-13 00:00:00.000000000,2014-10-13 00:00:00.000000000,2014-07-30 00:00:00.000000000,2014-08-29 00:00:00.000000000,2014-08-29 00:00:00.000000000,2014-06-15 00:00:00.000000000,45 days 00:00:00.000000000,45 days 00:00:00.000000000,0 days 00:00:00.000000000
6372,2012-03-14 00:00:00.000000000,2012-03-14 00:00:00.000000000,2012-03-14 00:00:00.000000000,2011-04-27 00:00:00.000000000,2011-05-30 00:00:00.000000000,2011-05-30 00:00:00.000000000,2010-07-12 00:00:00.000000000,289 days 00:00:00.000000000,289 days 00:00:00.000000000,0 days 00:00:00.000000000
6373,2014-08-27 00:00:00.000000000,2014-08-27 00:00:00.000000000,2014-08-27 00:00:00.000000000,2013-07-11 00:00:00.000000000,2014-08-27 00:00:00.000000000,2014-08-27 00:00:00.000000000,2013-07-11 00:00:00.000000000,0 days 00:00:00.000000000,0 days 00:00:00.000000000,0 days 00:00:00.000000000
6374,2013-02-09 00:00:00.000000000,2013-03-14 00:00:00.000000000,2013-03-14 00:00:00.000000000,2012-05-29 00:00:00.000000000,2012-07-18 00:00:00.000000000,2012-07-18 00:00:00.000000000,2011-11-05 00:00:00.000000000,206 days 00:00:00.000000000,239 days 00:00:00.000000000,33 days 00:00:00.000000000
6375,2013-03-15 00:00:00.000000000,2013-04-03 00:00:00.000000000,2013-04-03 00:00:00.000000000,2012-12-07 00:00:00.000000000,2013-01-03 00:00:00.000000000,2013-01-03 00:00:00.000000000,2012-09-27 00:00:00.000000000,71 days 00:00:00.000000000,90 days 00:00:00.000000000,19 days 00:00:00.000000000
6376,2011-07-06 00:00:00.000000000,2011-07-06 00:00:00.000000000,2011-07-06 00:00:00.000000000,2011-05-12 00:00:00.000000000,2011-05-31 00:00:00.000000000,2011-05-31 00:00:00.000000000,2011-04-06 00:00:00.000000000,36 days 00:00:00.000000000,36 days 00:00:00.000000000,0 days 00:00:00.000000000
6377,2013-12-12 00:00:00.000000000,2013-12-12 00:00:00.000000000,2013-12-13 00:00:00.000000000,2013-08-21 00:00:00.000000000,2013-10-22 00:00:00.000000000,2013-10-22 00:00:00.000000000,2013-07-01 00:00:00.000000000,51 days 00:00:00.000000000,51 days 00:00:00.000000000,0 days 00:00:00.000000000
6378,2012-12-02 00:00:00.000000000,2012-12-02 00:00:00.000000000,2012-12-02 00:00:00.000000000,2012-09-20 00:00:00.000000000,2012-10-05 00:00:00.000000000,2012-10-05 00:00:00.000000000,2012-07-24 00:00:00.000000000,58 days 00:00:00.000000000,58 days 00:00:00.000000000,0 days 00:00:00.000000000
6379,2011-03-02 00:00:00.000000000,2011-03-02 00:00:00.000000000,2011-03-02 00:00:00.000000000,2010-11-11 00:00:00.000000000,2010-12-02 00:00:00.000000000,2010-12-02 00:00:00.000000000,2010-08-13 00:00:00.000000000,90 days 00:00:00.000000000,90 days 00:00:00.000000000,0 days 00:00:00.000000000
6380,2014-11-05 00:00:00.000000000,2014-11-05 00:00:00.000000000,2014-11-05 00:00:00.000000000,2014-04-30 00:00:00.000000000,2014-11-04 00:00:00.000000000,2014-11-04 00:00:00.000000000,2014-04-29 00:00:00.000000000,1 days 00:00:00.000000000,1 days 00:00:00.000000000,0 days 00:00:00.000000000
6381,2010-01-21 00:00:00.000000000,2010-01-21 00:00:00.000000000,2010-01-21 00:00:00.000000000,2009-10-29 00:00:00.000000000,2009-11-03 00:00:00.000000000,2009-11-03 00:00:00.000000000,2009-08-11 00:00:00.000000000,79 days 00:00:00.000000000,79 days 00:00:00.000000000,0 days 00:00:00.000000000
6382,2015-06-02 00:00:00.000000000,2015-06-02 00:00:00.000000000,2015-06-04 00:00:00.000000000,2015-01-08 00:00:00.000000000,2015-02-06 00:00:00.000000000,2015-02-06 00:00:00.000000000,2014-09-14 00:00:00.000000000,116 days 00:00:00.000000000,116 days 00:00:00.000000000,0 days 00:00:00.000000000
6383,2011-10-18 00:00:00.000000000,2011-10-18 00:00:00.000000000,2011-10-18 00:00:00.000000000,2011-04-21 00:00:00.000000000,2011-05-02 00:00:00.000000000,2011-05-02 00:00:00.000000000,2010-11-03 00:00:00.000000000,169 days 00:00:00.000000000,169 days 00:00:00.000000000,0 days 00:00:00.000000000
6384,2011-10-14 00:00:00.000000000,2011-10-14 00:00:00.000000000,2011-10-14 00:00:00.000000000,2010-11-26 00:00:00.000000000,2010-12-14 00:00:00.000000000,2010-12-14 00:00:00.000000000,2010-01-26 00:00:00.000000000,304 days 00:00:00.000000000,304 days 00:00:00.000000000,0 days 00:00:00.000000000
6385,2011-11-25 00:00:00.000000000,2011-11-25 00:00:00.000000000,2011-11-25 00:00:00.000000000,2011-03-10 00:00:00.000000000,2011-03-28 00:00:00.000000000,2011-03-28 00:00:00.000000000,2010-07-11 00:00:00.000000000,242 days 00:00:00.000000000,242 days 00:00:00.000000000,0 days 00:00:00.000000000
6386,2014-02-07 00:00:00.000000000,2014-02-07 00:00:00.000000000,2014-02-07 00:00:00.000000000,2013-07-11 00:00:00.000000000,2013-08-13 00:00:00.000000000,2013-08-13 00:00:00.000000000,2013-01-14 00:00:00.000000000,178 days 00:00:00.000000000,178 days 00:00:00.000000000,0 days 00:00:00.000000000
6387,2013-04-03 00:00:00.000000000,2013-04-03 00:00:00.000000000,2013-04-03 00:00:00.000000000,2012-10-15 00:00:00.000000000,2012-11-07 00:00:00.000000000,2012-11-07 00:00:00.000000000,2012-05-21 00:00:00.000000000,147 days 00:00:00.000000000,147 days 00:00:00.000000000,0 days 00:00:00.000000000
6388,2011-11-23 00:00:00.000000000,2011-11-23 00:00:00.000000000,2011-11-23 00:00:00.000000000,2011-03-10 00:00:00.000000000,2011-03-28 00:00:00.000000000,2011-03-28 00:00:00.000000000,2010-07-13 00:00:00.000000000,240 days 00:00:00.000000000,240 days 00:00:00.000000000,0 days 00:00:00.000000000
6389,2010-04-30 00:00:00.000000000,2010-04-30 00:00:00.000000000,2010-04-30 00:00:00.000000000,2010-01-06 00:00:00.000000000,2010-01-20 00:00:00.000000000,2010-01-20 00:00:00.000000000,2009-09-28 00:00:00.000000000,100 days 00:00:00.000000000,100 days 00:00:00.000000000,0 days 00:00:00.000000000
6390,2010-04-01 00:00:00.000000000,2010-04-01 00:00:00.000000000,2010-04-01 00:00:00.000000000,2009-01-04 00:00:00.000000000,2010-01-12 00:00:00.000000000,2010-01-12 00:00:00.000000000,2008-10-17 00:00:00.000000000,79 days 00:00:00.000000000,79 days 00:00:00.000000000,0 days 00:00:00.000000000
6391,2011-11-22 00:00:00.000000000,2011-11-22 00:00:00.000000000,2011-11-22 00:00:00.000000000,2011-03-10 00:00:00.000000000,2011-03-24 00:00:00.000000000,2011-03-24 00:00:00.000000000,2010-07-10 00:00:00.000000000,243 days 00:00:00.000000000,243 days 00:00:00.000000000,0 days 00:00:00.000000000
6392,2013-11-20 00:00:00.000000000,2013-11-20 00:00:00.000000000,2013-11-22 00:00:00.000000000,2013-07-09 00:00:00.000000000,2013-07-31 00:00:00.000000000,2013-07-31 00:00:00.000000000,2013-03-19 00:00:00.000000000,112 days 00:00:00.000000000,112 days 00:00:00.000000000,0 days 00:00:00.000000000
6393,2011-07-01 00:00:00.000000000,2011-07-01 00:00:00.000000000,2011-07-01 00:00:00.000000000,2011-05-23 00:00:00.000000000,2011-05-26 00:00:00.000000000,2011-05-26 00:00:00.000000000,2011-04-17 00:00:00.000000000,36 days 00:00:00.000000000,36 days 00:00:00.000000000,0 days 00:00:00.000000000
6394,2011-07-27 00:00:00.000000000,2011-07-27 00:00:00.000000000,2011-07-27 00:00:00.000000000,2011-01-17 00:00:00.000000000,2011-02-15 00:00:00.000000000,2011-02-15 00:00:00.000000000,2010-08-08 00:00:00.000000000,162 days 00:00:00.000000000,162 days 00:00:00.000000000,0 days 00:00:00.000000000
6395,2011-09-29 00:00:00.000000000,2011-10-05 00:00:00.000000000,2011-10-05 00:00:00.000000000,2011-06-24 00:00:00.000000000,2011-07-18 00:00:00.000000000,2011-07-18 00:00:00.000000000,2011-04-12 00:00:00.000000000,73 days 00:00:00.000000000,79 days 00:00:00.000000000,6 days 00:00:00.000000000
6396,2014-05-30 00:00:00.000000000,2014-05-30 00:00:00.000000000,2014-05-31 00:00:00.000000000,2013-05-03 00:00:00.000000000,2013-11-28 00:00:00.000000000,2013-11-28 00:00:00.000000000,2012-11-01 00:00:00.000000000,183 days 00:00:00.000000000,183 days 00:00:00.000000000,0 days 00:00:00.000000000
6397,2012-07-13 00:00:00.000000000,2012-07-13 00:00:00.000000000,2012-07-13 00:00:00.000000000,2012-01-27 00:00:00.000000000,2012-02-03 00:00:00.000000000,2012-02-03 00:00:00.000000000,2011-08-19 00:00:00.000000000,161 days 00:00:00.000000000,161 days 00:00:00.000000000,0 days 00:00:00.000000000
6398,2014-02-18 00:00:00.000000000,2014-02-12 00:00:00.000000000,2014-03-15 00:00:00.000000000,2013-08-13 00:00:00.000000000,2013-11-01 00:00:00.000000000,2013-11-01 00:00:00.000000000,2013-04-26 00:00:00.000000000,109 days 00:00:00.000000000,103 days 00:00:00.000000000,-6 days +00:00:00.000000000
6399,2014-06-14 00:00:00.000000000,2014-06-14 00:00:00.000000000,2014-06-16 00:00:00.000000000,2014-04-01 00:00:00.000000000,2014-05-08 00:00:00.000000000,2014-05-08 00:00:00.000000000,2014-02-23 00:00:00.000000000,37 days 00:00:00.000000000,37 days 00:00:00.000000000,0 days 00:00:00.000000000
6400,2010-05-18 00:00:00.000000000,2010-05-18 00:00:00.000000000,2010-05-18 00:00:00.000000000,2010-02-02 00:00:00.000000000,2010-02-17 00:00:00.000000000,2010-02-17 00:00:00.000000000,2009-11-04 00:00:00.000000000,90 days 00:00:00.000000000,90 days 00:00:00.000000000,0 days 00:00:00.000000000
6401,2010-01-28 00:00:00.000000000,2010-01-27 00:00:00.000000000,2010-01-27 00:00:00.000000000,2009-08-31 00:00:00.000000000,2009-09-11 00:00:00.000000000,2009-09-11 00:00:00.000000000,2009-04-14 00:00:00.000000000,139 days 00:00:00.000000000,138 days 00:00:00.000000000,-1 days +00:00:00.000000000
6402,2014-01-13 00:00:00.000000000,2014-01-13 00:00:00.000000000,2014-01-13 00:00:00.000000000,2013-11-14 00:00:00.000000000,2013-12-02 00:00:00.000000000,2013-12-02 00:00:00.000000000,2013-10-03 00:00:00.000000000,42 days 00:00:00.000000000,42 days 00:00:00.000000000,0 days 00:00:00.000000000
6403,2014-11-19 00:00:00.000000000,2014-11-19 00:00:00.000000000,2014-11-19 00:00:00.000000000,2013-07-12 00:00:00.000000000,2013-08-13 00:00:00.000000000,2013-08-13 00:00:00.000000000,2012-04-05 00:00:00.000000000,463 days 00:00:00.000000000,463 days 00:00:00.000000000,0 days 00:00:00.000000000
6404,2014-02-20 00:00:00.000000000,2014-02-20 00:00:00.000000000,2014-02-26 00:00:00.000000000,2013-10-28 00:00:00.000000000,2013-11-06 00:00:00.000000000,2013-11-06 00:00:00.000000000,2013-07-14 00:00:00.000000000,106 days 00:00:00.000000000,106 days 00:00:00.000000000,0 days 00:00:00.000000000
6405,2012-10-31 00:00:00.000000000,2012-10-31 00:00:00.000000000,2012-10-31 00:00:00.000000000,2012-08-21 00:00:00.000000000,2012-09-05 00:00:00.000000000,2012-09-05 00:00:00.000000000,2012-06-26 00:00:00.000000000,56 days 00:00:00.000000000,56 days 00:00:00.000000000,0 days 00:00:00.000000000
6406,2010-02-15 00:00:00.000000000,2010-02-15 00:00:00.000000000,2010-02-15 00:00:00.000000000,2009-05-07 00:00:00.000000000,2009-09-22 00:00:00.000000000,2009-09-22 00:00:00.000000000,2008-12-12 00:00:00.000000000,146 days 00:00:00.000000000,146 days 00:00:00.000000000,0 days 00:00:00.000000000
6407,2012-05-21 00:00:00.000000000,2012-05-21 00:00:00.000000000,2012-05-21 00:00:00.000000000,2012-03-15 00:00:00.000000000,2012-04-04 00:00:00.000000000,2012-04-04 00:00:00.000000000,2012-01-28 00:00:00.000000000,47 days 00:00:00.000000000,47 days 00:00:00.000000000,0 days 00:00:00.000000000
6408,2012-02-03 00:00:00.000000000,2012-02-03 00:00:00.000000000,2012-02-03 00:00:00.000000000,2011-10-05 00:00:00.000000000,2011-10-13 00:00:00.000000000,2011-10-13 00:00:00.000000000,2011-06-14 00:00:00.000000000,113 days 00:00:00.000000000,113 days 00:00:00.000000000,0 days 00:00:00.000000000
6409,2015-07-13 00:00:00.000000000,2015-07-13 00:00:00.000000000,2015-07-14 00:00:00.000000000,2015-01-28 00:00:00.000000000,2015-02-17 00:00:00.000000000,2015-02-17 00:00:00.000000000,2014-09-04 00:00:00.000000000,146 days 00:00:00.000000000,146 days 00:00:00.000000000,0 days 00:00:00.000000000
6410,2012-08-08 00:00:00.000000000,2012-08-08 00:00:00.000000000,2012-08-08 00:00:00.000000000,2012-04-20 00:00:00.000000000,2012-06-12 00:00:00.000000000,2012-06-12 00:00:00.000000000,2012-02-23 00:00:00.000000000,57 days 00:00:00.000000000,57 days 00:00:00.000000000,0 days 00:00:00.000000000
6411,2010-06-25 00:00:00.000000000,2010-06-25 00:00:00.000000000,2010-06-25 00:00:00.000000000,2009-07-16 00:00:00.000000000,2009-08-31 00:00:00.000000000,2009-08-31 00:00:00.000000000,2008-09-21 00:00:00.000000000,298 days 00:00:00.000000000,298 days 00:00:00.000000000,0 days 00:00:00.000000000
6412,2015-07-30 00:00:00.000000000,2015-08-02 00:00:00.000000000,2015-08-03 00:00:00.000000000,2015-01-28 00:00:00.000000000,2015-02-17 00:00:00.000000000,2015-02-17 00:00:00.000000000,2014-08-18 00:00:00.000000000,163 days 00:00:00.000000000,166 days 00:00:00.000000000,3 days 00:00:00.000000000
6413,2014-08-27 00:00:00.000000000,2014-08-27 00:00:00.000000000,2014-08-27 00:00:00.000000000,2013-07-11 00:00:00.000000000,2014-08-27 00:00:00.000000000,2014-08-27 00:00:00.000000000,2013-07-11 00:00:00.000000000,0 days 00:00:00.000000000,0 days 00:00:00.000000000,0 days 00:00:00.000000000
6414,2014-12-24 00:00:00.000000000,2014-12-24 00:00:00.000000000,2014-12-24 00:00:00.000000000,2014-07-09 00:00:00.000000000,2014-08-11 00:00:00.000000000,2014-08-11 00:00:00.000000000,2014-02-24 00:00:00.000000000,135 days 00:00:00.000000000,135 days 00:00:00.000000000,0 days 00:00:00.000000000
6415,2014-01-24 00:00:00.000000000,2014-01-24 00:00:00.000000000,2014-01-30 00:00:00.000000000,2013-10-25 00:00:00.000000000,2013-12-04 00:00:00.000000000,2013-12-04 00:00:00.000000000,2013-09-04 00:00:00.000000000,51 days 00:00:00.000000000,51 days 00:00:00.000000000,0 days 00:00:00.000000000
6416,2012-03-01 00:00:00.000000000,2012-03-01 00:00:00.000000000,2012-03-01 00:00:00.000000000,2011-09-21 00:00:00.000000000,2011-10-04 00:00:00.000000000,2011-10-04 00:00:00.000000000,2011-04-25 00:00:00.000000000,149 days 00:00:00.000000000,149 days 00:00:00.000000000,0 days 00:00:00.000000000
6417,2014-08-29 00:00:00.000000000,2014-08-29 00:00:00.000000000,2014-08-29 00:00:00.000000000,2013-07-11 00:00:00.000000000,2014-08-29 00:00:00.000000000,2014-08-29 00:00:00.000000000,2013-07-11 00:00:00.000000000,0 days 00:00:00.000000000,0 days 00:00:00.000000000,0 days 00:00:00.000000000
6418,2015-04-28 00:00:00.000000000,2015-04-28 00:00:00.000000000,2015-04-28 00:00:00.000000000,2014-04-30 00:00:00.000000000,2015-04-28 00:00:00.000000000,2015-04-28 00:00:00.000000000,2014-04-30 00:00:00.000000000,0 days 00:00:00.000000000,0 days 00:00:00.000000000,0 days 00:00:00.000000000
6419,2015-08-07 00:00:00.000000000,2015-08-07 00:00:00.000000000,2015-08-10 00:00:00.000000000,2015-05-07 00:00:00.000000000,2015-05-26 00:00:00.000000000,2015-05-26 00:00:00.000000000,2015-02-23 00:00:00.000000000,73 days 00:00:00.000000000,73 days 00:00:00.000000000,0 days 00:00:00.000000000
6420,2012-01-06 00:00:00.000000000,2012-01-06 00:00:00.000000000,2012-01-06 00:00:00.000000000,2011-09-07 00:00:00.000000000,2011-09-14 00:00:00.000000000,2011-09-14 00:00:00.000000000,2011-05-16 00:00:00.000000000,114 days 00:00:00.000000000,114 days 00:00:00.000000000,0 days 00:00:00.000000000
6421,2014-02-06 00:00:00.000000000,2014-02-06 00:00:00.000000000,2014-02-06 00:00:00.000000000,2013-10-08 00:00:00.000000000,2013-12-02 00:00:00.000000000,2013-12-02 00:00:00.000000000,2013-08-03 00:00:00.000000000,66 days 00:00:00.000000000,66 days 00:00:00.000000000,0 days 00:00:00.000000000
6422,2013-05-14 00:00:00.000000000,2013-05-14 00:00:00.000000000,2013-05-14 00:00:00.000000000,2013-01-16 00:00:00.000000000,2013-02-05 00:00:00.000000000,2013-02-05 00:00:00.000000000,2012-10-10 00:00:00.000000000,98 days 00:00:00.000000000,98 days 00:00:00.000000000,0 days 00:00:00.000000000
6423,2015-07-02 00:00:00.000000000,2015-07-02 00:00:00.000000000,2015-07-30 00:00:00.000000000,2015-03-10 00:00:00.000000000,2015-03-16 00:00:00.000000000,2015-03-16 00:00:00.000000000,2014-11-22 00:00:00.000000000,108 days 00:00:00.000000000,108 days 00:00:00.000000000,0 days 00:00:00.000000000
6424,2011-09-06 00:00:00.000000000,2011-09-06 00:00:00.000000000,2011-09-06 00:00:00.000000000,2011-03-10 00:00:00.000000000,2011-03-28 00:00:00.000000000,2011-03-28 00:00:00.000000000,2010-09-29 00:00:00.000000000,162 days 00:00:00.000000000,162 days 00:00:00.000000000,0 days 00:00:00.000000000
6425,2014-08-19 00:00:00.000000000,2014-09-02 00:00:00.000000000,2014-09-04 00:00:00.000000000,2014-05-16 00:00:00.000000000,2014-06-02 00:00:00.000000000,2014-06-02 00:00:00.000000000,2014-02-27 00:00:00.000000000,78 days 00:00:00.000000000,92 days 00:00:00.000000000,14 days 00:00:00.000000000
6426,2013-04-26 00:00:00.000000000,2013-04-26 00:00:00.000000000,2013-04-26 00:00:00.000000000,2012-12-14 00:00:00.000000000,2013-01-15 00:00:00.000000000,2013-01-15 00:00:00.000000000,2012-09-04 00:00:00.000000000,101 days 00:00:00.000000000,101 days 00:00:00.000000000,0 days 00:00:00.000000000
6427,2013-04-23 00:00:00.000000000,2013-04-23 00:00:00.000000000,2013-04-23 00:00:00.000000000,2013-01-15 00:00:00.000000000,2013-02-20 00:00:00.000000000,2013-02-20 00:00:00.000000000,2012-11-14 00:00:00.000000000,62 days 00:00:00.000000000,62 days 00:00:00.000000000,0 days 00:00:00.000000000
6428,2014-05-15 00:00:00.000000000,2014-05-15 00:00:00.000000000,2014-05-20 00:00:00.000000000,2014-01-21 00:00:00.000000000,2014-02-19 00:00:00.000000000,2014-02-19 00:00:00.000000000,2013-10-28 00:00:00.000000000,85 days 00:00:00.000000000,85 days 00:00:00.000000000,0 days 00:00:00.000000000
6429,2014-11-07 00:00:00.000000000,2014-11-07 00:00:00.000000000,2014-11-08 00:00:00.000000000,2014-04-08 00:00:00.000000000,2014-04-30 00:00:00.000000000,2014-04-30 00:00:00.000000000,2013-09-29 00:00:00.000000000,191 days 00:00:00.000000000,191 days 00:00:00.000000000,0 days 00:00:00.000000000
6430,2013-09-24 00:00:00.000000000,2013-09-27 00:00:00.000000000,2013-09-27 00:00:00.000000000,2013-07-03 00:00:00.000000000,2013-07-16 00:00:00.000000000,2013-07-16 00:00:00.000000000,2013-04-24 00:00:00.000000000,70 days 00:00:00.000000000,73 days 00:00:00.000000000,3 days 00:00:00.000000000
6431,2011-03-03 00:00:00.000000000,2011-03-03 00:00:00.000000000,2011-03-03 00:00:00.000000000,2010-12-29 00:00:00.000000000,2011-01-05 00:00:00.000000000,2011-01-05 00:00:00.000000000,2010-11-02 00:00:00.000000000,57 days 00:00:00.000000000,57 days 00:00:00.000000000,0 days 00:00:00.000000000
6432,2011-11-02 00:00:00.000000000,2011-12-06 00:00:00.000000000,2011-12-06 00:00:00.000000000,2011-03-10 00:00:00.000000000,2011-03-28 00:00:00.000000000,2011-03-28 00:00:00.000000000,2010-08-03 00:00:00.000000000,219 days 00:00:00.000000000,253 days 00:00:00.000000000,34 days 00:00:00.000000000
6433,2011-09-22 00:00:00.000000000,2011-09-22 00:00:00.000000000,2011-09-22 00:00:00.000000000,2011-03-31 00:00:00.000000000,2011-04-21 00:00:00.000000000,2011-04-21 00:00:00.000000000,2010-10-28 00:00:00.000000000,154 days 00:00:00.000000000,154 days 00:00:00.000000000,0 days 00:00:00.000000000
6434,2014-11-04 00:00:00.000000000,2014-11-04 00:00:00.000000000,2014-11-20 00:00:00.000000000,2014-08-11 00:00:00.000000000,2014-08-27 00:00:00.000000000,2014-08-27 00:00:00.000000000,2014-06-03 00:00:00.000000000,69 days 00:00:00.000000000,69 days 00:00:00.000000000,0 days 00:00:00.000000000
6435,2014-06-25 00:00:00.000000000,2014-06-25 00:00:00.000000000,2014-06-25 00:00:00.000000000,2014-04-30 00:00:00.000000000,2014-06-25 00:00:00.000000000,2014-06-25 00:00:00.000000000,2014-04-30 00:00:00.000000000,0 days 00:00:00.000000000,0 days 00:00:00.000000000,0 days 00:00:00.000000000
6436,2015-07-24 00:00:00.000000000,2015-07-24 00:00:00.000000000,2015-07-24 00:00:00.000000000,2014-09-11 00:00:00.000000000,2014-10-09 00:00:00.000000000,2014-10-09 00:00:00.000000000,2013-11-27 00:00:00.000000000,288 days 00:00:00.000000000,288 days 00:00:00.000000000,0 days 00:00:00.000000000
6437,2014-08-19 00:00:00.000000000,2014-08-29 00:00:00.000000000,2014-09-04 00:00:00.000000000,2014-05-16 00:00:00.000000000,2014-06-02 00:00:00.000000000,2014-06-02 00:00:00.000000000,2014-02-27 00:00:00.000000000,78 days 00:00:00.000000000,88 days 00:00:00.000000000,10 days 00:00:00.000000000
6438,2014-11-04 00:00:00.000000000,2014-11-04 00:00:00.000000000,2014-11-20 00:00:00.000000000,2014-08-11 00:00:00.000000000,2014-08-27 00:00:00.000000000,2014-08-27 00:00:00.000000000,2014-06-03 00:00:00.000000000,69 days 00:00:00.000000000,69 days 00:00:00.000000000,0 days 00:00:00.000000000
6439,2014-01-10 00:00:00.000000000,2014-01-10 00:00:00.000000000,2014-01-10 00:00:00.000000000,2013-08-09 00:00:00.000000000,2013-09-17 00:00:00.000000000,2013-09-17 00:00:00.000000000,2013-04-16 00:00:00.000000000,115 days 00:00:00.000000000,115 days 00:00:00.000000000,0 days 00:00:00.000000000
6440,2012-06-28 00:00:00.000000000,2012-06-28 00:00:00.000000000,2012-06-28 00:00:00.000000000,2011-11-30 00:00:00.000000000,2012-03-09 00:00:00.000000000,2012-03-09 00:00:00.000000000,2011-08-11 00:00:00.000000000,111 days 00:00:00.000000000,111 days 00:00:00.000000000,0 days 00:00:00.000000000
6441,2011-08-31 00:00:00.000000000,2011-08-31 00:00:00.000000000,2011-08-31 00:00:00.000000000,2011-07-13 00:00:00.000000000,2011-08-01 00:00:00.000000000,2011-08-01 00:00:00.000000000,2011-06-13 00:00:00.000000000,30 days 00:00:00.000000000,30 days 00:00:00.000000000,0 days 00:00:00.000000000
6442,2012-12-21 00:00:00.000000000,2012-12-21 00:00:00.000000000,2012-12-21 00:00:00.000000000,2012-07-17 00:00:00.000000000,2012-08-10 00:00:00.000000000,2012-08-10 00:00:00.000000000,2012-03-06 00:00:00.000000000,133 days 00:00:00.000000000,133 days 00:00:00.000000000,0 days 00:00:00.000000000
6443,2014-06-24 00:00:00.000000000,2014-06-24 00:00:00.000000000,2014-06-25 00:00:00.000000000,2014-01-22 00:00:00.000000000,2014-02-26 00:00:00.000000000,2014-02-26 00:00:00.000000000,2013-09-26 00:00:00.000000000,118 days 00:00:00.000000000,118 days 00:00:00.000000000,0 days 00:00:00.000000000
6444,2014-09-17 00:00:00.000000000,2014-09-17 00:00:00.000000000,2014-09-19 00:00:00.000000000,2014-04-01 00:00:00.000000000,2014-05-27 00:00:00.000000000,2014-05-27 00:00:00.000000000,2013-12-09 00:00:00.000000000,113 days 00:00:00.000000000,113 days 00:00:00.000000000,0 days 00:00:00.000000000
6445,2012-05-15 00:00:00.000000000,2012-05-15 00:00:00.000000000,2012-05-15 00:00:00.000000000,2011-12-15 00:00:00.000000000,2012-01-16 00:00:00.000000000,2012-01-16 00:00:00.000000000,2011-08-17 00:00:00.000000000,120 days 00:00:00.000000000,120 days 00:00:00.000000000,0 days 00:00:00.000000000
6446,2014-08-27 00:00:00.000000000,2014-08-27 00:00:00.000000000,2014-08-27 00:00:00.000000000,2013-07-11 00:00:00.000000000,2014-08-27 00:00:00.000000000,2014-08-27 00:00:00.000000000,2013-07-11 00:00:00.000000000,0 days 00:00:00.000000000,0 days 00:00:00.000000000,0 days 00:00:00.000000000
6447,2015-06-09 00:00:00.000000000,2015-06-09 00:00:00.000000000,2015-07-16 00:00:00.000000000,2014-10-28 00:00:00.000000000,2014-12-19 00:00:00.000000000,2014-12-19 00:00:00.000000000,2014-05-09 00:00:00.000000000,172 days 00:00:00.000000000,172 days 00:00:00.000000000,0 days 00:00:00.000000000
6448,2014-02-12 00:00:00.000000000,2014-02-12 00:00:00.000000000,2014-02-14 00:00:00.000000000,2013-08-21 00:00:00.000000000,2013-10-22 00:00:00.000000000,2013-10-22 00:00:00.000000000,2013-04-30 00:00:00.000000000,113 days 00:00:00.000000000,113 days 00:00:00.000000000,0 days 00:00:00.000000000
6449,2015-04-14 00:00:00.000000000,2015-04-14 00:00:00.000000000,2015-04-14 00:00:00.000000000,2014-10-30 00:00:00.000000000,2014-12-08 00:00:00.000000000,2014-12-08 00:00:00.000000000,2014-06-25 00:00:00.000000000,127 days 00:00:00.000000000,127 days 00:00:00.000000000,0 days 00:00:00.000000000
6450,2010-06-11 00:00:00.000000000,2010-06-11 00:00:00.000000000,2010-06-11 00:00:00.000000000,2010-04-19 00:00:00.000000000,2010-04-21 00:00:00.000000000,2010-04-21 00:00:00.000000000,2010-02-27 00:00:00.000000000,51 days 00:00:00.000000000,51 days 00:00:00.000000000,0 days 00:00:00.000000000
6451,2009-10-26 00:00:00.000000000,2009-10-26 00:00:00.000000000,2009-10-26 00:00:00.000000000,2009-06-25 00:00:00.000000000,2009-06-26 00:00:00.000000000,2009-06-26 00:00:00.000000000,2009-02-23 00:00:00.000000000,122 days 00:00:00.000000000,122 days 00:00:00.000000000,0 days 00:00:00.000000000
6452,2011-07-27 00:00:00.000000000,2011-07-27 00:00:00.000000000,2011-07-27 00:00:00.000000000,2011-01-17 00:00:00.000000000,2011-02-15 00:00:00.000000000,2011-02-15 00:00:00.000000000,2010-08-08 00:00:00.000000000,162 days 00:00:00.000000000,162 days 00:00:00.000000000,0 days 00:00:00.000000000
6453,2013-05-28 00:00:00.000000000,2013-05-28 00:00:00.000000000,2013-05-28 00:00:00.000000000,2013-01-10 00:00:00.000000000,2013-01-22 00:00:00.000000000,2013-01-22 00:00:00.000000000,2012-09-06 00:00:00.000000000,126 days 00:00:00.000000000,126 days 00:00:00.000000000,0 days 00:00:00.000000000
6454,2013-09-26 00:00:00.000000000,2013-09-26 00:00:00.000000000,2013-09-26 00:00:00.000000000,2013-08-19 00:00:00.000000000,2013-08-23 00:00:00.000000000,2013-08-23 00:00:00.000000000,2013-07-16 00:00:00.000000000,34 days 00:00:00.000000000,34 days 00:00:00.000000000,0 days 00:00:00.000000000
6455,2012-11-28 00:00:00.000000000,2012-11-28 00:00:00.000000000,2012-11-28 00:00:00.000000000,2012-07-17 00:00:00.000000000,2012-08-13 00:00:00.000000000,2012-08-13 00:00:00.000000000,2012-04-01 00:00:00.000000000,107 days 00:00:00.000000000,107 days 00:00:00.000000000,0 days 00:00:00.000000000
6456,2014-01-17 00:00:00.000000000,2014-01-17 00:00:00.000000000,2014-01-22 00:00:00.000000000,2013-10-23 00:00:00.000000000,2013-10-30 00:00:00.000000000,2013-10-30 00:00:00.000000000,2013-08-05 00:00:00.000000000,79 days 00:00:00.000000000,79 days 00:00:00.000000000,0 days 00:00:00.000000000
6457,2013-09-18 00:00:00.000000000,2013-09-19 00:00:00.000000000,2013-09-19 00:00:00.000000000,2013-06-10 00:00:00.000000000,2013-07-10 00:00:00.000000000,2013-07-10 00:00:00.000000000,2013-04-01 00:00:00.000000000,70 days 00:00:00.000000000,71 days 00:00:00.000000000,1 days 00:00:00.000000000
6458,2010-03-29 00:00:00.000000000,2010-03-29 00:00:00.000000000,2010-03-29 00:00:00.000000000,2009-12-16 00:00:00.000000000,2009-12-22 00:00:00.000000000,2009-12-22 00:00:00.000000000,2009-09-10 00:00:00.000000000,97 days 00:00:00.000000000,97 days 00:00:00.000000000,0 days 00:00:00.000000000
6459,2010-05-31 00:00:00.000000000,2010-05-31 00:00:00.000000000,2010-05-31 00:00:00.000000000,2010-04-19 00:00:00.000000000,2010-04-21 00:00:00.000000000,2010-04-21 00:00:00.000000000,2010-03-10 00:00:00.000000000,40 days 00:00:00.000000000,40 days 00:00:00.000000000,0 days 00:00:00.000000000
6460,2009-10-21 00:00:00.000000000,2009-10-21 00:00:00.000000000,2009-10-21 00:00:00.000000000,2009-06-11 00:00:00.000000000,2009-06-29 00:00:00.000000000,2009-06-29 00:00:00.000000000,2009-02-17 00:00:00.000000000,114 days 00:00:00.000000000,114 days 00:00:00.000000000,0 days 00:00:00.000000000
6461,2012-10-09 00:00:00.000000000,2012-10-09 00:00:00.000000000,2012-10-09 00:00:00.000000000,2012-07-23 00:00:00.000000000,2012-08-22 00:00:00.000000000,2012-08-22 00:00:00.000000000,2012-06-05 00:00:00.000000000,48 days 00:00:00.000000000,48 days 00:00:00.000000000,0 days 00:00:00.000000000
6462,2012-12-20 00:00:00.000000000,2012-12-20 00:00:00.000000000,2012-12-20 00:00:00.000000000,2012-05-14 00:00:00.000000000,2012-07-03 00:00:00.000000000,2012-07-03 00:00:00.000000000,2011-11-26 00:00:00.000000000,170 days 00:00:00.000000000,170 days 00:00:00.000000000,0 days 00:00:00.000000000
6463,2014-11-28 00:00:00.000000000,2014-11-28 00:00:00.000000000,2014-11-28 00:00:00.000000000,2014-09-11 00:00:00.000000000,2014-11-28 00:00:00.000000000,2014-11-28 00:00:00.000000000,2014-09-11 00:00:00.000000000,0 days 00:00:00.000000000,0 days 00:00:00.000000000,0 days 00:00:00.000000000
6464,2010-07-14 00:00:00.000000000,2010-07-14 00:00:00.000000000,2010-07-14 00:00:00.000000000,2010-03-18 00:00:00.000000000,2010-03-19 00:00:00.000000000,2010-03-19 00:00:00.000000000,2009-11-21 00:00:00.000000000,117 days 00:00:00.000000000,117 days 00:00:00.000000000,0 days 00:00:00.000000000
6465,2010-05-17 00:00:00.000000000,2010-05-17 00:00:00.000000000,2010-05-17 00:00:00.000000000,2010-01-04 00:00:00.000000000,2010-01-07 00:00:00.000000000,2010-01-07 00:00:00.000000000,2009-08-27 00:00:00.000000000,130 days 00:00:00.000000000,130 days 00:00:00.000000000,0 days 00:00:00.000000000
6466,2013-10-09 00:00:00.000000000,2013-10-09 00:00:00.000000000,2013-11-06 00:00:00.000000000,2013-03-20 00:00:00.000000000,2013-04-11 00:00:00.000000000,2013-04-11 00:00:00.000000000,2012-09-20 00:00:00.000000000,181 days 00:00:00.000000000,181 days 00:00:00.000000000,0 days 00:00:00.000000000
6467,2009-08-24 00:00:00.000000000,2009-08-24 00:00:00.000000000,2009-08-24 00:00:00.000000000,2009-07-29 00:00:00.000000000,2009-08-07 00:00:00.000000000,2009-08-07 00:00:00.000000000,2009-07-12 00:00:00.000000000,17 days 00:00:00.000000000,17 days 00:00:00.000000000,0 days 00:00:00.000000000
6468,2012-03-22 00:00:00.000000000,2012-03-22 00:00:00.000000000,2012-03-22 00:00:00.000000000,2011-12-05 00:00:00.000000000,2012-01-12 00:00:00.000000000,2012-01-12 00:00:00.000000000,2011-09-26 00:00:00.000000000,70 days 00:00:00.000000000,70 days 00:00:00.000000000,0 days 00:00:00.000000000
6469,2012-12-07 00:00:00.000000000,2012-12-07 00:00:00.000000000,2012-12-07 00:00:00.000000000,2012-05-31 00:00:00.000000000,2012-06-14 00:00:00.000000000,2012-06-14 00:00:00.000000000,2011-12-07 00:00:00.000000000,176 days 00:00:00.000000000,176 days 00:00:00.000000000,0 days 00:00:00.000000000
6470,2013-09-20 00:00:00.000000000,2013-09-20 00:00:00.000000000,2013-09-20 00:00:00.000000000,2013-01-24 00:00:00.000000000,2013-02-26 00:00:00.000000000,2013-02-26 00:00:00.000000000,2012-07-02 00:00:00.000000000,206 days 00:00:00.000000000,206 days 00:00:00.000000000,0 days 00:00:00.000000000
6471,2014-02-27 00:00:00.000000000,2014-02-27 00:00:00.000000000,2014-03-10 00:00:00.000000000,2013-10-23 00:00:00.000000000,2013-12-27 00:00:00.000000000,2013-12-27 00:00:00.000000000,2013-08-22 00:00:00.000000000,62 days 00:00:00.000000000,62 days 00:00:00.000000000,0 days 00:00:00.000000000
6472,2013-03-01 00:00:00.000000000,2013-03-01 00:00:00.000000000,2013-03-01 00:00:00.000000000,2012-06-05 00:00:00.000000000,2012-06-27 00:00:00.000000000,2012-06-27 00:00:00.000000000,2011-10-02 00:00:00.000000000,247 days 00:00:00.000000000,247 days 00:00:00.000000000,0 days 00:00:00.000000000
6473,2014-07-23 00:00:00.000000000,2014-07-23 00:00:00.000000000,2014-07-29 00:00:00.000000000,2014-04-01 00:00:00.000000000,2014-05-26 00:00:00.000000000,2014-05-26 00:00:00.000000000,2014-02-02 00:00:00.000000000,58 days 00:00:00.000000000,58 days 00:00:00.000000000,0 days 00:00:00.000000000
6474,2010-12-31 00:00:00.000000000,2010-12-31 00:00:00.000000000,2010-12-31 00:00:00.000000000,2010-10-31 00:00:00.000000000,2010-11-18 00:00:00.000000000,2010-11-18 00:00:00.000000000,2010-09-18 00:00:00.000000000,43 days 00:00:00.000000000,43 days 00:00:00.000000000,0 days 00:00:00.000000000
6475,2013-05-17 00:00:00.000000000,2013-05-17 00:00:00.000000000,2013-05-17 00:00:00.000000000,2013-01-29 00:00:00.000000000,2013-02-11 00:00:00.000000000,2013-02-11 00:00:00.000000000,2012-10-26 00:00:00.000000000,95 days 00:00:00.000000000,95 days 00:00:00.000000000,0 days 00:00:00.000000000
6476,2014-02-05 00:00:00.000000000,2014-02-05 00:00:00.000000000,2014-02-05 00:00:00.000000000,2013-10-08 00:00:00.000000000,2013-12-02 00:00:00.000000000,2013-12-02 00:00:00.000000000,2013-08-04 00:00:00.000000000,65 days 00:00:00.000000000,65 days 00:00:00.000000000,0 days 00:00:00.000000000
6477,2014-07-16 00:00:00.000000000,2014-07-16 00:00:00.000000000,2014-07-22 00:00:00.000000000,2014-03-25 00:00:00.000000000,2014-04-29 00:00:00.000000000,2014-04-29 00:00:00.000000000,2014-01-06 00:00:00.000000000,78 days 00:00:00.000000000,78 days 00:00:00.000000000,0 days 00:00:00.000000000
6478,2009-10-08 00:00:00.000000000,2009-10-08 00:00:00.000000000,2009-10-08 00:00:00.000000000,2009-05-07 00:00:00.000000000,2009-09-22 00:00:00.000000000,2009-09-22 00:00:00.000000000,2009-04-21 00:00:00.000000000,16 days 00:00:00.000000000,16 days 00:00:00.000000000,0 days 00:00:00.000000000
6479,2012-11-09 00:00:00.000000000,2012-11-09 00:00:00.000000000,2012-11-09 00:00:00.000000000,2012-08-24 00:00:00.000000000,2012-09-26 00:00:00.000000000,2012-09-26 00:00:00.000000000,2012-07-11 00:00:00.000000000,44 days 00:00:00.000000000,44 days 00:00:00.000000000,0 days 00:00:00.000000000
6480,2011-06-30 00:00:00.000000000,2011-06-30 00:00:00.000000000,2011-06-30 00:00:00.000000000,2011-01-05 00:00:00.000000000,2011-03-24 00:00:00.000000000,2011-03-24 00:00:00.000000000,2010-09-29 00:00:00.000000000,98 days 00:00:00.000000000,98 days 00:00:00.000000000,0 days 00:00:00.000000000
6481,2015-02-26 00:00:00.000000000,2015-02-26 00:00:00.000000000,2015-02-27 00:00:00.000000000,2014-09-24 00:00:00.000000000,2014-11-14 00:00:00.000000000,2014-11-14 00:00:00.000000000,2014-06-12 00:00:00.000000000,104 days 00:00:00.000000000,104 days 00:00:00.000000000,0 days 00:00:00.000000000
6482,2011-11-16 00:00:00.000000000,2011-11-16 00:00:00.000000000,2011-11-16 00:00:00.000000000,2011-09-14 00:00:00.000000000,2011-09-22 00:00:00.000000000,2011-09-22 00:00:00.000000000,2011-07-21 00:00:00.000000000,55 days 00:00:00.000000000,55 days 00:00:00.000000000,0 days 00:00:00.000000000
6483,2013-07-18 00:00:00.000000000,2013-07-18 00:00:00.000000000,2013-07-18 00:00:00.000000000,2013-04-12 00:00:00.000000000,2013-05-08 00:00:00.000000000,2013-05-08 00:00:00.000000000,2013-01-31 00:00:00.000000000,71 days 00:00:00.000000000,71 days 00:00:00.000000000,0 days 00:00:00.000000000
6484,2014-01-17 00:00:00.000000000,2014-01-17 00:00:00.000000000,2014-02-28 00:00:00.000000000,2013-10-22 00:00:00.000000000,2013-12-03 00:00:00.000000000,2013-12-03 00:00:00.000000000,2013-09-07 00:00:00.000000000,45 days 00:00:00.000000000,45 days 00:00:00.000000000,0 days 00:00:00.000000000
6485,2013-01-09 00:00:00.000000000,2013-03-20 00:00:00.000000000,2013-03-20 00:00:00.000000000,2012-10-05 00:00:00.000000000,2012-10-16 00:00:00.000000000,2012-10-16 00:00:00.000000000,2012-07-12 00:00:00.000000000,85 days 00:00:00.000000000,155 days 00:00:00.000000000,70 days 00:00:00.000000000
6486,2015-07-23 00:00:00.000000000,2015-07-23 00:00:00.000000000,2015-07-29 00:00:00.000000000,2015-03-10 00:00:00.000000000,2015-03-17 00:00:00.000000000,2015-03-17 00:00:00.000000000,2014-11-02 00:00:00.000000000,128 days 00:00:00.000000000,128 days 00:00:00.000000000,0 days 00:00:00.000000000
6487,2013-04-29 00:00:00.000000000,2013-04-29 00:00:00.000000000,2013-04-29 00:00:00.000000000,2013-01-03 00:00:00.000000000,2013-01-11 00:00:00.000000000,2013-01-11 00:00:00.000000000,2012-09-17 00:00:00.000000000,108 days 00:00:00.000000000,108 days 00:00:00.000000000,0 days 00:00:00.000000000
6488,2014-06-14 00:00:00.000000000,2014-06-14 00:00:00.000000000,2014-06-16 00:00:00.000000000,2014-04-01 00:00:00.000000000,2014-04-11 00:00:00.000000000,2014-04-11 00:00:00.000000000,2014-01-27 00:00:00.000000000,64 days 00:00:00.000000000,64 days 00:00:00.000000000,0 days 00:00:00.000000000
6489,2011-02-23 00:00:00.000000000,2011-03-11 00:00:00.000000000,2011-03-11 00:00:00.000000000,2010-08-31 00:00:00.000000000,2010-09-21 00:00:00.000000000,2010-09-21 00:00:00.000000000,2010-03-29 00:00:00.000000000,155 days 00:00:00.000000000,171 days 00:00:00.000000000,16 days 00:00:00.000000000
6490,2013-11-06 00:00:00.000000000,2013-11-06 00:00:00.000000000,2013-11-06 00:00:00.000000000,2013-07-17 00:00:00.000000000,2013-08-06 00:00:00.000000000,2013-08-06 00:00:00.000000000,2013-04-16 00:00:00.000000000,92 days 00:00:00.000000000,92 days 00:00:00.000000000,0 days 00:00:00.000000000
6491,2015-07-23 00:00:00.000000000,2015-07-23 00:00:00.000000000,2015-07-28 00:00:00.000000000,2014-09-24 00:00:00.000000000,2014-11-14 00:00:00.000000000,2014-11-14 00:00:00.000000000,2014-01-16 00:00:00.000000000,251 days 00:00:00.000000000,251 days 00:00:00.000000000,0 days 00:00:00.000000000
6492,2014-08-27 00:00:00.000000000,2014-08-27 00:00:00.000000000,2014-08-27 00:00:00.000000000,2013-07-11 00:00:00.000000000,2014-08-27 00:00:00.000000000,2014-08-27 00:00:00.000000000,2013-07-11 00:00:00.000000000,0 days 00:00:00.000000000,0 days 00:00:00.000000000,0 days 00:00:00.000000000
6493,2010-02-08 00:00:00.000000000,2010-02-08 00:00:00.000000000,2010-02-08 00:00:00.000000000,2009-11-05 00:00:00.000000000,2009-11-23 00:00:00.000000000,2009-11-23 00:00:00.000000000,2009-08-20 00:00:00.000000000,77 days 00:00:00.000000000,77 days 00:00:00.000000000,0 days 00:00:00.000000000
6494,2015-05-05 00:00:00.000000000,2015-05-05 00:00:00.000000000,2015-05-14 00:00:00.000000000,2014-04-22 00:00:00.000000000,2014-05-19 00:00:00.000000000,2014-05-19 00:00:00.000000000,2013-05-06 00:00:00.000000000,351 days 00:00:00.000000000,351 days 00:00:00.000000000,0 days 00:00:00.000000000
6495,2014-04-30 00:00:00.000000000,2014-04-30 00:00:00.000000000,2014-05-02 00:00:00.000000000,2013-07-16 00:00:00.000000000,2013-08-15 00:00:00.000000000,2013-08-15 00:00:00.000000000,2012-10-31 00:00:00.000000000,258 days 00:00:00.000000000,258 days 00:00:00.000000000,0 days 00:00:00.000000000
6496,2009-08-24 00:00:00.000000000,2009-08-24 00:00:00.000000000,2009-08-24 00:00:00.000000000,2009-07-29 00:00:00.000000000,2009-08-07 00:00:00.000000000,2009-08-07 00:00:00.000000000,2009-07-12 00:00:00.000000000,17 days 00:00:00.000000000,17 days 00:00:00.000000000,0 days 00:00:00.000000000
6497,2009-11-19 00:00:00.000000000,2009-11-19 00:00:00.000000000,2009-11-19 00:00:00.000000000,2009-05-07 00:00:00.000000000,2009-07-21 00:00:00.000000000,2009-07-21 00:00:00.000000000,2009-01-06 00:00:00.000000000,121 days 00:00:00.000000000,121 days 00:00:00.000000000,0 days 00:00:00.000000000
6498,2014-08-29 00:00:00.000000000,2014-08-29 00:00:00.000000000,2014-08-29 00:00:00.000000000,2013-07-11 00:00:00.000000000,2014-08-29 00:00:00.000000000,2014-08-29 00:00:00.000000000,2013-07-11 00:00:00.000000000,0 days 00:00:00.000000000,0 days 00:00:00.000000000,0 days 00:00:00.000000000
6499,2015-08-24 00:00:00.000000000,2015-08-24 00:00:00.000000000,2015-08-24 00:00:00.000000000,2014-09-11 00:00:00.000000000,2014-10-09 00:00:00.000000000,2014-10-09 00:00:00.000000000,2013-10-27 00:00:00.000000000,319 days 00:00:00.000000000,319 days 00:00:00.000000000,0 days 00:00:00.000000000
6500,2014-02-17 00:00:00.000000000,2014-02-17 00:00:00.000000000,2014-02-17 00:00:00.000000000,2013-09-07 00:00:00.000000000,2013-09-19 00:00:00.000000000,2013-09-19 00:00:00.000000000,2013-04-09 00:00:00.000000000,151 days 00:00:00.000000000,151 days 00:00:00.000000000,0 days 00:00:00.000000000
6501,2013-06-19 00:00:00.000000000,2013-06-19 00:00:00.000000000,2013-06-19 00:00:00.000000000,2012-05-29 00:00:00.000000000,2012-07-18 00:00:00.000000000,2012-07-18 00:00:00.000000000,2011-06-28 00:00:00.000000000,336 days 00:00:00.000000000,336 days 00:00:00.000000000,0 days 00:00:00.000000000
6502,2010-05-17 00:00:00.000000000,2010-05-17 00:00:00.000000000,2010-05-17 00:00:00.000000000,2010-02-15 00:00:00.000000000,2010-03-09 00:00:00.000000000,2010-03-09 00:00:00.000000000,2009-12-08 00:00:00.000000000,69 days 00:00:00.000000000,69 days 00:00:00.000000000,0 days 00:00:00.000000000
6503,2015-03-26 00:00:00.000000000,2015-03-26 00:00:00.000000000,2015-03-26 00:00:00.000000000,2014-10-09 00:00:00.000000000,2014-12-15 00:00:00.000000000,2014-12-15 00:00:00.000000000,2014-06-30 00:00:00.000000000,101 days 00:00:00.000000000,101 days 00:00:00.000000000,0 days 00:00:00.000000000
6504,2013-11-07 00:00:00.000000000,2013-11-07 00:00:00.000000000,2013-11-13 00:00:00.000000000,2013-07-08 00:00:00.000000000,2013-09-10 00:00:00.000000000,2013-09-10 00:00:00.000000000,2013-05-11 00:00:00.000000000,58 days 00:00:00.000000000,58 days 00:00:00.000000000,0 days 00:00:00.000000000
6505,2014-10-03 00:00:00.000000000,2014-10-03 00:00:00.000000000,2014-10-03 00:00:00.000000000,2014-04-30 00:00:00.000000000,2014-10-03 00:00:00.000000000,2014-10-03 00:00:00.000000000,2014-04-30 00:00:00.000000000,0 days 00:00:00.000000000,0 days 00:00:00.000000000,0 days 00:00:00.000000000
6506,2015-03-10 00:00:00.000000000,2015-03-10 00:00:00.000000000,2015-03-10 00:00:00.000000000,2014-10-24 00:00:00.000000000,2014-10-30 00:00:00.000000000,2014-10-30 00:00:00.000000000,2014-06-15 00:00:00.000000000,131 days 00:00:00.000000000,131 days 00:00:00.000000000,0 days 00:00:00.000000000
6507,2009-10-08 00:00:00.000000000,2009-10-08 00:00:00.000000000,2009-10-08 00:00:00.000000000,2009-07-24 00:00:00.000000000,2009-08-24 00:00:00.000000000,2009-08-24 00:00:00.000000000,2009-06-09 00:00:00.000000000,45 days 00:00:00.000000000,45 days 00:00:00.000000000,0 days 00:00:00.000000000
6508,2014-12-01 00:00:00.000000000,2014-12-01 00:00:00.000000000,2014-12-01 00:00:00.000000000,2014-06-03 00:00:00.000000000,2014-07-31 00:00:00.000000000,2014-07-31 00:00:00.000000000,2014-01-31 00:00:00.000000000,123 days 00:00:00.000000000,123 days 00:00:00.000000000,0 days 00:00:00.000000000
6509,2013-02-27 00:00:00.000000000,2013-02-27 00:00:00.000000000,2013-02-27 00:00:00.000000000,2012-12-14 00:00:00.000000000,2013-01-24 00:00:00.000000000,2013-01-24 00:00:00.000000000,2012-11-10 00:00:00.000000000,34 days 00:00:00.000000000,34 days 00:00:00.000000000,0 days 00:00:00.000000000
6510,2009-11-23 00:00:00.000000000,2009-11-23 00:00:00.000000000,2009-11-23 00:00:00.000000000,2009-09-09 00:00:00.000000000,2009-09-30 00:00:00.000000000,2009-09-30 00:00:00.000000000,2009-07-17 00:00:00.000000000,54 days 00:00:00.000000000,54 days 00:00:00.000000000,0 days 00:00:00.000000000
6511,2010-05-12 00:00:00.000000000,2010-05-12 00:00:00.000000000,2010-05-12 00:00:00.000000000,2010-04-30 00:00:00.000000000,2010-05-05 00:00:00.000000000,2010-05-05 00:00:00.000000000,2010-04-23 00:00:00.000000000,7 days 00:00:00.000000000,7 days 00:00:00.000000000,0 days 00:00:00.000000000
6512,2012-02-06 00:00:00.000000000,2012-02-06 00:00:00.000000000,2012-02-06 00:00:00.000000000,2012-01-10 00:00:00.000000000,2012-01-18 00:00:00.000000000,2012-01-18 00:00:00.000000000,2011-12-22 00:00:00.000000000,19 days 00:00:00.000000000,19 days 00:00:00.000000000,0 days 00:00:00.000000000
6513,2015-07-24 00:00:00.000000000,2015-07-24 00:00:00.000000000,2015-07-24 00:00:00.000000000,2014-09-11 00:00:00.000000000,2014-10-09 00:00:00.000000000,2014-10-09 00:00:00.000000000,2013-11-27 00:00:00.000000000,288 days 00:00:00.000000000,288 days 00:00:00.000000000,0 days 00:00:00.000000000
6514,2015-03-13 00:00:00.000000000,2015-03-13 00:00:00.000000000,2015-03-18 00:00:00.000000000,2014-10-22 00:00:00.000000000,2014-12-24 00:00:00.000000000,2014-12-24 00:00:00.000000000,2014-08-04 00:00:00.000000000,79 days 00:00:00.000000000,79 days 00:00:00.000000000,0 days 00:00:00.000000000
6515,2010-01-07 00:00:00.000000000,2010-01-07 00:00:00.000000000,2010-01-07 00:00:00.000000000,2009-09-16 00:00:00.000000000,2009-10-23 00:00:00.000000000,2009-10-23 00:00:00.000000000,2009-07-02 00:00:00.000000000,76 days 00:00:00.000000000,76 days 00:00:00.000000000,0 days 00:00:00.000000000
6516,2009-08-12 00:00:00.000000000,2009-08-12 00:00:00.000000000,2009-08-12 00:00:00.000000000,2009-05-07 00:00:00.000000000,2009-07-21 00:00:00.000000000,2009-07-21 00:00:00.000000000,2009-04-15 00:00:00.000000000,22 days 00:00:00.000000000,22 days 00:00:00.000000000,0 days 00:00:00.000000000
6517,2012-11-08 00:00:00.000000000,2012-11-08 00:00:00.000000000,2012-11-08 00:00:00.000000000,2012-05-29 00:00:00.000000000,2012-07-18 00:00:00.000000000,2012-07-18 00:00:00.000000000,2012-02-06 00:00:00.000000000,113 days 00:00:00.000000000,113 days 00:00:00.000000000,0 days 00:00:00.000000000
6518,2009-08-12 00:00:00.000000000,2009-08-14 00:00:00.000000000,2009-08-14 00:00:00.000000000,2009-05-07 00:00:00.000000000,2009-07-21 00:00:00.000000000,2009-07-21 00:00:00.000000000,2009-04-15 00:00:00.000000000,22 days 00:00:00.000000000,24 days 00:00:00.000000000,2 days 00:00:00.000000000
6519,2010-08-24 00:00:00.000000000,2010-08-24 00:00:00.000000000,2010-08-24 00:00:00.000000000,2010-03-18 00:00:00.000000000,2010-03-19 00:00:00.000000000,2010-03-19 00:00:00.000000000,2009-10-11 00:00:00.000000000,158 days 00:00:00.000000000,158 days 00:00:00.000000000,0 days 00:00:00.000000000
6520,2015-08-27 00:00:00.000000000,2015-08-27 00:00:00.000000000,2015-08-27 00:00:00.000000000,2014-10-09 00:00:00.000000000,2014-12-15 00:00:00.000000000,2014-12-15 00:00:00.000000000,2014-01-27 00:00:00.000000000,255 days 00:00:00.000000000,255 days 00:00:00.000000000,0 days 00:00:00.000000000
6521,2014-06-12 00:00:00.000000000,2014-06-12 00:00:00.000000000,2014-06-12 00:00:00.000000000,2014-03-07 00:00:00.000000000,2014-05-09 00:00:00.000000000,2014-05-09 00:00:00.000000000,2014-02-01 00:00:00.000000000,34 days 00:00:00.000000000,34 days 00:00:00.000000000,0 days 00:00:00.000000000
6522,2011-02-09 00:00:00.000000000,2011-02-09 00:00:00.000000000,2011-02-09 00:00:00.000000000,2010-08-31 00:00:00.000000000,2010-09-21 00:00:00.000000000,2010-09-21 00:00:00.000000000,2010-04-12 00:00:00.000000000,141 days 00:00:00.000000000,141 days 00:00:00.000000000,0 days 00:00:00.000000000
6523,2013-04-02 00:00:00.000000000,2013-04-02 00:00:00.000000000,2013-04-02 00:00:00.000000000,2012-10-15 00:00:00.000000000,2012-11-07 00:00:00.000000000,2012-11-07 00:00:00.000000000,2012-05-22 00:00:00.000000000,146 days 00:00:00.000000000,146 days 00:00:00.000000000,0 days 00:00:00.000000000
6524,2012-05-21 00:00:00.000000000,2012-05-21 00:00:00.000000000,2012-05-21 00:00:00.000000000,2011-01-17 00:00:00.000000000,2011-01-25 00:00:00.000000000,2011-01-25 00:00:00.000000000,2009-09-22 00:00:00.000000000,482 days 00:00:00.000000000,482 days 00:00:00.000000000,0 days 00:00:00.000000000
6525,2015-04-21 00:00:00.000000000,2015-04-21 00:00:00.000000000,2015-04-28 00:00:00.000000000,2014-10-10 00:00:00.000000000,2014-11-05 00:00:00.000000000,2014-11-05 00:00:00.000000000,2014-04-26 00:00:00.000000000,167 days 00:00:00.000000000,167 days 00:00:00.000000000,0 days 00:00:00.000000000
6526,2010-12-03 00:00:00.000000000,2010-12-03 00:00:00.000000000,2010-12-03 00:00:00.000000000,2010-06-02 00:00:00.000000000,2010-06-17 00:00:00.000000000,2010-06-17 00:00:00.000000000,2009-12-15 00:00:00.000000000,169 days 00:00:00.000000000,169 days 00:00:00.000000000,0 days 00:00:00.000000000
6527,2012-11-12 00:00:00.000000000,2012-11-12 00:00:00.000000000,2012-11-12 00:00:00.000000000,2012-07-25 00:00:00.000000000,2012-08-15 00:00:00.000000000,2012-08-15 00:00:00.000000000,2012-04-27 00:00:00.000000000,89 days 00:00:00.000000000,89 days 00:00:00.000000000,0 days 00:00:00.000000000
6528,2010-11-12 00:00:00.000000000,2010-11-12 00:00:00.000000000,2010-11-12 00:00:00.000000000,2010-08-07 00:00:00.000000000,2010-09-24 00:00:00.000000000,2010-09-24 00:00:00.000000000,2010-06-19 00:00:00.000000000,49 days 00:00:00.000000000,49 days 00:00:00.000000000,0 days 00:00:00.000000000
6529,2013-12-13 00:00:00.000000000,2013-12-13 00:00:00.000000000,2013-12-13 00:00:00.000000000,2013-07-11 00:00:00.000000000,2013-07-25 00:00:00.000000000,2013-07-25 00:00:00.000000000,2013-02-20 00:00:00.000000000,141 days 00:00:00.000000000,141 days 00:00:00.000000000,0 days 00:00:00.000000000
6530,2014-10-03 00:00:00.000000000,2014-10-03 00:00:00.000000000,2014-11-12 00:00:00.000000000,2014-06-17 00:00:00.000000000,2014-06-30 00:00:00.000000000,2014-06-30 00:00:00.000000000,2014-03-14 00:00:00.000000000,95 days 00:00:00.000000000,95 days 00:00:00.000000000,0 days 00:00:00.000000000
6531,2011-02-09 00:00:00.000000000,2011-03-14 00:00:00.000000000,2011-03-14 00:00:00.000000000,2010-08-31 00:00:00.000000000,2010-09-21 00:00:00.000000000,2010-09-21 00:00:00.000000000,2010-04-12 00:00:00.000000000,141 days 00:00:00.000000000,174 days 00:00:00.000000000,33 days 00:00:00.000000000
6532,2014-06-23 00:00:00.000000000,2014-06-23 00:00:00.000000000,2014-07-01 00:00:00.000000000,2014-01-21 00:00:00.000000000,2014-02-19 00:00:00.000000000,2014-02-19 00:00:00.000000000,2013-09-19 00:00:00.000000000,124 days 00:00:00.000000000,124 days 00:00:00.000000000,0 days 00:00:00.000000000
6533,2014-09-04 00:00:00.000000000,2014-09-04 00:00:00.000000000,2014-09-10 00:00:00.000000000,2014-01-22 00:00:00.000000000,2014-02-26 00:00:00.000000000,2014-02-26 00:00:00.000000000,2013-07-16 00:00:00.000000000,190 days 00:00:00.000000000,190 days 00:00:00.000000000,0 days 00:00:00.000000000
6534,2012-07-09 00:00:00.000000000,2012-07-30 00:00:00.000000000,2012-07-30 00:00:00.000000000,2012-06-05 00:00:00.000000000,2012-06-14 00:00:00.000000000,2012-06-14 00:00:00.000000000,2012-05-11 00:00:00.000000000,25 days 00:00:00.000000000,46 days 00:00:00.000000000,21 days 00:00:00.000000000
6535,2013-04-16 00:00:00.000000000,2013-04-16 00:00:00.000000000,2013-04-16 00:00:00.000000000,2013-03-18 00:00:00.000000000,1900-01-01 00:00:00.000000000,2013-04-09 00:00:00.000000000,2013-03-11 00:00:00.000000000,7 days 00:00:00.000000000,7 days 00:00:00.000000000,0 days 00:00:00.000000000
6536,2014-07-23 00:00:00.000000000,2014-07-23 00:00:00.000000000,2014-09-17 00:00:00.000000000,2014-04-22 00:00:00.000000000,2014-05-19 00:00:00.000000000,2014-05-19 00:00:00.000000000,2014-02-16 00:00:00.000000000,65 days 00:00:00.000000000,65 days 00:00:00.000000000,0 days 00:00:00.000000000
6537,2011-09-13 00:00:00.000000000,2011-09-13 00:00:00.000000000,2011-09-13 00:00:00.000000000,2011-03-31 00:00:00.000000000,2011-04-14 00:00:00.000000000,2011-04-14 00:00:00.000000000,2010-10-30 00:00:00.000000000,152 days 00:00:00.000000000,152 days 00:00:00.000000000,0 days 00:00:00.000000000
6538,2014-08-27 00:00:00.000000000,2014-08-27 00:00:00.000000000,2014-08-27 00:00:00.000000000,2013-07-11 00:00:00.000000000,2014-08-27 00:00:00.000000000,2014-08-27 00:00:00.000000000,2013-07-11 00:00:00.000000000,0 days 00:00:00.000000000,0 days 00:00:00.000000000,0 days 00:00:00.000000000
6539,2014-07-17 00:00:00.000000000,2014-07-17 00:00:00.000000000,2014-07-17 00:00:00.000000000,2014-01-22 00:00:00.000000000,2014-02-27 00:00:00.000000000,2014-02-27 00:00:00.000000000,2013-09-04 00:00:00.000000000,140 days 00:00:00.000000000,140 days 00:00:00.000000000,0 days 00:00:00.000000000
6540,2014-02-07 00:00:00.000000000,2014-02-07 00:00:00.000000000,2014-02-07 00:00:00.000000000,2013-07-11 00:00:00.000000000,2013-08-13 00:00:00.000000000,2013-08-13 00:00:00.000000000,2013-01-14 00:00:00.000000000,178 days 00:00:00.000000000,178 days 00:00:00.000000000,0 days 00:00:00.000000000
6541,2010-03-15 00:00:00.000000000,2010-03-15 00:00:00.000000000,2010-03-15 00:00:00.000000000,2009-10-20 00:00:00.000000000,2009-11-13 00:00:00.000000000,2009-11-13 00:00:00.000000000,2009-06-20 00:00:00.000000000,122 days 00:00:00.000000000,122 days 00:00:00.000000000,0 days 00:00:00.000000000
6542,2010-09-07 00:00:00.000000000,2010-09-20 00:00:00.000000000,2010-09-20 00:00:00.000000000,2010-03-18 00:00:00.000000000,2010-03-19 00:00:00.000000000,2010-03-19 00:00:00.000000000,2009-09-27 00:00:00.000000000,172 days 00:00:00.000000000,185 days 00:00:00.000000000,13 days 00:00:00.000000000
6543,2013-07-13 00:00:00.000000000,2013-07-13 00:00:00.000000000,2013-07-13 00:00:00.000000000,2013-02-07 00:00:00.000000000,2013-02-13 00:00:00.000000000,2013-02-13 00:00:00.000000000,2012-09-10 00:00:00.000000000,150 days 00:00:00.000000000,150 days 00:00:00.000000000,0 days 00:00:00.000000000
6544,2015-08-24 00:00:00.000000000,2015-08-24 00:00:00.000000000,2015-08-24 00:00:00.000000000,2014-09-11 00:00:00.000000000,2014-10-09 00:00:00.000000000,2014-10-09 00:00:00.000000000,2013-10-27 00:00:00.000000000,319 days 00:00:00.000000000,319 days 00:00:00.000000000,0 days 00:00:00.000000000
6545,2014-05-02 00:00:00.000000000,2014-05-02 00:00:00.000000000,2014-05-07 00:00:00.000000000,2013-12-11 00:00:00.000000000,2013-12-17 00:00:00.000000000,2013-12-17 00:00:00.000000000,2013-07-28 00:00:00.000000000,136 days 00:00:00.000000000,136 days 00:00:00.000000000,0 days 00:00:00.000000000
6546,2015-03-19 00:00:00.000000000,2015-03-19 00:00:00.000000000,2015-03-19 00:00:00.000000000,2014-11-04 00:00:00.000000000,2014-11-12 00:00:00.000000000,2014-11-12 00:00:00.000000000,2014-06-30 00:00:00.000000000,127 days 00:00:00.000000000,127 days 00:00:00.000000000,0 days 00:00:00.000000000
6547,2012-06-20 00:00:00.000000000,2012-06-20 00:00:00.000000000,2012-06-20 00:00:00.000000000,2011-08-04 00:00:00.000000000,2012-04-05 00:00:00.000000000,2012-04-05 00:00:00.000000000,2011-05-20 00:00:00.000000000,76 days 00:00:00.000000000,76 days 00:00:00.000000000,0 days 00:00:00.000000000
6548,2012-10-09 00:00:00.000000000,2012-10-09 00:00:00.000000000,2012-10-09 00:00:00.000000000,2012-07-11 00:00:00.000000000,2012-07-12 00:00:00.000000000,2012-07-12 00:00:00.000000000,2012-04-13 00:00:00.000000000,89 days 00:00:00.000000000,89 days 00:00:00.000000000,0 days 00:00:00.000000000
6549,2014-08-29 00:00:00.000000000,2014-08-29 00:00:00.000000000,2014-08-29 00:00:00.000000000,2013-07-11 00:00:00.000000000,2014-08-29 00:00:00.000000000,2014-08-29 00:00:00.000000000,2013-07-11 00:00:00.000000000,0 days 00:00:00.000000000,0 days 00:00:00.000000000,0 days 00:00:00.000000000
6550,2015-01-09 00:00:00.000000000,2015-01-09 00:00:00.000000000,2015-01-12 00:00:00.000000000,2014-05-11 00:00:00.000000000,2014-06-02 00:00:00.000000000,2014-06-02 00:00:00.000000000,2013-10-02 00:00:00.000000000,221 days 00:00:00.000000000,221 days 00:00:00.000000000,0 days 00:00:00.000000000
6551,2015-04-14 00:00:00.000000000,2015-04-14 00:00:00.000000000,2015-07-15 00:00:00.000000000,2014-11-21 00:00:00.000000000,2014-12-08 00:00:00.000000000,2014-12-08 00:00:00.000000000,2014-07-17 00:00:00.000000000,127 days 00:00:00.000000000,127 days 00:00:00.000000000,0 days 00:00:00.000000000
6552,2011-02-14 00:00:00.000000000,2011-03-09 00:00:00.000000000,2011-03-09 00:00:00.000000000,2010-08-31 00:00:00.000000000,2010-09-21 00:00:00.000000000,2010-09-21 00:00:00.000000000,2010-04-07 00:00:00.000000000,146 days 00:00:00.000000000,169 days 00:00:00.000000000,23 days 00:00:00.000000000
6553,2011-08-25 00:00:00.000000000,2011-08-25 00:00:00.000000000,2011-08-25 00:00:00.000000000,2011-01-13 00:00:00.000000000,2011-02-01 00:00:00.000000000,2011-02-01 00:00:00.000000000,2010-06-22 00:00:00.000000000,205 days 00:00:00.000000000,205 days 00:00:00.000000000,0 days 00:00:00.000000000
6554,2014-02-18 00:00:00.000000000,2014-02-13 00:00:00.000000000,2014-03-12 00:00:00.000000000,2013-08-13 00:00:00.000000000,2013-11-01 00:00:00.000000000,2013-11-01 00:00:00.000000000,2013-04-26 00:00:00.000000000,109 days 00:00:00.000000000,104 days 00:00:00.000000000,-5 days +00:00:00.000000000
6555,2013-11-07 00:00:00.000000000,2013-11-05 00:00:00.000000000,2013-11-17 00:00:00.000000000,2013-06-10 00:00:00.000000000,2013-07-10 00:00:00.000000000,2013-07-10 00:00:00.000000000,2013-02-10 00:00:00.000000000,120 days 00:00:00.000000000,118 days 00:00:00.000000000,-2 days +00:00:00.000000000
6556,2012-10-04 00:00:00.000000000,2012-10-04 00:00:00.000000000,2012-10-04 00:00:00.000000000,2012-08-24 00:00:00.000000000,2012-08-29 00:00:00.000000000,2012-08-29 00:00:00.000000000,2012-07-19 00:00:00.000000000,36 days 00:00:00.000000000,36 days 00:00:00.000000000,0 days 00:00:00.000000000
6557,2013-04-16 00:00:00.000000000,2013-04-16 00:00:00.000000000,2013-04-16 00:00:00.000000000,2013-03-18 00:00:00.000000000,1900-01-01 00:00:00.000000000,2013-04-09 00:00:00.000000000,2013-03-11 00:00:00.000000000,7 days 00:00:00.000000000,7 days 00:00:00.000000000,0 days 00:00:00.000000000
6558,2012-08-05 00:00:00.000000000,2012-08-05 00:00:00.000000000,2012-08-05 00:00:00.000000000,2012-01-10 00:00:00.000000000,2012-01-23 00:00:00.000000000,2012-01-23 00:00:00.000000000,2011-06-29 00:00:00.000000000,195 days 00:00:00.000000000,195 days 00:00:00.000000000,0 days 00:00:00.000000000
6559,2011-03-08 00:00:00.000000000,2011-03-08 00:00:00.000000000,2011-03-08 00:00:00.000000000,2011-01-03 00:00:00.000000000,2011-02-02 00:00:00.000000000,2011-02-02 00:00:00.000000000,2010-11-30 00:00:00.000000000,34 days 00:00:00.000000000,34 days 00:00:00.000000000,0 days 00:00:00.000000000
6560,2010-04-29 00:00:00.000000000,2010-04-29 00:00:00.000000000,2010-04-29 00:00:00.000000000,2010-04-01 00:00:00.000000000,2010-04-23 00:00:00.000000000,2010-04-23 00:00:00.000000000,2010-03-26 00:00:00.000000000,6 days 00:00:00.000000000,6 days 00:00:00.000000000,0 days 00:00:00.000000000
6561,2014-08-27 00:00:00.000000000,2014-08-27 00:00:00.000000000,2014-08-27 00:00:00.000000000,2013-07-11 00:00:00.000000000,2014-08-27 00:00:00.000000000,2014-08-27 00:00:00.000000000,2013-07-11 00:00:00.000000000,0 days 00:00:00.000000000,0 days 00:00:00.000000000,0 days 00:00:00.000000000
6562,2012-05-23 00:00:00.000000000,2012-05-23 00:00:00.000000000,2012-05-23 00:00:00.000000000,2012-01-17 00:00:00.000000000,2012-04-09 00:00:00.000000000,2012-04-09 00:00:00.000000000,2011-12-04 00:00:00.000000000,44 days 00:00:00.000000000,44 days 00:00:00.000000000,0 days 00:00:00.000000000
6563,2011-03-04 00:00:00.000000000,2011-03-04 00:00:00.000000000,2011-03-04 00:00:00.000000000,2010-06-02 00:00:00.000000000,2010-06-17 00:00:00.000000000,2010-06-17 00:00:00.000000000,2009-09-15 00:00:00.000000000,260 days 00:00:00.000000000,260 days 00:00:00.000000000,0 days 00:00:00.000000000
6564,2015-08-24 00:00:00.000000000,2015-08-24 00:00:00.000000000,2015-08-24 00:00:00.000000000,2014-09-11 00:00:00.000000000,2015-08-24 00:00:00.000000000,2015-08-24 00:00:00.000000000,2014-09-11 00:00:00.000000000,0 days 00:00:00.000000000,0 days 00:00:00.000000000,0 days 00:00:00.000000000
6565,2015-08-24 00:00:00.000000000,2015-08-24 00:00:00.000000000,2015-08-24 00:00:00.000000000,2014-09-11 00:00:00.000000000,2014-10-09 00:00:00.000000000,2014-10-09 00:00:00.000000000,2013-10-27 00:00:00.000000000,319 days 00:00:00.000000000,319 days 00:00:00.000000000,0 days 00:00:00.000000000
6566,2010-12-20 00:00:00.000000000,2011-01-12 00:00:00.000000000,2011-01-12 00:00:00.000000000,2010-06-02 00:00:00.000000000,2010-06-17 00:00:00.000000000,2010-06-17 00:00:00.000000000,2009-11-28 00:00:00.000000000,186 days 00:00:00.000000000,209 days 00:00:00.000000000,23 days 00:00:00.000000000
6567,2009-10-21 00:00:00.000000000,2009-10-21 00:00:00.000000000,2009-10-21 00:00:00.000000000,2009-10-08 00:00:00.000000000,2009-10-15 00:00:00.000000000,2009-10-15 00:00:00.000000000,2009-10-02 00:00:00.000000000,6 days 00:00:00.000000000,6 days 00:00:00.000000000,0 days 00:00:00.000000000
6568,2014-01-13 00:00:00.000000000,2014-01-13 00:00:00.000000000,2014-01-13 00:00:00.000000000,2013-11-14 00:00:00.000000000,2013-12-02 00:00:00.000000000,2013-12-02 00:00:00.000000000,2013-10-03 00:00:00.000000000,42 days 00:00:00.000000000,42 days 00:00:00.000000000,0 days 00:00:00.000000000
6569,2010-05-31 00:00:00.000000000,2010-05-31 00:00:00.000000000,2010-05-31 00:00:00.000000000,2010-04-19 00:00:00.000000000,2010-04-21 00:00:00.000000000,2010-04-21 00:00:00.000000000,2010-03-10 00:00:00.000000000,40 days 00:00:00.000000000,40 days 00:00:00.000000000,0 days 00:00:00.000000000
6570,2012-10-08 00:00:00.000000000,2012-10-08 00:00:00.000000000,2012-10-08 00:00:00.000000000,2012-07-10 00:00:00.000000000,2012-07-12 00:00:00.000000000,2012-07-12 00:00:00.000000000,2012-04-13 00:00:00.000000000,88 days 00:00:00.000000000,88 days 00:00:00.000000000,0 days 00:00:00.000000000
6571,2014-09-17 00:00:00.000000000,2014-09-17 00:00:00.000000000,2014-09-19 00:00:00.000000000,2014-04-01 00:00:00.000000000,2014-05-27 00:00:00.000000000,2014-05-27 00:00:00.000000000,2013-12-09 00:00:00.000000000,113 days 00:00:00.000000000,113 days 00:00:00.000000000,0 days 00:00:00.000000000
6572,2014-11-05 00:00:00.000000000,2014-11-05 00:00:00.000000000,2014-11-05 00:00:00.000000000,2014-04-30 00:00:00.000000000,2014-11-04 00:00:00.000000000,2014-11-04 00:00:00.000000000,2014-04-29 00:00:00.000000000,1 days 00:00:00.000000000,1 days 00:00:00.000000000,0 days 00:00:00.000000000
6573,2010-09-07 00:00:00.000000000,2010-11-17 00:00:00.000000000,2010-11-17 00:00:00.000000000,2010-03-18 00:00:00.000000000,2010-03-19 00:00:00.000000000,2010-03-19 00:00:00.000000000,2009-09-27 00:00:00.000000000,172 days 00:00:00.000000000,243 days 00:00:00.000000000,71 days 00:00:00.000000000
6574,2015-07-02 00:00:00.000000000,2015-07-07 00:00:00.000000000,2015-07-07 00:00:00.000000000,2014-12-29 00:00:00.000000000,2015-02-20 00:00:00.000000000,2015-02-20 00:00:00.000000000,2014-08-19 00:00:00.000000000,132 days 00:00:00.000000000,137 days 00:00:00.000000000,5 days 00:00:00.000000000
6575,2015-08-31 00:00:00.000000000,2015-08-31 00:00:00.000000000,2015-09-09 00:00:00.000000000,2015-07-07 00:00:00.000000000,2015-08-04 00:00:00.000000000,2015-08-04 00:00:00.000000000,2015-06-10 00:00:00.000000000,27 days 00:00:00.000000000,27 days 00:00:00.000000000,0 days 00:00:00.000000000
6576,2011-02-16 00:00:00.000000000,2011-02-16 00:00:00.000000000,2011-02-16 00:00:00.000000000,2010-09-30 00:00:00.000000000,2010-10-18 00:00:00.000000000,2010-10-18 00:00:00.000000000,2010-06-01 00:00:00.000000000,121 days 00:00:00.000000000,121 days 00:00:00.000000000,0 days 00:00:00.000000000
6577,2014-12-17 00:00:00.000000000,2014-12-17 00:00:00.000000000,2014-12-17 00:00:00.000000000,2014-07-09 00:00:00.000000000,2014-08-11 00:00:00.000000000,2014-08-11 00:00:00.000000000,2014-03-03 00:00:00.000000000,128 days 00:00:00.000000000,128 days 00:00:00.000000000,0 days 00:00:00.000000000
6578,2013-04-11 00:00:00.000000000,2013-04-11 00:00:00.000000000,2013-04-11 00:00:00.000000000,2013-01-16 00:00:00.000000000,2013-02-05 00:00:00.000000000,2013-02-05 00:00:00.000000000,2012-11-12 00:00:00.000000000,65 days 00:00:00.000000000,65 days 00:00:00.000000000,0 days 00:00:00.000000000
6579,2009-10-29 00:00:00.000000000,2009-10-27 00:00:00.000000000,2009-10-27 00:00:00.000000000,2009-05-07 00:00:00.000000000,2009-09-22 00:00:00.000000000,2009-09-22 00:00:00.000000000,2009-03-31 00:00:00.000000000,37 days 00:00:00.000000000,35 days 00:00:00.000000000,-2 days +00:00:00.000000000
6580,2009-10-08 00:00:00.000000000,2009-10-08 00:00:00.000000000,2009-10-08 00:00:00.000000000,2009-08-06 00:00:00.000000000,1910-01-01 00:00:00.000000000,2009-08-18 07:12:00.000000000,2009-06-16 07:12:00.000000000,50 days 16:48:00.000000000,50 days 16:48:00.000000000,0 days 00:00:00.000000000
6581,2009-10-30 00:00:00.000000000,2009-10-20 00:00:00.000000000,2009-10-20 00:00:00.000000000,2009-05-26 00:00:00.000000000,1910-01-01 00:00:00.000000000,2009-07-13 14:36:31.334400000,2009-02-06 14:36:31.334400000,108 days 09:23:28.665600000,98 days 09:23:28.665600000,-10 days +00:00:00.000000000
6582,2009-10-23 00:00:00.000000000,2009-10-23 00:00:00.000000000,2009-10-23 00:00:00.000000000,2009-09-09 00:00:00.000000000,1910-01-01 00:00:00.000000000,2009-07-04 04:55:23.059200000,2009-05-21 04:55:23.059200000,110 days 19:04:36.940800000,110 days 19:04:36.940800000,0 days 00:00:00.000000000
6583,2009-11-15 00:00:00.000000000,2009-11-09 00:00:00.000000000,2009-11-09 00:00:00.000000000,2009-03-17 00:00:00.000000000,1910-01-01 00:00:00.000000000,2009-07-11 14:24:00.000000000,2008-11-10 14:24:00.000000000,126 days 09:36:00.000000000,120 days 09:36:00.000000000,-6 days +00:00:00.000000000
6584,2009-11-30 00:00:00.000000000,2009-11-23 00:00:00.000000000,2009-11-23 00:00:00.000000000,2009-08-05 00:00:00.000000000,1910-01-01 00:00:00.000000000,2009-08-12 21:36:00.000000000,2009-04-17 21:36:00.000000000,109 days 02:24:00.000000000,102 days 02:24:00.000000000,-7 days +00:00:00.000000000
6585,2009-12-18 00:00:00.000000000,2009-12-18 00:00:00.000000000,2009-12-18 00:00:00.000000000,2009-07-27 00:00:00.000000000,1910-01-01 00:00:00.000000000,2009-08-31 14:36:31.334400000,2009-04-09 14:36:31.334400000,108 days 09:23:28.665600000,108 days 09:23:28.665600000,0 days 00:00:00.000000000
6586,2009-12-10 00:00:00.000000000,2009-12-02 00:00:00.000000000,2009-12-02 00:00:00.000000000,2009-07-24 00:00:00.000000000,1910-01-01 00:00:00.000000000,2009-08-21 04:55:23.059200000,2009-04-04 04:55:23.059200000,110 days 19:04:36.940800000,102 days 19:04:36.940800000,-8 days +00:00:00.000000000
6587,2009-12-02 00:00:00.000000000,2009-12-02 00:00:00.000000000,2009-12-02 00:00:00.000000000,2009-10-15 00:00:00.000000000,1910-01-01 00:00:00.000000000,2009-08-13 04:55:23.059200000,2009-06-26 04:55:23.059200000,110 days 19:04:36.940800000,110 days 19:04:36.940800000,0 days 00:00:00.000000000
6588,2009-12-09 00:00:00.000000000,2009-11-27 00:00:00.000000000,2009-11-27 00:00:00.000000000,2009-09-09 00:00:00.000000000,1910-01-01 00:00:00.000000000,2009-08-20 04:55:23.059200000,2009-05-21 04:55:23.059200000,110 days 19:04:36.940800000,98 days 19:04:36.940800000,-12 days +00:00:00.000000000
6589,2010-01-15 00:00:00.000000000,2009-12-10 00:00:00.000000000,2009-12-10 00:00:00.000000000,2009-09-17 00:00:00.000000000,1910-01-01 00:00:00.000000000,2009-11-10 09:52:56.496000001,2009-07-13 09:52:56.496000001,65 days 14:07:03.503999999,29 days 14:07:03.503999999,-36 days +00:00:00.000000000
6590,2010-01-19 00:00:00.000000000,2010-01-26 00:00:00.000000000,2010-01-26 00:00:00.000000000,2009-02-26 00:00:00.000000000,1910-01-01 00:00:00.000000000,2009-10-15 22:00:00.028800000,2008-11-22 22:00:00.028800000,95 days 01:59:59.971200000,102 days 01:59:59.971200000,7 days 00:00:00.000000000
6591,2010-01-15 00:00:00.000000000,2009-12-09 00:00:00.000000000,2009-12-09 00:00:00.000000000,2009-08-05 00:00:00.000000000,1910-01-01 00:00:00.000000000,2009-09-29 09:49:05.462400000,2009-04-19 09:49:05.462400000,107 days 14:10:54.537600000,70 days 14:10:54.537600000,-37 days +00:00:00.000000000
6592,2010-01-15 00:00:00.000000000,2010-01-22 00:00:00.000000000,2010-01-22 00:00:00.000000000,2009-09-17 00:00:00.000000000,1910-01-01 00:00:00.000000000,2009-11-10 09:52:56.496000001,2009-07-13 09:52:56.496000001,65 days 14:07:03.503999999,72 days 14:07:03.503999999,7 days 00:00:00.000000000
6593,2010-01-11 00:00:00.000000000,2010-01-08 00:00:00.000000000,2010-01-08 00:00:00.000000000,2009-09-23 00:00:00.000000000,1910-01-01 00:00:00.000000000,2009-10-03 18:40:00.019200000,2009-06-15 18:40:00.019200000,99 days 05:19:59.980800000,96 days 05:19:59.980800000,-3 days +00:00:00.000000000
6594,2010-03-31 00:00:00.000000000,2010-03-24 00:00:00.000000000,2010-03-24 00:00:00.000000000,2009-02-26 00:00:00.000000000,1910-01-01 00:00:00.000000000,2009-12-25 22:00:00.028800000,2008-11-22 22:00:00.028800000,95 days 01:59:59.971200000,88 days 01:59:59.971200000,-7 days +00:00:00.000000000
6595,2010-01-18 00:00:00.000000000,2010-01-27 00:00:00.000000000,2010-01-27 00:00:00.000000000,2009-10-23 00:00:00.000000000,1910-01-01 00:00:00.000000000,2009-10-10 18:40:00.019200000,2009-07-15 18:40:00.019200000,99 days 05:19:59.980800000,108 days 05:19:59.980800000,9 days 00:00:00.000000000
6596,2010-02-05 00:00:00.000000000,2010-01-23 00:00:00.000000000,2010-01-23 00:00:00.000000000,2009-09-09 00:00:00.000000000,1910-01-01 00:00:00.000000000,2009-10-30 07:36:35.107200001,2009-06-03 07:36:35.107200001,97 days 16:23:24.892799999,84 days 16:23:24.892799999,-13 days +00:00:00.000000000
6597,2010-03-05 00:00:00.000000000,2010-03-03 00:00:00.000000000,2010-03-03 00:00:00.000000000,2009-09-23 00:00:00.000000000,1910-01-01 00:00:00.000000000,2009-11-25 18:40:00.019200000,2009-06-15 18:40:00.019200000,99 days 05:19:59.980800000,97 days 05:19:59.980800000,-2 days +00:00:00.000000000
6598,2010-04-14 00:00:00.000000000,2010-04-14 00:00:00.000000000,2010-04-14 00:00:00.000000000,2009-09-14 00:00:00.000000000,1910-01-01 00:00:00.000000000,2010-01-08 22:00:00.028800000,2009-06-10 22:00:00.028800000,95 days 01:59:59.971200000,95 days 01:59:59.971200000,0 days 00:00:00.000000000
6599,2010-04-14 00:00:00.000000000,2010-04-14 00:00:00.000000000,2010-04-14 00:00:00.000000000,2009-09-14 00:00:00.000000000,1910-01-01 00:00:00.000000000,2010-01-08 22:00:00.028800000,2009-06-10 22:00:00.028800000,95 days 01:59:59.971200000,95 days 01:59:59.971200000,0 days 00:00:00.000000000
6600,2010-03-15 00:00:00.000000000,2010-03-05 00:00:00.000000000,2010-03-05 00:00:00.000000000,2009-09-17 00:00:00.000000000,1910-01-01 00:00:00.000000000,2009-11-27 09:49:05.462400000,2009-06-01 09:49:05.462400000,107 days 14:10:54.537600000,97 days 14:10:54.537600000,-10 days +00:00:00.000000000
6601,2010-04-19 00:00:00.000000000,2010-04-14 00:00:00.000000000,2010-04-14 00:00:00.000000000,2009-09-14 00:00:00.000000000,1910-01-01 00:00:00.000000000,2010-01-13 22:00:00.028800000,2009-06-10 22:00:00.028800000,95 days 01:59:59.971200000,90 days 01:59:59.971200000,-5 days +00:00:00.000000000
6602,2010-03-18 00:00:00.000000000,2010-03-17 00:00:00.000000000,2010-03-17 00:00:00.000000000,2010-01-29 00:00:00.000000000,1910-01-01 00:00:00.000000000,2010-01-11 09:52:56.496000001,2009-11-24 09:52:56.496000001,65 days 14:07:03.503999999,64 days 14:07:03.503999999,-1 days +00:00:00.000000000
6603,2010-03-31 00:00:00.000000000,2010-03-12 00:00:00.000000000,2010-03-12 00:00:00.000000000,2009-12-08 00:00:00.000000000,1910-01-01 00:00:00.000000000,2010-01-06 00:00:00.000000000,2009-09-15 00:00:00.000000000,84 days 00:00:00.000000000,65 days 00:00:00.000000000,-19 days +00:00:00.000000000
6604,2010-03-19 00:00:00.000000000,2010-03-17 00:00:00.000000000,2010-03-17 00:00:00.000000000,2009-09-23 00:00:00.000000000,1910-01-01 00:00:00.000000000,2010-01-12 09:52:56.496000001,2009-07-19 09:52:56.496000001,65 days 14:07:03.503999999,63 days 14:07:03.503999999,-2 days +00:00:00.000000000
6605,2010-03-22 00:00:00.000000000,2010-03-11 00:00:00.000000000,2010-03-11 00:00:00.000000000,2009-10-15 00:00:00.000000000,1910-01-01 00:00:00.000000000,2009-12-14 07:36:35.107200001,2009-07-09 07:36:35.107200001,97 days 16:23:24.892799999,86 days 16:23:24.892799999,-11 days +00:00:00.000000000
6606,2010-05-10 00:00:00.000000000,2010-03-11 00:00:00.000000000,2010-03-11 00:00:00.000000000,2009-12-08 00:00:00.000000000,1910-01-01 00:00:00.000000000,2010-02-01 07:36:35.107200001,2009-09-01 07:36:35.107200001,97 days 16:23:24.892799999,37 days 16:23:24.892799999,-60 days +00:00:00.000000000
6607,2010-04-19 00:00:00.000000000,2010-03-31 00:00:00.000000000,2010-03-31 00:00:00.000000000,2009-11-06 00:00:00.000000000,1910-01-01 00:00:00.000000000,2010-01-24 01:59:59.971200000,2009-08-13 01:59:59.971200000,84 days 22:00:00.028800000,65 days 22:00:00.028800000,-19 days +00:00:00.000000000
6608,2010-04-19 00:00:00.000000000,2010-03-31 00:00:00.000000000,2010-03-31 00:00:00.000000000,2009-11-06 00:00:00.000000000,1910-01-01 00:00:00.000000000,2010-01-24 01:59:59.971200000,2009-08-13 01:59:59.971200000,84 days 22:00:00.028800000,65 days 22:00:00.028800000,-19 days +00:00:00.000000000
6609,2010-04-19 00:00:00.000000000,2010-03-31 00:00:00.000000000,2010-03-31 00:00:00.000000000,2009-11-06 00:00:00.000000000,1910-01-01 00:00:00.000000000,2010-01-24 01:59:59.971200000,2009-08-13 01:59:59.971200000,84 days 22:00:00.028800000,65 days 22:00:00.028800000,-19 days +00:00:00.000000000
6610,2010-04-19 00:00:00.000000000,2010-03-31 00:00:00.000000000,2010-03-31 00:00:00.000000000,2009-11-06 00:00:00.000000000,1910-01-01 00:00:00.000000000,2010-01-24 01:59:59.971200000,2009-08-13 01:59:59.971200000,84 days 22:00:00.028800000,65 days 22:00:00.028800000,-19 days +00:00:00.000000000
6611,2010-04-19 00:00:00.000000000,2010-03-31 00:00:00.000000000,2010-03-31 00:00:00.000000000,2009-11-06 00:00:00.000000000,1910-01-01 00:00:00.000000000,2010-01-24 01:59:59.971200000,2009-08-13 01:59:59.971200000,84 days 22:00:00.028800000,65 days 22:00:00.028800000,-19 days +00:00:00.000000000
6612,2010-04-19 00:00:00.000000000,2010-03-31 00:00:00.000000000,2010-03-31 00:00:00.000000000,2009-11-06 00:00:00.000000000,1910-01-01 00:00:00.000000000,2010-01-24 01:59:59.971200000,2009-08-13 01:59:59.971200000,84 days 22:00:00.028800000,65 days 22:00:00.028800000,-19 days +00:00:00.000000000
6613,2010-04-19 00:00:00.000000000,2010-03-31 00:00:00.000000000,2010-03-31 00:00:00.000000000,2009-11-06 00:00:00.000000000,1910-01-01 00:00:00.000000000,2010-01-24 01:59:59.971200000,2009-08-13 01:59:59.971200000,84 days 22:00:00.028800000,65 days 22:00:00.028800000,-19 days +00:00:00.000000000
6614,2010-04-19 00:00:00.000000000,2010-03-31 00:00:00.000000000,2010-03-31 00:00:00.000000000,2009-11-06 00:00:00.000000000,1910-01-01 00:00:00.000000000,2010-01-24 01:59:59.971200000,2009-08-13 01:59:59.971200000,84 days 22:00:00.028800000,65 days 22:00:00.028800000,-19 days +00:00:00.000000000
6615,2010-04-19 00:00:00.000000000,2010-03-31 00:00:00.000000000,2010-03-31 00:00:00.000000000,2009-11-06 00:00:00.000000000,1910-01-01 00:00:00.000000000,2010-01-24 01:59:59.971200000,2009-08-13 01:59:59.971200000,84 days 22:00:00.028800000,65 days 22:00:00.028800000,-19 days +00:00:00.000000000
6616,2010-04-19 00:00:00.000000000,2010-03-31 00:00:00.000000000,2010-03-31 00:00:00.000000000,2009-11-06 00:00:00.000000000,1910-01-01 00:00:00.000000000,2010-01-24 01:59:59.971200000,2009-08-13 01:59:59.971200000,84 days 22:00:00.028800000,65 days 22:00:00.028800000,-19 days +00:00:00.000000000
6617,2010-04-19 00:00:00.000000000,2010-03-30 00:00:00.000000000,2010-03-30 00:00:00.000000000,2009-11-06 00:00:00.000000000,1910-01-01 00:00:00.000000000,2010-01-24 01:59:59.971200000,2009-08-13 01:59:59.971200000,84 days 22:00:00.028800000,64 days 22:00:00.028800000,-20 days +00:00:00.000000000
6618,2010-04-01 00:00:00.000000000,2010-03-25 00:00:00.000000000,2010-03-25 00:00:00.000000000,2009-09-23 00:00:00.000000000,1910-01-01 00:00:00.000000000,2010-01-25 09:52:56.496000001,2009-07-19 09:52:56.496000001,65 days 14:07:03.503999999,58 days 14:07:03.503999999,-7 days +00:00:00.000000000
6619,2010-06-23 00:00:00.000000000,2010-04-08 00:00:00.000000000,2010-04-08 00:00:00.000000000,2010-03-02 00:00:00.000000000,1910-01-01 00:00:00.000000000,2010-04-18 09:52:56.496000001,2009-12-26 09:52:56.496000001,65 days 14:07:03.503999999,-11 days +14:07:03.503999999,-76 days +00:00:00.000000000
6620,2010-05-17 00:00:00.000000000,2010-05-11 00:00:00.000000000,2010-05-11 00:00:00.000000000,2009-09-17 00:00:00.000000000,1910-01-01 00:00:00.000000000,2010-01-29 09:49:05.462400000,2009-06-01 09:49:05.462400000,107 days 14:10:54.537600000,101 days 14:10:54.537600000,-6 days +00:00:00.000000000
6621,2010-06-21 00:00:00.000000000,2010-06-14 00:00:00.000000000,2010-06-14 00:00:00.000000000,2009-12-23 00:00:00.000000000,1910-01-01 00:00:00.000000000,2010-03-17 22:00:00.028800000,2009-09-18 22:00:00.028800000,95 days 01:59:59.971200000,88 days 01:59:59.971200000,-7 days +00:00:00.000000000
6622,2010-06-09 00:00:00.000000000,2010-05-03 00:00:00.000000000,2010-05-03 00:00:00.000000000,2010-03-02 00:00:00.000000000,1910-01-01 00:00:00.000000000,2010-04-04 09:52:56.496000001,2009-12-26 09:52:56.496000001,65 days 14:07:03.503999999,28 days 14:07:03.503999999,-37 days +00:00:00.000000000
6623,2010-05-31 00:00:00.000000000,2010-05-18 00:00:00.000000000,2010-05-18 00:00:00.000000000,2009-11-06 00:00:00.000000000,1910-01-01 00:00:00.000000000,2010-03-07 01:59:59.971200000,2009-08-13 01:59:59.971200000,84 days 22:00:00.028800000,71 days 22:00:00.028800000,-13 days +00:00:00.000000000
6624,2010-05-03 00:00:00.000000000,2010-05-03 00:00:00.000000000,2010-05-03 00:00:00.000000000,2009-10-28 00:00:00.000000000,1910-01-01 00:00:00.000000000,2010-02-26 09:52:56.496000001,2009-08-23 09:52:56.496000001,65 days 14:07:03.503999999,65 days 14:07:03.503999999,0 days 00:00:00.000000000
6625,2010-05-03 00:00:00.000000000,2010-05-03 00:00:00.000000000,2010-05-03 00:00:00.000000000,2009-10-28 00:00:00.000000000,1910-01-01 00:00:00.000000000,2010-02-26 09:52:56.496000001,2009-08-23 09:52:56.496000001,65 days 14:07:03.503999999,65 days 14:07:03.503999999,0 days 00:00:00.000000000
6626,2010-05-31 00:00:00.000000000,2010-05-31 00:00:00.000000000,2010-05-31 00:00:00.000000000,2009-12-08 00:00:00.000000000,1910-01-01 00:00:00.000000000,2010-03-08 00:00:00.000000000,2009-09-15 00:00:00.000000000,84 days 00:00:00.000000000,84 days 00:00:00.000000000,0 days 00:00:00.000000000
6627,2010-06-30 00:00:00.000000000,2010-06-14 00:00:00.000000000,2010-06-14 00:00:00.000000000,2009-12-23 00:00:00.000000000,1910-01-01 00:00:00.000000000,2010-03-26 22:00:00.028800000,2009-09-18 22:00:00.028800000,95 days 01:59:59.971200000,79 days 01:59:59.971200000,-16 days +00:00:00.000000000
6628,2010-06-01 00:00:00.000000000,2010-05-31 00:00:00.000000000,2010-05-31 00:00:00.000000000,2010-05-07 00:00:00.000000000,1910-01-01 00:00:00.000000000,2010-04-30 02:39:59.990400000,2010-04-05 02:39:59.990400000,31 days 21:20:00.009600000,30 days 21:20:00.009600000,-1 days +00:00:00.000000000
6629,2010-06-30 00:00:00.000000000,2010-06-28 00:00:00.000000000,2010-06-28 00:00:00.000000000,2009-11-06 00:00:00.000000000,1910-01-01 00:00:00.000000000,2010-04-06 01:59:59.971200000,2009-08-13 01:59:59.971200000,84 days 22:00:00.028800000,82 days 22:00:00.028800000,-2 days +00:00:00.000000000
6630,2010-06-30 00:00:00.000000000,2010-06-28 00:00:00.000000000,2010-06-28 00:00:00.000000000,2009-11-06 00:00:00.000000000,1910-01-01 00:00:00.000000000,2010-04-06 01:59:59.971200000,2009-08-13 01:59:59.971200000,84 days 22:00:00.028800000,82 days 22:00:00.028800000,-2 days +00:00:00.000000000
6631,2010-06-30 00:00:00.000000000,2010-06-29 00:00:00.000000000,2010-06-29 00:00:00.000000000,2009-09-17 00:00:00.000000000,1910-01-01 00:00:00.000000000,2010-03-14 09:49:05.462400000,2009-06-01 09:49:05.462400000,107 days 14:10:54.537600000,106 days 14:10:54.537600000,-1 days +00:00:00.000000000
6632,2010-06-28 00:00:00.000000000,2010-06-21 00:00:00.000000000,2010-06-21 00:00:00.000000000,2009-12-08 00:00:00.000000000,1910-01-01 00:00:00.000000000,2010-03-22 07:36:35.107200001,2009-09-01 07:36:35.107200001,97 days 16:23:24.892799999,90 days 16:23:24.892799999,-7 days +00:00:00.000000000
6633,2010-06-28 00:00:00.000000000,2010-06-21 00:00:00.000000000,2010-06-21 00:00:00.000000000,2009-12-08 00:00:00.000000000,1910-01-01 00:00:00.000000000,2010-03-22 07:36:35.107200001,2009-09-01 07:36:35.107200001,97 days 16:23:24.892799999,90 days 16:23:24.892799999,-7 days +00:00:00.000000000
6634,2010-07-12 00:00:00.000000000,2010-06-30 00:00:00.000000000,2010-06-30 00:00:00.000000000,2010-04-19 00:00:00.000000000,1910-01-01 00:00:00.000000000,2010-04-03 18:40:00.019200000,2010-01-09 18:40:00.019200000,99 days 05:19:59.980800000,87 days 05:19:59.980800000,-12 days +00:00:00.000000000
6635,2010-07-12 00:00:00.000000000,2010-06-30 00:00:00.000000000,2010-06-30 00:00:00.000000000,2010-03-03 00:00:00.000000000,1910-01-01 00:00:00.000000000,2010-04-05 07:36:35.107200001,2009-11-25 07:36:35.107200001,97 days 16:23:24.892799999,85 days 16:23:24.892799999,-12 days +00:00:00.000000000
6636,2010-11-04 00:00:00.000000000,2010-06-29 00:00:00.000000000,2010-06-29 00:00:00.000000000,2010-05-20 00:00:00.000000000,1910-01-01 00:00:00.000000000,2010-07-19 09:49:05.462400000,2010-02-01 09:49:05.462400000,107 days 14:10:54.537600000,-21 days +14:10:54.537600000,-128 days +00:00:00.000000000
6637,2010-11-04 00:00:00.000000000,2010-06-29 00:00:00.000000000,2010-06-29 00:00:00.000000000,2010-05-20 00:00:00.000000000,1910-01-01 00:00:00.000000000,2010-07-19 09:49:05.462400000,2010-02-01 09:49:05.462400000,107 days 14:10:54.537600000,-21 days +14:10:54.537600000,-128 days +00:00:00.000000000
6638,2010-07-09 00:00:00.000000000,2010-07-05 00:00:00.000000000,2010-07-05 00:00:00.000000000,2010-03-03 00:00:00.000000000,1910-01-01 00:00:00.000000000,2010-04-02 07:36:35.107200001,2009-11-25 07:36:35.107200001,97 days 16:23:24.892799999,93 days 16:23:24.892799999,-4 days +00:00:00.000000000
6639,2010-07-09 00:00:00.000000000,2010-07-05 00:00:00.000000000,2010-07-05 00:00:00.000000000,2010-03-03 00:00:00.000000000,1910-01-01 00:00:00.000000000,2010-04-02 07:36:35.107200001,2009-11-25 07:36:35.107200001,97 days 16:23:24.892799999,93 days 16:23:24.892799999,-4 days +00:00:00.000000000
6640,2010-07-09 00:00:00.000000000,2010-07-05 00:00:00.000000000,2010-07-05 00:00:00.000000000,2009-12-08 00:00:00.000000000,1910-01-01 00:00:00.000000000,2010-04-02 07:36:35.107200001,2009-09-01 07:36:35.107200001,97 days 16:23:24.892799999,93 days 16:23:24.892799999,-4 days +00:00:00.000000000
6641,2010-07-15 00:00:00.000000000,2010-07-08 00:00:00.000000000,2010-07-08 00:00:00.000000000,2010-06-09 00:00:00.000000000,1910-01-01 00:00:00.000000000,2010-06-13 02:39:59.990400000,2010-05-08 02:39:59.990400000,31 days 21:20:00.009600000,24 days 21:20:00.009600000,-7 days +00:00:00.000000000
6642,2010-07-15 00:00:00.000000000,2010-06-28 00:00:00.000000000,2010-06-28 00:00:00.000000000,2010-02-10 00:00:00.000000000,1910-01-01 00:00:00.000000000,2010-04-21 01:59:59.971200000,2009-11-17 01:59:59.971200000,84 days 22:00:00.028800000,67 days 22:00:00.028800000,-17 days +00:00:00.000000000
6643,2010-07-15 00:00:00.000000000,2010-06-28 00:00:00.000000000,2010-06-28 00:00:00.000000000,2010-02-10 00:00:00.000000000,1910-01-01 00:00:00.000000000,2010-04-21 01:59:59.971200000,2009-11-17 01:59:59.971200000,84 days 22:00:00.028800000,67 days 22:00:00.028800000,-17 days +00:00:00.000000000
6644,2010-07-15 00:00:00.000000000,2010-06-28 00:00:00.000000000,2010-06-28 00:00:00.000000000,2010-02-10 00:00:00.000000000,1910-01-01 00:00:00.000000000,2010-04-21 01:59:59.971200000,2009-11-17 01:59:59.971200000,84 days 22:00:00.028800000,67 days 22:00:00.028800000,-17 days +00:00:00.000000000
6645,2010-07-15 00:00:00.000000000,2010-06-28 00:00:00.000000000,2010-06-28 00:00:00.000000000,2010-02-10 00:00:00.000000000,1910-01-01 00:00:00.000000000,2010-04-21 01:59:59.971200000,2009-11-17 01:59:59.971200000,84 days 22:00:00.028800000,67 days 22:00:00.028800000,-17 days +00:00:00.000000000
6646,2010-08-30 00:00:00.000000000,2010-08-03 00:00:00.000000000,2010-08-03 00:00:00.000000000,2010-03-25 00:00:00.000000000,1910-01-01 00:00:00.000000000,2010-02-25 20:29:16.137600000,2009-09-20 20:29:16.137600000,185 days 03:30:43.862400000,158 days 03:30:43.862400000,-27 days +00:00:00.000000000
6647,2010-08-26 00:00:00.000000000,2010-08-23 00:00:00.000000000,2010-08-23 00:00:00.000000000,2010-04-01 00:00:00.000000000,1910-01-01 00:00:00.000000000,2010-05-04 10:30:00.000000000,2009-12-08 10:30:00.000000000,113 days 13:30:00.000000000,110 days 13:30:00.000000000,-3 days +00:00:00.000000000
6648,2010-08-31 00:00:00.000000000,2010-08-23 00:00:00.000000000,2010-08-23 00:00:00.000000000,2010-04-01 00:00:00.000000000,1910-01-01 00:00:00.000000000,2010-05-09 10:30:00.000000000,2009-12-08 10:30:00.000000000,113 days 13:30:00.000000000,105 days 13:30:00.000000000,-8 days +00:00:00.000000000
6649,2010-08-09 00:00:00.000000000,2010-08-17 00:00:00.000000000,2010-08-17 00:00:00.000000000,2010-02-10 00:00:00.000000000,1910-01-01 00:00:00.000000000,2010-05-16 01:59:59.971200000,2009-11-17 01:59:59.971200000,84 days 22:00:00.028800000,92 days 22:00:00.028800000,8 days 00:00:00.000000000
6650,2010-08-31 00:00:00.000000000,2010-08-17 00:00:00.000000000,2010-08-17 00:00:00.000000000,2010-05-27 00:00:00.000000000,1910-01-01 00:00:00.000000000,2010-06-07 01:59:59.971200000,2010-03-03 01:59:59.971200000,84 days 22:00:00.028800000,70 days 22:00:00.028800000,-14 days +00:00:00.000000000
6651,2010-08-31 00:00:00.000000000,2010-08-23 00:00:00.000000000,2010-08-23 00:00:00.000000000,2010-06-23 00:00:00.000000000,1910-01-01 00:00:00.000000000,2010-05-25 07:36:35.107200001,2010-03-17 07:36:35.107200001,97 days 16:23:24.892799999,89 days 16:23:24.892799999,-8 days +00:00:00.000000000
6652,2010-08-30 00:00:00.000000000,2010-09-13 00:00:00.000000000,2010-09-13 00:00:00.000000000,2010-05-07 00:00:00.000000000,1910-01-01 00:00:00.000000000,2010-07-29 02:39:59.990400000,2010-04-05 02:39:59.990400000,31 days 21:20:00.009600000,45 days 21:20:00.009600000,14 days 00:00:00.000000000
6653,2010-09-30 00:00:00.000000000,2010-09-25 00:00:00.000000000,2010-09-25 00:00:00.000000000,2010-05-07 00:00:00.000000000,1910-01-01 00:00:00.000000000,2010-06-24 07:36:35.107200001,2010-01-29 07:36:35.107200001,97 days 16:23:24.892799999,92 days 16:23:24.892799999,-5 days +00:00:00.000000000
6654,2010-11-23 00:00:00.000000000,2010-09-19 00:00:00.000000000,2010-09-19 00:00:00.000000000,2010-08-27 00:00:00.000000000,1910-01-01 00:00:00.000000000,2010-10-01 17:08:34.310400000,2010-07-05 17:08:34.310400000,52 days 06:51:25.689600000,-13 days +06:51:25.689600000,-65 days +00:00:00.000000000
6655,2010-11-04 00:00:00.000000000,2010-10-12 00:00:00.000000000,2010-10-12 00:00:00.000000000,2010-05-20 00:00:00.000000000,1910-01-01 00:00:00.000000000,2010-07-19 09:49:05.462400000,2010-02-01 09:49:05.462400000,107 days 14:10:54.537600000,84 days 14:10:54.537600000,-23 days +00:00:00.000000000
6656,2010-10-20 00:00:00.000000000,2010-10-21 00:00:00.000000000,2010-10-21 00:00:00.000000000,2010-04-19 00:00:00.000000000,1910-01-01 00:00:00.000000000,2010-07-12 18:40:00.019200000,2010-01-09 18:40:00.019200000,99 days 05:19:59.980800000,100 days 05:19:59.980800000,1 days 00:00:00.000000000
6657,2010-11-25 00:00:00.000000000,2010-12-01 00:00:00.000000000,2010-12-01 00:00:00.000000000,2010-02-18 00:00:00.000000000,1910-01-01 00:00:00.000000000,2010-08-21 22:00:00.028800000,2009-11-14 22:00:00.028800000,95 days 01:59:59.971200000,101 days 01:59:59.971200000,6 days 00:00:00.000000000
6658,2010-11-23 00:00:00.000000000,2010-11-13 00:00:00.000000000,2010-11-13 00:00:00.000000000,2010-08-30 00:00:00.000000000,1910-01-01 00:00:00.000000000,2010-10-01 17:08:34.310400000,2010-07-08 17:08:34.310400000,52 days 06:51:25.689600000,42 days 06:51:25.689600000,-10 days +00:00:00.000000000
6659,2010-11-30 00:00:00.000000000,2010-11-26 00:00:00.000000000,2010-11-26 00:00:00.000000000,2010-06-23 00:00:00.000000000,1910-01-01 00:00:00.000000000,2010-08-24 07:36:35.107200001,2010-03-17 07:36:35.107200001,97 days 16:23:24.892799999,93 days 16:23:24.892799999,-4 days +00:00:00.000000000
6660,2010-11-30 00:00:00.000000000,2010-11-26 00:00:00.000000000,2010-11-26 00:00:00.000000000,2010-06-23 00:00:00.000000000,1910-01-01 00:00:00.000000000,2010-08-24 07:36:35.107200001,2010-03-17 07:36:35.107200001,97 days 16:23:24.892799999,93 days 16:23:24.892799999,-4 days +00:00:00.000000000
6661,2010-11-16 00:00:00.000000000,2010-11-26 00:00:00.000000000,2010-11-26 00:00:00.000000000,2010-05-07 00:00:00.000000000,1910-01-01 00:00:00.000000000,2010-08-10 07:36:35.107200001,2010-01-29 07:36:35.107200001,97 days 16:23:24.892799999,107 days 16:23:24.892799999,10 days 00:00:00.000000000
6662,2010-12-20 00:00:00.000000000,2010-12-23 00:00:00.000000000,2010-12-23 00:00:00.000000000,2010-09-23 00:00:00.000000000,1910-01-01 00:00:00.000000000,2010-09-15 22:00:00.028800000,2010-06-19 22:00:00.028800000,95 days 01:59:59.971200000,98 days 01:59:59.971200000,3 days 00:00:00.000000000
6663,2011-01-31 00:00:00.000000000,2010-12-08 00:00:00.000000000,2010-12-08 00:00:00.000000000,2010-10-25 00:00:00.000000000,1910-01-01 00:00:00.000000000,2010-11-18 00:00:00.000000000,2010-08-12 00:00:00.000000000,74 days 00:00:00.000000000,20 days 00:00:00.000000000,-54 days +00:00:00.000000000
6664,2010-12-14 00:00:00.000000000,2010-12-15 00:00:00.000000000,2010-12-15 00:00:00.000000000,2010-06-23 00:00:00.000000000,1910-01-01 00:00:00.000000000,2010-09-07 07:36:35.107200001,2010-03-17 07:36:35.107200001,97 days 16:23:24.892799999,98 days 16:23:24.892799999,1 days 00:00:00.000000000
6665,2010-12-20 00:00:00.000000000,2011-01-05 00:00:00.000000000,2011-01-05 00:00:00.000000000,2010-10-13 00:00:00.000000000,1910-01-01 00:00:00.000000000,2010-09-11 18:40:00.019200000,2010-07-05 18:40:00.019200000,99 days 05:19:59.980800000,115 days 05:19:59.980800000,16 days 00:00:00.000000000
6666,2011-01-20 00:00:00.000000000,2011-02-07 00:00:00.000000000,2011-02-07 00:00:00.000000000,2010-11-08 00:00:00.000000000,1910-01-01 00:00:00.000000000,2010-10-25 10:54:32.688000000,2010-08-13 10:54:32.688000000,86 days 13:05:27.312000000,104 days 13:05:27.312000000,18 days 00:00:00.000000000
6667,2011-02-08 00:00:00.000000000,2011-01-17 00:00:00.000000000,2011-01-17 00:00:00.000000000,2010-10-31 00:00:00.000000000,1910-01-01 00:00:00.000000000,2010-11-08 13:42:51.465600000,2010-07-31 13:42:51.465600000,91 days 10:17:08.534400000,69 days 10:17:08.534400000,-22 days +00:00:00.000000000
6668,2011-01-21 00:00:00.000000000,2011-01-12 00:00:00.000000000,2011-01-12 00:00:00.000000000,2011-01-04 00:00:00.000000000,1910-01-01 00:00:00.000000000,2010-08-13 13:05:27.312000000,2010-07-27 13:05:27.312000000,160 days 10:54:32.688000000,151 days 10:54:32.688000000,-9 days +00:00:00.000000000
6669,2011-02-22 00:00:00.000000000,2011-02-16 00:00:00.000000000,2011-02-16 00:00:00.000000000,2010-08-25 00:00:00.000000000,1910-01-01 00:00:00.000000000,2010-11-19 01:00:00.028800000,2010-05-22 01:00:00.028800000,94 days 22:59:59.971200000,88 days 22:59:59.971200000,-6 days +00:00:00.000000000
6670,2011-02-14 00:00:00.000000000,2011-01-28 00:00:00.000000000,2011-01-28 00:00:00.000000000,2011-01-06 00:00:00.000000000,1910-01-01 00:00:00.000000000,2010-09-06 13:05:27.312000000,2010-07-29 13:05:27.312000000,160 days 10:54:32.688000000,143 days 10:54:32.688000000,-17 days +00:00:00.000000000
6671,2011-01-31 00:00:00.000000000,2011-02-22 00:00:00.000000000,2011-02-22 00:00:00.000000000,2010-08-03 00:00:00.000000000,1910-01-01 00:00:00.000000000,2010-08-21 16:33:06.192000000,2010-02-21 16:33:06.192000000,162 days 07:26:53.808000000,184 days 07:26:53.808000000,22 days 00:00:00.000000000
6672,2011-02-08 00:00:00.000000000,2010-12-23 00:00:00.000000000,2010-12-23 00:00:00.000000000,2010-10-31 00:00:00.000000000,1910-01-01 00:00:00.000000000,2010-11-08 13:42:51.465600000,2010-07-31 13:42:51.465600000,91 days 10:17:08.534400000,44 days 10:17:08.534400000,-47 days +00:00:00.000000000
6673,2011-02-28 00:00:00.000000000,2011-03-22 00:00:00.000000000,2011-03-22 00:00:00.000000000,2010-09-29 00:00:00.000000000,1910-01-01 00:00:00.000000000,2010-11-28 13:42:51.465600000,2010-06-29 13:42:51.465600000,91 days 10:17:08.534400000,113 days 10:17:08.534400000,22 days 00:00:00.000000000
6674,2011-03-31 00:00:00.000000000,2011-03-17 00:00:00.000000000,2011-03-17 00:00:00.000000000,2010-10-13 00:00:00.000000000,1910-01-01 00:00:00.000000000,2010-09-21 12:00:00.000000000,2010-04-05 12:00:00.000000000,190 days 12:00:00.000000000,176 days 12:00:00.000000000,-14 days +00:00:00.000000000
6675,2011-03-09 00:00:00.000000000,2011-03-15 00:00:00.000000000,2011-03-15 00:00:00.000000000,2011-02-11 00:00:00.000000000,1910-01-01 00:00:00.000000000,2010-12-07 13:42:51.465600000,2010-11-11 13:42:51.465600000,91 days 10:17:08.534400000,97 days 10:17:08.534400000,6 days 00:00:00.000000000
6676,2011-04-30 00:00:00.000000000,2011-03-18 00:00:00.000000000,2011-03-18 00:00:00.000000000,2011-01-06 00:00:00.000000000,1910-01-01 00:00:00.000000000,2010-11-20 13:05:27.312000000,2010-07-29 13:05:27.312000000,160 days 10:54:32.688000000,117 days 10:54:32.688000000,-43 days +00:00:00.000000000
6677,2011-04-20 00:00:00.000000000,2011-06-10 00:00:00.000000000,2011-06-10 00:00:00.000000000,2010-12-21 00:00:00.000000000,1910-01-01 00:00:00.000000000,2010-11-08 16:33:06.192000000,2010-07-11 16:33:06.192000000,162 days 07:26:53.808000000,213 days 07:26:53.808000000,51 days 00:00:00.000000000
6678,2011-03-31 00:00:00.000000000,2011-05-20 00:00:00.000000000,2011-05-20 00:00:00.000000000,2010-10-13 00:00:00.000000000,1910-01-01 00:00:00.000000000,2010-09-21 12:00:00.000000000,2010-04-05 12:00:00.000000000,190 days 12:00:00.000000000,240 days 12:00:00.000000000,50 days 00:00:00.000000000
6679,2011-04-14 00:00:00.000000000,2011-05-04 00:00:00.000000000,2011-05-04 00:00:00.000000000,2010-10-13 00:00:00.000000000,1910-01-01 00:00:00.000000000,2011-01-06 01:36:00.028800000,2010-07-07 01:36:00.028800000,97 days 22:23:59.971200000,117 days 22:23:59.971200000,20 days 00:00:00.000000000
6680,2011-05-12 00:00:00.000000000,2011-05-04 00:00:00.000000000,2011-05-04 00:00:00.000000000,2010-10-13 00:00:00.000000000,1910-01-01 00:00:00.000000000,2011-02-03 01:36:00.028800000,2010-07-07 01:36:00.028800000,97 days 22:23:59.971200000,89 days 22:23:59.971200000,-8 days +00:00:00.000000000
6681,2011-05-11 00:00:00.000000000,2011-05-24 00:00:00.000000000,2011-05-24 00:00:00.000000000,2011-02-14 00:00:00.000000000,1910-01-01 00:00:00.000000000,2011-02-08 13:42:51.465600000,2010-11-14 13:42:51.465600000,91 days 10:17:08.534400000,104 days 10:17:08.534400000,13 days 00:00:00.000000000
6682,2011-06-15 00:00:00.000000000,2011-07-05 00:00:00.000000000,2011-07-05 00:00:00.000000000,2011-02-21 00:00:00.000000000,1910-01-01 00:00:00.000000000,2011-03-12 01:00:00.028800000,2010-11-18 01:00:00.028800000,94 days 22:59:59.971200000,114 days 22:59:59.971200000,20 days 00:00:00.000000000
6683,2011-05-31 00:00:00.000000000,2011-06-30 00:00:00.000000000,2011-06-30 00:00:00.000000000,2010-10-13 00:00:00.000000000,1910-01-01 00:00:00.000000000,2010-11-21 12:00:00.000000000,2010-04-05 12:00:00.000000000,190 days 12:00:00.000000000,220 days 12:00:00.000000000,30 days 00:00:00.000000000
6684,2011-05-31 00:00:00.000000000,2011-06-30 00:00:00.000000000,2011-06-30 00:00:00.000000000,2010-10-13 00:00:00.000000000,1910-01-01 00:00:00.000000000,2010-11-21 12:00:00.000000000,2010-04-05 12:00:00.000000000,190 days 12:00:00.000000000,220 days 12:00:00.000000000,30 days 00:00:00.000000000
6685,2011-10-27 00:00:00.000000000,2011-06-15 00:00:00.000000000,2011-06-15 00:00:00.000000000,2011-05-04 00:00:00.000000000,1910-01-01 00:00:00.000000000,2011-08-12 14:24:00.000000000,2011-02-17 14:24:00.000000000,75 days 09:36:00.000000000,-59 days +09:36:00.000000000,-134 days +00:00:00.000000000
6686,2011-06-21 00:00:00.000000000,2011-06-01 00:00:00.000000000,2011-06-01 00:00:00.000000000,2011-05-23 00:00:00.000000000,1910-01-01 00:00:00.000000000,2011-01-11 13:05:27.312000000,2010-12-13 13:05:27.312000000,160 days 10:54:32.688000000,140 days 10:54:32.688000000,-20 days +00:00:00.000000000
6687,2011-06-15 00:00:00.000000000,2011-07-06 00:00:00.000000000,2011-07-06 00:00:00.000000000,2011-02-21 00:00:00.000000000,1910-01-01 00:00:00.000000000,2011-03-12 01:00:00.028800000,2010-11-18 01:00:00.028800000,94 days 22:59:59.971200000,115 days 22:59:59.971200000,21 days 00:00:00.000000000
6688,2011-08-15 00:00:00.000000000,2011-08-05 00:00:00.000000000,2011-08-05 00:00:00.000000000,2011-03-01 00:00:00.000000000,1910-01-01 00:00:00.000000000,2011-05-20 10:54:32.688000000,2010-12-04 10:54:32.688000000,86 days 13:05:27.312000000,76 days 13:05:27.312000000,-10 days +00:00:00.000000000
6689,2011-08-15 00:00:00.000000000,2011-08-11 00:00:00.000000000,2011-08-11 00:00:00.000000000,2010-10-13 00:00:00.000000000,1910-01-01 00:00:00.000000000,2011-02-05 12:00:00.000000000,2010-04-05 12:00:00.000000000,190 days 12:00:00.000000000,186 days 12:00:00.000000000,-4 days +00:00:00.000000000
6690,2011-09-30 00:00:00.000000000,2011-08-04 00:00:00.000000000,2011-08-04 00:00:00.000000000,2010-10-13 00:00:00.000000000,1910-01-01 00:00:00.000000000,2011-03-23 12:00:00.000000000,2010-04-05 12:00:00.000000000,190 days 12:00:00.000000000,133 days 12:00:00.000000000,-57 days +00:00:00.000000000
6691,2011-08-15 00:00:00.000000000,2011-07-18 00:00:00.000000000,2011-07-18 00:00:00.000000000,2011-03-01 00:00:00.000000000,1910-01-01 00:00:00.000000000,2011-05-20 10:54:32.688000000,2010-12-04 10:54:32.688000000,86 days 13:05:27.312000000,58 days 13:05:27.312000000,-28 days +00:00:00.000000000
6692,2011-08-05 00:00:00.000000000,2011-08-05 00:00:00.000000000,2011-08-05 00:00:00.000000000,2011-02-14 00:00:00.000000000,1910-01-01 00:00:00.000000000,2011-05-05 13:42:51.465600000,2010-11-14 13:42:51.465600000,91 days 10:17:08.534400000,91 days 10:17:08.534400000,0 days 00:00:00.000000000
6693,2011-07-29 00:00:00.000000000,2011-08-02 00:00:00.000000000,2011-08-02 00:00:00.000000000,2011-02-14 00:00:00.000000000,1910-01-01 00:00:00.000000000,2011-04-28 13:42:51.465600000,2010-11-14 13:42:51.465600000,91 days 10:17:08.534400000,95 days 10:17:08.534400000,4 days 00:00:00.000000000
6694,2011-09-06 00:00:00.000000000,2011-09-05 00:00:00.000000000,2011-09-05 00:00:00.000000000,2010-10-13 00:00:00.000000000,1910-01-01 00:00:00.000000000,2011-02-27 12:00:00.000000000,2010-04-05 12:00:00.000000000,190 days 12:00:00.000000000,189 days 12:00:00.000000000,-1 days +00:00:00.000000000
6695,2011-09-27 00:00:00.000000000,2011-09-12 00:00:00.000000000,2011-09-12 00:00:00.000000000,2011-05-03 00:00:00.000000000,1910-01-01 00:00:00.000000000,2011-04-17 16:33:06.192000000,2010-11-21 16:33:06.192000000,162 days 07:26:53.808000000,147 days 07:26:53.808000000,-15 days +00:00:00.000000000
6696,2011-11-02 00:00:00.000000000,2011-11-02 00:00:00.000000000,2011-11-02 00:00:00.000000000,2011-01-24 00:00:00.000000000,1910-01-01 00:00:00.000000000,2011-06-10 14:07:03.504000000,2010-09-01 14:07:03.504000000,144 days 09:52:56.496000000,144 days 09:52:56.496000000,0 days 00:00:00.000000000
6697,2011-11-03 00:00:00.000000000,2011-08-21 00:00:00.000000000,2011-08-21 00:00:00.000000000,2011-07-13 00:00:00.000000000,1910-01-01 00:00:00.000000000,2011-08-03 13:42:51.465600000,2011-04-12 13:42:51.465600000,91 days 10:17:08.534400000,17 days 10:17:08.534400000,-74 days +00:00:00.000000000
6698,2011-08-31 00:00:00.000000000,2011-09-14 00:00:00.000000000,2011-09-14 00:00:00.000000000,2011-02-11 00:00:00.000000000,1910-01-01 00:00:00.000000000,2011-05-31 13:42:51.465600000,2010-11-11 13:42:51.465600000,91 days 10:17:08.534400000,105 days 10:17:08.534400000,14 days 00:00:00.000000000
6699,2011-10-12 00:00:00.000000000,2011-10-12 00:00:00.000000000,2011-10-12 00:00:00.000000000,2011-05-03 00:00:00.000000000,1910-01-01 00:00:00.000000000,2011-05-02 16:33:06.192000000,2010-11-21 16:33:06.192000000,162 days 07:26:53.808000000,162 days 07:26:53.808000000,0 days 00:00:00.000000000
6700,2011-10-18 00:00:00.000000000,2011-10-03 00:00:00.000000000,2011-10-03 00:00:00.000000000,2011-08-19 00:00:00.000000000,1910-01-01 00:00:00.000000000,2011-08-03 14:24:00.000000000,2011-06-04 14:24:00.000000000,75 days 09:36:00.000000000,60 days 09:36:00.000000000,-15 days +00:00:00.000000000
6701,2011-11-03 00:00:00.000000000,2011-09-28 00:00:00.000000000,2011-09-28 00:00:00.000000000,2011-06-06 00:00:00.000000000,1910-01-01 00:00:00.000000000,2011-07-31 01:00:00.028800000,2011-03-03 01:00:00.028800000,94 days 22:59:59.971200000,58 days 22:59:59.971200000,-36 days +00:00:00.000000000
6702,2011-11-03 00:00:00.000000000,2011-09-28 00:00:00.000000000,2011-09-28 00:00:00.000000000,2011-06-06 00:00:00.000000000,1910-01-01 00:00:00.000000000,2011-07-31 01:00:00.028800000,2011-03-03 01:00:00.028800000,94 days 22:59:59.971200000,58 days 22:59:59.971200000,-36 days +00:00:00.000000000
6703,2011-11-03 00:00:00.000000000,2011-09-28 00:00:00.000000000,2011-09-28 00:00:00.000000000,2011-06-06 00:00:00.000000000,1910-01-01 00:00:00.000000000,2011-07-31 01:00:00.028800000,2011-03-03 01:00:00.028800000,94 days 22:59:59.971200000,58 days 22:59:59.971200000,-36 days +00:00:00.000000000
6704,2011-11-03 00:00:00.000000000,2011-09-28 00:00:00.000000000,2011-09-28 00:00:00.000000000,2011-06-06 00:00:00.000000000,1910-01-01 00:00:00.000000000,2011-07-31 01:00:00.028800000,2011-03-03 01:00:00.028800000,94 days 22:59:59.971200000,58 days 22:59:59.971200000,-36 days +00:00:00.000000000
6705,2011-09-30 00:00:00.000000000,2011-09-15 00:00:00.000000000,2011-09-15 00:00:00.000000000,2011-09-02 00:00:00.000000000,1910-01-01 00:00:00.000000000,2011-07-29 16:00:00.028800000,2011-07-01 16:00:00.028800000,62 days 07:59:59.971200000,47 days 07:59:59.971200000,-15 days +00:00:00.000000000
6706,2011-09-30 00:00:00.000000000,2011-09-15 00:00:00.000000000,2011-09-15 00:00:00.000000000,2011-09-02 00:00:00.000000000,1910-01-01 00:00:00.000000000,2011-07-29 16:00:00.028800000,2011-07-01 16:00:00.028800000,62 days 07:59:59.971200000,47 days 07:59:59.971200000,-15 days +00:00:00.000000000
6707,2011-10-31 00:00:00.000000000,2011-10-10 00:00:00.000000000,2011-10-10 00:00:00.000000000,2010-12-14 00:00:00.000000000,1910-01-01 00:00:00.000000000,2011-07-25 01:36:00.028800000,2010-09-07 01:36:00.028800000,97 days 22:23:59.971200000,76 days 22:23:59.971200000,-21 days +00:00:00.000000000
6708,2011-10-06 00:00:00.000000000,2011-10-11 00:00:00.000000000,2011-10-11 00:00:00.000000000,2011-09-14 00:00:00.000000000,1910-01-01 00:00:00.000000000,2011-08-04 16:00:00.028800000,2011-07-13 16:00:00.028800000,62 days 07:59:59.971200000,67 days 07:59:59.971200000,5 days 00:00:00.000000000
6709,2011-10-30 00:00:00.000000000,2011-11-01 00:00:00.000000000,2011-11-01 00:00:00.000000000,2011-02-11 00:00:00.000000000,1910-01-01 00:00:00.000000000,2011-07-30 13:42:51.465600000,2010-11-11 13:42:51.465600000,91 days 10:17:08.534400000,93 days 10:17:08.534400000,2 days 00:00:00.000000000
6710,2011-11-29 00:00:00.000000000,2011-11-29 00:00:00.000000000,2011-11-29 00:00:00.000000000,2011-05-18 00:00:00.000000000,1910-01-01 00:00:00.000000000,2011-08-31 21:40:38.726400000,2011-02-17 21:40:38.726400000,89 days 02:19:21.273600000,89 days 02:19:21.273600000,0 days 00:00:00.000000000
6711,2011-12-14 00:00:00.000000000,2011-12-14 00:00:00.000000000,2011-12-14 00:00:00.000000000,2011-01-24 00:00:00.000000000,1910-01-01 00:00:00.000000000,2011-07-22 14:07:03.504000000,2010-09-01 14:07:03.504000000,144 days 09:52:56.496000000,144 days 09:52:56.496000000,0 days 00:00:00.000000000
6712,2011-12-05 00:00:00.000000000,2011-10-14 00:00:00.000000000,2011-10-14 00:00:00.000000000,2011-06-06 00:00:00.000000000,1910-01-01 00:00:00.000000000,2011-09-01 01:00:00.028800000,2011-03-03 01:00:00.028800000,94 days 22:59:59.971200000,42 days 22:59:59.971200000,-52 days +00:00:00.000000000
6713,2011-12-05 00:00:00.000000000,2011-10-13 00:00:00.000000000,2011-10-13 00:00:00.000000000,2011-06-06 00:00:00.000000000,1910-01-01 00:00:00.000000000,2011-09-01 01:00:00.028800000,2011-03-03 01:00:00.028800000,94 days 22:59:59.971200000,41 days 22:59:59.971200000,-53 days +00:00:00.000000000
6714,2012-01-25 00:00:00.000000000,2012-01-25 00:00:00.000000000,2012-01-25 00:00:00.000000000,2011-01-24 00:00:00.000000000,1910-01-01 00:00:00.000000000,2011-10-25 01:30:00.000000000,2010-10-24 01:30:00.000000000,91 days 22:30:00.000000000,91 days 22:30:00.000000000,0 days 00:00:00.000000000
6715,2011-12-15 00:00:00.000000000,2011-11-19 00:00:00.000000000,2011-11-19 00:00:00.000000000,2011-08-25 00:00:00.000000000,1910-01-01 00:00:00.000000000,2011-07-05 16:33:06.192000000,2011-03-15 16:33:06.192000000,162 days 07:26:53.808000000,136 days 07:26:53.808000000,-26 days +00:00:00.000000000
6716,2012-01-10 00:00:00.000000000,2011-11-28 00:00:00.000000000,2011-11-28 00:00:00.000000000,2011-07-26 00:00:00.000000000,1910-01-01 00:00:00.000000000,2011-08-26 04:48:00.000000000,2011-03-11 04:48:00.000000000,136 days 19:12:00.000000000,93 days 19:12:00.000000000,-43 days +00:00:00.000000000
6717,2011-12-14 00:00:00.000000000,2011-12-14 00:00:00.000000000,2011-12-14 00:00:00.000000000,2011-08-04 00:00:00.000000000,1910-01-01 00:00:00.000000000,2011-07-22 14:07:03.504000000,2011-03-12 14:07:03.504000000,144 days 09:52:56.496000000,144 days 09:52:56.496000000,0 days 00:00:00.000000000
6718,2012-01-30 00:00:00.000000000,2011-12-22 00:00:00.000000000,2011-12-22 00:00:00.000000000,2011-05-18 00:00:00.000000000,1910-01-01 00:00:00.000000000,2011-10-22 19:41:32.323200000,2011-02-07 19:41:32.323200000,99 days 04:18:27.676800000,60 days 04:18:27.676800000,-39 days +00:00:00.000000000
6719,2012-01-31 00:00:00.000000000,2011-12-22 00:00:00.000000000,2011-12-22 00:00:00.000000000,2011-05-18 00:00:00.000000000,1910-01-01 00:00:00.000000000,2011-10-23 19:41:32.323200000,2011-02-07 19:41:32.323200000,99 days 04:18:27.676800000,59 days 04:18:27.676800000,-40 days +00:00:00.000000000
6720,2012-03-02 00:00:00.000000000,2011-12-18 00:00:00.000000000,2011-12-18 00:00:00.000000000,2011-08-29 00:00:00.000000000,1910-01-01 00:00:00.000000000,2011-11-22 02:05:13.084800000,2011-05-20 02:05:13.084800000,100 days 21:54:46.915200000,25 days 21:54:46.915200000,-75 days +00:00:00.000000000
6721,2012-03-02 00:00:00.000000000,2011-12-18 00:00:00.000000000,2011-12-18 00:00:00.000000000,2011-08-29 00:00:00.000000000,1910-01-01 00:00:00.000000000,2011-11-22 02:05:13.084800000,2011-05-20 02:05:13.084800000,100 days 21:54:46.915200000,25 days 21:54:46.915200000,-75 days +00:00:00.000000000
6722,2012-02-06 00:00:00.000000000,2012-02-06 00:00:00.000000000,2012-02-06 00:00:00.000000000,2011-08-25 00:00:00.000000000,1910-01-01 00:00:00.000000000,2011-09-28 03:00:00.000000000,2011-04-16 03:00:00.000000000,130 days 21:00:00.000000000,130 days 21:00:00.000000000,0 days 00:00:00.000000000
6723,2012-03-02 00:00:00.000000000,2011-12-18 00:00:00.000000000,2011-12-18 00:00:00.000000000,2011-08-29 00:00:00.000000000,1910-01-01 00:00:00.000000000,2011-11-22 02:05:13.084800000,2011-05-20 02:05:13.084800000,100 days 21:54:46.915200000,25 days 21:54:46.915200000,-75 days +00:00:00.000000000
6724,2012-03-16 00:00:00.000000000,2011-12-18 00:00:00.000000000,2011-12-18 00:00:00.000000000,2011-08-29 00:00:00.000000000,1910-01-01 00:00:00.000000000,2011-12-06 02:05:13.084800000,2011-05-20 02:05:13.084800000,100 days 21:54:46.915200000,11 days 21:54:46.915200000,-89 days +00:00:00.000000000
6725,2012-04-27 00:00:00.000000000,2012-02-08 00:00:00.000000000,2012-02-08 00:00:00.000000000,2011-08-29 00:00:00.000000000,1910-01-01 00:00:00.000000000,2011-12-18 03:00:00.000000000,2011-04-20 03:00:00.000000000,130 days 21:00:00.000000000,51 days 21:00:00.000000000,-79 days +00:00:00.000000000
6726,2012-03-16 00:00:00.000000000,2011-12-18 00:00:00.000000000,2011-12-18 00:00:00.000000000,2011-08-29 00:00:00.000000000,1910-01-01 00:00:00.000000000,2011-12-06 02:05:13.084800000,2011-05-20 02:05:13.084800000,100 days 21:54:46.915200000,11 days 21:54:46.915200000,-89 days +00:00:00.000000000
6727,2011-12-27 00:00:00.000000000,2012-01-03 00:00:00.000000000,2012-01-03 00:00:00.000000000,2011-12-12 00:00:00.000000000,1910-01-01 00:00:00.000000000,2011-08-05 13:25:06.153600000,2011-07-21 13:25:06.153600000,143 days 10:34:53.846400000,150 days 10:34:53.846400000,7 days 00:00:00.000000000
6728,2012-02-29 00:00:00.000000000,2012-02-05 00:00:00.000000000,2012-02-05 00:00:00.000000000,2011-08-22 00:00:00.000000000,1910-01-01 00:00:00.000000000,2011-11-21 19:41:32.323200000,2011-05-14 19:41:32.323200000,99 days 04:18:27.676800000,75 days 04:18:27.676800000,-24 days +00:00:00.000000000
6729,2012-01-30 00:00:00.000000000,2012-01-20 00:00:00.000000000,2012-01-20 00:00:00.000000000,2011-02-03 00:00:00.000000000,1910-01-01 00:00:00.000000000,2011-09-15 04:48:00.000000000,2010-09-19 04:48:00.000000000,136 days 19:12:00.000000000,126 days 19:12:00.000000000,-10 days +00:00:00.000000000
6730,2012-03-16 00:00:00.000000000,2012-02-14 00:00:00.000000000,2012-02-14 00:00:00.000000000,2011-11-21 00:00:00.000000000,1910-01-01 00:00:00.000000000,2011-09-02 19:59:59.971200000,2011-05-09 19:59:59.971200000,195 days 04:00:00.028800000,164 days 04:00:00.028800000,-31 days +00:00:00.000000000
6731,2012-03-16 00:00:00.000000000,2012-02-14 00:00:00.000000000,2012-02-14 00:00:00.000000000,2011-11-21 00:00:00.000000000,1910-01-01 00:00:00.000000000,2011-09-02 19:59:59.971200000,2011-05-09 19:59:59.971200000,195 days 04:00:00.028800000,164 days 04:00:00.028800000,-31 days +00:00:00.000000000
6732,2012-03-16 00:00:00.000000000,2012-02-14 00:00:00.000000000,2012-02-14 00:00:00.000000000,2011-11-21 00:00:00.000000000,1910-01-01 00:00:00.000000000,2011-09-02 19:59:59.971200000,2011-05-09 19:59:59.971200000,195 days 04:00:00.028800000,164 days 04:00:00.028800000,-31 days +00:00:00.000000000
6733,2012-03-16 00:00:00.000000000,2012-02-14 00:00:00.000000000,2012-02-14 00:00:00.000000000,2011-11-21 00:00:00.000000000,1910-01-01 00:00:00.000000000,2011-09-02 19:59:59.971200000,2011-05-09 19:59:59.971200000,195 days 04:00:00.028800000,164 days 04:00:00.028800000,-31 days +00:00:00.000000000
6734,2012-02-10 00:00:00.000000000,2012-02-14 00:00:00.000000000,2012-02-14 00:00:00.000000000,2011-11-21 00:00:00.000000000,1910-01-01 00:00:00.000000000,2011-07-29 19:59:59.971200000,2011-05-09 19:59:59.971200000,195 days 04:00:00.028800000,199 days 04:00:00.028800000,4 days 00:00:00.000000000
6735,2012-02-10 00:00:00.000000000,2012-02-14 00:00:00.000000000,2012-02-14 00:00:00.000000000,2011-11-21 00:00:00.000000000,1910-01-01 00:00:00.000000000,2011-07-29 19:59:59.971200000,2011-05-09 19:59:59.971200000,195 days 04:00:00.028800000,199 days 04:00:00.028800000,4 days 00:00:00.000000000
6736,2012-02-10 00:00:00.000000000,2012-02-14 00:00:00.000000000,2012-02-14 00:00:00.000000000,2011-11-21 00:00:00.000000000,1910-01-01 00:00:00.000000000,2011-07-29 19:59:59.971200000,2011-05-09 19:59:59.971200000,195 days 04:00:00.028800000,199 days 04:00:00.028800000,4 days 00:00:00.000000000
6737,2012-03-16 00:00:00.000000000,2012-03-14 00:00:00.000000000,2012-03-14 00:00:00.000000000,2011-11-21 00:00:00.000000000,1910-01-01 00:00:00.000000000,2011-09-02 19:59:59.971200000,2011-05-09 19:59:59.971200000,195 days 04:00:00.028800000,193 days 04:00:00.028800000,-2 days +00:00:00.000000000
6738,2012-03-16 00:00:00.000000000,2012-04-11 00:00:00.000000000,2012-04-11 00:00:00.000000000,2011-11-21 00:00:00.000000000,1910-01-01 00:00:00.000000000,2011-09-02 19:59:59.971200000,2011-05-09 19:59:59.971200000,195 days 04:00:00.028800000,221 days 04:00:00.028800000,26 days 00:00:00.000000000
6739,2012-03-16 00:00:00.000000000,2012-04-13 00:00:00.000000000,2012-04-13 00:00:00.000000000,2011-11-21 00:00:00.000000000,1910-01-01 00:00:00.000000000,2011-09-02 19:59:59.971200000,2011-05-09 19:59:59.971200000,195 days 04:00:00.028800000,223 days 04:00:00.028800000,28 days 00:00:00.000000000
6740,2012-03-16 00:00:00.000000000,2012-03-23 00:00:00.000000000,2012-03-23 00:00:00.000000000,2011-11-21 00:00:00.000000000,1910-01-01 00:00:00.000000000,2011-09-02 19:59:59.971200000,2011-05-09 19:59:59.971200000,195 days 04:00:00.028800000,202 days 04:00:00.028800000,7 days 00:00:00.000000000
6741,2012-03-16 00:00:00.000000000,2012-03-14 00:00:00.000000000,2012-03-14 00:00:00.000000000,2011-11-21 00:00:00.000000000,1910-01-01 00:00:00.000000000,2011-09-02 19:59:59.971200000,2011-05-09 19:59:59.971200000,195 days 04:00:00.028800000,193 days 04:00:00.028800000,-2 days +00:00:00.000000000
6742,2012-02-28 00:00:00.000000000,2012-02-17 00:00:00.000000000,2012-02-17 00:00:00.000000000,2011-07-26 00:00:00.000000000,1910-01-01 00:00:00.000000000,2011-10-14 04:48:00.000000000,2011-03-11 04:48:00.000000000,136 days 19:12:00.000000000,125 days 19:12:00.000000000,-11 days +00:00:00.000000000
6743,2012-02-15 00:00:00.000000000,2012-03-08 00:00:00.000000000,2012-03-08 00:00:00.000000000,2011-08-04 00:00:00.000000000,1910-01-01 00:00:00.000000000,2011-11-15 01:30:00.000000000,2011-05-04 01:30:00.000000000,91 days 22:30:00.000000000,113 days 22:30:00.000000000,22 days 00:00:00.000000000
6744,2012-03-22 00:00:00.000000000,2012-03-22 00:00:00.000000000,2012-03-22 00:00:00.000000000,2011-11-21 00:00:00.000000000,1910-01-01 00:00:00.000000000,2011-09-08 19:59:59.971200000,2011-05-09 19:59:59.971200000,195 days 04:00:00.028800000,195 days 04:00:00.028800000,0 days 00:00:00.000000000
6745,2012-03-22 00:00:00.000000000,2012-03-22 00:00:00.000000000,2012-03-22 00:00:00.000000000,2011-11-21 00:00:00.000000000,1910-01-01 00:00:00.000000000,2011-09-08 19:59:59.971200000,2011-05-09 19:59:59.971200000,195 days 04:00:00.028800000,195 days 04:00:00.028800000,0 days 00:00:00.000000000
6746,2012-04-27 00:00:00.000000000,2012-02-17 00:00:00.000000000,2012-02-17 00:00:00.000000000,2011-11-06 00:00:00.000000000,1910-01-01 00:00:00.000000000,2011-12-12 04:48:00.000000000,2011-06-22 04:48:00.000000000,136 days 19:12:00.000000000,66 days 19:12:00.000000000,-70 days +00:00:00.000000000
6747,2012-03-15 00:00:00.000000000,2012-03-12 00:00:00.000000000,2012-03-12 00:00:00.000000000,2011-08-22 00:00:00.000000000,1910-01-01 00:00:00.000000000,2011-12-06 19:41:32.323200000,2011-05-14 19:41:32.323200000,99 days 04:18:27.676800000,96 days 04:18:27.676800000,-3 days +00:00:00.000000000
6748,2012-02-29 00:00:00.000000000,2012-03-01 00:00:00.000000000,2012-03-01 00:00:00.000000000,2011-08-25 00:00:00.000000000,1910-01-01 00:00:00.000000000,2011-10-21 03:00:00.000000000,2011-04-16 03:00:00.000000000,130 days 21:00:00.000000000,131 days 21:00:00.000000000,1 days 00:00:00.000000000
6749,2012-03-15 00:00:00.000000000,2012-03-12 00:00:00.000000000,2012-03-12 00:00:00.000000000,2011-08-22 00:00:00.000000000,1910-01-01 00:00:00.000000000,2011-12-06 19:41:32.323200000,2011-05-14 19:41:32.323200000,99 days 04:18:27.676800000,96 days 04:18:27.676800000,-3 days +00:00:00.000000000
6750,2012-03-02 00:00:00.000000000,2012-02-24 00:00:00.000000000,2012-02-24 00:00:00.000000000,2011-08-29 00:00:00.000000000,1910-01-01 00:00:00.000000000,2011-10-23 03:00:00.000000000,2011-04-20 03:00:00.000000000,130 days 21:00:00.000000000,123 days 21:00:00.000000000,-7 days +00:00:00.000000000
6751,2012-04-06 00:00:00.000000000,2012-02-14 00:00:00.000000000,2012-02-14 00:00:00.000000000,2011-08-22 00:00:00.000000000,1910-01-01 00:00:00.000000000,2011-12-28 19:41:32.323200000,2011-05-14 19:41:32.323200000,99 days 04:18:27.676800000,47 days 04:18:27.676800000,-52 days +00:00:00.000000000
6752,2012-06-20 00:00:00.000000000,2012-02-16 00:00:00.000000000,2012-02-16 00:00:00.000000000,2011-12-08 00:00:00.000000000,1910-01-01 00:00:00.000000000,2012-03-11 02:05:13.084800000,2011-08-29 02:05:13.084800000,100 days 21:54:46.915200000,-25 days +21:54:46.915200000,-125 days +00:00:00.000000000
6753,2012-06-20 00:00:00.000000000,2012-02-16 00:00:00.000000000,2012-02-16 00:00:00.000000000,2011-12-08 00:00:00.000000000,1910-01-01 00:00:00.000000000,2012-03-11 02:05:13.084800000,2011-08-29 02:05:13.084800000,100 days 21:54:46.915200000,-25 days +21:54:46.915200000,-125 days +00:00:00.000000000
6754,2012-03-30 00:00:00.000000000,2012-03-19 00:00:00.000000000,2012-03-19 00:00:00.000000000,2011-10-27 00:00:00.000000000,1910-01-01 00:00:00.000000000,2012-01-08 13:20:00.038400000,2011-08-06 13:20:00.038400000,81 days 10:39:59.961600000,70 days 10:39:59.961600000,-11 days +00:00:00.000000000
6755,2012-03-21 00:00:00.000000000,2012-03-08 00:00:00.000000000,2012-03-08 00:00:00.000000000,2011-11-04 00:00:00.000000000,1910-01-01 00:00:00.000000000,2011-12-16 11:17:38.803200000,2011-07-31 11:17:38.803200000,95 days 12:42:21.196800000,82 days 12:42:21.196800000,-13 days +00:00:00.000000000
6756,2012-03-21 00:00:00.000000000,2012-03-08 00:00:00.000000000,2012-03-08 00:00:00.000000000,2011-11-04 00:00:00.000000000,1910-01-01 00:00:00.000000000,2011-12-16 11:17:38.803200000,2011-07-31 11:17:38.803200000,95 days 12:42:21.196800000,82 days 12:42:21.196800000,-13 days +00:00:00.000000000
6757,2012-06-20 00:00:00.000000000,2012-02-16 00:00:00.000000000,2012-02-16 00:00:00.000000000,2011-12-08 00:00:00.000000000,1910-01-01 00:00:00.000000000,2012-03-11 02:05:13.084800000,2011-08-29 02:05:13.084800000,100 days 21:54:46.915200000,-25 days +21:54:46.915200000,-125 days +00:00:00.000000000
6758,2012-06-20 00:00:00.000000000,2012-02-16 00:00:00.000000000,2012-02-16 00:00:00.000000000,2011-12-08 00:00:00.000000000,1910-01-01 00:00:00.000000000,2012-03-11 02:05:13.084800000,2011-08-29 02:05:13.084800000,100 days 21:54:46.915200000,-25 days +21:54:46.915200000,-125 days +00:00:00.000000000
6759,2012-03-12 00:00:00.000000000,2012-03-05 00:00:00.000000000,2012-03-05 00:00:00.000000000,2012-01-26 00:00:00.000000000,1910-01-01 00:00:00.000000000,2011-12-17 00:00:00.000000000,2011-11-01 00:00:00.000000000,86 days 00:00:00.000000000,79 days 00:00:00.000000000,-7 days +00:00:00.000000000
6760,2012-04-24 00:00:00.000000000,2012-02-27 00:00:00.000000000,2012-02-27 00:00:00.000000000,2012-02-10 00:00:00.000000000,1910-01-01 00:00:00.000000000,2012-03-01 01:59:59.971200000,2011-12-18 01:59:59.971200000,53 days 22:00:00.028800000,-4 days +22:00:00.028800000,-57 days +00:00:00.000000000
6761,2012-04-24 00:00:00.000000000,2012-02-27 00:00:00.000000000,2012-02-27 00:00:00.000000000,2012-02-10 00:00:00.000000000,1910-01-01 00:00:00.000000000,2012-03-01 01:59:59.971200000,2011-12-18 01:59:59.971200000,53 days 22:00:00.028800000,-4 days +22:00:00.028800000,-57 days +00:00:00.000000000
6762,2012-04-24 00:00:00.000000000,2012-02-27 00:00:00.000000000,2012-02-27 00:00:00.000000000,2012-02-10 00:00:00.000000000,1910-01-01 00:00:00.000000000,2012-03-01 01:59:59.971200000,2011-12-18 01:59:59.971200000,53 days 22:00:00.028800000,-4 days +22:00:00.028800000,-57 days +00:00:00.000000000
6763,2012-05-04 00:00:00.000000000,2012-04-11 00:00:00.000000000,2012-04-11 00:00:00.000000000,2011-08-22 00:00:00.000000000,1910-01-01 00:00:00.000000000,2012-01-25 19:41:32.323200000,2011-05-14 19:41:32.323200000,99 days 04:18:27.676800000,76 days 04:18:27.676800000,-23 days +00:00:00.000000000
6764,2012-04-16 00:00:00.000000000,2012-04-06 00:00:00.000000000,2012-04-06 00:00:00.000000000,2011-11-11 00:00:00.000000000,1910-01-01 00:00:00.000000000,2011-12-07 03:00:00.000000000,2011-07-03 03:00:00.000000000,130 days 21:00:00.000000000,120 days 21:00:00.000000000,-10 days +00:00:00.000000000
6765,2012-04-13 00:00:00.000000000,2012-04-10 00:00:00.000000000,2012-04-10 00:00:00.000000000,2011-10-04 00:00:00.000000000,1910-01-01 00:00:00.000000000,2011-09-05 17:08:34.310400000,2011-02-25 17:08:34.310400000,220 days 06:51:25.689600000,217 days 06:51:25.689600000,-3 days +00:00:00.000000000
6766,2012-04-26 00:00:00.000000000,2012-04-30 00:00:00.000000000,2012-04-30 00:00:00.000000000,2012-01-25 00:00:00.000000000,1910-01-01 00:00:00.000000000,2012-03-01 07:59:59.971200000,2011-11-30 07:59:59.971200000,55 days 16:00:00.028800000,59 days 16:00:00.028800000,4 days 00:00:00.000000000
6767,2012-06-20 00:00:00.000000000,2012-04-30 00:00:00.000000000,2012-04-30 00:00:00.000000000,2011-12-08 00:00:00.000000000,1910-01-01 00:00:00.000000000,2012-03-11 02:05:13.084800000,2011-08-29 02:05:13.084800000,100 days 21:54:46.915200000,49 days 21:54:46.915200000,-51 days +00:00:00.000000000
6768,2012-06-20 00:00:00.000000000,2012-04-30 00:00:00.000000000,2012-04-30 00:00:00.000000000,2011-12-08 00:00:00.000000000,1910-01-01 00:00:00.000000000,2012-03-11 02:05:13.084800000,2011-08-29 02:05:13.084800000,100 days 21:54:46.915200000,49 days 21:54:46.915200000,-51 days +00:00:00.000000000
6769,2012-07-03 00:00:00.000000000,2012-05-18 00:00:00.000000000,2012-05-18 00:00:00.000000000,2012-02-10 00:00:00.000000000,1910-01-01 00:00:00.000000000,2012-05-10 01:59:59.971200000,2011-12-18 01:59:59.971200000,53 days 22:00:00.028800000,7 days 22:00:00.028800000,-46 days +00:00:00.000000000
6770,2012-07-03 00:00:00.000000000,2012-05-18 00:00:00.000000000,2012-05-18 00:00:00.000000000,2012-02-10 00:00:00.000000000,1910-01-01 00:00:00.000000000,2012-05-10 01:59:59.971200000,2011-12-18 01:59:59.971200000,53 days 22:00:00.028800000,7 days 22:00:00.028800000,-46 days +00:00:00.000000000
6771,2012-06-29 00:00:00.000000000,2012-05-22 00:00:00.000000000,2012-05-22 00:00:00.000000000,2012-02-20 00:00:00.000000000,1910-01-01 00:00:00.000000000,2012-05-06 01:59:59.971200000,2011-12-28 01:59:59.971200000,53 days 22:00:00.028800000,15 days 22:00:00.028800000,-38 days +00:00:00.000000000
6772,2012-05-31 00:00:00.000000000,2012-05-25 00:00:00.000000000,2012-05-25 00:00:00.000000000,2011-10-04 00:00:00.000000000,1910-01-01 00:00:00.000000000,2011-10-23 17:08:34.310400000,2011-02-25 17:08:34.310400000,220 days 06:51:25.689600000,214 days 06:51:25.689600000,-6 days +00:00:00.000000000
6773,2012-06-01 00:00:00.000000000,2012-05-28 00:00:00.000000000,2012-05-28 00:00:00.000000000,2011-09-27 00:00:00.000000000,1910-01-01 00:00:00.000000000,2012-01-16 04:48:00.000000000,2011-05-13 04:48:00.000000000,136 days 19:12:00.000000000,132 days 19:12:00.000000000,-4 days +00:00:00.000000000
6774,2012-06-15 00:00:00.000000000,2012-05-28 00:00:00.000000000,2012-05-28 00:00:00.000000000,2011-12-22 00:00:00.000000000,1910-01-01 00:00:00.000000000,2012-01-30 04:48:00.000000000,2011-08-07 04:48:00.000000000,136 days 19:12:00.000000000,118 days 19:12:00.000000000,-18 days +00:00:00.000000000
6775,2012-05-30 00:00:00.000000000,2012-05-30 00:00:00.000000000,2012-05-30 00:00:00.000000000,2011-11-11 00:00:00.000000000,1910-01-01 00:00:00.000000000,2012-01-20 03:00:00.000000000,2011-07-03 03:00:00.000000000,130 days 21:00:00.000000000,130 days 21:00:00.000000000,0 days 00:00:00.000000000
6776,2012-07-03 00:00:00.000000000,2012-06-28 00:00:00.000000000,2012-06-28 00:00:00.000000000,2012-03-16 00:00:00.000000000,1910-01-01 00:00:00.000000000,2012-04-02 01:30:00.000000000,2011-12-15 01:30:00.000000000,91 days 22:30:00.000000000,86 days 22:30:00.000000000,-5 days +00:00:00.000000000
6777,2012-07-04 00:00:00.000000000,2012-06-03 00:00:00.000000000,2012-06-03 00:00:00.000000000,2011-12-08 00:00:00.000000000,1910-01-01 00:00:00.000000000,2012-03-25 02:05:13.084800000,2011-08-29 02:05:13.084800000,100 days 21:54:46.915200000,69 days 21:54:46.915200000,-31 days +00:00:00.000000000
6778,2012-08-02 00:00:00.000000000,2012-06-03 00:00:00.000000000,2012-06-03 00:00:00.000000000,2012-03-01 00:00:00.000000000,1910-01-01 00:00:00.000000000,2012-04-23 02:05:13.084800000,2011-11-21 02:05:13.084800000,100 days 21:54:46.915200000,40 days 21:54:46.915200000,-60 days +00:00:00.000000000
6779,2012-08-14 00:00:00.000000000,2012-06-27 00:00:00.000000000,2012-06-27 00:00:00.000000000,2011-10-04 00:00:00.000000000,1910-01-01 00:00:00.000000000,2012-01-06 17:08:34.310400000,2011-02-25 17:08:34.310400000,220 days 06:51:25.689600000,172 days 06:51:25.689600000,-48 days +00:00:00.000000000
6780,2012-07-31 00:00:00.000000000,2012-06-27 00:00:00.000000000,2012-06-27 00:00:00.000000000,2011-04-26 00:00:00.000000000,1910-01-01 00:00:00.000000000,2011-12-23 17:08:34.310400000,2010-09-17 17:08:34.310400000,220 days 06:51:25.689600000,186 days 06:51:25.689600000,-34 days +00:00:00.000000000
6781,2012-10-16 00:00:00.000000000,2012-06-27 00:00:00.000000000,2012-06-27 00:00:00.000000000,2011-10-04 00:00:00.000000000,1910-01-01 00:00:00.000000000,2012-03-09 17:08:34.310400000,2011-02-25 17:08:34.310400000,220 days 06:51:25.689600000,109 days 06:51:25.689600000,-111 days +00:00:00.000000000
6782,2012-07-02 00:00:00.000000000,2012-07-03 00:00:00.000000000,2012-07-03 00:00:00.000000000,2011-11-11 00:00:00.000000000,1910-01-01 00:00:00.000000000,2012-02-22 03:00:00.000000000,2011-07-03 03:00:00.000000000,130 days 21:00:00.000000000,131 days 21:00:00.000000000,1 days 00:00:00.000000000
6783,2012-07-03 00:00:00.000000000,2012-06-20 00:00:00.000000000,2012-06-20 00:00:00.000000000,2012-06-04 00:00:00.000000000,1910-01-01 00:00:00.000000000,2012-04-08 00:00:00.000000000,2012-03-10 00:00:00.000000000,86 days 00:00:00.000000000,73 days 00:00:00.000000000,-13 days +00:00:00.000000000
6784,2012-07-05 00:00:00.000000000,2012-07-16 00:00:00.000000000,2012-07-16 00:00:00.000000000,2012-06-06 00:00:00.000000000,1910-01-01 00:00:00.000000000,2012-05-12 01:59:59.971200000,2012-04-13 01:59:59.971200000,53 days 22:00:00.028800000,64 days 22:00:00.028800000,11 days 00:00:00.000000000
6785,2012-08-02 00:00:00.000000000,2012-07-09 00:00:00.000000000,2012-07-09 00:00:00.000000000,2012-03-01 00:00:00.000000000,1910-01-01 00:00:00.000000000,2012-04-23 02:05:13.084800000,2011-11-21 02:05:13.084800000,100 days 21:54:46.915200000,76 days 21:54:46.915200000,-24 days +00:00:00.000000000
6786,2012-08-17 00:00:00.000000000,2012-08-01 00:00:00.000000000,2012-08-01 00:00:00.000000000,2012-05-09 00:00:00.000000000,1910-01-01 00:00:00.000000000,2012-06-24 01:59:59.971200000,2012-03-16 01:59:59.971200000,53 days 22:00:00.028800000,37 days 22:00:00.028800000,-16 days +00:00:00.000000000
6787,2012-09-05 00:00:00.000000000,2012-07-26 00:00:00.000000000,2012-07-26 00:00:00.000000000,2012-02-20 00:00:00.000000000,1910-01-01 00:00:00.000000000,2012-07-13 01:59:59.971200000,2011-12-28 01:59:59.971200000,53 days 22:00:00.028800000,12 days 22:00:00.028800000,-41 days +00:00:00.000000000
6788,2012-07-31 00:00:00.000000000,2012-07-31 00:00:00.000000000,2012-07-31 00:00:00.000000000,2011-11-11 00:00:00.000000000,1910-01-01 00:00:00.000000000,2012-03-22 03:00:00.000000000,2011-07-03 03:00:00.000000000,130 days 21:00:00.000000000,130 days 21:00:00.000000000,0 days 00:00:00.000000000
6789,2012-07-31 00:00:00.000000000,2012-07-31 00:00:00.000000000,2012-07-31 00:00:00.000000000,2011-11-11 00:00:00.000000000,1910-01-01 00:00:00.000000000,2012-03-22 03:00:00.000000000,2011-07-03 03:00:00.000000000,130 days 21:00:00.000000000,130 days 21:00:00.000000000,0 days 00:00:00.000000000
6790,2012-07-31 00:00:00.000000000,2012-08-01 00:00:00.000000000,2012-08-01 00:00:00.000000000,2012-03-08 00:00:00.000000000,1910-01-01 00:00:00.000000000,2012-03-16 04:48:00.000000000,2011-10-23 04:48:00.000000000,136 days 19:12:00.000000000,137 days 19:12:00.000000000,1 days 00:00:00.000000000
6791,2012-08-02 00:00:00.000000000,2012-07-24 00:00:00.000000000,2012-07-24 00:00:00.000000000,2012-03-01 00:00:00.000000000,1910-01-01 00:00:00.000000000,2012-04-23 02:05:13.084800000,2011-11-21 02:05:13.084800000,100 days 21:54:46.915200000,91 days 21:54:46.915200000,-9 days +00:00:00.000000000
6792,2012-09-17 00:00:00.000000000,2012-08-14 00:00:00.000000000,2012-08-14 00:00:00.000000000,2012-05-09 00:00:00.000000000,1910-01-01 00:00:00.000000000,2012-07-25 01:59:59.971200000,2012-03-16 01:59:59.971200000,53 days 22:00:00.028800000,19 days 22:00:00.028800000,-34 days +00:00:00.000000000
6793,2012-07-31 00:00:00.000000000,2012-07-24 00:00:00.000000000,2012-07-24 00:00:00.000000000,2011-12-08 00:00:00.000000000,1910-01-01 00:00:00.000000000,2012-04-21 02:05:13.084800000,2011-08-29 02:05:13.084800000,100 days 21:54:46.915200000,93 days 21:54:46.915200000,-7 days +00:00:00.000000000
6794,2012-08-02 00:00:00.000000000,2012-07-24 00:00:00.000000000,2012-07-24 00:00:00.000000000,2012-03-01 00:00:00.000000000,1910-01-01 00:00:00.000000000,2012-04-23 02:05:13.084800000,2011-11-21 02:05:13.084800000,100 days 21:54:46.915200000,91 days 21:54:46.915200000,-9 days +00:00:00.000000000
6795,2012-08-20 00:00:00.000000000,2012-08-18 00:00:00.000000000,2012-08-18 00:00:00.000000000,2011-11-11 00:00:00.000000000,1910-01-01 00:00:00.000000000,2012-04-11 03:00:00.000000000,2011-07-03 03:00:00.000000000,130 days 21:00:00.000000000,128 days 21:00:00.000000000,-2 days +00:00:00.000000000
6796,2012-12-11 00:00:00.000000000,2012-09-04 00:00:00.000000000,2012-09-04 00:00:00.000000000,2011-10-04 00:00:00.000000000,1910-01-01 00:00:00.000000000,2012-05-04 17:08:34.310400000,2011-02-25 17:08:34.310400000,220 days 06:51:25.689600000,122 days 06:51:25.689600000,-98 days +00:00:00.000000000
6797,2012-11-30 00:00:00.000000000,2012-10-29 00:00:00.000000000,2012-10-29 00:00:00.000000000,2012-06-28 00:00:00.000000000,1910-01-01 00:00:00.000000000,2012-08-30 01:30:00.000000000,2012-03-28 01:30:00.000000000,91 days 22:30:00.000000000,59 days 22:30:00.000000000,-32 days +00:00:00.000000000
6798,2012-10-29 00:00:00.000000000,2012-08-27 00:00:00.000000000,2012-08-27 00:00:00.000000000,2012-04-19 00:00:00.000000000,1910-01-01 00:00:00.000000000,2012-06-20 03:00:00.000000000,2011-12-10 03:00:00.000000000,130 days 21:00:00.000000000,67 days 21:00:00.000000000,-63 days +00:00:00.000000000
6799,2012-08-31 00:00:00.000000000,2012-08-14 00:00:00.000000000,2012-08-14 00:00:00.000000000,2012-03-01 00:00:00.000000000,1910-01-01 00:00:00.000000000,2012-05-22 02:05:13.084800000,2011-11-21 02:05:13.084800000,100 days 21:54:46.915200000,83 days 21:54:46.915200000,-17 days +00:00:00.000000000
6800,2012-10-26 00:00:00.000000000,2012-10-26 00:00:00.000000000,2012-10-26 00:00:00.000000000,2012-07-26 00:00:00.000000000,1910-01-01 00:00:00.000000000,2012-07-18 19:41:32.323200000,2012-04-17 19:41:32.323200000,99 days 04:18:27.676800000,99 days 04:18:27.676800000,0 days 00:00:00.000000000
6801,2012-10-29 00:00:00.000000000,2012-10-29 00:00:00.000000000,2012-10-29 00:00:00.000000000,2012-06-06 00:00:00.000000000,1910-01-01 00:00:00.000000000,2012-09-05 01:59:59.971200000,2012-04-13 01:59:59.971200000,53 days 22:00:00.028800000,53 days 22:00:00.028800000,0 days 00:00:00.000000000
6802,2012-09-17 00:00:00.000000000,2012-09-07 00:00:00.000000000,2012-09-07 00:00:00.000000000,2011-09-27 00:00:00.000000000,1910-01-01 00:00:00.000000000,2012-05-03 04:48:00.000000000,2011-05-13 04:48:00.000000000,136 days 19:12:00.000000000,126 days 19:12:00.000000000,-10 days +00:00:00.000000000
6803,2012-09-25 00:00:00.000000000,2012-09-07 00:00:00.000000000,2012-09-07 00:00:00.000000000,2012-04-27 00:00:00.000000000,1910-01-01 00:00:00.000000000,2012-05-11 04:48:00.000000000,2011-12-12 04:48:00.000000000,136 days 19:12:00.000000000,118 days 19:12:00.000000000,-18 days +00:00:00.000000000
6804,2012-11-13 00:00:00.000000000,2012-09-05 00:00:00.000000000,2012-09-05 00:00:00.000000000,2012-04-19 00:00:00.000000000,1910-01-01 00:00:00.000000000,2012-07-05 03:00:00.000000000,2011-12-10 03:00:00.000000000,130 days 21:00:00.000000000,61 days 21:00:00.000000000,-69 days +00:00:00.000000000
6805,2012-10-31 00:00:00.000000000,2012-09-07 00:00:00.000000000,2012-09-07 00:00:00.000000000,2012-03-29 00:00:00.000000000,1910-01-01 00:00:00.000000000,2012-06-16 04:48:00.000000000,2011-11-13 04:48:00.000000000,136 days 19:12:00.000000000,82 days 19:12:00.000000000,-54 days +00:00:00.000000000
6806,2012-10-30 00:00:00.000000000,2012-10-30 00:00:00.000000000,2012-10-30 00:00:00.000000000,2012-06-06 00:00:00.000000000,1910-01-01 00:00:00.000000000,2012-09-06 01:59:59.971200000,2012-04-13 01:59:59.971200000,53 days 22:00:00.028800000,53 days 22:00:00.028800000,0 days 00:00:00.000000000
6807,2012-10-30 00:00:00.000000000,2012-10-30 00:00:00.000000000,2012-10-30 00:00:00.000000000,2012-05-11 00:00:00.000000000,1910-01-01 00:00:00.000000000,2012-08-05 00:00:00.000000000,2012-02-15 00:00:00.000000000,86 days 00:00:00.000000000,86 days 00:00:00.000000000,0 days 00:00:00.000000000
6808,2012-11-15 00:00:00.000000000,2012-10-23 00:00:00.000000000,2012-10-23 00:00:00.000000000,2012-08-17 00:00:00.000000000,1910-01-01 00:00:00.000000000,2012-08-11 11:17:38.803200000,2012-05-13 11:17:38.803200000,95 days 12:42:21.196800000,72 days 12:42:21.196800000,-23 days +00:00:00.000000000
6809,2012-10-19 00:00:00.000000000,2012-10-18 00:00:00.000000000,2012-10-18 00:00:00.000000000,2012-05-11 00:00:00.000000000,1910-01-01 00:00:00.000000000,2012-07-25 00:00:00.000000000,2012-02-15 00:00:00.000000000,86 days 00:00:00.000000000,85 days 00:00:00.000000000,-1 days +00:00:00.000000000
6810,2012-10-29 00:00:00.000000000,2012-10-01 00:00:00.000000000,2012-10-01 00:00:00.000000000,2012-04-19 00:00:00.000000000,1910-01-01 00:00:00.000000000,2012-06-20 03:00:00.000000000,2011-12-10 03:00:00.000000000,130 days 21:00:00.000000000,102 days 21:00:00.000000000,-28 days +00:00:00.000000000
6811,2012-10-10 00:00:00.000000000,2012-10-05 00:00:00.000000000,2012-10-05 00:00:00.000000000,2012-04-27 00:00:00.000000000,1910-01-01 00:00:00.000000000,2012-05-26 04:48:00.000000000,2011-12-12 04:48:00.000000000,136 days 19:12:00.000000000,131 days 19:12:00.000000000,-5 days +00:00:00.000000000
6812,2012-10-25 00:00:00.000000000,2012-10-22 00:00:00.000000000,2012-10-22 00:00:00.000000000,2012-08-15 00:00:00.000000000,1910-01-01 00:00:00.000000000,2012-09-01 01:59:59.971200000,2012-06-22 01:59:59.971200000,53 days 22:00:00.028800000,50 days 22:00:00.028800000,-3 days +00:00:00.000000000
6813,2012-10-15 00:00:00.000000000,2012-10-05 00:00:00.000000000,2012-10-05 00:00:00.000000000,2012-01-02 00:00:00.000000000,1910-01-01 00:00:00.000000000,2012-06-06 03:00:00.000000000,2011-08-24 03:00:00.000000000,130 days 21:00:00.000000000,120 days 21:00:00.000000000,-10 days +00:00:00.000000000
6814,2012-10-31 00:00:00.000000000,2012-10-30 00:00:00.000000000,2012-10-30 00:00:00.000000000,2012-05-25 00:00:00.000000000,1910-01-01 00:00:00.000000000,2012-08-06 00:00:00.000000000,2012-02-29 00:00:00.000000000,86 days 00:00:00.000000000,85 days 00:00:00.000000000,-1 days +00:00:00.000000000
6815,2012-10-24 00:00:00.000000000,2012-10-17 00:00:00.000000000,2012-10-17 00:00:00.000000000,2012-09-19 00:00:00.000000000,1910-01-01 00:00:00.000000000,2012-08-22 20:34:17.155200000,2012-07-18 20:34:17.155200000,62 days 03:25:42.844800000,55 days 03:25:42.844800000,-7 days +00:00:00.000000000
6816,2012-11-07 00:00:00.000000000,2012-10-17 00:00:00.000000000,2012-10-17 00:00:00.000000000,2012-09-19 00:00:00.000000000,1910-01-01 00:00:00.000000000,2012-09-05 20:34:17.155200000,2012-07-18 20:34:17.155200000,62 days 03:25:42.844800000,41 days 03:25:42.844800000,-21 days +00:00:00.000000000
6817,2012-10-31 00:00:00.000000000,2012-10-26 00:00:00.000000000,2012-10-26 00:00:00.000000000,2012-01-02 00:00:00.000000000,1910-01-01 00:00:00.000000000,2012-06-22 03:00:00.000000000,2011-08-24 03:00:00.000000000,130 days 21:00:00.000000000,125 days 21:00:00.000000000,-5 days +00:00:00.000000000
6818,2012-12-15 00:00:00.000000000,2012-10-24 00:00:00.000000000,2012-10-24 00:00:00.000000000,2012-04-19 00:00:00.000000000,1910-01-01 00:00:00.000000000,2012-08-06 03:00:00.000000000,2011-12-10 03:00:00.000000000,130 days 21:00:00.000000000,78 days 21:00:00.000000000,-52 days +00:00:00.000000000
6819,2012-12-14 00:00:00.000000000,2012-10-24 00:00:00.000000000,2012-10-24 00:00:00.000000000,2012-09-06 00:00:00.000000000,1910-01-01 00:00:00.000000000,2012-08-05 03:00:00.000000000,2012-04-28 03:00:00.000000000,130 days 21:00:00.000000000,79 days 21:00:00.000000000,-51 days +00:00:00.000000000
6820,2012-11-06 00:00:00.000000000,2012-11-06 00:00:00.000000000,2012-11-06 00:00:00.000000000,2012-05-23 00:00:00.000000000,1910-01-01 00:00:00.000000000,2012-07-28 02:05:13.084800000,2012-02-12 02:05:13.084800000,100 days 21:54:46.915200000,100 days 21:54:46.915200000,0 days 00:00:00.000000000
6821,2012-12-31 00:00:00.000000000,2012-11-19 00:00:00.000000000,2012-11-19 00:00:00.000000000,2012-07-11 00:00:00.000000000,1910-01-01 00:00:00.000000000,2012-11-07 01:59:59.971200000,2012-05-18 01:59:59.971200000,53 days 22:00:00.028800000,11 days 22:00:00.028800000,-42 days +00:00:00.000000000
6822,2012-12-10 00:00:00.000000000,2012-11-19 00:00:00.000000000,2012-11-19 00:00:00.000000000,2012-07-18 00:00:00.000000000,1910-01-01 00:00:00.000000000,2012-10-17 01:59:59.971200000,2012-05-25 01:59:59.971200000,53 days 22:00:00.028800000,32 days 22:00:00.028800000,-21 days +00:00:00.000000000
6823,2013-01-11 00:00:00.000000000,2013-01-11 00:00:00.000000000,2013-01-11 00:00:00.000000000,2012-06-28 00:00:00.000000000,1910-01-01 00:00:00.000000000,2012-08-24 16:00:00.028800000,2012-02-09 16:00:00.028800000,139 days 07:59:59.971200000,139 days 07:59:59.971200000,0 days 00:00:00.000000000
6824,2012-12-21 00:00:00.000000000,2012-12-11 00:00:00.000000000,2012-12-11 00:00:00.000000000,2012-05-15 00:00:00.000000000,1910-01-01 00:00:00.000000000,2012-05-14 17:08:34.310400000,2011-10-07 17:08:34.310400000,220 days 06:51:25.689600000,210 days 06:51:25.689600000,-10 days +00:00:00.000000000
6825,2012-12-14 00:00:00.000000000,2012-12-11 00:00:00.000000000,2012-12-11 00:00:00.000000000,2012-05-15 00:00:00.000000000,1910-01-01 00:00:00.000000000,2012-05-07 17:08:34.310400000,2011-10-07 17:08:34.310400000,220 days 06:51:25.689600000,217 days 06:51:25.689600000,-3 days +00:00:00.000000000
6826,2012-12-04 00:00:00.000000000,2012-12-04 00:00:00.000000000,2012-12-04 00:00:00.000000000,2012-05-23 00:00:00.000000000,1910-01-01 00:00:00.000000000,2012-08-25 02:05:13.084800000,2012-02-12 02:05:13.084800000,100 days 21:54:46.915200000,100 days 21:54:46.915200000,0 days 00:00:00.000000000
6827,2013-02-01 00:00:00.000000000,2013-02-01 00:00:00.000000000,2013-02-01 00:00:00.000000000,2012-08-30 00:00:00.000000000,1910-01-01 00:00:00.000000000,2012-10-31 18:00:00.000000000,2012-05-29 18:00:00.000000000,92 days 06:00:00.000000000,92 days 06:00:00.000000000,0 days 00:00:00.000000000
6828,2012-11-30 00:00:00.000000000,2012-12-04 00:00:00.000000000,2012-12-04 00:00:00.000000000,2012-05-23 00:00:00.000000000,1910-01-01 00:00:00.000000000,2012-08-21 02:05:13.084800000,2012-02-12 02:05:13.084800000,100 days 21:54:46.915200000,104 days 21:54:46.915200000,4 days 00:00:00.000000000
6829,2012-12-31 00:00:00.000000000,2012-12-06 00:00:00.000000000,2012-12-06 00:00:00.000000000,2012-04-19 00:00:00.000000000,1910-01-01 00:00:00.000000000,2012-08-22 03:00:00.000000000,2011-12-10 03:00:00.000000000,130 days 21:00:00.000000000,105 days 21:00:00.000000000,-25 days +00:00:00.000000000
6830,2013-01-10 00:00:00.000000000,2012-12-27 00:00:00.000000000,2012-12-27 00:00:00.000000000,2012-09-06 00:00:00.000000000,1910-01-01 00:00:00.000000000,2012-09-14 23:13:32.908800000,2012-05-11 23:13:32.908800000,117 days 00:46:27.091200000,103 days 00:46:27.091200000,-14 days +00:00:00.000000000
6831,2012-12-21 00:00:00.000000000,2012-12-13 00:00:00.000000000,2012-12-13 00:00:00.000000000,2012-09-11 00:00:00.000000000,1910-01-01 00:00:00.000000000,2012-05-14 17:08:34.310400000,2012-02-03 17:08:34.310400000,220 days 06:51:25.689600000,212 days 06:51:25.689600000,-8 days +00:00:00.000000000
6832,2013-02-02 00:00:00.000000000,2013-02-02 00:00:00.000000000,2013-02-02 00:00:00.000000000,2012-08-30 00:00:00.000000000,1910-01-01 00:00:00.000000000,2012-11-01 18:00:00.000000000,2012-05-29 18:00:00.000000000,92 days 06:00:00.000000000,92 days 06:00:00.000000000,0 days 00:00:00.000000000
6833,2013-09-11 00:00:00.000000000,2013-09-11 00:00:00.000000000,2013-09-11 00:00:00.000000000,2012-11-16 00:00:00.000000000,1910-01-01 00:00:00.000000000,2013-03-22 09:13:50.736000000,2012-05-27 09:13:50.736000000,172 days 14:46:09.264000000,172 days 14:46:09.264000000,0 days 00:00:00.000000000
6834,2013-09-11 00:00:00.000000000,2013-09-11 00:00:00.000000000,2013-09-11 00:00:00.000000000,2012-11-16 00:00:00.000000000,1910-01-01 00:00:00.000000000,2013-03-22 09:13:50.736000000,2012-05-27 09:13:50.736000000,172 days 14:46:09.264000000,172 days 14:46:09.264000000,0 days 00:00:00.000000000
6835,2013-02-11 00:00:00.000000000,2013-02-11 00:00:00.000000000,2013-02-11 00:00:00.000000000,2012-05-15 00:00:00.000000000,1910-01-01 00:00:00.000000000,2012-08-07 08:43:38.150400000,2011-11-09 08:43:38.150400000,187 days 15:16:21.849600000,187 days 15:16:21.849600000,0 days 00:00:00.000000000
6836,2013-02-11 00:00:00.000000000,2013-02-11 00:00:00.000000000,2013-02-11 00:00:00.000000000,2012-08-09 00:00:00.000000000,1910-01-01 00:00:00.000000000,2012-11-06 08:16:33.139200000,2012-05-04 08:16:33.139200000,96 days 15:43:26.860800000,96 days 15:43:26.860800000,0 days 00:00:00.000000000
6837,2013-02-11 00:00:00.000000000,2013-03-07 00:00:00.000000000,2013-03-07 00:00:00.000000000,2012-10-10 00:00:00.000000000,1910-01-01 00:00:00.000000000,2012-11-10 18:00:00.000000000,2012-07-09 18:00:00.000000000,92 days 06:00:00.000000000,116 days 06:00:00.000000000,24 days 00:00:00.000000000
6838,2013-03-28 00:00:00.000000000,2013-02-28 00:00:00.000000000,2013-02-28 00:00:00.000000000,2012-09-06 00:00:00.000000000,1910-01-01 00:00:00.000000000,2012-11-30 23:13:32.908800000,2012-05-11 23:13:32.908800000,117 days 00:46:27.091200000,89 days 00:46:27.091200000,-28 days +00:00:00.000000000
6839,2013-03-28 00:00:00.000000000,2013-02-28 00:00:00.000000000,2013-02-28 00:00:00.000000000,2012-09-11 00:00:00.000000000,1910-01-01 00:00:00.000000000,2012-11-30 23:13:32.908800000,2012-05-16 23:13:32.908800000,117 days 00:46:27.091200000,89 days 00:46:27.091200000,-28 days +00:00:00.000000000
6840,2013-04-04 00:00:00.000000000,2013-03-07 00:00:00.000000000,2013-03-07 00:00:00.000000000,2012-11-01 00:00:00.000000000,1910-01-01 00:00:00.000000000,2013-01-01 18:00:00.000000000,2012-07-31 18:00:00.000000000,92 days 06:00:00.000000000,64 days 06:00:00.000000000,-28 days +00:00:00.000000000
6841,2013-03-31 00:00:00.000000000,2013-03-22 00:00:00.000000000,2013-03-22 00:00:00.000000000,2012-12-17 00:00:00.000000000,1910-01-01 00:00:00.000000000,2012-11-24 20:07:44.544000000,2012-08-12 20:07:44.544000000,126 days 03:52:15.456000000,117 days 03:52:15.456000000,-9 days +00:00:00.000000000
6842,2013-03-15 00:00:00.000000000,2013-02-21 00:00:00.000000000,2013-02-21 00:00:00.000000000,2012-08-09 00:00:00.000000000,1910-01-01 00:00:00.000000000,2012-12-08 08:16:33.139200000,2012-05-04 08:16:33.139200000,96 days 15:43:26.860800000,74 days 15:43:26.860800000,-22 days +00:00:00.000000000
6843,2013-03-14 00:00:00.000000000,2013-03-14 00:00:00.000000000,2013-03-14 00:00:00.000000000,2012-09-11 00:00:00.000000000,1910-01-01 00:00:00.000000000,2012-09-07 08:43:38.150400000,2012-03-07 08:43:38.150400000,187 days 15:16:21.849600000,187 days 15:16:21.849600000,0 days 00:00:00.000000000
6844,2013-03-15 00:00:00.000000000,2013-03-14 00:00:00.000000000,2013-03-14 00:00:00.000000000,2012-10-25 00:00:00.000000000,1910-01-01 00:00:00.000000000,2012-09-08 08:43:38.150400000,2012-04-20 08:43:38.150400000,187 days 15:16:21.849600000,186 days 15:16:21.849600000,-1 days +00:00:00.000000000
6845,2013-03-31 00:00:00.000000000,2013-03-14 00:00:00.000000000,2013-03-14 00:00:00.000000000,2012-05-15 00:00:00.000000000,1910-01-01 00:00:00.000000000,2012-09-24 08:43:38.150400000,2011-11-09 08:43:38.150400000,187 days 15:16:21.849600000,170 days 15:16:21.849600000,-17 days +00:00:00.000000000
6846,2013-03-31 00:00:00.000000000,2013-03-14 00:00:00.000000000,2013-03-14 00:00:00.000000000,2012-05-15 00:00:00.000000000,1910-01-01 00:00:00.000000000,2012-09-24 08:43:38.150400000,2011-11-09 08:43:38.150400000,187 days 15:16:21.849600000,170 days 15:16:21.849600000,-17 days +00:00:00.000000000
6847,2013-03-29 00:00:00.000000000,2013-03-06 00:00:00.000000000,2013-03-06 00:00:00.000000000,2012-12-13 00:00:00.000000000,1910-01-01 00:00:00.000000000,2012-12-26 18:00:00.000000000,2012-09-11 18:00:00.000000000,92 days 06:00:00.000000000,69 days 06:00:00.000000000,-23 days +00:00:00.000000000
6848,2013-04-09 00:00:00.000000000,2013-03-14 00:00:00.000000000,2013-03-14 00:00:00.000000000,2013-01-16 00:00:00.000000000,1910-01-01 00:00:00.000000000,2012-12-12 03:45:52.963200000,2012-09-20 03:45:52.963200000,117 days 20:14:07.036800000,91 days 20:14:07.036800000,-26 days +00:00:00.000000000
6849,2013-04-09 00:00:00.000000000,2013-03-14 00:00:00.000000000,2013-03-14 00:00:00.000000000,2013-01-16 00:00:00.000000000,1910-01-01 00:00:00.000000000,2012-12-12 03:45:52.963200000,2012-09-20 03:45:52.963200000,117 days 20:14:07.036800000,91 days 20:14:07.036800000,-26 days +00:00:00.000000000
6850,2013-03-15 00:00:00.000000000,2013-02-21 00:00:00.000000000,2013-02-21 00:00:00.000000000,2012-08-09 00:00:00.000000000,1910-01-01 00:00:00.000000000,2012-12-08 08:16:33.139200000,2012-05-04 08:16:33.139200000,96 days 15:43:26.860800000,74 days 15:43:26.860800000,-22 days +00:00:00.000000000
6851,2013-03-15 00:00:00.000000000,2013-02-21 00:00:00.000000000,2013-02-21 00:00:00.000000000,2012-08-09 00:00:00.000000000,1910-01-01 00:00:00.000000000,2012-12-08 08:16:33.139200000,2012-05-04 08:16:33.139200000,96 days 15:43:26.860800000,74 days 15:43:26.860800000,-22 days +00:00:00.000000000
6852,2013-03-15 00:00:00.000000000,2013-02-21 00:00:00.000000000,2013-02-21 00:00:00.000000000,2012-08-09 00:00:00.000000000,1910-01-01 00:00:00.000000000,2012-12-08 08:16:33.139200000,2012-05-04 08:16:33.139200000,96 days 15:43:26.860800000,74 days 15:43:26.860800000,-22 days +00:00:00.000000000
6853,2013-07-31 00:00:00.000000000,2013-03-14 00:00:00.000000000,2013-03-14 00:00:00.000000000,2012-10-25 00:00:00.000000000,1910-01-01 00:00:00.000000000,2013-01-24 08:43:38.150400000,2012-04-20 08:43:38.150400000,187 days 15:16:21.849600000,48 days 15:16:21.849600000,-139 days +00:00:00.000000000
6854,2013-04-18 00:00:00.000000000,2013-03-15 00:00:00.000000000,2013-03-15 00:00:00.000000000,2013-01-28 00:00:00.000000000,1910-01-01 00:00:00.000000000,2013-02-04 22:09:13.852800000,2012-11-16 22:09:13.852800000,72 days 01:50:46.147200000,38 days 01:50:46.147200000,-34 days +00:00:00.000000000
6855,2013-04-17 00:00:00.000000000,2013-04-23 00:00:00.000000000,2013-04-23 00:00:00.000000000,2013-01-16 00:00:00.000000000,1910-01-01 00:00:00.000000000,2012-12-11 20:07:44.544000000,2012-09-11 20:07:44.544000000,126 days 03:52:15.456000000,132 days 03:52:15.456000000,6 days 00:00:00.000000000
6856,2013-07-31 00:00:00.000000000,2013-04-13 00:00:00.000000000,2013-04-13 00:00:00.000000000,2013-01-16 00:00:00.000000000,1910-01-01 00:00:00.000000000,2013-01-24 08:43:38.150400000,2012-07-12 08:43:38.150400000,187 days 15:16:21.849600000,78 days 15:16:21.849600000,-109 days +00:00:00.000000000
6857,2013-11-27 00:00:00.000000000,2013-11-27 00:00:00.000000000,2014-01-22 00:00:00.000000000,2012-11-16 00:00:00.000000000,1910-01-01 00:00:00.000000000,2013-06-07 09:13:50.736000000,2012-05-27 09:13:50.736000000,172 days 14:46:09.264000000,172 days 14:46:09.264000000,0 days 00:00:00.000000000
6858,2013-04-18 00:00:00.000000000,2013-04-19 00:00:00.000000000,2013-04-19 00:00:00.000000000,2013-01-28 00:00:00.000000000,1910-01-01 00:00:00.000000000,2013-02-04 22:09:13.852800000,2012-11-16 22:09:13.852800000,72 days 01:50:46.147200000,73 days 01:50:46.147200000,1 days 00:00:00.000000000
6859,2013-04-30 00:00:00.000000000,2013-04-26 00:00:00.000000000,2013-04-26 00:00:00.000000000,2012-12-17 00:00:00.000000000,1910-01-01 00:00:00.000000000,2012-12-24 20:07:44.544000000,2012-08-12 20:07:44.544000000,126 days 03:52:15.456000000,122 days 03:52:15.456000000,-4 days +00:00:00.000000000
6860,2013-07-04 00:00:00.000000000,2013-07-04 00:00:00.000000000,2013-07-04 00:00:00.000000000,2013-03-19 00:00:00.000000000,1910-01-01 00:00:00.000000000,2013-02-14 16:00:00.028800000,2012-10-30 16:00:00.028800000,139 days 07:59:59.971200000,139 days 07:59:59.971200000,0 days 00:00:00.000000000
6861,2013-05-31 00:00:00.000000000,2013-05-23 00:00:00.000000000,2013-05-23 00:00:00.000000000,2013-02-20 00:00:00.000000000,1910-01-01 00:00:00.000000000,2013-03-14 06:00:00.000000000,2012-12-04 06:00:00.000000000,77 days 18:00:00.000000000,69 days 18:00:00.000000000,-8 days +00:00:00.000000000
6862,2013-06-07 00:00:00.000000000,2013-06-07 00:00:00.000000000,2013-06-07 00:00:00.000000000,2012-12-13 00:00:00.000000000,1910-01-01 00:00:00.000000000,2013-03-06 18:00:00.000000000,2012-09-11 18:00:00.000000000,92 days 06:00:00.000000000,92 days 06:00:00.000000000,0 days 00:00:00.000000000
6863,2013-04-30 00:00:00.000000000,2013-04-24 00:00:00.000000000,2013-04-24 00:00:00.000000000,2013-01-16 00:00:00.000000000,1910-01-01 00:00:00.000000000,2012-12-24 20:07:44.544000000,2012-09-11 20:07:44.544000000,126 days 03:52:15.456000000,120 days 03:52:15.456000000,-6 days +00:00:00.000000000
6864,2013-05-09 00:00:00.000000000,2013-05-07 00:00:00.000000000,2013-05-07 00:00:00.000000000,2012-11-06 00:00:00.000000000,1910-01-01 00:00:00.000000000,2013-02-05 18:00:00.000000000,2012-08-05 18:00:00.000000000,92 days 06:00:00.000000000,90 days 06:00:00.000000000,-2 days +00:00:00.000000000
6865,2013-08-01 00:00:00.000000000,2013-08-01 00:00:00.000000000,2013-08-01 00:00:00.000000000,2012-11-12 00:00:00.000000000,1910-01-01 00:00:00.000000000,2013-03-14 16:00:00.028800000,2012-06-25 16:00:00.028800000,139 days 07:59:59.971200000,139 days 07:59:59.971200000,0 days 00:00:00.000000000
6866,2013-05-21 00:00:00.000000000,2013-05-06 00:00:00.000000000,2013-05-06 00:00:00.000000000,2012-11-15 00:00:00.000000000,1910-01-01 00:00:00.000000000,2013-02-13 08:16:33.139200000,2012-08-10 08:16:33.139200000,96 days 15:43:26.860800000,81 days 15:43:26.860800000,-15 days +00:00:00.000000000
6867,2013-06-28 00:00:00.000000000,2013-06-07 00:00:00.000000000,2013-06-07 00:00:00.000000000,2012-12-13 00:00:00.000000000,1910-01-01 00:00:00.000000000,2013-03-27 18:00:00.000000000,2012-09-11 18:00:00.000000000,92 days 06:00:00.000000000,71 days 06:00:00.000000000,-21 days +00:00:00.000000000
6868,2013-05-21 00:00:00.000000000,2013-05-10 00:00:00.000000000,2013-05-10 00:00:00.000000000,2012-11-15 00:00:00.000000000,1910-01-01 00:00:00.000000000,2013-02-13 08:16:33.139200000,2012-08-10 08:16:33.139200000,96 days 15:43:26.860800000,85 days 15:43:26.860800000,-11 days +00:00:00.000000000
6869,2013-07-26 00:00:00.000000000,2013-07-26 00:00:00.000000000,2013-07-26 00:00:00.000000000,2012-11-12 00:00:00.000000000,1910-01-01 00:00:00.000000000,2013-03-08 16:00:00.028800000,2012-06-25 16:00:00.028800000,139 days 07:59:59.971200000,139 days 07:59:59.971200000,0 days 00:00:00.000000000
6870,2013-06-25 00:00:00.000000000,2013-06-07 00:00:00.000000000,2013-06-07 00:00:00.000000000,2013-01-28 00:00:00.000000000,1910-01-01 00:00:00.000000000,2013-03-30 04:10:26.083200000,2012-11-02 04:10:26.083200000,86 days 19:49:33.916800000,68 days 19:49:33.916800000,-18 days +00:00:00.000000000
6871,2013-05-31 00:00:00.000000000,2013-06-18 00:00:00.000000000,2013-06-18 00:00:00.000000000,2012-12-30 00:00:00.000000000,1910-01-01 00:00:00.000000000,2013-02-18 04:16:00.019200000,2012-09-19 04:16:00.019200000,101 days 19:43:59.980800000,119 days 19:43:59.980800000,18 days 00:00:00.000000000
6872,2013-05-28 00:00:00.000000000,2013-05-28 00:00:00.000000000,2013-05-28 00:00:00.000000000,2012-11-15 00:00:00.000000000,1910-01-01 00:00:00.000000000,2013-02-20 08:16:33.139200000,2012-08-10 08:16:33.139200000,96 days 15:43:26.860800000,96 days 15:43:26.860800000,0 days 00:00:00.000000000
6873,2013-06-04 00:00:00.000000000,2013-05-29 00:00:00.000000000,2013-05-29 00:00:00.000000000,2012-11-15 00:00:00.000000000,1910-01-01 00:00:00.000000000,2013-02-27 08:16:33.139200000,2012-08-10 08:16:33.139200000,96 days 15:43:26.860800000,90 days 15:43:26.860800000,-6 days +00:00:00.000000000
6874,2013-07-22 00:00:00.000000000,2013-07-14 00:00:00.000000000,2013-07-14 00:00:00.000000000,2013-06-21 00:00:00.000000000,1910-01-01 00:00:00.000000000,2013-05-15 18:54:32.745600000,2013-04-14 18:54:32.745600000,67 days 05:05:27.254400000,59 days 05:05:27.254400000,-8 days +00:00:00.000000000
6875,2013-07-22 00:00:00.000000000,2013-07-31 00:00:00.000000000,2013-07-31 00:00:00.000000000,2013-06-21 00:00:00.000000000,1910-01-01 00:00:00.000000000,2013-05-15 18:54:32.745600000,2013-04-14 18:54:32.745600000,67 days 05:05:27.254400000,76 days 05:05:27.254400000,9 days 00:00:00.000000000
6876,2013-08-06 00:00:00.000000000,2013-08-23 00:00:00.000000000,2013-08-23 00:00:00.000000000,2013-04-22 00:00:00.000000000,1910-01-01 00:00:00.000000000,2013-05-20 06:00:00.000000000,2013-02-03 06:00:00.000000000,77 days 18:00:00.000000000,94 days 18:00:00.000000000,17 days 00:00:00.000000000
6877,2013-08-29 00:00:00.000000000,2013-09-10 00:00:00.000000000,2013-09-10 00:00:00.000000000,2013-05-16 00:00:00.000000000,1910-01-01 00:00:00.000000000,2013-05-19 04:16:00.019200000,2013-02-03 04:16:00.019200000,101 days 19:43:59.980800000,113 days 19:43:59.980800000,12 days 00:00:00.000000000
6878,2013-08-06 00:00:00.000000000,2013-05-21 00:00:00.000000000,2014-11-18 00:00:00.000000000,2013-04-22 00:00:00.000000000,1910-01-01 00:00:00.000000000,2013-05-20 06:00:00.000000000,2013-02-03 06:00:00.000000000,77 days 18:00:00.000000000,0 days 18:00:00.000000000,-77 days +00:00:00.000000000
6879,2013-08-30 00:00:00.000000000,2013-08-10 00:00:00.000000000,2013-08-10 00:00:00.000000000,2013-05-08 00:00:00.000000000,1910-01-01 00:00:00.000000000,2013-05-29 18:00:00.000000000,2013-02-04 18:00:00.000000000,92 days 06:00:00.000000000,72 days 06:00:00.000000000,-20 days +00:00:00.000000000
6880,2013-08-27 00:00:00.000000000,2014-02-08 00:00:00.000000000,2014-03-11 00:00:00.000000000,2013-04-08 00:00:00.000000000,1910-01-01 00:00:00.000000000,2013-03-07 09:13:50.736000000,2012-10-17 09:13:50.736000000,172 days 14:46:09.264000000,337 days 14:46:09.264000000,165 days 00:00:00.000000000
6881,2013-08-27 00:00:00.000000000,2014-02-08 00:00:00.000000000,2014-03-11 00:00:00.000000000,2013-04-08 00:00:00.000000000,1910-01-01 00:00:00.000000000,2013-03-07 09:13:50.736000000,2012-10-17 09:13:50.736000000,172 days 14:46:09.264000000,337 days 14:46:09.264000000,165 days 00:00:00.000000000
6882,2013-07-30 00:00:00.000000000,2013-08-15 00:00:00.000000000,2013-08-15 00:00:00.000000000,2012-12-30 00:00:00.000000000,1910-01-01 00:00:00.000000000,2013-04-19 04:16:00.019200000,2012-09-19 04:16:00.019200000,101 days 19:43:59.980800000,117 days 19:43:59.980800000,16 days 00:00:00.000000000
6883,2013-09-27 00:00:00.000000000,2013-09-27 00:00:00.000000000,2013-09-27 00:00:00.000000000,2012-11-12 00:00:00.000000000,1910-01-01 00:00:00.000000000,2013-05-10 16:00:00.028800000,2012-06-25 16:00:00.028800000,139 days 07:59:59.971200000,139 days 07:59:59.971200000,0 days 00:00:00.000000000
6884,2013-09-18 00:00:00.000000000,2013-09-20 00:00:00.000000000,2013-09-20 00:00:00.000000000,2013-06-25 00:00:00.000000000,1910-01-01 00:00:00.000000000,2013-03-14 08:43:38.150400000,2012-12-19 08:43:38.150400000,187 days 15:16:21.849600000,189 days 15:16:21.849600000,2 days 00:00:00.000000000
6885,2013-10-25 00:00:00.000000000,2013-10-01 00:00:00.000000000,2013-10-09 00:00:00.000000000,2013-04-02 00:00:00.000000000,1910-01-01 00:00:00.000000000,2013-07-15 04:16:00.019200000,2012-12-21 04:16:00.019200000,101 days 19:43:59.980800000,77 days 19:43:59.980800000,-24 days +00:00:00.000000000
6886,2013-09-30 00:00:00.000000000,2013-09-20 00:00:00.000000000,2013-09-20 00:00:00.000000000,2012-12-14 00:00:00.000000000,1910-01-01 00:00:00.000000000,2013-06-04 23:13:32.908800000,2012-08-18 23:13:32.908800000,117 days 00:46:27.091200000,107 days 00:46:27.091200000,-10 days +00:00:00.000000000
6887,2013-09-30 00:00:00.000000000,2013-10-04 00:00:00.000000000,2013-10-22 00:00:00.000000000,2013-04-15 00:00:00.000000000,1910-01-01 00:00:00.000000000,2013-07-19 22:09:13.852800000,2013-02-01 22:09:13.852800000,72 days 01:50:46.147200000,76 days 01:50:46.147200000,4 days 00:00:00.000000000
6888,2013-11-03 00:00:00.000000000,2013-11-05 00:00:00.000000000,2013-11-12 00:00:00.000000000,2013-07-09 00:00:00.000000000,1910-01-01 00:00:00.000000000,2013-08-17 06:00:00.000000000,2013-04-22 06:00:00.000000000,77 days 18:00:00.000000000,79 days 18:00:00.000000000,2 days 00:00:00.000000000
6889,2013-11-03 00:00:00.000000000,2013-11-05 00:00:00.000000000,2013-11-12 00:00:00.000000000,2013-07-09 00:00:00.000000000,1910-01-01 00:00:00.000000000,2013-08-17 06:00:00.000000000,2013-04-22 06:00:00.000000000,77 days 18:00:00.000000000,79 days 18:00:00.000000000,2 days 00:00:00.000000000
6890,2013-09-30 00:00:00.000000000,2013-10-09 00:00:00.000000000,2013-10-18 00:00:00.000000000,2012-10-25 00:00:00.000000000,1910-01-01 00:00:00.000000000,2013-03-26 08:43:38.150400000,2012-04-20 08:43:38.150400000,187 days 15:16:21.849600000,196 days 15:16:21.849600000,9 days 00:00:00.000000000
6891,2013-10-31 00:00:00.000000000,2013-11-04 00:00:00.000000000,2013-11-06 00:00:00.000000000,2013-04-02 00:00:00.000000000,1910-01-01 00:00:00.000000000,2013-07-21 04:16:00.019200000,2012-12-21 04:16:00.019200000,101 days 19:43:59.980800000,105 days 19:43:59.980800000,4 days 00:00:00.000000000
6892,2013-10-31 00:00:00.000000000,2013-10-14 00:00:00.000000000,2013-10-24 00:00:00.000000000,2013-03-14 00:00:00.000000000,1910-01-01 00:00:00.000000000,2013-07-26 08:16:33.139200000,2012-12-07 08:16:33.139200000,96 days 15:43:26.860800000,79 days 15:43:26.860800000,-17 days +00:00:00.000000000
6893,2013-10-31 00:00:00.000000000,2014-01-27 00:00:00.000000000,2014-03-04 00:00:00.000000000,2013-04-08 00:00:00.000000000,1910-01-01 00:00:00.000000000,2013-05-11 09:13:50.736000000,2012-10-17 09:13:50.736000000,172 days 14:46:09.264000000,260 days 14:46:09.264000000,88 days 00:00:00.000000000
6894,2014-01-31 00:00:00.000000000,2013-12-23 00:00:00.000000000,2014-01-17 00:00:00.000000000,2013-05-06 00:00:00.000000000,1910-01-01 00:00:00.000000000,2013-10-16 00:00:00.000000000,2013-01-19 00:00:00.000000000,107 days 00:00:00.000000000,68 days 00:00:00.000000000,-39 days +00:00:00.000000000
6895,2013-12-31 00:00:00.000000000,2013-12-02 00:00:00.000000000,2013-12-20 00:00:00.000000000,2013-07-16 00:00:00.000000000,1910-01-01 00:00:00.000000000,2013-10-19 22:09:13.852800000,2013-05-04 22:09:13.852800000,72 days 01:50:46.147200000,43 days 01:50:46.147200000,-29 days +00:00:00.000000000
6896,2013-12-31 00:00:00.000000000,2013-12-02 00:00:00.000000000,2013-12-20 00:00:00.000000000,2013-07-16 00:00:00.000000000,1910-01-01 00:00:00.000000000,2013-10-19 22:09:13.852800000,2013-05-04 22:09:13.852800000,72 days 01:50:46.147200000,43 days 01:50:46.147200000,-29 days +00:00:00.000000000
6897,2013-11-15 00:00:00.000000000,2014-01-26 00:00:00.000000000,2014-03-04 00:00:00.000000000,2013-04-08 00:00:00.000000000,1910-01-01 00:00:00.000000000,2013-05-26 09:13:50.736000000,2012-10-17 09:13:50.736000000,172 days 14:46:09.264000000,244 days 14:46:09.264000000,72 days 00:00:00.000000000
6898,2014-01-15 00:00:00.000000000,2014-01-15 00:00:00.000000000,2014-01-31 00:00:00.000000000,2013-03-19 00:00:00.000000000,1910-01-01 00:00:00.000000000,2013-09-20 22:04:48.000000000,2012-11-22 22:04:48.000000000,116 days 01:55:12.000000000,116 days 01:55:12.000000000,0 days 00:00:00.000000000
6899,2013-11-29 00:00:00.000000000,2013-12-10 00:00:00.000000000,2014-01-08 00:00:00.000000000,2012-12-14 00:00:00.000000000,1910-01-01 00:00:00.000000000,2013-08-03 23:13:32.908800000,2012-08-18 23:13:32.908800000,117 days 00:46:27.091200000,128 days 00:46:27.091200000,11 days 00:00:00.000000000
6900,2013-12-10 00:00:00.000000000,2013-12-10 00:00:00.000000000,2014-01-08 00:00:00.000000000,2013-07-30 00:00:00.000000000,1910-01-01 00:00:00.000000000,2013-08-14 23:13:32.908800000,2013-04-03 23:13:32.908800000,117 days 00:46:27.091200000,117 days 00:46:27.091200000,0 days 00:00:00.000000000
6901,2013-12-31 00:00:00.000000000,2013-11-26 00:00:00.000000000,2013-12-05 00:00:00.000000000,2013-05-06 00:00:00.000000000,1910-01-01 00:00:00.000000000,2013-09-25 08:16:33.139200000,2013-01-29 08:16:33.139200000,96 days 15:43:26.860800000,61 days 15:43:26.860800000,-35 days +00:00:00.000000000
6902,2014-01-31 00:00:00.000000000,2014-01-13 00:00:00.000000000,2014-01-23 00:00:00.000000000,2013-04-19 00:00:00.000000000,1910-01-01 00:00:00.000000000,2013-10-23 12:37:53.702400000,2013-01-09 12:37:53.702400000,99 days 11:22:06.297600000,81 days 11:22:06.297600000,-18 days +00:00:00.000000000
6903,2014-01-31 00:00:00.000000000,2014-02-19 00:00:00.000000000,2014-02-24 00:00:00.000000000,2013-07-04 00:00:00.000000000,1910-01-01 00:00:00.000000000,2013-10-02 01:36:00.028800000,2013-03-05 01:36:00.028800000,120 days 22:23:59.971200000,139 days 22:23:59.971200000,19 days 00:00:00.000000000
6904,2014-01-31 00:00:00.000000000,2014-02-07 00:00:00.000000000,2014-02-24 00:00:00.000000000,2013-08-21 00:00:00.000000000,1910-01-01 00:00:00.000000000,2013-09-17 01:41:24.547200000,2013-04-07 01:41:24.547200000,135 days 22:18:35.452800000,142 days 22:18:35.452800000,7 days 00:00:00.000000000
6905,2014-01-31 00:00:00.000000000,2014-01-10 00:00:00.000000000,2014-01-31 00:00:00.000000000,2013-08-02 00:00:00.000000000,1910-01-01 00:00:00.000000000,2013-10-16 00:00:00.000000000,2013-04-17 00:00:00.000000000,107 days 00:00:00.000000000,86 days 00:00:00.000000000,-21 days +00:00:00.000000000
6906,2014-01-31 00:00:00.000000000,2014-02-10 00:00:00.000000000,2014-03-17 00:00:00.000000000,2013-06-28 00:00:00.000000000,1910-01-01 00:00:00.000000000,2013-10-06 22:04:48.000000000,2013-03-03 22:04:48.000000000,116 days 01:55:12.000000000,126 days 01:55:12.000000000,10 days 00:00:00.000000000
6907,2014-01-31 00:00:00.000000000,2014-02-20 00:00:00.000000000,2014-03-19 00:00:00.000000000,2013-03-19 00:00:00.000000000,1910-01-01 00:00:00.000000000,2013-10-06 22:04:48.000000000,2012-11-22 22:04:48.000000000,116 days 01:55:12.000000000,136 days 01:55:12.000000000,20 days 00:00:00.000000000
6908,2014-01-31 00:00:00.000000000,2014-02-10 00:00:00.000000000,2014-03-19 00:00:00.000000000,2013-01-24 00:00:00.000000000,1910-01-01 00:00:00.000000000,2013-10-23 12:37:53.702400000,2012-10-16 12:37:53.702400000,99 days 11:22:06.297600000,109 days 11:22:06.297600000,10 days 00:00:00.000000000
6909,2014-01-31 00:00:00.000000000,2014-02-10 00:00:00.000000000,2014-03-19 00:00:00.000000000,2013-04-19 00:00:00.000000000,1910-01-01 00:00:00.000000000,2013-10-23 12:37:53.702400000,2013-01-09 12:37:53.702400000,99 days 11:22:06.297600000,109 days 11:22:06.297600000,10 days 00:00:00.000000000
6910,2014-02-13 00:00:00.000000000,2014-01-24 00:00:00.000000000,2014-03-17 00:00:00.000000000,2013-12-17 00:00:00.000000000,1910-01-01 00:00:00.000000000,2013-11-11 12:00:00.000000000,2013-09-14 12:00:00.000000000,93 days 12:00:00.000000000,73 days 12:00:00.000000000,-20 days +00:00:00.000000000
6911,2014-01-31 00:00:00.000000000,2014-02-10 00:00:00.000000000,2014-03-19 00:00:00.000000000,2013-04-19 00:00:00.000000000,1910-01-01 00:00:00.000000000,2013-10-23 12:37:53.702400000,2013-01-09 12:37:53.702400000,99 days 11:22:06.297600000,109 days 11:22:06.297600000,10 days 00:00:00.000000000
6912,2014-01-31 00:00:00.000000000,2014-02-03 00:00:00.000000000,2014-02-24 00:00:00.000000000,2013-08-02 00:00:00.000000000,1910-01-01 00:00:00.000000000,2013-10-16 00:00:00.000000000,2013-04-17 00:00:00.000000000,107 days 00:00:00.000000000,110 days 00:00:00.000000000,3 days 00:00:00.000000000
6913,2014-01-31 00:00:00.000000000,2014-02-19 00:00:00.000000000,2014-02-24 00:00:00.000000000,2013-07-04 00:00:00.000000000,1910-01-01 00:00:00.000000000,2013-10-02 01:36:00.028800000,2013-03-05 01:36:00.028800000,120 days 22:23:59.971200000,139 days 22:23:59.971200000,19 days 00:00:00.000000000
6914,2014-01-31 00:00:00.000000000,2014-02-12 00:00:00.000000000,2014-03-04 00:00:00.000000000,2012-12-14 00:00:00.000000000,1910-01-01 00:00:00.000000000,2013-09-06 07:01:27.811200000,2012-07-20 07:01:27.811200000,146 days 16:58:32.188800000,158 days 16:58:32.188800000,12 days 00:00:00.000000000
6915,2014-03-26 00:00:00.000000000,2014-03-26 00:00:00.000000000,2014-04-28 00:00:00.000000000,2013-04-12 00:00:00.000000000,1910-01-01 00:00:00.000000000,2013-12-21 19:59:59.971200000,2013-01-07 19:59:59.971200000,94 days 04:00:00.028800000,94 days 04:00:00.028800000,0 days 00:00:00.000000000
6916,2014-01-31 00:00:00.000000000,2014-02-20 00:00:00.000000000,2014-03-19 00:00:00.000000000,2013-06-28 00:00:00.000000000,1910-01-01 00:00:00.000000000,2013-10-06 22:04:48.000000000,2013-03-03 22:04:48.000000000,116 days 01:55:12.000000000,136 days 01:55:12.000000000,20 days 00:00:00.000000000
6917,2014-03-10 00:00:00.000000000,2014-02-20 00:00:00.000000000,2014-03-19 00:00:00.000000000,2013-06-28 00:00:00.000000000,1910-01-01 00:00:00.000000000,2013-11-13 22:04:48.000000000,2013-03-03 22:04:48.000000000,116 days 01:55:12.000000000,98 days 01:55:12.000000000,-18 days +00:00:00.000000000
6918,2014-01-31 00:00:00.000000000,2014-02-19 00:00:00.000000000,2014-02-24 00:00:00.000000000,2013-05-16 00:00:00.000000000,1910-01-01 00:00:00.000000000,2013-10-02 01:36:00.028800000,2013-01-15 01:36:00.028800000,120 days 22:23:59.971200000,139 days 22:23:59.971200000,19 days 00:00:00.000000000
6919,2014-02-28 00:00:00.000000000,2014-02-18 00:00:00.000000000,2014-03-04 00:00:00.000000000,2013-08-09 00:00:00.000000000,1910-01-01 00:00:00.000000000,2013-10-04 07:01:27.811200000,2013-03-15 07:01:27.811200000,146 days 16:58:32.188800000,136 days 16:58:32.188800000,-10 days +00:00:00.000000000
6920,2014-06-03 00:00:00.000000000,2014-06-03 00:00:00.000000000,2014-06-11 00:00:00.000000000,2013-06-28 00:00:00.000000000,1910-01-01 00:00:00.000000000,2014-02-06 22:04:48.000000000,2013-03-03 22:04:48.000000000,116 days 01:55:12.000000000,116 days 01:55:12.000000000,0 days 00:00:00.000000000
6921,2014-05-30 00:00:00.000000000,2014-05-19 00:00:00.000000000,2014-06-26 00:00:00.000000000,2014-01-15 00:00:00.000000000,1910-01-01 00:00:00.000000000,2014-02-24 19:59:59.971200000,2013-10-12 19:59:59.971200000,94 days 04:00:00.028800000,83 days 04:00:00.028800000,-11 days +00:00:00.000000000
6922,2014-03-28 00:00:00.000000000,2014-04-11 00:00:00.000000000,2014-04-28 00:00:00.000000000,2013-08-09 00:00:00.000000000,1910-01-01 00:00:00.000000000,2013-11-01 07:01:27.811200000,2013-03-15 07:01:27.811200000,146 days 16:58:32.188800000,160 days 16:58:32.188800000,14 days 00:00:00.000000000
6923,2014-04-30 00:00:00.000000000,2014-05-02 00:00:00.000000000,2014-05-07 00:00:00.000000000,2013-07-04 00:00:00.000000000,1910-01-01 00:00:00.000000000,2013-12-30 01:36:00.028800000,2013-03-05 01:36:00.028800000,120 days 22:23:59.971200000,122 days 22:23:59.971200000,2 days 00:00:00.000000000
6924,2014-04-20 00:00:00.000000000,2014-04-18 00:00:00.000000000,2014-04-28 00:00:00.000000000,2013-10-16 00:00:00.000000000,1910-01-01 00:00:00.000000000,2014-01-11 01:15:47.404800000,2013-07-09 01:15:47.404800000,98 days 22:44:12.595200000,96 days 22:44:12.595200000,-2 days +00:00:00.000000000
6925,2014-03-26 00:00:00.000000000,2014-05-13 00:00:00.000000000,2014-05-16 00:00:00.000000000,2014-01-15 00:00:00.000000000,1910-01-01 00:00:00.000000000,2013-12-21 19:59:59.971200000,2013-10-12 19:59:59.971200000,94 days 04:00:00.028800000,142 days 04:00:00.028800000,48 days 00:00:00.000000000
6926,2014-03-31 00:00:00.000000000,2014-04-18 00:00:00.000000000,2014-05-07 00:00:00.000000000,2013-10-16 00:00:00.000000000,1910-01-01 00:00:00.000000000,2013-12-22 01:15:47.404800000,2013-07-09 01:15:47.404800000,98 days 22:44:12.595200000,116 days 22:44:12.595200000,18 days 00:00:00.000000000
6927,2014-05-23 00:00:00.000000000,2014-05-23 00:00:00.000000000,2014-06-04 00:00:00.000000000,2013-10-21 00:00:00.000000000,1910-01-01 00:00:00.000000000,2014-01-26 22:04:48.000000000,2013-06-26 22:04:48.000000000,116 days 01:55:12.000000000,116 days 01:55:12.000000000,0 days 00:00:00.000000000
6928,2014-05-19 00:00:00.000000000,2014-05-19 00:00:00.000000000,2014-06-04 00:00:00.000000000,2013-10-31 00:00:00.000000000,1910-01-01 00:00:00.000000000,2014-02-14 12:00:00.000000000,2013-07-29 12:00:00.000000000,93 days 12:00:00.000000000,93 days 12:00:00.000000000,0 days 00:00:00.000000000
6929,2014-04-30 00:00:00.000000000,2014-04-25 00:00:00.000000000,2014-06-11 00:00:00.000000000,2013-10-22 00:00:00.000000000,1910-01-01 00:00:00.000000000,2013-12-04 07:01:27.811200000,2013-05-28 07:01:27.811200000,146 days 16:58:32.188800000,141 days 16:58:32.188800000,-5 days +00:00:00.000000000
6930,2014-04-30 00:00:00.000000000,2014-04-22 00:00:00.000000000,2014-06-11 00:00:00.000000000,2013-10-22 00:00:00.000000000,1910-01-01 00:00:00.000000000,2013-12-04 07:01:27.811200000,2013-05-28 07:01:27.811200000,146 days 16:58:32.188800000,138 days 16:58:32.188800000,-8 days +00:00:00.000000000
6931,2014-04-30 00:00:00.000000000,2014-04-23 00:00:00.000000000,2014-06-11 00:00:00.000000000,2014-01-16 00:00:00.000000000,1910-01-01 00:00:00.000000000,2014-02-11 12:00:00.000000000,2013-10-30 12:00:00.000000000,77 days 12:00:00.000000000,70 days 12:00:00.000000000,-7 days +00:00:00.000000000
6932,2014-05-05 00:00:00.000000000,2014-06-06 00:00:00.000000000,2014-06-20 00:00:00.000000000,2013-08-02 00:00:00.000000000,1910-01-01 00:00:00.000000000,2014-01-18 00:00:00.000000000,2013-04-17 00:00:00.000000000,107 days 00:00:00.000000000,139 days 00:00:00.000000000,32 days 00:00:00.000000000
6933,2014-07-04 00:00:00.000000000,2014-06-03 00:00:00.000000000,2014-06-19 00:00:00.000000000,2013-10-21 00:00:00.000000000,1910-01-01 00:00:00.000000000,2014-03-09 22:04:48.000000000,2013-06-26 22:04:48.000000000,116 days 01:55:12.000000000,85 days 01:55:12.000000000,-31 days +00:00:00.000000000
6934,2014-04-08 00:00:00.000000000,2014-04-18 00:00:00.000000000,2014-05-22 00:00:00.000000000,2014-01-16 00:00:00.000000000,1910-01-01 00:00:00.000000000,2014-01-04 12:00:00.000000000,2013-10-14 12:00:00.000000000,93 days 12:00:00.000000000,103 days 12:00:00.000000000,10 days 00:00:00.000000000
6935,2014-05-05 00:00:00.000000000,2014-06-18 00:00:00.000000000,2014-07-01 00:00:00.000000000,2013-05-16 00:00:00.000000000,1910-01-01 00:00:00.000000000,2014-01-04 01:36:00.028800000,2013-01-15 01:36:00.028800000,120 days 22:23:59.971200000,164 days 22:23:59.971200000,44 days 00:00:00.000000000
6936,2014-05-15 00:00:00.000000000,2014-05-12 00:00:00.000000000,2014-06-30 00:00:00.000000000,2013-08-09 00:00:00.000000000,1910-01-01 00:00:00.000000000,2013-12-19 07:01:27.811200000,2013-03-15 07:01:27.811200000,146 days 16:58:32.188800000,143 days 16:58:32.188800000,-3 days +00:00:00.000000000
6937,2014-05-30 00:00:00.000000000,2014-06-02 00:00:00.000000000,2014-06-06 00:00:00.000000000,2013-09-10 00:00:00.000000000,1910-01-01 00:00:00.000000000,2014-02-19 12:37:53.702400000,2013-06-02 12:37:53.702400000,99 days 11:22:06.297600000,102 days 11:22:06.297600000,3 days 00:00:00.000000000
6938,2014-06-30 00:00:00.000000000,2014-06-21 00:00:00.000000000,2014-07-01 00:00:00.000000000,2013-07-04 00:00:00.000000000,1910-01-01 00:00:00.000000000,2014-03-01 01:36:00.028800000,2013-03-05 01:36:00.028800000,120 days 22:23:59.971200000,111 days 22:23:59.971200000,-9 days +00:00:00.000000000
6939,2014-06-30 00:00:00.000000000,2014-06-04 00:00:00.000000000,2014-07-10 00:00:00.000000000,2012-09-11 00:00:00.000000000,1910-01-01 00:00:00.000000000,2014-02-03 07:01:27.811200000,2012-04-17 07:01:27.811200000,146 days 16:58:32.188800000,120 days 16:58:32.188800000,-26 days +00:00:00.000000000
6940,2014-08-29 00:00:00.000000000,2014-06-04 00:00:00.000000000,2014-07-10 00:00:00.000000000,2012-09-11 00:00:00.000000000,1910-01-01 00:00:00.000000000,2014-04-04 07:01:27.811200000,2012-04-17 07:01:27.811200000,146 days 16:58:32.188800000,60 days 16:58:32.188800000,-86 days +00:00:00.000000000
6941,2014-06-04 00:00:00.000000000,2014-06-16 00:00:00.000000000,2014-07-10 00:00:00.000000000,2013-04-22 00:00:00.000000000,1910-01-01 00:00:00.000000000,2014-01-08 07:01:27.811200000,2012-11-26 07:01:27.811200000,146 days 16:58:32.188800000,158 days 16:58:32.188800000,12 days 00:00:00.000000000
6942,2014-06-30 00:00:00.000000000,2014-06-30 00:00:00.000000000,2014-07-01 00:00:00.000000000,2013-10-16 00:00:00.000000000,1910-01-01 00:00:00.000000000,2014-03-23 01:15:47.404800000,2013-07-09 01:15:47.404800000,98 days 22:44:12.595200000,98 days 22:44:12.595200000,0 days 00:00:00.000000000
6943,2014-08-15 00:00:00.000000000,2014-08-15 00:00:00.000000000,2014-09-22 00:00:00.000000000,2013-06-28 00:00:00.000000000,1910-01-01 00:00:00.000000000,2014-04-20 22:04:48.000000000,2013-03-03 22:04:48.000000000,116 days 01:55:12.000000000,116 days 01:55:12.000000000,0 days 00:00:00.000000000
6944,2014-07-31 00:00:00.000000000,2014-09-25 00:00:00.000000000,2014-10-06 00:00:00.000000000,2013-10-01 00:00:00.000000000,1910-01-01 00:00:00.000000000,2014-04-01 01:36:00.028800000,2013-06-02 01:36:00.028800000,120 days 22:23:59.971200000,176 days 22:23:59.971200000,56 days 00:00:00.000000000
6945,2014-09-30 00:00:00.000000000,2014-10-02 00:00:00.000000000,2014-10-22 00:00:00.000000000,2014-02-06 00:00:00.000000000,1910-01-01 00:00:00.000000000,2014-06-28 12:00:00.000000000,2013-11-04 12:00:00.000000000,93 days 12:00:00.000000000,95 days 12:00:00.000000000,2 days 00:00:00.000000000
6946,2014-08-30 00:00:00.000000000,2014-09-15 00:00:00.000000000,2014-10-17 00:00:00.000000000,2014-04-01 00:00:00.000000000,1910-01-01 00:00:00.000000000,2014-05-22 12:37:53.702400000,2013-12-22 12:37:53.702400000,99 days 11:22:06.297600000,115 days 11:22:06.297600000,16 days 00:00:00.000000000
6947,2014-08-29 00:00:00.000000000,2014-09-04 00:00:00.000000000,2014-10-06 00:00:00.000000000,2013-10-31 00:00:00.000000000,1910-01-01 00:00:00.000000000,2014-05-27 12:00:00.000000000,2013-07-29 12:00:00.000000000,93 days 12:00:00.000000000,99 days 12:00:00.000000000,6 days 00:00:00.000000000
6948,2014-09-22 00:00:00.000000000,2014-09-30 00:00:00.000000000,2014-11-17 00:00:00.000000000,2014-05-07 00:00:00.000000000,1910-01-01 00:00:00.000000000,2014-06-19 19:59:59.971200000,2014-02-01 19:59:59.971200000,94 days 04:00:00.028800000,102 days 04:00:00.028800000,8 days 00:00:00.000000000
6949,2014-06-30 00:00:00.000000000,2014-06-20 00:00:00.000000000,2014-06-25 00:00:00.000000000,2013-11-19 00:00:00.000000000,1910-01-01 00:00:00.000000000,2014-03-30 00:00:00.000000000,2013-08-19 00:00:00.000000000,92 days 00:00:00.000000000,82 days 00:00:00.000000000,-10 days +00:00:00.000000000
6950,2014-06-30 00:00:00.000000000,2014-06-20 00:00:00.000000000,2014-06-25 00:00:00.000000000,2013-11-19 00:00:00.000000000,1910-01-01 00:00:00.000000000,2014-03-30 00:00:00.000000000,2013-08-19 00:00:00.000000000,92 days 00:00:00.000000000,82 days 00:00:00.000000000,-10 days +00:00:00.000000000
6951,2014-07-31 00:00:00.000000000,2014-06-20 00:00:00.000000000,2014-06-25 00:00:00.000000000,2013-11-19 00:00:00.000000000,1910-01-01 00:00:00.000000000,2014-04-30 00:00:00.000000000,2013-08-19 00:00:00.000000000,92 days 00:00:00.000000000,51 days 00:00:00.000000000,-41 days +00:00:00.000000000
6952,2014-07-31 00:00:00.000000000,2014-07-25 00:00:00.000000000,2014-07-31 00:00:00.000000000,2014-02-02 00:00:00.000000000,1910-01-01 00:00:00.000000000,2014-04-28 12:00:00.000000000,2013-10-31 12:00:00.000000000,93 days 12:00:00.000000000,87 days 12:00:00.000000000,-6 days +00:00:00.000000000
6953,2014-10-31 00:00:00.000000000,2014-06-20 00:00:00.000000000,2014-06-25 00:00:00.000000000,2014-04-25 00:00:00.000000000,1910-01-01 00:00:00.000000000,2014-07-31 00:00:00.000000000,2014-01-23 00:00:00.000000000,92 days 00:00:00.000000000,-41 days +00:00:00.000000000,-133 days +00:00:00.000000000
6954,2014-09-18 00:00:00.000000000,2014-09-25 00:00:00.000000000,2014-11-07 00:00:00.000000000,2013-07-04 00:00:00.000000000,1910-01-01 00:00:00.000000000,2014-05-20 01:36:00.028800000,2013-03-05 01:36:00.028800000,120 days 22:23:59.971200000,127 days 22:23:59.971200000,7 days 00:00:00.000000000
6955,2014-07-31 00:00:00.000000000,2014-07-25 00:00:00.000000000,2014-07-31 00:00:00.000000000,2014-02-02 00:00:00.000000000,1910-01-01 00:00:00.000000000,2014-04-28 12:00:00.000000000,2013-10-31 12:00:00.000000000,93 days 12:00:00.000000000,87 days 12:00:00.000000000,-6 days +00:00:00.000000000
6956,2014-09-04 00:00:00.000000000,2014-09-03 00:00:00.000000000,2014-10-06 00:00:00.000000000,2014-04-16 00:00:00.000000000,1910-01-01 00:00:00.000000000,2014-06-02 12:00:00.000000000,2014-01-12 12:00:00.000000000,93 days 12:00:00.000000000,92 days 12:00:00.000000000,-1 days +00:00:00.000000000
6957,2014-09-30 00:00:00.000000000,2014-06-29 00:00:00.000000000,2014-08-04 00:00:00.000000000,2013-12-24 00:00:00.000000000,1910-01-01 00:00:00.000000000,2014-06-22 12:37:53.702400000,2013-09-15 12:37:53.702400000,99 days 11:22:06.297600000,6 days 11:22:06.297600000,-93 days +00:00:00.000000000
6958,2014-09-30 00:00:00.000000000,2014-06-29 00:00:00.000000000,2014-08-04 00:00:00.000000000,2013-12-24 00:00:00.000000000,1910-01-01 00:00:00.000000000,2014-06-22 12:37:53.702400000,2013-09-15 12:37:53.702400000,99 days 11:22:06.297600000,6 days 11:22:06.297600000,-93 days +00:00:00.000000000
6959,2014-09-30 00:00:00.000000000,2014-06-29 00:00:00.000000000,2014-08-04 00:00:00.000000000,2013-12-24 00:00:00.000000000,1910-01-01 00:00:00.000000000,2014-06-22 12:37:53.702400000,2013-09-15 12:37:53.702400000,99 days 11:22:06.297600000,6 days 11:22:06.297600000,-93 days +00:00:00.000000000
6960,2014-08-29 00:00:00.000000000,2014-08-25 00:00:00.000000000,2014-08-28 00:00:00.000000000,2013-10-21 00:00:00.000000000,1910-01-01 00:00:00.000000000,2014-05-04 22:04:48.000000000,2013-06-26 22:04:48.000000000,116 days 01:55:12.000000000,112 days 01:55:12.000000000,-4 days +00:00:00.000000000
6961,2014-09-01 00:00:00.000000000,2014-09-01 00:00:00.000000000,2014-09-02 00:00:00.000000000,2014-06-05 00:00:00.000000000,1910-01-01 00:00:00.000000000,2014-04-16 02:17:08.563200000,2014-01-18 02:17:08.563200000,137 days 21:42:51.436800000,137 days 21:42:51.436800000,0 days 00:00:00.000000000
6962,2014-08-13 00:00:00.000000000,2014-09-24 00:00:00.000000000,2014-11-06 00:00:00.000000000,2014-05-07 00:00:00.000000000,1910-01-01 00:00:00.000000000,2014-05-10 19:59:59.971200000,2014-02-01 19:59:59.971200000,94 days 04:00:00.028800000,136 days 04:00:00.028800000,42 days 00:00:00.000000000
6963,2014-08-13 00:00:00.000000000,2014-09-24 00:00:00.000000000,2014-11-06 00:00:00.000000000,2014-05-07 00:00:00.000000000,1910-01-01 00:00:00.000000000,2014-05-10 19:59:59.971200000,2014-02-01 19:59:59.971200000,94 days 04:00:00.028800000,136 days 04:00:00.028800000,42 days 00:00:00.000000000
6964,2014-08-13 00:00:00.000000000,2014-09-24 00:00:00.000000000,2014-11-06 00:00:00.000000000,2014-05-07 00:00:00.000000000,1910-01-01 00:00:00.000000000,2014-05-10 19:59:59.971200000,2014-02-01 19:59:59.971200000,94 days 04:00:00.028800000,136 days 04:00:00.028800000,42 days 00:00:00.000000000
6965,2014-09-30 00:00:00.000000000,2014-07-30 00:00:00.000000000,2014-09-05 00:00:00.000000000,2014-04-09 00:00:00.000000000,1910-01-01 00:00:00.000000000,2014-07-14 12:00:00.000000000,2014-01-21 12:00:00.000000000,77 days 12:00:00.000000000,15 days 12:00:00.000000000,-62 days +00:00:00.000000000
6966,2014-09-30 00:00:00.000000000,2014-07-30 00:00:00.000000000,2014-09-05 00:00:00.000000000,2014-04-09 00:00:00.000000000,1910-01-01 00:00:00.000000000,2014-07-14 12:00:00.000000000,2014-01-21 12:00:00.000000000,77 days 12:00:00.000000000,15 days 12:00:00.000000000,-62 days +00:00:00.000000000
6967,2014-09-30 00:00:00.000000000,2014-07-30 00:00:00.000000000,2014-09-05 00:00:00.000000000,2014-04-09 00:00:00.000000000,1910-01-01 00:00:00.000000000,2014-07-14 12:00:00.000000000,2014-01-21 12:00:00.000000000,77 days 12:00:00.000000000,15 days 12:00:00.000000000,-62 days +00:00:00.000000000
6968,2014-08-29 00:00:00.000000000,2014-11-05 00:00:00.000000000,2014-11-07 00:00:00.000000000,2013-10-21 00:00:00.000000000,1910-01-01 00:00:00.000000000,2014-05-04 22:04:48.000000000,2013-06-26 22:04:48.000000000,116 days 01:55:12.000000000,184 days 01:55:12.000000000,68 days 00:00:00.000000000
6969,2014-10-31 00:00:00.000000000,2014-08-18 00:00:00.000000000,2014-09-05 00:00:00.000000000,2014-05-23 00:00:00.000000000,1910-01-01 00:00:00.000000000,2014-06-06 07:01:27.811200000,2013-12-27 07:01:27.811200000,146 days 16:58:32.188800000,72 days 16:58:32.188800000,-74 days +00:00:00.000000000
6970,2014-12-31 00:00:00.000000000,2014-10-27 00:00:00.000000000,2014-11-07 00:00:00.000000000,2014-05-02 00:00:00.000000000,1910-01-01 00:00:00.000000000,2014-09-05 22:04:48.000000000,2014-01-05 22:04:48.000000000,116 days 01:55:12.000000000,51 days 01:55:12.000000000,-65 days +00:00:00.000000000
6971,2014-08-31 00:00:00.000000000,2014-10-30 00:00:00.000000000,2014-11-13 00:00:00.000000000,2014-01-17 00:00:00.000000000,1910-01-01 00:00:00.000000000,2014-05-06 22:04:48.000000000,2013-09-22 22:04:48.000000000,116 days 01:55:12.000000000,176 days 01:55:12.000000000,60 days 00:00:00.000000000
6972,2014-07-29 00:00:00.000000000,2014-07-10 00:00:00.000000000,2014-07-17 00:00:00.000000000,2014-06-30 00:00:00.000000000,1910-01-01 00:00:00.000000000,2014-05-15 12:00:00.000000000,2014-04-16 12:00:00.000000000,74 days 12:00:00.000000000,55 days 12:00:00.000000000,-19 days +00:00:00.000000000
6973,2015-01-30 00:00:00.000000000,2014-12-16 00:00:00.000000000,2014-12-17 00:00:00.000000000,2014-07-02 00:00:00.000000000,1910-01-01 00:00:00.000000000,2014-09-30 04:10:26.083200000,2014-03-02 04:10:26.083200000,121 days 19:49:33.916800000,76 days 19:49:33.916800000,-45 days +00:00:00.000000000
6974,2014-09-30 00:00:00.000000000,2014-10-27 00:00:00.000000000,2014-11-07 00:00:00.000000000,2013-12-09 00:00:00.000000000,1910-01-01 00:00:00.000000000,2014-06-05 22:04:48.000000000,2013-08-14 22:04:48.000000000,116 days 01:55:12.000000000,143 days 01:55:12.000000000,27 days 00:00:00.000000000
6975,2014-09-30 00:00:00.000000000,2014-09-03 00:00:00.000000000,2014-09-05 00:00:00.000000000,2014-02-13 00:00:00.000000000,1910-01-01 00:00:00.000000000,2014-06-30 00:00:00.000000000,2013-11-13 00:00:00.000000000,92 days 00:00:00.000000000,65 days 00:00:00.000000000,-27 days +00:00:00.000000000
6976,2014-09-30 00:00:00.000000000,2014-09-15 00:00:00.000000000,2014-09-25 00:00:00.000000000,2014-07-30 00:00:00.000000000,1910-01-01 00:00:00.000000000,2014-07-16 07:23:04.588800000,2014-05-15 07:23:04.588800000,75 days 16:36:55.411200000,60 days 16:36:55.411200000,-15 days +00:00:00.000000000
6977,2014-09-30 00:00:00.000000000,2014-10-15 00:00:00.000000000,2014-10-22 00:00:00.000000000,2013-10-28 00:00:00.000000000,1910-01-01 00:00:00.000000000,2014-05-15 02:17:08.563200000,2013-06-12 02:17:08.563200000,137 days 21:42:51.436800000,152 days 21:42:51.436800000,15 days 00:00:00.000000000
6978,2014-10-30 00:00:00.000000000,2014-10-17 00:00:00.000000000,2014-11-07 00:00:00.000000000,2013-10-01 00:00:00.000000000,1910-01-01 00:00:00.000000000,2014-07-01 01:36:00.028800000,2013-06-02 01:36:00.028800000,120 days 22:23:59.971200000,107 days 22:23:59.971200000,-13 days +00:00:00.000000000
6979,2014-10-31 00:00:00.000000000,2014-10-30 00:00:00.000000000,2014-11-13 00:00:00.000000000,2014-01-17 00:00:00.000000000,1910-01-01 00:00:00.000000000,2014-07-06 22:04:48.000000000,2013-09-22 22:04:48.000000000,116 days 01:55:12.000000000,115 days 01:55:12.000000000,-1 days +00:00:00.000000000
6980,2014-12-31 00:00:00.000000000,2014-10-28 00:00:00.000000000,2014-11-13 00:00:00.000000000,2014-05-02 00:00:00.000000000,1910-01-01 00:00:00.000000000,2014-09-05 22:04:48.000000000,2014-01-05 22:04:48.000000000,116 days 01:55:12.000000000,52 days 01:55:12.000000000,-64 days +00:00:00.000000000
6981,2014-10-31 00:00:00.000000000,2014-10-02 00:00:00.000000000,2014-10-22 00:00:00.000000000,2014-02-06 00:00:00.000000000,1910-01-01 00:00:00.000000000,2014-07-29 12:00:00.000000000,2013-11-04 12:00:00.000000000,93 days 12:00:00.000000000,64 days 12:00:00.000000000,-29 days +00:00:00.000000000
6982,2014-10-31 00:00:00.000000000,2014-10-15 00:00:00.000000000,2014-10-28 00:00:00.000000000,2014-04-18 00:00:00.000000000,1910-01-01 00:00:00.000000000,2014-09-02 13:42:51.465600000,2014-02-18 13:42:51.465600000,58 days 10:17:08.534400000,42 days 10:17:08.534400000,-16 days +00:00:00.000000000
6983,2014-10-31 00:00:00.000000000,2014-10-17 00:00:00.000000000,2014-11-07 00:00:00.000000000,2014-01-29 00:00:00.000000000,1910-01-01 00:00:00.000000000,2014-06-06 07:01:27.811200000,2013-09-04 07:01:27.811200000,146 days 16:58:32.188800000,132 days 16:58:32.188800000,-14 days +00:00:00.000000000
6984,2014-11-14 00:00:00.000000000,2014-10-30 00:00:00.000000000,2014-11-07 00:00:00.000000000,2014-04-02 00:00:00.000000000,1910-01-01 00:00:00.000000000,2014-08-06 12:37:53.702400000,2013-12-23 12:37:53.702400000,99 days 11:22:06.297600000,84 days 11:22:06.297600000,-15 days +00:00:00.000000000
6985,2014-10-30 00:00:00.000000000,2014-11-03 00:00:00.000000000,2014-11-10 00:00:00.000000000,2014-04-01 00:00:00.000000000,1910-01-01 00:00:00.000000000,2014-07-22 12:37:53.702400000,2013-12-22 12:37:53.702400000,99 days 11:22:06.297600000,103 days 11:22:06.297600000,4 days 00:00:00.000000000
6986,2015-04-14 00:00:00.000000000,2015-04-14 00:00:00.000000000,2015-04-14 00:00:00.000000000,2014-07-14 00:00:00.000000000,1910-01-01 00:00:00.000000000,2014-12-10 07:45:52.905600000,2014-03-11 07:45:52.905600000,124 days 16:14:07.094400000,124 days 16:14:07.094400000,0 days 00:00:00.000000000
6987,2015-04-14 00:00:00.000000000,2015-04-14 00:00:00.000000000,2015-04-14 00:00:00.000000000,2014-07-14 00:00:00.000000000,1910-01-01 00:00:00.000000000,2014-12-10 07:45:52.905600000,2014-03-11 07:45:52.905600000,124 days 16:14:07.094400000,124 days 16:14:07.094400000,0 days 00:00:00.000000000
6988,2015-01-31 00:00:00.000000000,2014-10-30 00:00:00.000000000,2014-11-07 00:00:00.000000000,2014-06-13 00:00:00.000000000,1910-01-01 00:00:00.000000000,2014-09-19 12:00:00.000000000,2014-01-30 12:00:00.000000000,133 days 12:00:00.000000000,40 days 12:00:00.000000000,-93 days +00:00:00.000000000
6989,2015-01-31 00:00:00.000000000,2014-10-30 00:00:00.000000000,2014-11-07 00:00:00.000000000,2014-06-13 00:00:00.000000000,1910-01-01 00:00:00.000000000,2014-09-19 12:00:00.000000000,2014-01-30 12:00:00.000000000,133 days 12:00:00.000000000,40 days 12:00:00.000000000,-93 days +00:00:00.000000000
6990,2015-01-30 00:00:00.000000000,2015-02-18 00:00:00.000000000,2015-02-23 00:00:00.000000000,2014-07-14 00:00:00.000000000,1910-01-01 00:00:00.000000000,2014-09-27 07:45:52.905600000,2014-03-11 07:45:52.905600000,124 days 16:14:07.094400000,143 days 16:14:07.094400000,19 days 00:00:00.000000000
6991,2014-10-31 00:00:00.000000000,2014-10-30 00:00:00.000000000,2014-11-03 00:00:00.000000000,2013-11-19 00:00:00.000000000,1910-01-01 00:00:00.000000000,2014-07-31 00:00:00.000000000,2013-08-19 00:00:00.000000000,92 days 00:00:00.000000000,91 days 00:00:00.000000000,-1 days +00:00:00.000000000
6992,2014-10-31 00:00:00.000000000,2014-10-30 00:00:00.000000000,2014-11-03 00:00:00.000000000,2014-02-13 00:00:00.000000000,1910-01-01 00:00:00.000000000,2014-07-31 00:00:00.000000000,2013-11-13 00:00:00.000000000,92 days 00:00:00.000000000,91 days 00:00:00.000000000,-1 days +00:00:00.000000000
6993,2015-03-31 00:00:00.000000000,2014-10-30 00:00:00.000000000,2014-11-03 00:00:00.000000000,2014-08-13 00:00:00.000000000,1910-01-01 00:00:00.000000000,2014-12-21 19:34:44.169600000,2014-05-05 19:34:44.169600000,99 days 04:25:15.830400000,-53 days +04:25:15.830400000,-152 days +00:00:00.000000000
6994,2014-11-30 00:00:00.000000000,2014-10-30 00:00:00.000000000,2014-11-03 00:00:00.000000000,2014-04-25 00:00:00.000000000,1910-01-01 00:00:00.000000000,2014-08-30 00:00:00.000000000,2014-01-23 00:00:00.000000000,92 days 00:00:00.000000000,61 days 00:00:00.000000000,-31 days +00:00:00.000000000
6995,2014-11-28 00:00:00.000000000,2014-12-03 00:00:00.000000000,2014-12-04 00:00:00.000000000,2014-06-04 00:00:00.000000000,1910-01-01 00:00:00.000000000,2014-08-21 01:15:47.404800000,2014-02-25 01:15:47.404800000,98 days 22:44:12.595200000,103 days 22:44:12.595200000,5 days 00:00:00.000000000
6996,2015-01-30 00:00:00.000000000,2015-01-14 00:00:00.000000000,2015-01-19 00:00:00.000000000,2014-04-22 00:00:00.000000000,1910-01-01 00:00:00.000000000,2014-10-17 05:42:51.408000000,2014-01-07 05:42:51.408000000,104 days 18:17:08.592000000,88 days 18:17:08.592000000,-16 days +00:00:00.000000000
6997,2015-02-16 00:00:00.000000000,2015-01-14 00:00:00.000000000,2015-01-19 00:00:00.000000000,2014-04-22 00:00:00.000000000,1910-01-01 00:00:00.000000000,2014-11-03 05:42:51.408000000,2014-01-07 05:42:51.408000000,104 days 18:17:08.592000000,71 days 18:17:08.592000000,-33 days +00:00:00.000000000
6998,2015-01-30 00:00:00.000000000,2015-02-11 00:00:00.000000000,2015-02-16 00:00:00.000000000,2014-01-29 00:00:00.000000000,1910-01-01 00:00:00.000000000,2014-06-20 12:00:00.000000000,2013-06-19 12:00:00.000000000,223 days 12:00:00.000000000,235 days 12:00:00.000000000,12 days 00:00:00.000000000
6999,2015-03-02 00:00:00.000000000,2015-03-02 00:00:00.000000000,2015-03-09 00:00:00.000000000,2014-05-02 00:00:00.000000000,1910-01-01 00:00:00.000000000,2014-10-24 12:55:23.116800000,2013-12-24 12:55:23.116800000,128 days 11:04:36.883200000,128 days 11:04:36.883200000,0 days 00:00:00.000000000
7000,2015-01-14 00:00:00.000000000,2014-12-24 00:00:00.000000000,2015-01-05 00:00:00.000000000,2014-10-15 00:00:00.000000000,1910-01-01 00:00:00.000000000,2014-10-01 05:42:51.408000000,2014-07-02 05:42:51.408000000,104 days 18:17:08.592000000,83 days 18:17:08.592000000,-21 days +00:00:00.000000000
7001,2015-03-23 00:00:00.000000000,2015-03-23 00:00:00.000000000,2015-03-23 00:00:00.000000000,2013-10-21 00:00:00.000000000,1910-01-01 00:00:00.000000000,2014-11-14 12:55:23.116800000,2013-06-14 12:55:23.116800000,128 days 11:04:36.883200000,128 days 11:04:36.883200000,0 days 00:00:00.000000000
7002,2015-01-31 00:00:00.000000000,2014-12-24 00:00:00.000000000,2014-12-31 00:00:00.000000000,2014-10-15 00:00:00.000000000,1910-01-01 00:00:00.000000000,2014-10-18 05:42:51.408000000,2014-07-02 05:42:51.408000000,104 days 18:17:08.592000000,66 days 18:17:08.592000000,-38 days +00:00:00.000000000
7003,2015-01-30 00:00:00.000000000,2015-01-06 00:00:00.000000000,2015-01-29 00:00:00.000000000,2014-10-22 00:00:00.000000000,1910-01-01 00:00:00.000000000,2014-11-21 16:00:00.028800000,2014-08-13 16:00:00.028800000,69 days 07:59:59.971200000,45 days 07:59:59.971200000,-24 days +00:00:00.000000000
7004,2015-03-31 00:00:00.000000000,2015-01-06 00:00:00.000000000,2015-01-29 00:00:00.000000000,2014-10-22 00:00:00.000000000,1910-01-01 00:00:00.000000000,2015-01-20 16:00:00.028800000,2014-08-13 16:00:00.028800000,69 days 07:59:59.971200000,-15 days +07:59:59.971200000,-84 days +00:00:00.000000000
7005,2015-02-16 00:00:00.000000000,2015-01-19 00:00:00.000000000,2015-01-27 00:00:00.000000000,2014-05-23 00:00:00.000000000,1910-01-01 00:00:00.000000000,2014-07-07 12:00:00.000000000,2013-10-11 12:00:00.000000000,223 days 12:00:00.000000000,195 days 12:00:00.000000000,-28 days +00:00:00.000000000
7006,2015-02-16 00:00:00.000000000,2015-01-19 00:00:00.000000000,2015-01-27 00:00:00.000000000,2014-05-23 00:00:00.000000000,1910-01-01 00:00:00.000000000,2014-07-07 12:00:00.000000000,2013-10-11 12:00:00.000000000,223 days 12:00:00.000000000,195 days 12:00:00.000000000,-28 days +00:00:00.000000000
7007,2015-01-30 00:00:00.000000000,2015-02-09 00:00:00.000000000,2015-02-20 00:00:00.000000000,2014-10-15 00:00:00.000000000,1910-01-01 00:00:00.000000000,2014-10-17 05:42:51.408000000,2014-07-02 05:42:51.408000000,104 days 18:17:08.592000000,114 days 18:17:08.592000000,10 days 00:00:00.000000000
7008,2015-02-27 00:00:00.000000000,2015-02-25 00:00:00.000000000,2015-03-05 00:00:00.000000000,2014-06-04 00:00:00.000000000,1910-01-01 00:00:00.000000000,2014-09-25 12:42:21.196800000,2013-12-31 12:42:21.196800000,154 days 11:17:38.803200000,152 days 11:17:38.803200000,-2 days +00:00:00.000000000
7009,2015-02-27 00:00:00.000000000,2015-03-30 00:00:00.000000000,2015-03-30 00:00:00.000000000,2014-01-17 00:00:00.000000000,1910-01-01 00:00:00.000000000,2014-10-21 12:55:23.116800000,2013-09-10 12:55:23.116800000,128 days 11:04:36.883200000,159 days 11:04:36.883200000,31 days 00:00:00.000000000
7010,2015-03-07 00:00:00.000000000,2015-03-17 00:00:00.000000000,2015-03-18 00:00:00.000000000,2014-04-02 00:00:00.000000000,1910-01-01 00:00:00.000000000,2014-10-24 12:00:00.000000000,2013-11-19 12:00:00.000000000,133 days 12:00:00.000000000,143 days 12:00:00.000000000,10 days 00:00:00.000000000
7011,2015-02-27 00:00:00.000000000,2015-02-28 00:00:00.000000000,2015-03-05 00:00:00.000000000,2014-11-19 00:00:00.000000000,1910-01-01 00:00:00.000000000,2014-09-04 03:00:00.000000000,2014-05-27 03:00:00.000000000,175 days 21:00:00.000000000,176 days 21:00:00.000000000,1 days 00:00:00.000000000
7012,2015-03-31 00:00:00.000000000,2015-03-24 00:00:00.000000000,2015-03-24 00:00:00.000000000,2014-04-22 00:00:00.000000000,1910-01-01 00:00:00.000000000,2014-12-16 05:42:51.408000000,2014-01-07 05:42:51.408000000,104 days 18:17:08.592000000,97 days 18:17:08.592000000,-7 days +00:00:00.000000000
7013,2015-03-31 00:00:00.000000000,2015-03-24 00:00:00.000000000,2015-03-24 00:00:00.000000000,2014-10-15 00:00:00.000000000,1910-01-01 00:00:00.000000000,2014-12-16 05:42:51.408000000,2014-07-02 05:42:51.408000000,104 days 18:17:08.592000000,97 days 18:17:08.592000000,-7 days +00:00:00.000000000
7014,2015-03-31 00:00:00.000000000,2015-03-24 00:00:00.000000000,2015-03-24 00:00:00.000000000,2014-10-15 00:00:00.000000000,1910-01-01 00:00:00.000000000,2014-12-16 05:42:51.408000000,2014-07-02 05:42:51.408000000,104 days 18:17:08.592000000,97 days 18:17:08.592000000,-7 days +00:00:00.000000000
7015,2015-02-28 00:00:00.000000000,2015-03-10 00:00:00.000000000,2015-03-17 00:00:00.000000000,2014-08-13 00:00:00.000000000,1910-01-01 00:00:00.000000000,2014-11-20 19:34:44.169600000,2014-05-05 19:34:44.169600000,99 days 04:25:15.830400000,109 days 04:25:15.830400000,10 days 00:00:00.000000000
7016,2015-02-28 00:00:00.000000000,2015-03-10 00:00:00.000000000,2015-03-17 00:00:00.000000000,2014-08-13 00:00:00.000000000,1910-01-01 00:00:00.000000000,2014-11-20 19:34:44.169600000,2014-05-05 19:34:44.169600000,99 days 04:25:15.830400000,109 days 04:25:15.830400000,10 days 00:00:00.000000000
7017,2015-03-27 00:00:00.000000000,2015-03-26 00:00:00.000000000,2015-03-30 00:00:00.000000000,2014-05-23 00:00:00.000000000,1910-01-01 00:00:00.000000000,2014-08-15 12:00:00.000000000,2013-10-11 12:00:00.000000000,223 days 12:00:00.000000000,222 days 12:00:00.000000000,-1 days +00:00:00.000000000
7018,2015-03-31 00:00:00.000000000,2015-03-23 00:00:00.000000000,2015-03-30 00:00:00.000000000,2015-02-18 00:00:00.000000000,1910-01-01 00:00:00.000000000,2015-02-04 00:00:00.000000000,2014-12-25 00:00:00.000000000,55 days 00:00:00.000000000,47 days 00:00:00.000000000,-8 days +00:00:00.000000000
7019,2015-05-29 00:00:00.000000000,2015-04-29 00:00:00.000000000,2015-04-29 00:00:00.000000000,2014-05-23 00:00:00.000000000,1910-01-01 00:00:00.000000000,2014-10-17 12:00:00.000000000,2013-10-11 12:00:00.000000000,223 days 12:00:00.000000000,193 days 12:00:00.000000000,-30 days +00:00:00.000000000
7020,2015-04-30 00:00:00.000000000,2015-05-19 00:00:00.000000000,2015-05-25 00:00:00.000000000,2014-12-22 00:00:00.000000000,1910-01-01 00:00:00.000000000,2015-01-15 05:42:51.408000000,2014-09-08 05:42:51.408000000,104 days 18:17:08.592000000,123 days 18:17:08.592000000,19 days 00:00:00.000000000
7021,2015-04-30 00:00:00.000000000,2015-04-22 00:00:00.000000000,2015-04-24 00:00:00.000000000,2014-11-03 00:00:00.000000000,1910-01-01 00:00:00.000000000,2014-11-26 12:42:21.196800000,2014-06-01 12:42:21.196800000,154 days 11:17:38.803200000,146 days 11:17:38.803200000,-8 days +00:00:00.000000000
7022,2015-04-30 00:00:00.000000000,2015-04-10 00:00:00.000000000,2015-04-14 00:00:00.000000000,2014-04-02 00:00:00.000000000,1910-01-01 00:00:00.000000000,2014-12-17 12:00:00.000000000,2013-11-19 12:00:00.000000000,133 days 12:00:00.000000000,113 days 12:00:00.000000000,-20 days +00:00:00.000000000
7023,2015-04-30 00:00:00.000000000,2015-04-15 00:00:00.000000000,2015-04-20 00:00:00.000000000,2014-08-13 00:00:00.000000000,1910-01-01 00:00:00.000000000,2015-01-20 19:34:44.169600000,2014-05-05 19:34:44.169600000,99 days 04:25:15.830400000,84 days 04:25:15.830400000,-15 days +00:00:00.000000000
7024,2015-05-29 00:00:00.000000000,2015-05-15 00:00:00.000000000,2015-05-15 00:00:00.000000000,2014-08-12 00:00:00.000000000,1910-01-01 00:00:00.000000000,2014-11-10 09:20:00.009600000,2014-01-24 09:20:00.009600000,199 days 14:39:59.990400000,185 days 14:39:59.990400000,-14 days +00:00:00.000000000
7025,2015-06-15 00:00:00.000000000,2015-05-15 00:00:00.000000000,2015-05-15 00:00:00.000000000,2014-08-12 00:00:00.000000000,1910-01-01 00:00:00.000000000,2014-11-27 09:20:00.009600000,2014-01-24 09:20:00.009600000,199 days 14:39:59.990400000,168 days 14:39:59.990400000,-31 days +00:00:00.000000000
7026,2015-05-29 00:00:00.000000000,2015-06-08 00:00:00.000000000,2015-06-19 00:00:00.000000000,2014-10-24 00:00:00.000000000,1910-01-01 00:00:00.000000000,2014-10-17 12:00:00.000000000,2014-03-14 12:00:00.000000000,223 days 12:00:00.000000000,233 days 12:00:00.000000000,10 days 00:00:00.000000000
7027,2015-05-29 00:00:00.000000000,2015-05-15 00:00:00.000000000,2015-05-15 00:00:00.000000000,2014-07-11 00:00:00.000000000,1910-01-01 00:00:00.000000000,2014-11-10 09:20:00.009600000,2013-12-23 09:20:00.009600000,199 days 14:39:59.990400000,185 days 14:39:59.990400000,-14 days +00:00:00.000000000
7028,2015-05-29 00:00:00.000000000,2015-05-13 00:00:00.000000000,2015-05-21 00:00:00.000000000,2014-04-25 00:00:00.000000000,1910-01-01 00:00:00.000000000,2015-02-18 19:34:44.169600000,2014-01-15 19:34:44.169600000,99 days 04:25:15.830400000,83 days 04:25:15.830400000,-16 days +00:00:00.000000000
7029,2015-05-29 00:00:00.000000000,2015-05-29 00:00:00.000000000,2015-06-18 00:00:00.000000000,2014-05-23 00:00:00.000000000,1910-01-01 00:00:00.000000000,2014-10-17 12:00:00.000000000,2013-10-11 12:00:00.000000000,223 days 12:00:00.000000000,223 days 12:00:00.000000000,0 days 00:00:00.000000000
7030,2015-08-17 00:00:00.000000000,2015-08-07 00:00:00.000000000,2015-08-11 00:00:00.000000000,2015-03-31 00:00:00.000000000,1910-01-01 00:00:00.000000000,2015-04-14 07:45:52.905600000,2014-11-26 07:45:52.905600000,124 days 16:14:07.094400000,114 days 16:14:07.094400000,-10 days +00:00:00.000000000
7031,2015-07-08 00:00:00.000000000,2015-07-30 00:00:00.000000000,2015-07-30 00:00:00.000000000,2015-03-31 00:00:00.000000000,1910-01-01 00:00:00.000000000,2015-03-05 07:45:52.905600000,2014-11-26 07:45:52.905600000,124 days 16:14:07.094400000,146 days 16:14:07.094400000,22 days 00:00:00.000000000
7032,2015-06-30 00:00:00.000000000,2015-06-26 00:00:00.000000000,2015-07-03 00:00:00.000000000,2015-01-02 00:00:00.000000000,1910-01-01 00:00:00.000000000,2015-04-21 16:00:00.028800000,2014-10-24 16:00:00.028800000,69 days 07:59:59.971200000,65 days 07:59:59.971200000,-4 days +00:00:00.000000000
7033,2015-07-31 00:00:00.000000000,2015-07-23 00:00:00.000000000,2015-07-23 00:00:00.000000000,2014-11-03 00:00:00.000000000,1910-01-01 00:00:00.000000000,2015-02-26 12:42:21.196800000,2014-06-01 12:42:21.196800000,154 days 11:17:38.803200000,146 days 11:17:38.803200000,-8 days +00:00:00.000000000
7034,2015-07-31 00:00:00.000000000,2015-07-23 00:00:00.000000000,2015-07-23 00:00:00.000000000,2014-11-03 00:00:00.000000000,1910-01-01 00:00:00.000000000,2015-02-26 12:42:21.196800000,2014-06-01 12:42:21.196800000,154 days 11:17:38.803200000,146 days 11:17:38.803200000,-8 days +00:00:00.000000000
7035,2015-07-31 00:00:00.000000000,2015-07-23 00:00:00.000000000,2015-07-23 00:00:00.000000000,2014-12-22 00:00:00.000000000,1910-01-01 00:00:00.000000000,2015-02-26 12:42:21.196800000,2014-07-20 12:42:21.196800000,154 days 11:17:38.803200000,146 days 11:17:38.803200000,-8 days +00:00:00.000000000
7036,2015-07-31 00:00:00.000000000,2015-08-06 00:00:00.000000000,2015-08-07 00:00:00.000000000,2014-10-24 00:00:00.000000000,1910-01-01 00:00:00.000000000,2014-12-19 12:00:00.000000000,2014-03-14 12:00:00.000000000,223 days 12:00:00.000000000,229 days 12:00:00.000000000,6 days 00:00:00.000000000
7037,2015-08-15 00:00:00.000000000,2015-08-25 00:00:00.000000000,2015-09-03 00:00:00.000000000,2014-08-12 00:00:00.000000000,1910-01-01 00:00:00.000000000,2015-01-27 09:20:00.009600000,2014-01-24 09:20:00.009600000,199 days 14:39:59.990400000,209 days 14:39:59.990400000,10 days 00:00:00.000000000
7038,2015-08-14 00:00:00.000000000,2015-08-08 00:00:00.000000000,2015-08-10 00:00:00.000000000,2014-11-03 00:00:00.000000000,1910-01-01 00:00:00.000000000,2015-03-12 12:42:21.196800000,2014-06-01 12:42:21.196800000,154 days 11:17:38.803200000,148 days 11:17:38.803200000,-6 days +00:00:00.000000000
7039,2015-12-31 00:00:00.000000000,2015-08-28 00:00:00.000000000,2015-09-02 00:00:00.000000000,2015-07-07 00:00:00.000000000,1910-01-01 00:00:00.000000000,2015-09-22 19:34:44.169600000,2015-03-29 19:34:44.169600000,99 days 04:25:15.830400000,-26 days +04:25:15.830400000,-125 days +00:00:00.000000000
7040,2015-09-08 00:00:00.000000000,2015-08-26 00:00:00.000000000,2015-09-02 00:00:00.000000000,2015-07-07 00:00:00.000000000,1910-01-01 00:00:00.000000000,2015-05-26 05:42:51.408000000,2015-03-24 05:42:51.408000000,104 days 18:17:08.592000000,91 days 18:17:08.592000000,-13 days +00:00:00.000000000
7041,2009-07-30 00:00:00.000000000,2009-08-04 00:00:00.000000000,2009-08-04 00:00:00.000000000,2009-05-26 00:00:00.000000000,1910-01-01 00:00:00.000000000,2009-04-12 14:36:31.334400000,2009-02-06 14:36:31.334400000,108 days 09:23:28.665600000,113 days 09:23:28.665600000,5 days 00:00:00.000000000
7042,2009-07-30 00:00:00.000000000,2009-08-04 00:00:00.000000000,2009-08-04 00:00:00.000000000,2009-05-26 00:00:00.000000000,1910-01-01 00:00:00.000000000,2009-04-12 14:36:31.334400000,2009-02-06 14:36:31.334400000,108 days 09:23:28.665600000,113 days 09:23:28.665600000,5 days 00:00:00.000000000
7043,2009-09-17 00:00:00.000000000,2009-09-14 00:00:00.000000000,2009-09-14 00:00:00.000000000,2009-05-26 00:00:00.000000000,1910-01-01 00:00:00.000000000,2009-05-31 14:36:31.334400000,2009-02-06 14:36:31.334400000,108 days 09:23:28.665600000,105 days 09:23:28.665600000,-3 days +00:00:00.000000000
7044,2009-10-22 00:00:00.000000000,2009-10-16 00:00:00.000000000,2009-10-16 00:00:00.000000000,2009-09-09 00:00:00.000000000,1910-01-01 00:00:00.000000000,2009-07-03 04:55:23.059200000,2009-05-21 04:55:23.059200000,110 days 19:04:36.940800000,104 days 19:04:36.940800000,-6 days +00:00:00.000000000
7045,2009-10-23 00:00:00.000000000,2009-10-23 00:00:00.000000000,2009-10-23 00:00:00.000000000,2009-09-09 00:00:00.000000000,1910-01-01 00:00:00.000000000,2009-07-04 04:55:23.059200000,2009-05-21 04:55:23.059200000,110 days 19:04:36.940800000,110 days 19:04:36.940800000,0 days 00:00:00.000000000
7046,2009-11-18 00:00:00.000000000,2009-10-18 00:00:00.000000000,2009-10-18 00:00:00.000000000,2009-09-22 00:00:00.000000000,1910-01-01 00:00:00.000000000,2009-09-02 23:06:40.003200000,2009-07-07 23:06:40.003200000,76 days 00:53:19.996800000,45 days 00:53:19.996800000,-31 days +00:00:00.000000000
7047,2009-11-27 00:00:00.000000000,2009-11-13 00:00:00.000000000,2009-11-13 00:00:00.000000000,2009-09-09 00:00:00.000000000,1910-01-01 00:00:00.000000000,2009-08-08 04:55:23.059200000,2009-05-21 04:55:23.059200000,110 days 19:04:36.940800000,96 days 19:04:36.940800000,-14 days +00:00:00.000000000
7048,2009-11-26 00:00:00.000000000,2009-11-05 00:00:00.000000000,2009-11-05 00:00:00.000000000,2009-09-09 00:00:00.000000000,1910-01-01 00:00:00.000000000,2009-08-07 04:55:23.059200000,2009-05-21 04:55:23.059200000,110 days 19:04:36.940800000,89 days 19:04:36.940800000,-21 days +00:00:00.000000000
7049,2009-12-03 00:00:00.000000000,2009-11-30 00:00:00.000000000,2009-11-30 00:00:00.000000000,2009-09-17 00:00:00.000000000,1910-01-01 00:00:00.000000000,2009-10-13 07:12:00.000000000,2009-07-28 07:12:00.000000000,50 days 16:48:00.000000000,47 days 16:48:00.000000000,-3 days +00:00:00.000000000
7050,2009-12-07 00:00:00.000000000,2009-11-30 00:00:00.000000000,2009-11-30 00:00:00.000000000,2009-09-25 00:00:00.000000000,1910-01-01 00:00:00.000000000,2009-10-17 07:12:00.000000000,2009-08-05 07:12:00.000000000,50 days 16:48:00.000000000,43 days 16:48:00.000000000,-7 days +00:00:00.000000000
7051,2009-11-26 00:00:00.000000000,2009-12-02 00:00:00.000000000,2009-12-02 00:00:00.000000000,2009-09-09 00:00:00.000000000,1910-01-01 00:00:00.000000000,2009-08-07 04:55:23.059200000,2009-05-21 04:55:23.059200000,110 days 19:04:36.940800000,116 days 19:04:36.940800000,6 days 00:00:00.000000000
7052,2009-12-18 00:00:00.000000000,2009-12-18 00:00:00.000000000,2009-12-18 00:00:00.000000000,2009-07-27 00:00:00.000000000,1910-01-01 00:00:00.000000000,2009-08-31 14:36:31.334400000,2009-04-09 14:36:31.334400000,108 days 09:23:28.665600000,108 days 09:23:28.665600000,0 days 00:00:00.000000000
7053,2009-12-09 00:00:00.000000000,2009-12-01 00:00:00.000000000,2009-12-01 00:00:00.000000000,2009-10-23 00:00:00.000000000,1910-01-01 00:00:00.000000000,2009-09-23 23:06:40.003200000,2009-08-07 23:06:40.003200000,76 days 00:53:19.996800000,68 days 00:53:19.996800000,-8 days +00:00:00.000000000
7054,2010-01-15 00:00:00.000000000,2009-11-26 00:00:00.000000000,2009-11-26 00:00:00.000000000,2009-08-05 00:00:00.000000000,1910-01-01 00:00:00.000000000,2009-09-29 09:49:05.462400000,2009-04-19 09:49:05.462400000,107 days 14:10:54.537600000,57 days 14:10:54.537600000,-50 days +00:00:00.000000000
7055,2009-12-30 00:00:00.000000000,2010-01-05 00:00:00.000000000,2010-01-05 00:00:00.000000000,2009-09-09 00:00:00.000000000,1910-01-01 00:00:00.000000000,2009-09-10 04:55:23.059200000,2009-05-21 04:55:23.059200000,110 days 19:04:36.940800000,116 days 19:04:36.940800000,6 days 00:00:00.000000000
7056,2010-02-08 00:00:00.000000000,2010-01-23 00:00:00.000000000,2010-01-23 00:00:00.000000000,2009-10-15 00:00:00.000000000,1910-01-01 00:00:00.000000000,2009-11-02 07:36:35.107200001,2009-07-09 07:36:35.107200001,97 days 16:23:24.892799999,81 days 16:23:24.892799999,-16 days +00:00:00.000000000
7057,2010-02-09 00:00:00.000000000,2010-02-02 00:00:00.000000000,2010-02-02 00:00:00.000000000,2009-10-15 00:00:00.000000000,1910-01-01 00:00:00.000000000,2009-11-03 07:36:35.107200001,2009-07-09 07:36:35.107200001,97 days 16:23:24.892799999,90 days 16:23:24.892799999,-7 days +00:00:00.000000000
7058,2009-11-30 00:00:00.000000000,2009-11-22 00:00:00.000000000,2009-11-22 00:00:00.000000000,2009-06-03 00:00:00.000000000,1910-01-01 00:00:00.000000000,2009-09-13 05:11:48.624000000,2009-03-17 05:11:48.624000000,77 days 18:48:11.376000000,69 days 18:48:11.376000000,-8 days +00:00:00.000000000
7059,2010-02-11 00:00:00.000000000,2010-02-02 00:00:00.000000000,2010-02-02 00:00:00.000000000,2009-07-24 00:00:00.000000000,1910-01-01 00:00:00.000000000,2009-11-05 07:36:35.107200001,2009-04-17 07:36:35.107200001,97 days 16:23:24.892799999,88 days 16:23:24.892799999,-9 days +00:00:00.000000000
7060,2010-04-06 00:00:00.000000000,2010-02-24 00:00:00.000000000,2010-02-24 00:00:00.000000000,2009-10-15 00:00:00.000000000,1910-01-01 00:00:00.000000000,2009-12-29 07:36:35.107200001,2009-07-09 07:36:35.107200001,97 days 16:23:24.892799999,56 days 16:23:24.892799999,-41 days +00:00:00.000000000
7061,2010-03-31 00:00:00.000000000,2010-03-12 00:00:00.000000000,2010-03-12 00:00:00.000000000,2009-12-08 00:00:00.000000000,1910-01-01 00:00:00.000000000,2010-01-06 00:00:00.000000000,2009-09-15 00:00:00.000000000,84 days 00:00:00.000000000,65 days 00:00:00.000000000,-19 days +00:00:00.000000000
7062,2010-03-31 00:00:00.000000000,2010-03-12 00:00:00.000000000,2010-03-12 00:00:00.000000000,2009-12-08 00:00:00.000000000,1910-01-01 00:00:00.000000000,2010-01-06 00:00:00.000000000,2009-09-15 00:00:00.000000000,84 days 00:00:00.000000000,65 days 00:00:00.000000000,-19 days +00:00:00.000000000
7063,2010-03-10 00:00:00.000000000,2010-03-03 00:00:00.000000000,2010-03-03 00:00:00.000000000,2009-10-23 00:00:00.000000000,1910-01-01 00:00:00.000000000,2009-11-30 18:40:00.019200000,2009-07-15 18:40:00.019200000,99 days 05:19:59.980800000,92 days 05:19:59.980800000,-7 days +00:00:00.000000000
7064,2010-03-16 00:00:00.000000000,2010-03-10 00:00:00.000000000,2010-03-10 00:00:00.000000000,2009-10-15 00:00:00.000000000,1910-01-01 00:00:00.000000000,2009-12-08 07:36:35.107200001,2009-07-09 07:36:35.107200001,97 days 16:23:24.892799999,91 days 16:23:24.892799999,-6 days +00:00:00.000000000
7065,2010-03-09 00:00:00.000000000,2010-03-10 00:00:00.000000000,2010-03-10 00:00:00.000000000,2009-10-15 00:00:00.000000000,1910-01-01 00:00:00.000000000,2009-12-01 07:36:35.107200001,2009-07-09 07:36:35.107200001,97 days 16:23:24.892799999,98 days 16:23:24.892799999,1 days 00:00:00.000000000
7066,2010-03-03 00:00:00.000000000,2010-03-05 00:00:00.000000000,2010-03-05 00:00:00.000000000,2009-12-28 00:00:00.000000000,1910-01-01 00:00:00.000000000,2010-01-30 02:39:59.990400000,2009-11-26 02:39:59.990400000,31 days 21:20:00.009600000,33 days 21:20:00.009600000,2 days 00:00:00.000000000
7067,2010-04-01 00:00:00.000000000,2010-03-15 00:00:00.000000000,2010-03-15 00:00:00.000000000,2010-01-29 00:00:00.000000000,1910-01-01 00:00:00.000000000,2010-01-25 09:52:56.496000001,2009-11-24 09:52:56.496000001,65 days 14:07:03.503999999,48 days 14:07:03.503999999,-17 days +00:00:00.000000000
7068,2010-04-19 00:00:00.000000000,2010-03-31 00:00:00.000000000,2010-03-31 00:00:00.000000000,2009-11-06 00:00:00.000000000,1910-01-01 00:00:00.000000000,2010-01-24 01:59:59.971200000,2009-08-13 01:59:59.971200000,84 days 22:00:00.028800000,65 days 22:00:00.028800000,-19 days +00:00:00.000000000
7069,2010-04-19 00:00:00.000000000,2010-03-31 00:00:00.000000000,2010-03-31 00:00:00.000000000,2009-11-06 00:00:00.000000000,1910-01-01 00:00:00.000000000,2010-01-24 01:59:59.971200000,2009-08-13 01:59:59.971200000,84 days 22:00:00.028800000,65 days 22:00:00.028800000,-19 days +00:00:00.000000000
7070,2010-04-19 00:00:00.000000000,2010-03-31 00:00:00.000000000,2010-03-31 00:00:00.000000000,2009-11-06 00:00:00.000000000,1910-01-01 00:00:00.000000000,2010-01-24 01:59:59.971200000,2009-08-13 01:59:59.971200000,84 days 22:00:00.028800000,65 days 22:00:00.028800000,-19 days +00:00:00.000000000
7071,2010-03-31 00:00:00.000000000,2010-03-19 00:00:00.000000000,2010-03-19 00:00:00.000000000,2009-10-28 00:00:00.000000000,1910-01-01 00:00:00.000000000,2010-01-24 09:52:56.496000001,2009-08-23 09:52:56.496000001,65 days 14:07:03.503999999,53 days 14:07:03.503999999,-12 days +00:00:00.000000000
7072,2010-03-31 00:00:00.000000000,2010-03-31 00:00:00.000000000,2010-03-31 00:00:00.000000000,2009-11-06 00:00:00.000000000,1910-01-01 00:00:00.000000000,2010-01-05 01:59:59.971200000,2009-08-13 01:59:59.971200000,84 days 22:00:00.028800000,84 days 22:00:00.028800000,0 days 00:00:00.000000000
7073,2010-04-19 00:00:00.000000000,2010-03-30 00:00:00.000000000,2010-03-30 00:00:00.000000000,2009-11-06 00:00:00.000000000,1910-01-01 00:00:00.000000000,2010-01-24 01:59:59.971200000,2009-08-13 01:59:59.971200000,84 days 22:00:00.028800000,64 days 22:00:00.028800000,-20 days +00:00:00.000000000
7074,2010-04-19 00:00:00.000000000,2010-03-31 00:00:00.000000000,2010-03-31 00:00:00.000000000,2009-11-06 00:00:00.000000000,1910-01-01 00:00:00.000000000,2010-01-24 01:59:59.971200000,2009-08-13 01:59:59.971200000,84 days 22:00:00.028800000,65 days 22:00:00.028800000,-19 days +00:00:00.000000000
7075,2010-04-12 00:00:00.000000000,2010-04-08 00:00:00.000000000,2010-04-08 00:00:00.000000000,2009-10-15 00:00:00.000000000,1910-01-01 00:00:00.000000000,2010-01-04 07:36:35.107200001,2009-07-09 07:36:35.107200001,97 days 16:23:24.892799999,93 days 16:23:24.892799999,-4 days +00:00:00.000000000
7076,2010-04-01 00:00:00.000000000,2010-03-25 00:00:00.000000000,2010-03-25 00:00:00.000000000,2009-09-23 00:00:00.000000000,1910-01-01 00:00:00.000000000,2010-01-25 09:52:56.496000001,2009-07-19 09:52:56.496000001,65 days 14:07:03.503999999,58 days 14:07:03.503999999,-7 days +00:00:00.000000000
7077,2010-04-06 00:00:00.000000000,2010-04-01 00:00:00.000000000,2010-04-01 00:00:00.000000000,2009-10-15 00:00:00.000000000,1910-01-01 00:00:00.000000000,2009-12-29 07:36:35.107200001,2009-07-09 07:36:35.107200001,97 days 16:23:24.892799999,92 days 16:23:24.892799999,-5 days +00:00:00.000000000
7078,2010-05-26 00:00:00.000000000,2010-04-08 00:00:00.000000000,2010-04-08 00:00:00.000000000,2010-03-02 00:00:00.000000000,1910-01-01 00:00:00.000000000,2010-03-21 09:52:56.496000001,2009-12-26 09:52:56.496000001,65 days 14:07:03.503999999,17 days 14:07:03.503999999,-48 days +00:00:00.000000000
7079,2010-05-26 00:00:00.000000000,2010-04-12 00:00:00.000000000,2010-04-12 00:00:00.000000000,2010-03-02 00:00:00.000000000,1910-01-01 00:00:00.000000000,2010-03-21 09:52:56.496000001,2009-12-26 09:52:56.496000001,65 days 14:07:03.503999999,21 days 14:07:03.503999999,-44 days +00:00:00.000000000
7080,2010-05-26 00:00:00.000000000,2010-04-12 00:00:00.000000000,2010-04-12 00:00:00.000000000,2010-03-02 00:00:00.000000000,1910-01-01 00:00:00.000000000,2010-03-21 09:52:56.496000001,2009-12-26 09:52:56.496000001,65 days 14:07:03.503999999,21 days 14:07:03.503999999,-44 days +00:00:00.000000000
7081,2010-05-26 00:00:00.000000000,2010-04-12 00:00:00.000000000,2010-04-12 00:00:00.000000000,2010-03-02 00:00:00.000000000,1910-01-01 00:00:00.000000000,2010-03-21 09:52:56.496000001,2009-12-26 09:52:56.496000001,65 days 14:07:03.503999999,21 days 14:07:03.503999999,-44 days +00:00:00.000000000
7082,2010-03-31 00:00:00.000000000,2010-05-18 00:00:00.000000000,2010-05-18 00:00:00.000000000,2009-11-06 00:00:00.000000000,1910-01-01 00:00:00.000000000,2010-01-05 01:59:59.971200000,2009-08-13 01:59:59.971200000,84 days 22:00:00.028800000,132 days 22:00:00.028800000,48 days 00:00:00.000000000
7083,2010-05-31 00:00:00.000000000,2010-05-18 00:00:00.000000000,2010-05-18 00:00:00.000000000,2009-11-06 00:00:00.000000000,1910-01-01 00:00:00.000000000,2010-03-07 01:59:59.971200000,2009-08-13 01:59:59.971200000,84 days 22:00:00.028800000,71 days 22:00:00.028800000,-13 days +00:00:00.000000000
7084,2010-06-02 00:00:00.000000000,2010-05-03 00:00:00.000000000,2010-05-03 00:00:00.000000000,2010-03-02 00:00:00.000000000,1910-01-01 00:00:00.000000000,2010-03-28 09:52:56.496000001,2009-12-26 09:52:56.496000001,65 days 14:07:03.503999999,35 days 14:07:03.503999999,-30 days +00:00:00.000000000
7085,2010-05-31 00:00:00.000000000,2010-05-18 00:00:00.000000000,2010-05-18 00:00:00.000000000,2009-11-06 00:00:00.000000000,1910-01-01 00:00:00.000000000,2010-03-07 01:59:59.971200000,2009-08-13 01:59:59.971200000,84 days 22:00:00.028800000,71 days 22:00:00.028800000,-13 days +00:00:00.000000000
7086,2010-05-31 00:00:00.000000000,2010-05-20 00:00:00.000000000,2010-05-20 00:00:00.000000000,2009-12-08 00:00:00.000000000,1910-01-01 00:00:00.000000000,2010-02-22 07:36:35.107200001,2009-09-01 07:36:35.107200001,97 days 16:23:24.892799999,86 days 16:23:24.892799999,-11 days +00:00:00.000000000
7087,2010-05-31 00:00:00.000000000,2010-05-18 00:00:00.000000000,2010-05-18 00:00:00.000000000,2009-11-06 00:00:00.000000000,1910-01-01 00:00:00.000000000,2010-03-07 01:59:59.971200000,2009-08-13 01:59:59.971200000,84 days 22:00:00.028800000,71 days 22:00:00.028800000,-13 days +00:00:00.000000000
7088,2010-05-31 00:00:00.000000000,2010-05-25 00:00:00.000000000,2010-05-25 00:00:00.000000000,2009-10-15 00:00:00.000000000,1910-01-01 00:00:00.000000000,2010-02-22 07:36:35.107200001,2009-07-09 07:36:35.107200001,97 days 16:23:24.892799999,91 days 16:23:24.892799999,-6 days +00:00:00.000000000
7089,2010-06-07 00:00:00.000000000,2010-05-27 00:00:00.000000000,2010-05-27 00:00:00.000000000,2010-04-28 00:00:00.000000000,1910-01-01 00:00:00.000000000,2010-04-15 17:08:34.310400000,2010-03-06 17:08:34.310400000,52 days 06:51:25.689600000,41 days 06:51:25.689600000,-11 days +00:00:00.000000000
7090,2010-06-15 00:00:00.000000000,2010-06-01 00:00:00.000000000,2010-06-01 00:00:00.000000000,2010-05-04 00:00:00.000000000,1910-01-01 00:00:00.000000000,2010-05-14 02:39:59.990400000,2010-04-02 02:39:59.990400000,31 days 21:20:00.009600000,17 days 21:20:00.009600000,-14 days +00:00:00.000000000
7091,2010-06-30 00:00:00.000000000,2010-06-09 00:00:00.000000000,2010-06-09 00:00:00.000000000,2010-04-19 00:00:00.000000000,1910-01-01 00:00:00.000000000,2010-03-22 18:40:00.019200000,2010-01-09 18:40:00.019200000,99 days 05:19:59.980800000,78 days 05:19:59.980800000,-21 days +00:00:00.000000000
7092,2010-06-30 00:00:00.000000000,2010-06-30 00:00:00.000000000,2010-06-30 00:00:00.000000000,2010-04-19 00:00:00.000000000,1910-01-01 00:00:00.000000000,2010-03-22 18:40:00.019200000,2010-01-09 18:40:00.019200000,99 days 05:19:59.980800000,99 days 05:19:59.980800000,0 days 00:00:00.000000000
7093,2010-06-30 00:00:00.000000000,2010-06-22 00:00:00.000000000,2010-06-22 00:00:00.000000000,2010-03-02 00:00:00.000000000,1910-01-01 00:00:00.000000000,2010-04-25 09:52:56.496000001,2009-12-26 09:52:56.496000001,65 days 14:07:03.503999999,57 days 14:07:03.503999999,-8 days +00:00:00.000000000
7094,2010-06-21 00:00:00.000000000,2010-06-01 00:00:00.000000000,2010-06-01 00:00:00.000000000,2010-04-28 00:00:00.000000000,1910-01-01 00:00:00.000000000,2010-05-20 02:39:59.990400000,2010-03-27 02:39:59.990400000,31 days 21:20:00.009600000,11 days 21:20:00.009600000,-20 days +00:00:00.000000000
7095,2010-06-28 00:00:00.000000000,2010-06-16 00:00:00.000000000,2010-06-16 00:00:00.000000000,2009-10-15 00:00:00.000000000,1910-01-01 00:00:00.000000000,2010-03-22 07:36:35.107200001,2009-07-09 07:36:35.107200001,97 days 16:23:24.892799999,85 days 16:23:24.892799999,-12 days +00:00:00.000000000
7096,2010-07-12 00:00:00.000000000,2010-06-30 00:00:00.000000000,2010-06-30 00:00:00.000000000,2010-04-19 00:00:00.000000000,1910-01-01 00:00:00.000000000,2010-04-03 18:40:00.019200000,2010-01-09 18:40:00.019200000,99 days 05:19:59.980800000,87 days 05:19:59.980800000,-12 days +00:00:00.000000000
7097,2010-07-12 00:00:00.000000000,2010-07-05 00:00:00.000000000,2010-07-05 00:00:00.000000000,2010-03-03 00:00:00.000000000,1910-01-01 00:00:00.000000000,2010-04-05 07:36:35.107200001,2009-11-25 07:36:35.107200001,97 days 16:23:24.892799999,90 days 16:23:24.892799999,-7 days +00:00:00.000000000
7098,2010-07-09 00:00:00.000000000,2010-07-05 00:00:00.000000000,2010-07-05 00:00:00.000000000,2010-03-03 00:00:00.000000000,1910-01-01 00:00:00.000000000,2010-04-02 07:36:35.107200001,2009-11-25 07:36:35.107200001,97 days 16:23:24.892799999,93 days 16:23:24.892799999,-4 days +00:00:00.000000000
7099,2010-07-15 00:00:00.000000000,2010-06-28 00:00:00.000000000,2010-06-28 00:00:00.000000000,2010-02-10 00:00:00.000000000,1910-01-01 00:00:00.000000000,2010-04-21 01:59:59.971200000,2009-11-17 01:59:59.971200000,84 days 22:00:00.028800000,67 days 22:00:00.028800000,-17 days +00:00:00.000000000
7100,2010-07-15 00:00:00.000000000,2010-06-28 00:00:00.000000000,2010-06-28 00:00:00.000000000,2010-02-10 00:00:00.000000000,1910-01-01 00:00:00.000000000,2010-04-21 01:59:59.971200000,2009-11-17 01:59:59.971200000,84 days 22:00:00.028800000,67 days 22:00:00.028800000,-17 days +00:00:00.000000000
7101,2010-07-15 00:00:00.000000000,2010-06-28 00:00:00.000000000,2010-06-28 00:00:00.000000000,2010-02-10 00:00:00.000000000,1910-01-01 00:00:00.000000000,2010-04-21 01:59:59.971200000,2009-11-17 01:59:59.971200000,84 days 22:00:00.028800000,67 days 22:00:00.028800000,-17 days +00:00:00.000000000
7102,2010-07-15 00:00:00.000000000,2010-06-28 00:00:00.000000000,2010-06-28 00:00:00.000000000,2010-02-10 00:00:00.000000000,1910-01-01 00:00:00.000000000,2010-04-21 01:59:59.971200000,2009-11-17 01:59:59.971200000,84 days 22:00:00.028800000,67 days 22:00:00.028800000,-17 days +00:00:00.000000000
7103,2010-07-15 00:00:00.000000000,2010-06-28 00:00:00.000000000,2010-06-28 00:00:00.000000000,2010-02-10 00:00:00.000000000,1910-01-01 00:00:00.000000000,2010-04-21 01:59:59.971200000,2009-11-17 01:59:59.971200000,84 days 22:00:00.028800000,67 days 22:00:00.028800000,-17 days +00:00:00.000000000
7104,2010-07-15 00:00:00.000000000,2010-06-28 00:00:00.000000000,2010-06-28 00:00:00.000000000,2010-02-10 00:00:00.000000000,1910-01-01 00:00:00.000000000,2010-04-21 01:59:59.971200000,2009-11-17 01:59:59.971200000,84 days 22:00:00.028800000,67 days 22:00:00.028800000,-17 days +00:00:00.000000000
7105,2010-07-15 00:00:00.000000000,2010-06-28 00:00:00.000000000,2010-06-28 00:00:00.000000000,2010-02-10 00:00:00.000000000,1910-01-01 00:00:00.000000000,2010-04-21 01:59:59.971200000,2009-11-17 01:59:59.971200000,84 days 22:00:00.028800000,67 days 22:00:00.028800000,-17 days +00:00:00.000000000
7106,2010-07-15 00:00:00.000000000,2010-06-28 00:00:00.000000000,2010-06-28 00:00:00.000000000,2010-02-10 00:00:00.000000000,1910-01-01 00:00:00.000000000,2010-04-21 01:59:59.971200000,2009-11-17 01:59:59.971200000,84 days 22:00:00.028800000,67 days 22:00:00.028800000,-17 days +00:00:00.000000000
7107,2010-07-15 00:00:00.000000000,2010-06-28 00:00:00.000000000,2010-06-28 00:00:00.000000000,2010-02-10 00:00:00.000000000,1910-01-01 00:00:00.000000000,2010-04-21 01:59:59.971200000,2009-11-17 01:59:59.971200000,84 days 22:00:00.028800000,67 days 22:00:00.028800000,-17 days +00:00:00.000000000
7108,2010-07-30 00:00:00.000000000,2010-07-22 00:00:00.000000000,2010-07-22 00:00:00.000000000,2009-12-08 00:00:00.000000000,1910-01-01 00:00:00.000000000,2010-05-07 00:00:00.000000000,2009-09-15 00:00:00.000000000,84 days 00:00:00.000000000,76 days 00:00:00.000000000,-8 days +00:00:00.000000000
7109,2010-09-21 00:00:00.000000000,2010-07-14 00:00:00.000000000,2010-07-14 00:00:00.000000000,2010-06-28 00:00:00.000000000,1910-01-01 00:00:00.000000000,2010-08-20 02:39:59.990400000,2010-05-27 02:39:59.990400000,31 days 21:20:00.009600000,-38 days +21:20:00.009600000,-69 days +00:00:00.000000000
7110,2010-08-10 00:00:00.000000000,2010-08-23 00:00:00.000000000,2010-08-23 00:00:00.000000000,2010-04-19 00:00:00.000000000,1910-01-01 00:00:00.000000000,2010-05-02 18:40:00.019200000,2010-01-09 18:40:00.019200000,99 days 05:19:59.980800000,112 days 05:19:59.980800000,13 days 00:00:00.000000000
7111,2010-08-10 00:00:00.000000000,2010-08-23 00:00:00.000000000,2010-08-23 00:00:00.000000000,2010-04-19 00:00:00.000000000,1910-01-01 00:00:00.000000000,2010-05-02 18:40:00.019200000,2010-01-09 18:40:00.019200000,99 days 05:19:59.980800000,112 days 05:19:59.980800000,13 days 00:00:00.000000000
7112,2010-08-23 00:00:00.000000000,2010-08-23 00:00:00.000000000,2010-08-23 00:00:00.000000000,2010-03-03 00:00:00.000000000,1910-01-01 00:00:00.000000000,2010-05-17 07:36:35.107200001,2009-11-25 07:36:35.107200001,97 days 16:23:24.892799999,97 days 16:23:24.892799999,0 days 00:00:00.000000000
7113,2010-08-30 00:00:00.000000000,2010-08-28 00:00:00.000000000,2010-08-28 00:00:00.000000000,2010-07-16 00:00:00.000000000,1910-01-01 00:00:00.000000000,2010-07-11 16:00:00.028800000,2010-05-27 16:00:00.028800000,49 days 07:59:59.971200000,47 days 07:59:59.971200000,-2 days +00:00:00.000000000
7114,2010-08-30 00:00:00.000000000,2010-08-23 00:00:00.000000000,2010-08-23 00:00:00.000000000,2010-05-07 00:00:00.000000000,1910-01-01 00:00:00.000000000,2010-06-25 09:52:56.496000001,2010-03-02 09:52:56.496000001,65 days 14:07:03.503999999,58 days 14:07:03.503999999,-7 days +00:00:00.000000000
7115,2010-10-29 00:00:00.000000000,2010-09-27 00:00:00.000000000,2010-09-27 00:00:00.000000000,2010-08-06 00:00:00.000000000,1910-01-01 00:00:00.000000000,2010-08-24 09:52:56.496000001,2010-06-01 09:52:56.496000001,65 days 14:07:03.503999999,33 days 14:07:03.503999999,-32 days +00:00:00.000000000
7116,2010-11-04 00:00:00.000000000,2010-09-09 00:00:00.000000000,2010-09-09 00:00:00.000000000,2010-05-20 00:00:00.000000000,1910-01-01 00:00:00.000000000,2010-07-19 09:49:05.462400000,2010-02-01 09:49:05.462400000,107 days 14:10:54.537600000,51 days 14:10:54.537600000,-56 days +00:00:00.000000000
7117,2010-09-30 00:00:00.000000000,2010-09-25 00:00:00.000000000,2010-09-25 00:00:00.000000000,2010-05-07 00:00:00.000000000,1910-01-01 00:00:00.000000000,2010-06-24 07:36:35.107200001,2010-01-29 07:36:35.107200001,97 days 16:23:24.892799999,92 days 16:23:24.892799999,-5 days +00:00:00.000000000
7118,2010-09-30 00:00:00.000000000,2010-10-07 00:00:00.000000000,2010-10-07 00:00:00.000000000,2010-04-19 00:00:00.000000000,1910-01-01 00:00:00.000000000,2010-06-22 18:40:00.019200000,2010-01-09 18:40:00.019200000,99 days 05:19:59.980800000,106 days 05:19:59.980800000,7 days 00:00:00.000000000
7119,2010-11-23 00:00:00.000000000,2010-09-19 00:00:00.000000000,2010-09-19 00:00:00.000000000,2010-08-30 00:00:00.000000000,1910-01-01 00:00:00.000000000,2010-10-01 17:08:34.310400000,2010-07-08 17:08:34.310400000,52 days 06:51:25.689600000,-13 days +06:51:25.689600000,-65 days +00:00:00.000000000
7120,2010-09-30 00:00:00.000000000,2010-10-04 00:00:00.000000000,2010-10-04 00:00:00.000000000,2009-12-08 00:00:00.000000000,1910-01-01 00:00:00.000000000,2010-07-08 00:00:00.000000000,2009-09-15 00:00:00.000000000,84 days 00:00:00.000000000,88 days 00:00:00.000000000,4 days 00:00:00.000000000
7121,2010-10-29 00:00:00.000000000,2010-10-29 00:00:00.000000000,2010-10-29 00:00:00.000000000,2010-08-16 00:00:00.000000000,1910-01-01 00:00:00.000000000,2010-07-07 10:30:00.000000000,2010-04-24 10:30:00.000000000,113 days 13:30:00.000000000,113 days 13:30:00.000000000,0 days 00:00:00.000000000
7122,2010-11-04 00:00:00.000000000,2010-11-08 00:00:00.000000000,2010-11-08 00:00:00.000000000,2010-05-20 00:00:00.000000000,1910-01-01 00:00:00.000000000,2010-07-19 09:49:05.462400000,2010-02-01 09:49:05.462400000,107 days 14:10:54.537600000,111 days 14:10:54.537600000,4 days 00:00:00.000000000
7123,2010-10-28 00:00:00.000000000,2010-11-23 00:00:00.000000000,2010-11-23 00:00:00.000000000,2010-06-23 00:00:00.000000000,1910-01-01 00:00:00.000000000,2010-07-22 07:36:35.107200001,2010-03-17 07:36:35.107200001,97 days 16:23:24.892799999,123 days 16:23:24.892799999,26 days 00:00:00.000000000
7124,2010-11-18 00:00:00.000000000,2010-11-10 00:00:00.000000000,2010-11-10 00:00:00.000000000,2010-05-27 00:00:00.000000000,1910-01-01 00:00:00.000000000,2010-08-25 01:59:59.971200000,2010-03-03 01:59:59.971200000,84 days 22:00:00.028800000,76 days 22:00:00.028800000,-8 days +00:00:00.000000000
7125,2010-11-18 00:00:00.000000000,2010-11-10 00:00:00.000000000,2010-11-10 00:00:00.000000000,2010-05-27 00:00:00.000000000,1910-01-01 00:00:00.000000000,2010-08-25 01:59:59.971200000,2010-03-03 01:59:59.971200000,84 days 22:00:00.028800000,76 days 22:00:00.028800000,-8 days +00:00:00.000000000
7126,2010-11-18 00:00:00.000000000,2010-11-09 00:00:00.000000000,2010-11-09 00:00:00.000000000,2010-05-27 00:00:00.000000000,1910-01-01 00:00:00.000000000,2010-08-25 01:59:59.971200000,2010-03-03 01:59:59.971200000,84 days 22:00:00.028800000,75 days 22:00:00.028800000,-9 days +00:00:00.000000000
7127,2010-11-19 00:00:00.000000000,2010-11-08 00:00:00.000000000,2010-11-08 00:00:00.000000000,2010-09-24 00:00:00.000000000,1910-01-01 00:00:00.000000000,2010-10-18 02:39:59.990400000,2010-08-23 02:39:59.990400000,31 days 21:20:00.009600000,20 days 21:20:00.009600000,-11 days +00:00:00.000000000
7128,2010-11-30 00:00:00.000000000,2010-12-22 00:00:00.000000000,2010-12-22 00:00:00.000000000,2010-05-07 00:00:00.000000000,1910-01-01 00:00:00.000000000,2010-08-24 07:36:35.107200001,2010-01-29 07:36:35.107200001,97 days 16:23:24.892799999,119 days 16:23:24.892799999,22 days 00:00:00.000000000
7129,2010-12-27 00:00:00.000000000,2010-12-02 00:00:00.000000000,2010-12-02 00:00:00.000000000,2010-09-29 00:00:00.000000000,1910-01-01 00:00:00.000000000,2010-10-22 09:52:56.496000001,2010-07-25 09:52:56.496000001,65 days 14:07:03.503999999,40 days 14:07:03.503999999,-25 days +00:00:00.000000000
7130,2010-12-08 00:00:00.000000000,2010-12-09 00:00:00.000000000,2010-12-09 00:00:00.000000000,2010-07-02 00:00:00.000000000,1910-01-01 00:00:00.000000000,2010-11-06 02:39:59.990400000,2010-05-31 02:39:59.990400000,31 days 21:20:00.009600000,32 days 21:20:00.009600000,1 days 00:00:00.000000000
7131,2011-02-22 00:00:00.000000000,2011-02-16 00:00:00.000000000,2011-02-16 00:00:00.000000000,2010-08-25 00:00:00.000000000,1910-01-01 00:00:00.000000000,2010-11-19 01:00:00.028800000,2010-05-22 01:00:00.028800000,94 days 22:59:59.971200000,88 days 22:59:59.971200000,-6 days +00:00:00.000000000
7132,2011-02-22 00:00:00.000000000,2011-02-16 00:00:00.000000000,2011-02-16 00:00:00.000000000,2010-08-25 00:00:00.000000000,1910-01-01 00:00:00.000000000,2010-11-19 01:00:00.028800000,2010-05-22 01:00:00.028800000,94 days 22:59:59.971200000,88 days 22:59:59.971200000,-6 days +00:00:00.000000000
7133,2011-01-31 00:00:00.000000000,2011-02-22 00:00:00.000000000,2011-02-22 00:00:00.000000000,2010-08-03 00:00:00.000000000,1910-01-01 00:00:00.000000000,2010-08-21 16:33:06.192000000,2010-02-21 16:33:06.192000000,162 days 07:26:53.808000000,184 days 07:26:53.808000000,22 days 00:00:00.000000000
7134,2011-02-16 00:00:00.000000000,2011-02-22 00:00:00.000000000,2011-02-22 00:00:00.000000000,2010-06-23 00:00:00.000000000,1910-01-01 00:00:00.000000000,2010-09-06 16:33:06.192000000,2010-01-11 16:33:06.192000000,162 days 07:26:53.808000000,168 days 07:26:53.808000000,6 days 00:00:00.000000000
7135,2011-01-31 00:00:00.000000000,2011-02-22 00:00:00.000000000,2011-02-22 00:00:00.000000000,2010-08-03 00:00:00.000000000,1910-01-01 00:00:00.000000000,2010-08-21 16:33:06.192000000,2010-02-21 16:33:06.192000000,162 days 07:26:53.808000000,184 days 07:26:53.808000000,22 days 00:00:00.000000000
7136,2011-02-22 00:00:00.000000000,2011-02-28 00:00:00.000000000,2011-02-28 00:00:00.000000000,2010-09-29 00:00:00.000000000,1910-01-01 00:00:00.000000000,2010-11-22 13:42:51.465600000,2010-06-29 13:42:51.465600000,91 days 10:17:08.534400000,97 days 10:17:08.534400000,6 days 00:00:00.000000000
7137,2011-02-28 00:00:00.000000000,2011-02-14 00:00:00.000000000,2011-02-14 00:00:00.000000000,2010-10-13 00:00:00.000000000,1910-01-01 00:00:00.000000000,2010-11-22 01:36:00.028800000,2010-07-07 01:36:00.028800000,97 days 22:23:59.971200000,83 days 22:23:59.971200000,-14 days +00:00:00.000000000
7138,2011-03-31 00:00:00.000000000,2011-03-30 00:00:00.000000000,2011-03-30 00:00:00.000000000,2011-01-06 00:00:00.000000000,1910-01-01 00:00:00.000000000,2010-11-06 14:07:03.504000000,2010-08-14 14:07:03.504000000,144 days 09:52:56.496000000,143 days 09:52:56.496000000,-1 days +00:00:00.000000000
7139,2011-03-31 00:00:00.000000000,2011-04-05 00:00:00.000000000,2011-04-05 00:00:00.000000000,2010-08-20 00:00:00.000000000,1910-01-01 00:00:00.000000000,2011-01-03 10:54:32.688000000,2010-05-25 10:54:32.688000000,86 days 13:05:27.312000000,91 days 13:05:27.312000000,5 days 00:00:00.000000000
7140,2011-03-31 00:00:00.000000000,2011-03-17 00:00:00.000000000,2011-03-17 00:00:00.000000000,2010-10-13 00:00:00.000000000,1910-01-01 00:00:00.000000000,2010-09-21 12:00:00.000000000,2010-04-05 12:00:00.000000000,190 days 12:00:00.000000000,176 days 12:00:00.000000000,-14 days +00:00:00.000000000
7141,2011-03-18 00:00:00.000000000,2011-03-13 00:00:00.000000000,2011-03-13 00:00:00.000000000,2011-02-28 00:00:00.000000000,1910-01-01 00:00:00.000000000,2010-09-12 07:59:59.971200000,2010-08-25 07:59:59.971200000,186 days 16:00:00.028800000,181 days 16:00:00.028800000,-5 days +00:00:00.000000000
7142,2011-04-20 00:00:00.000000000,2011-06-10 00:00:00.000000000,2011-06-10 00:00:00.000000000,2010-12-21 00:00:00.000000000,1910-01-01 00:00:00.000000000,2010-11-08 16:33:06.192000000,2010-07-11 16:33:06.192000000,162 days 07:26:53.808000000,213 days 07:26:53.808000000,51 days 00:00:00.000000000
7143,2011-06-21 00:00:00.000000000,2011-05-11 00:00:00.000000000,2011-05-11 00:00:00.000000000,2010-12-07 00:00:00.000000000,1910-01-01 00:00:00.000000000,2011-03-18 01:00:00.028800000,2010-09-03 01:00:00.028800000,94 days 22:59:59.971200000,53 days 22:59:59.971200000,-41 days +00:00:00.000000000
7144,2011-04-04 00:00:00.000000000,2011-05-20 00:00:00.000000000,2011-05-20 00:00:00.000000000,2010-10-13 00:00:00.000000000,1910-01-01 00:00:00.000000000,2010-09-25 12:00:00.000000000,2010-04-05 12:00:00.000000000,190 days 12:00:00.000000000,236 days 12:00:00.000000000,46 days 00:00:00.000000000
7145,2011-05-10 00:00:00.000000000,2011-05-18 00:00:00.000000000,2011-05-18 00:00:00.000000000,2011-01-07 00:00:00.000000000,1910-01-01 00:00:00.000000000,2010-11-30 13:05:27.312000000,2010-07-30 13:05:27.312000000,160 days 10:54:32.688000000,168 days 10:54:32.688000000,8 days 00:00:00.000000000
7146,2011-05-10 00:00:00.000000000,2011-05-18 00:00:00.000000000,2011-05-18 00:00:00.000000000,2011-01-07 00:00:00.000000000,1910-01-01 00:00:00.000000000,2010-11-30 13:05:27.312000000,2010-07-30 13:05:27.312000000,160 days 10:54:32.688000000,168 days 10:54:32.688000000,8 days 00:00:00.000000000
7147,2011-05-31 00:00:00.000000000,2011-06-13 00:00:00.000000000,2011-06-13 00:00:00.000000000,2010-10-13 00:00:00.000000000,1910-01-01 00:00:00.000000000,2010-11-21 12:00:00.000000000,2010-04-05 12:00:00.000000000,190 days 12:00:00.000000000,203 days 12:00:00.000000000,13 days 00:00:00.000000000
7148,2011-05-31 00:00:00.000000000,2011-06-15 00:00:00.000000000,2011-06-15 00:00:00.000000000,2010-10-13 00:00:00.000000000,1910-01-01 00:00:00.000000000,2010-11-21 12:00:00.000000000,2010-04-05 12:00:00.000000000,190 days 12:00:00.000000000,205 days 12:00:00.000000000,15 days 00:00:00.000000000
7149,2011-06-21 00:00:00.000000000,2011-07-05 00:00:00.000000000,2011-07-05 00:00:00.000000000,2010-12-07 00:00:00.000000000,1910-01-01 00:00:00.000000000,2011-03-18 01:00:00.028800000,2010-09-03 01:00:00.028800000,94 days 22:59:59.971200000,108 days 22:59:59.971200000,14 days 00:00:00.000000000
7150,2011-06-15 00:00:00.000000000,2011-07-06 00:00:00.000000000,2011-07-06 00:00:00.000000000,2011-02-21 00:00:00.000000000,1910-01-01 00:00:00.000000000,2011-03-12 01:00:00.028800000,2010-11-18 01:00:00.028800000,94 days 22:59:59.971200000,115 days 22:59:59.971200000,21 days 00:00:00.000000000
7151,2011-06-15 00:00:00.000000000,2011-07-06 00:00:00.000000000,2011-07-06 00:00:00.000000000,2011-02-21 00:00:00.000000000,1910-01-01 00:00:00.000000000,2011-03-12 01:00:00.028800000,2010-11-18 01:00:00.028800000,94 days 22:59:59.971200000,115 days 22:59:59.971200000,21 days 00:00:00.000000000
7152,2011-06-13 00:00:00.000000000,2011-06-09 00:00:00.000000000,2011-06-09 00:00:00.000000000,2011-05-15 00:00:00.000000000,1910-01-01 00:00:00.000000000,2011-04-28 00:00:00.000000000,2011-03-30 00:00:00.000000000,46 days 00:00:00.000000000,42 days 00:00:00.000000000,-4 days +00:00:00.000000000
7153,2011-08-10 00:00:00.000000000,2011-08-04 00:00:00.000000000,2011-08-04 00:00:00.000000000,2011-01-24 00:00:00.000000000,1910-01-01 00:00:00.000000000,2011-03-18 14:07:03.504000000,2010-09-01 14:07:03.504000000,144 days 09:52:56.496000000,138 days 09:52:56.496000000,-6 days +00:00:00.000000000
7154,2011-06-30 00:00:00.000000000,2011-06-26 00:00:00.000000000,2011-06-26 00:00:00.000000000,2010-10-04 00:00:00.000000000,1910-01-01 00:00:00.000000000,2011-01-18 16:33:06.192000000,2010-04-24 16:33:06.192000000,162 days 07:26:53.808000000,158 days 07:26:53.808000000,-4 days +00:00:00.000000000
7155,2011-07-04 00:00:00.000000000,2011-07-15 00:00:00.000000000,2011-07-15 00:00:00.000000000,2011-06-06 00:00:00.000000000,1910-01-01 00:00:00.000000000,2011-02-10 13:25:06.153600000,2011-01-13 13:25:06.153600000,143 days 10:34:53.846400000,154 days 10:34:53.846400000,11 days 00:00:00.000000000
7156,2011-07-19 00:00:00.000000000,2011-06-28 00:00:00.000000000,2011-06-28 00:00:00.000000000,2010-12-14 00:00:00.000000000,1910-01-01 00:00:00.000000000,2011-04-12 01:36:00.028800000,2010-09-07 01:36:00.028800000,97 days 22:23:59.971200000,76 days 22:23:59.971200000,-21 days +00:00:00.000000000
7157,2011-08-31 00:00:00.000000000,2011-09-01 00:00:00.000000000,2011-09-01 00:00:00.000000000,2011-01-24 00:00:00.000000000,1910-01-01 00:00:00.000000000,2011-04-08 14:07:03.504000000,2010-09-01 14:07:03.504000000,144 days 09:52:56.496000000,145 days 09:52:56.496000000,1 days 00:00:00.000000000
7158,2011-06-30 00:00:00.000000000,2011-07-06 00:00:00.000000000,2011-07-06 00:00:00.000000000,2011-02-21 00:00:00.000000000,1910-01-01 00:00:00.000000000,2011-03-27 01:00:00.028800000,2010-11-18 01:00:00.028800000,94 days 22:59:59.971200000,100 days 22:59:59.971200000,6 days 00:00:00.000000000
7159,2011-08-22 00:00:00.000000000,2011-08-05 00:00:00.000000000,2011-08-05 00:00:00.000000000,2010-11-08 00:00:00.000000000,1910-01-01 00:00:00.000000000,2011-05-27 10:54:32.688000000,2010-08-13 10:54:32.688000000,86 days 13:05:27.312000000,69 days 13:05:27.312000000,-17 days +00:00:00.000000000
7160,2011-09-05 00:00:00.000000000,2011-07-14 00:00:00.000000000,2011-07-14 00:00:00.000000000,2011-04-29 00:00:00.000000000,1910-01-01 00:00:00.000000000,2011-06-05 13:42:51.465600000,2011-01-27 13:42:51.465600000,91 days 10:17:08.534400000,38 days 10:17:08.534400000,-53 days +00:00:00.000000000
7161,2011-07-19 00:00:00.000000000,2011-07-21 00:00:00.000000000,2011-07-21 00:00:00.000000000,2010-12-14 00:00:00.000000000,1910-01-01 00:00:00.000000000,2011-04-12 01:36:00.028800000,2010-09-07 01:36:00.028800000,97 days 22:23:59.971200000,99 days 22:23:59.971200000,2 days 00:00:00.000000000
7162,2011-09-01 00:00:00.000000000,2011-08-15 00:00:00.000000000,2011-08-15 00:00:00.000000000,2011-02-03 00:00:00.000000000,1910-01-01 00:00:00.000000000,2011-06-06 10:54:32.688000000,2010-11-08 10:54:32.688000000,86 days 13:05:27.312000000,69 days 13:05:27.312000000,-17 days +00:00:00.000000000
7163,2011-08-31 00:00:00.000000000,2011-09-15 00:00:00.000000000,2011-09-15 00:00:00.000000000,2011-01-24 00:00:00.000000000,1910-01-01 00:00:00.000000000,2011-04-08 14:07:03.504000000,2010-09-01 14:07:03.504000000,144 days 09:52:56.496000000,159 days 09:52:56.496000000,15 days 00:00:00.000000000
7164,2011-07-19 00:00:00.000000000,2011-08-11 00:00:00.000000000,2011-08-11 00:00:00.000000000,2010-12-14 00:00:00.000000000,1910-01-01 00:00:00.000000000,2011-04-12 01:36:00.028800000,2010-09-07 01:36:00.028800000,97 days 22:23:59.971200000,120 days 22:23:59.971200000,23 days 00:00:00.000000000
7165,2011-07-19 00:00:00.000000000,2011-08-11 00:00:00.000000000,2011-08-11 00:00:00.000000000,2010-12-14 00:00:00.000000000,1910-01-01 00:00:00.000000000,2011-04-12 01:36:00.028800000,2010-09-07 01:36:00.028800000,97 days 22:23:59.971200000,120 days 22:23:59.971200000,23 days 00:00:00.000000000
7166,2011-08-12 00:00:00.000000000,2011-09-15 00:00:00.000000000,2011-09-15 00:00:00.000000000,2011-01-24 00:00:00.000000000,1910-01-01 00:00:00.000000000,2011-03-20 14:07:03.504000000,2010-09-01 14:07:03.504000000,144 days 09:52:56.496000000,178 days 09:52:56.496000000,34 days 00:00:00.000000000
7167,2011-09-30 00:00:00.000000000,2011-09-23 00:00:00.000000000,2011-09-23 00:00:00.000000000,2010-10-13 00:00:00.000000000,1910-01-01 00:00:00.000000000,2011-03-23 12:00:00.000000000,2010-04-05 12:00:00.000000000,190 days 12:00:00.000000000,183 days 12:00:00.000000000,-7 days +00:00:00.000000000
7168,2011-09-30 00:00:00.000000000,2011-09-23 00:00:00.000000000,2011-09-23 00:00:00.000000000,2010-10-13 00:00:00.000000000,1910-01-01 00:00:00.000000000,2011-03-23 12:00:00.000000000,2010-04-05 12:00:00.000000000,190 days 12:00:00.000000000,183 days 12:00:00.000000000,-7 days +00:00:00.000000000
7169,2011-09-29 00:00:00.000000000,2011-08-29 00:00:00.000000000,2011-08-29 00:00:00.000000000,2011-02-03 00:00:00.000000000,1910-01-01 00:00:00.000000000,2011-07-04 10:54:32.688000000,2010-11-08 10:54:32.688000000,86 days 13:05:27.312000000,55 days 13:05:27.312000000,-31 days +00:00:00.000000000
7170,2011-09-05 00:00:00.000000000,2011-09-05 00:00:00.000000000,2011-09-05 00:00:00.000000000,2011-02-03 00:00:00.000000000,1910-01-01 00:00:00.000000000,2011-06-10 10:54:32.688000000,2010-11-08 10:54:32.688000000,86 days 13:05:27.312000000,86 days 13:05:27.312000000,0 days 00:00:00.000000000
7171,2011-10-13 00:00:00.000000000,2011-10-13 00:00:00.000000000,2011-10-13 00:00:00.000000000,2011-01-24 00:00:00.000000000,1910-01-01 00:00:00.000000000,2011-05-21 14:07:03.504000000,2010-09-01 14:07:03.504000000,144 days 09:52:56.496000000,144 days 09:52:56.496000000,0 days 00:00:00.000000000
7172,2011-08-05 00:00:00.000000000,2011-08-24 00:00:00.000000000,2011-08-24 00:00:00.000000000,2011-02-14 00:00:00.000000000,1910-01-01 00:00:00.000000000,2011-05-05 13:42:51.465600000,2010-11-14 13:42:51.465600000,91 days 10:17:08.534400000,110 days 10:17:08.534400000,19 days 00:00:00.000000000
7173,2011-09-30 00:00:00.000000000,2011-10-07 00:00:00.000000000,2011-10-07 00:00:00.000000000,2011-01-19 00:00:00.000000000,1910-01-01 00:00:00.000000000,2011-03-23 12:00:00.000000000,2010-07-12 12:00:00.000000000,190 days 12:00:00.000000000,197 days 12:00:00.000000000,7 days 00:00:00.000000000
7174,2011-12-05 00:00:00.000000000,2011-10-01 00:00:00.000000000,2011-10-01 00:00:00.000000000,2011-05-11 00:00:00.000000000,1910-01-01 00:00:00.000000000,2011-08-29 01:36:00.028800000,2011-02-02 01:36:00.028800000,97 days 22:23:59.971200000,32 days 22:23:59.971200000,-65 days +00:00:00.000000000
7175,2011-10-18 00:00:00.000000000,2011-10-03 00:00:00.000000000,2011-10-03 00:00:00.000000000,2011-08-19 00:00:00.000000000,1910-01-01 00:00:00.000000000,2011-08-03 14:24:00.000000000,2011-06-04 14:24:00.000000000,75 days 09:36:00.000000000,60 days 09:36:00.000000000,-15 days +00:00:00.000000000
7176,2011-11-03 00:00:00.000000000,2011-09-28 00:00:00.000000000,2011-09-28 00:00:00.000000000,2011-06-06 00:00:00.000000000,1910-01-01 00:00:00.000000000,2011-07-31 01:00:00.028800000,2011-03-03 01:00:00.028800000,94 days 22:59:59.971200000,58 days 22:59:59.971200000,-36 days +00:00:00.000000000
7177,2011-11-03 00:00:00.000000000,2011-10-14 00:00:00.000000000,2011-10-14 00:00:00.000000000,2011-06-06 00:00:00.000000000,1910-01-01 00:00:00.000000000,2011-07-31 01:00:00.028800000,2011-03-03 01:00:00.028800000,94 days 22:59:59.971200000,74 days 22:59:59.971200000,-20 days +00:00:00.000000000
7178,2011-10-25 00:00:00.000000000,2011-10-21 00:00:00.000000000,2011-10-21 00:00:00.000000000,2011-06-28 00:00:00.000000000,1910-01-01 00:00:00.000000000,2011-04-17 12:00:00.000000000,2010-12-19 12:00:00.000000000,190 days 12:00:00.000000000,186 days 12:00:00.000000000,-4 days +00:00:00.000000000
7179,2011-12-14 00:00:00.000000000,2011-12-14 00:00:00.000000000,2011-12-14 00:00:00.000000000,2011-01-24 00:00:00.000000000,1910-01-01 00:00:00.000000000,2011-07-22 14:07:03.504000000,2010-09-01 14:07:03.504000000,144 days 09:52:56.496000000,144 days 09:52:56.496000000,0 days 00:00:00.000000000
7180,2011-11-21 00:00:00.000000000,2011-11-21 00:00:00.000000000,2011-11-21 00:00:00.000000000,2011-06-28 00:00:00.000000000,1910-01-01 00:00:00.000000000,2011-05-14 12:00:00.000000000,2010-12-19 12:00:00.000000000,190 days 12:00:00.000000000,190 days 12:00:00.000000000,0 days 00:00:00.000000000
7181,2011-11-30 00:00:00.000000000,2011-12-14 00:00:00.000000000,2011-12-14 00:00:00.000000000,2011-08-04 00:00:00.000000000,1910-01-01 00:00:00.000000000,2011-07-08 14:07:03.504000000,2011-03-12 14:07:03.504000000,144 days 09:52:56.496000000,158 days 09:52:56.496000000,14 days 00:00:00.000000000
7182,2011-11-30 00:00:00.000000000,2011-11-19 00:00:00.000000000,2011-11-19 00:00:00.000000000,2011-08-25 00:00:00.000000000,1910-01-01 00:00:00.000000000,2011-06-20 16:33:06.192000000,2011-03-15 16:33:06.192000000,162 days 07:26:53.808000000,151 days 07:26:53.808000000,-11 days +00:00:00.000000000
7183,2011-12-09 00:00:00.000000000,2011-11-19 00:00:00.000000000,2011-11-19 00:00:00.000000000,2011-08-25 00:00:00.000000000,1910-01-01 00:00:00.000000000,2011-06-29 16:33:06.192000000,2011-03-15 16:33:06.192000000,162 days 07:26:53.808000000,142 days 07:26:53.808000000,-20 days +00:00:00.000000000
7184,2011-11-24 00:00:00.000000000,2011-11-11 00:00:00.000000000,2011-11-11 00:00:00.000000000,2011-10-19 00:00:00.000000000,1910-01-01 00:00:00.000000000,2011-05-21 07:59:59.971200000,2011-04-15 07:59:59.971200000,186 days 16:00:00.028800000,173 days 16:00:00.028800000,-13 days +00:00:00.000000000
7185,2011-12-05 00:00:00.000000000,2011-12-02 00:00:00.000000000,2011-12-02 00:00:00.000000000,2011-08-12 00:00:00.000000000,1910-01-01 00:00:00.000000000,2011-06-01 07:59:59.971200000,2011-02-06 07:59:59.971200000,186 days 16:00:00.028800000,183 days 16:00:00.028800000,-3 days +00:00:00.000000000
7186,2011-12-30 00:00:00.000000000,2011-12-09 00:00:00.000000000,2011-12-09 00:00:00.000000000,2011-01-19 00:00:00.000000000,1910-01-01 00:00:00.000000000,2011-06-22 12:00:00.000000000,2010-07-12 12:00:00.000000000,190 days 12:00:00.000000000,169 days 12:00:00.000000000,-21 days +00:00:00.000000000
7187,2011-12-07 00:00:00.000000000,2011-12-09 00:00:00.000000000,2011-12-09 00:00:00.000000000,2011-01-19 00:00:00.000000000,1910-01-01 00:00:00.000000000,2011-05-30 12:00:00.000000000,2010-07-12 12:00:00.000000000,190 days 12:00:00.000000000,192 days 12:00:00.000000000,2 days 00:00:00.000000000
7188,2012-01-31 00:00:00.000000000,2012-01-19 00:00:00.000000000,2012-01-19 00:00:00.000000000,2011-10-05 00:00:00.000000000,1910-01-01 00:00:00.000000000,2011-12-08 01:59:59.971200000,2011-08-12 01:59:59.971200000,53 days 22:00:00.028800000,41 days 22:00:00.028800000,-12 days +00:00:00.000000000
7189,2012-01-31 00:00:00.000000000,2012-01-19 00:00:00.000000000,2012-01-19 00:00:00.000000000,2011-10-05 00:00:00.000000000,1910-01-01 00:00:00.000000000,2011-12-08 01:59:59.971200000,2011-08-12 01:59:59.971200000,53 days 22:00:00.028800000,41 days 22:00:00.028800000,-12 days +00:00:00.000000000
7190,2012-01-31 00:00:00.000000000,2012-01-19 00:00:00.000000000,2012-01-19 00:00:00.000000000,2011-10-05 00:00:00.000000000,1910-01-01 00:00:00.000000000,2011-12-08 01:59:59.971200000,2011-08-12 01:59:59.971200000,53 days 22:00:00.028800000,41 days 22:00:00.028800000,-12 days +00:00:00.000000000
7191,2012-02-15 00:00:00.000000000,2012-02-05 00:00:00.000000000,2012-02-05 00:00:00.000000000,2011-09-02 00:00:00.000000000,1910-01-01 00:00:00.000000000,2011-11-07 19:41:32.323200000,2011-05-25 19:41:32.323200000,99 days 04:18:27.676800000,89 days 04:18:27.676800000,-10 days +00:00:00.000000000
7192,2012-05-15 00:00:00.000000000,2011-12-23 00:00:00.000000000,2011-12-23 00:00:00.000000000,2011-09-27 00:00:00.000000000,1910-01-01 00:00:00.000000000,2011-12-30 04:48:00.000000000,2011-05-13 04:48:00.000000000,136 days 19:12:00.000000000,-8 days +19:12:00.000000000,-144 days +00:00:00.000000000
7193,2012-03-16 00:00:00.000000000,2012-02-14 00:00:00.000000000,2012-02-14 00:00:00.000000000,2011-11-21 00:00:00.000000000,1910-01-01 00:00:00.000000000,2011-09-02 19:59:59.971200000,2011-05-09 19:59:59.971200000,195 days 04:00:00.028800000,164 days 04:00:00.028800000,-31 days +00:00:00.000000000
7194,2012-03-16 00:00:00.000000000,2012-02-14 00:00:00.000000000,2012-02-14 00:00:00.000000000,2011-11-21 00:00:00.000000000,1910-01-01 00:00:00.000000000,2011-09-02 19:59:59.971200000,2011-05-09 19:59:59.971200000,195 days 04:00:00.028800000,164 days 04:00:00.028800000,-31 days +00:00:00.000000000
7195,2012-03-16 00:00:00.000000000,2012-02-14 00:00:00.000000000,2012-02-14 00:00:00.000000000,2011-11-21 00:00:00.000000000,1910-01-01 00:00:00.000000000,2011-09-02 19:59:59.971200000,2011-05-09 19:59:59.971200000,195 days 04:00:00.028800000,164 days 04:00:00.028800000,-31 days +00:00:00.000000000
7196,2012-03-16 00:00:00.000000000,2012-02-14 00:00:00.000000000,2012-02-14 00:00:00.000000000,2011-11-21 00:00:00.000000000,1910-01-01 00:00:00.000000000,2011-09-02 19:59:59.971200000,2011-05-09 19:59:59.971200000,195 days 04:00:00.028800000,164 days 04:00:00.028800000,-31 days +00:00:00.000000000
7197,2012-03-16 00:00:00.000000000,2012-02-14 00:00:00.000000000,2012-02-14 00:00:00.000000000,2011-11-21 00:00:00.000000000,1910-01-01 00:00:00.000000000,2011-09-02 19:59:59.971200000,2011-05-09 19:59:59.971200000,195 days 04:00:00.028800000,164 days 04:00:00.028800000,-31 days +00:00:00.000000000
7198,2012-03-16 00:00:00.000000000,2012-02-14 00:00:00.000000000,2012-02-14 00:00:00.000000000,2011-11-21 00:00:00.000000000,1910-01-01 00:00:00.000000000,2011-09-02 19:59:59.971200000,2011-05-09 19:59:59.971200000,195 days 04:00:00.028800000,164 days 04:00:00.028800000,-31 days +00:00:00.000000000
7199,2012-02-10 00:00:00.000000000,2012-02-14 00:00:00.000000000,2012-02-14 00:00:00.000000000,2011-11-21 00:00:00.000000000,1910-01-01 00:00:00.000000000,2011-07-29 19:59:59.971200000,2011-05-09 19:59:59.971200000,195 days 04:00:00.028800000,199 days 04:00:00.028800000,4 days 00:00:00.000000000
7200,2012-03-30 00:00:00.000000000,2012-02-04 00:00:00.000000000,2012-02-04 00:00:00.000000000,2011-10-27 00:00:00.000000000,1910-01-01 00:00:00.000000000,2012-01-08 13:20:00.038400000,2011-08-06 13:20:00.038400000,81 days 10:39:59.961600000,26 days 10:39:59.961600000,-55 days +00:00:00.000000000
7201,2012-03-16 00:00:00.000000000,2012-03-14 00:00:00.000000000,2012-03-14 00:00:00.000000000,2011-11-21 00:00:00.000000000,1910-01-01 00:00:00.000000000,2011-09-02 19:59:59.971200000,2011-05-09 19:59:59.971200000,195 days 04:00:00.028800000,193 days 04:00:00.028800000,-2 days +00:00:00.000000000
7202,2012-03-30 00:00:00.000000000,2012-03-08 00:00:00.000000000,2012-03-08 00:00:00.000000000,2011-08-04 00:00:00.000000000,1910-01-01 00:00:00.000000000,2011-12-29 01:30:00.000000000,2011-05-04 01:30:00.000000000,91 days 22:30:00.000000000,69 days 22:30:00.000000000,-22 days +00:00:00.000000000
7203,2012-03-30 00:00:00.000000000,2012-03-08 00:00:00.000000000,2012-03-08 00:00:00.000000000,2011-08-04 00:00:00.000000000,1910-01-01 00:00:00.000000000,2011-12-29 01:30:00.000000000,2011-05-04 01:30:00.000000000,91 days 22:30:00.000000000,69 days 22:30:00.000000000,-22 days +00:00:00.000000000
7204,2012-03-02 00:00:00.000000000,2012-03-12 00:00:00.000000000,2012-03-12 00:00:00.000000000,2011-12-20 00:00:00.000000000,1910-01-01 00:00:00.000000000,2011-12-01 22:02:26.908800000,2011-09-19 22:02:26.908800000,91 days 01:57:33.091200000,101 days 01:57:33.091200000,10 days 00:00:00.000000000
7205,2012-03-30 00:00:00.000000000,2012-03-12 00:00:00.000000000,2012-03-12 00:00:00.000000000,2011-08-22 00:00:00.000000000,1910-01-01 00:00:00.000000000,2011-12-21 19:41:32.323200000,2011-05-14 19:41:32.323200000,99 days 04:18:27.676800000,81 days 04:18:27.676800000,-18 days +00:00:00.000000000
7206,2012-03-23 00:00:00.000000000,2012-03-12 00:00:00.000000000,2012-03-12 00:00:00.000000000,2011-08-22 00:00:00.000000000,1910-01-01 00:00:00.000000000,2011-12-14 19:41:32.323200000,2011-05-14 19:41:32.323200000,99 days 04:18:27.676800000,88 days 04:18:27.676800000,-11 days +00:00:00.000000000
7207,2012-03-23 00:00:00.000000000,2012-03-12 00:00:00.000000000,2012-03-12 00:00:00.000000000,2011-08-22 00:00:00.000000000,1910-01-01 00:00:00.000000000,2011-12-14 19:41:32.323200000,2011-05-14 19:41:32.323200000,99 days 04:18:27.676800000,88 days 04:18:27.676800000,-11 days +00:00:00.000000000
7208,2012-03-30 00:00:00.000000000,2012-02-27 00:00:00.000000000,2012-02-27 00:00:00.000000000,2011-07-26 00:00:00.000000000,1910-01-01 00:00:00.000000000,2011-11-14 04:48:00.000000000,2011-03-11 04:48:00.000000000,136 days 19:12:00.000000000,104 days 19:12:00.000000000,-32 days +00:00:00.000000000
7209,2012-07-04 00:00:00.000000000,2012-03-15 00:00:00.000000000,2012-03-15 00:00:00.000000000,2011-12-08 00:00:00.000000000,1910-01-01 00:00:00.000000000,2012-03-25 02:05:13.084800000,2011-08-29 02:05:13.084800000,100 days 21:54:46.915200000,-11 days +21:54:46.915200000,-111 days +00:00:00.000000000
7210,2012-05-04 00:00:00.000000000,2012-03-13 00:00:00.000000000,2012-03-13 00:00:00.000000000,2011-08-22 00:00:00.000000000,1910-01-01 00:00:00.000000000,2012-01-25 19:41:32.323200000,2011-05-14 19:41:32.323200000,99 days 04:18:27.676800000,47 days 04:18:27.676800000,-52 days +00:00:00.000000000
7211,2012-05-07 00:00:00.000000000,2012-05-24 00:00:00.000000000,2012-05-24 00:00:00.000000000,2011-08-04 00:00:00.000000000,1910-01-01 00:00:00.000000000,2012-02-05 01:30:00.000000000,2011-05-04 01:30:00.000000000,91 days 22:30:00.000000000,108 days 22:30:00.000000000,17 days 00:00:00.000000000
7212,2012-05-07 00:00:00.000000000,2012-05-24 00:00:00.000000000,2012-05-24 00:00:00.000000000,2011-08-04 00:00:00.000000000,1910-01-01 00:00:00.000000000,2012-02-05 01:30:00.000000000,2011-05-04 01:30:00.000000000,91 days 22:30:00.000000000,108 days 22:30:00.000000000,17 days 00:00:00.000000000
7213,2012-04-30 00:00:00.000000000,2012-04-11 00:00:00.000000000,2012-04-11 00:00:00.000000000,2011-08-22 00:00:00.000000000,1910-01-01 00:00:00.000000000,2012-01-21 19:41:32.323200000,2011-05-14 19:41:32.323200000,99 days 04:18:27.676800000,80 days 04:18:27.676800000,-19 days +00:00:00.000000000
7214,2012-04-26 00:00:00.000000000,2012-05-04 00:00:00.000000000,2012-05-04 00:00:00.000000000,2012-01-25 00:00:00.000000000,1910-01-01 00:00:00.000000000,2012-03-01 07:59:59.971200000,2011-11-30 07:59:59.971200000,55 days 16:00:00.028800000,63 days 16:00:00.028800000,8 days 00:00:00.000000000
7215,2012-04-16 00:00:00.000000000,2012-03-28 00:00:00.000000000,2012-03-28 00:00:00.000000000,2012-03-01 00:00:00.000000000,1910-01-01 00:00:00.000000000,2012-01-15 22:02:26.908800000,2011-11-30 22:02:26.908800000,91 days 01:57:33.091200000,72 days 01:57:33.091200000,-19 days +00:00:00.000000000
7216,2012-05-03 00:00:00.000000000,2012-03-27 00:00:00.000000000,2012-03-27 00:00:00.000000000,2012-02-20 00:00:00.000000000,1910-01-01 00:00:00.000000000,2012-03-10 01:59:59.971200000,2011-12-28 01:59:59.971200000,53 days 22:00:00.028800000,16 days 22:00:00.028800000,-37 days +00:00:00.000000000
7217,2012-05-07 00:00:00.000000000,2012-05-10 00:00:00.000000000,2012-05-10 00:00:00.000000000,2011-08-04 00:00:00.000000000,1910-01-01 00:00:00.000000000,2012-02-05 01:30:00.000000000,2011-05-04 01:30:00.000000000,91 days 22:30:00.000000000,94 days 22:30:00.000000000,3 days 00:00:00.000000000
7218,2012-04-16 00:00:00.000000000,2012-04-11 00:00:00.000000000,2012-04-11 00:00:00.000000000,2011-08-25 00:00:00.000000000,1910-01-01 00:00:00.000000000,2011-12-07 03:00:00.000000000,2011-04-16 03:00:00.000000000,130 days 21:00:00.000000000,125 days 21:00:00.000000000,-5 days +00:00:00.000000000
7219,2012-04-16 00:00:00.000000000,2012-04-11 00:00:00.000000000,2012-04-11 00:00:00.000000000,2011-11-11 00:00:00.000000000,1910-01-01 00:00:00.000000000,2011-12-07 03:00:00.000000000,2011-07-03 03:00:00.000000000,130 days 21:00:00.000000000,125 days 21:00:00.000000000,-5 days +00:00:00.000000000
7220,2012-05-20 00:00:00.000000000,2012-04-30 00:00:00.000000000,2012-04-30 00:00:00.000000000,2011-08-29 00:00:00.000000000,1910-01-01 00:00:00.000000000,2012-02-09 02:05:13.084800000,2011-05-20 02:05:13.084800000,100 days 21:54:46.915200000,80 days 21:54:46.915200000,-20 days +00:00:00.000000000
7221,2012-05-23 00:00:00.000000000,2012-05-23 00:00:00.000000000,2012-05-23 00:00:00.000000000,2012-04-04 00:00:00.000000000,1910-01-01 00:00:00.000000000,2012-02-02 15:30:54.576000000,2011-12-15 15:30:54.576000000,110 days 08:29:05.424000000,110 days 08:29:05.424000000,0 days 00:00:00.000000000
7222,2012-05-21 00:00:00.000000000,2012-05-09 00:00:00.000000000,2012-05-09 00:00:00.000000000,2012-04-09 00:00:00.000000000,1910-01-01 00:00:00.000000000,2012-01-31 15:30:54.576000000,2011-12-20 15:30:54.576000000,110 days 08:29:05.424000000,98 days 08:29:05.424000000,-12 days +00:00:00.000000000
7223,2012-05-31 00:00:00.000000000,2012-05-25 00:00:00.000000000,2012-05-25 00:00:00.000000000,2011-10-04 00:00:00.000000000,1910-01-01 00:00:00.000000000,2011-10-23 17:08:34.310400000,2011-02-25 17:08:34.310400000,220 days 06:51:25.689600000,214 days 06:51:25.689600000,-6 days +00:00:00.000000000
7224,2012-06-12 00:00:00.000000000,2012-05-25 00:00:00.000000000,2012-05-25 00:00:00.000000000,2011-10-04 00:00:00.000000000,1910-01-01 00:00:00.000000000,2011-11-04 17:08:34.310400000,2011-02-25 17:08:34.310400000,220 days 06:51:25.689600000,202 days 06:51:25.689600000,-18 days +00:00:00.000000000
7225,2012-06-12 00:00:00.000000000,2012-05-25 00:00:00.000000000,2012-05-25 00:00:00.000000000,2011-10-04 00:00:00.000000000,1910-01-01 00:00:00.000000000,2011-11-04 17:08:34.310400000,2011-02-25 17:08:34.310400000,220 days 06:51:25.689600000,202 days 06:51:25.689600000,-18 days +00:00:00.000000000
7226,2012-06-12 00:00:00.000000000,2012-05-25 00:00:00.000000000,2012-05-25 00:00:00.000000000,2011-10-04 00:00:00.000000000,1910-01-01 00:00:00.000000000,2011-11-04 17:08:34.310400000,2011-02-25 17:08:34.310400000,220 days 06:51:25.689600000,202 days 06:51:25.689600000,-18 days +00:00:00.000000000
7227,2012-07-26 00:00:00.000000000,2012-06-18 00:00:00.000000000,2012-06-18 00:00:00.000000000,2012-03-08 00:00:00.000000000,1910-01-01 00:00:00.000000000,2012-03-11 04:48:00.000000000,2011-10-23 04:48:00.000000000,136 days 19:12:00.000000000,98 days 19:12:00.000000000,-38 days +00:00:00.000000000
7228,2012-07-04 00:00:00.000000000,2012-06-12 00:00:00.000000000,2012-06-12 00:00:00.000000000,2012-05-09 00:00:00.000000000,1910-01-01 00:00:00.000000000,2012-05-11 01:59:59.971200000,2012-03-16 01:59:59.971200000,53 days 22:00:00.028800000,31 days 22:00:00.028800000,-22 days +00:00:00.000000000
7229,2012-08-17 00:00:00.000000000,2012-06-08 00:00:00.000000000,2012-06-08 00:00:00.000000000,2012-05-09 00:00:00.000000000,1910-01-01 00:00:00.000000000,2012-06-24 01:59:59.971200000,2012-03-16 01:59:59.971200000,53 days 22:00:00.028800000,-17 days +22:00:00.028800000,-70 days +00:00:00.000000000
7230,2012-09-03 00:00:00.000000000,2012-09-03 00:00:00.000000000,2012-09-03 00:00:00.000000000,2012-04-02 00:00:00.000000000,1910-01-01 00:00:00.000000000,2012-02-20 19:59:59.971200000,2011-09-19 19:59:59.971200000,195 days 04:00:00.028800000,195 days 04:00:00.028800000,0 days 00:00:00.000000000
7231,2012-07-04 00:00:00.000000000,2012-06-03 00:00:00.000000000,2012-06-03 00:00:00.000000000,2011-12-08 00:00:00.000000000,1910-01-01 00:00:00.000000000,2012-03-25 02:05:13.084800000,2011-08-29 02:05:13.084800000,100 days 21:54:46.915200000,69 days 21:54:46.915200000,-31 days +00:00:00.000000000
7232,2012-07-31 00:00:00.000000000,2012-06-15 00:00:00.000000000,2012-06-15 00:00:00.000000000,2012-05-11 00:00:00.000000000,1910-01-01 00:00:00.000000000,2012-05-06 00:00:00.000000000,2012-02-15 00:00:00.000000000,86 days 00:00:00.000000000,40 days 00:00:00.000000000,-46 days +00:00:00.000000000
7233,2012-12-11 00:00:00.000000000,2012-06-27 00:00:00.000000000,2012-06-27 00:00:00.000000000,2011-10-04 00:00:00.000000000,1910-01-01 00:00:00.000000000,2012-05-04 17:08:34.310400000,2011-02-25 17:08:34.310400000,220 days 06:51:25.689600000,53 days 06:51:25.689600000,-167 days +00:00:00.000000000
7234,2012-12-11 00:00:00.000000000,2012-06-27 00:00:00.000000000,2012-06-27 00:00:00.000000000,2011-10-04 00:00:00.000000000,1910-01-01 00:00:00.000000000,2012-05-04 17:08:34.310400000,2011-02-25 17:08:34.310400000,220 days 06:51:25.689600000,53 days 06:51:25.689600000,-167 days +00:00:00.000000000
7235,2012-09-11 00:00:00.000000000,2012-09-11 00:00:00.000000000,2012-09-11 00:00:00.000000000,2012-04-02 00:00:00.000000000,1910-01-01 00:00:00.000000000,2012-02-28 19:59:59.971200000,2011-09-19 19:59:59.971200000,195 days 04:00:00.028800000,195 days 04:00:00.028800000,0 days 00:00:00.000000000
7236,2012-09-11 00:00:00.000000000,2012-09-11 00:00:00.000000000,2012-09-11 00:00:00.000000000,2012-04-02 00:00:00.000000000,1910-01-01 00:00:00.000000000,2012-02-28 19:59:59.971200000,2011-09-19 19:59:59.971200000,195 days 04:00:00.028800000,195 days 04:00:00.028800000,0 days 00:00:00.000000000
7237,2012-07-31 00:00:00.000000000,2012-06-28 00:00:00.000000000,2012-06-28 00:00:00.000000000,2012-03-16 00:00:00.000000000,1910-01-01 00:00:00.000000000,2012-04-30 01:30:00.000000000,2011-12-15 01:30:00.000000000,91 days 22:30:00.000000000,58 days 22:30:00.000000000,-33 days +00:00:00.000000000
7238,2012-08-02 00:00:00.000000000,2012-06-03 00:00:00.000000000,2012-06-03 00:00:00.000000000,2012-03-01 00:00:00.000000000,1910-01-01 00:00:00.000000000,2012-04-23 02:05:13.084800000,2011-11-21 02:05:13.084800000,100 days 21:54:46.915200000,40 days 21:54:46.915200000,-60 days +00:00:00.000000000
7239,2012-08-02 00:00:00.000000000,2012-06-03 00:00:00.000000000,2012-06-03 00:00:00.000000000,2012-03-01 00:00:00.000000000,1910-01-01 00:00:00.000000000,2012-04-23 02:05:13.084800000,2011-11-21 02:05:13.084800000,100 days 21:54:46.915200000,40 days 21:54:46.915200000,-60 days +00:00:00.000000000
7240,2012-07-20 00:00:00.000000000,2012-07-13 00:00:00.000000000,2012-07-13 00:00:00.000000000,2012-02-20 00:00:00.000000000,1910-01-01 00:00:00.000000000,2012-05-27 01:59:59.971200000,2011-12-28 01:59:59.971200000,53 days 22:00:00.028800000,46 days 22:00:00.028800000,-7 days +00:00:00.000000000
7241,2012-07-04 00:00:00.000000000,2012-07-10 00:00:00.000000000,2012-07-10 00:00:00.000000000,2011-12-08 00:00:00.000000000,1910-01-01 00:00:00.000000000,2012-03-25 02:05:13.084800000,2011-08-29 02:05:13.084800000,100 days 21:54:46.915200000,106 days 21:54:46.915200000,6 days 00:00:00.000000000
7242,2012-07-10 00:00:00.000000000,2012-07-10 00:00:00.000000000,2012-07-10 00:00:00.000000000,2011-12-08 00:00:00.000000000,1910-01-01 00:00:00.000000000,2012-03-31 02:05:13.084800000,2011-08-29 02:05:13.084800000,100 days 21:54:46.915200000,100 days 21:54:46.915200000,0 days 00:00:00.000000000
7243,2012-08-02 00:00:00.000000000,2012-07-09 00:00:00.000000000,2012-07-09 00:00:00.000000000,2012-03-01 00:00:00.000000000,1910-01-01 00:00:00.000000000,2012-04-23 02:05:13.084800000,2011-11-21 02:05:13.084800000,100 days 21:54:46.915200000,76 days 21:54:46.915200000,-24 days +00:00:00.000000000
7244,2012-08-02 00:00:00.000000000,2012-07-09 00:00:00.000000000,2012-07-09 00:00:00.000000000,2012-03-01 00:00:00.000000000,1910-01-01 00:00:00.000000000,2012-04-23 02:05:13.084800000,2011-11-21 02:05:13.084800000,100 days 21:54:46.915200000,76 days 21:54:46.915200000,-24 days +00:00:00.000000000
7245,2012-09-28 00:00:00.000000000,2012-07-21 00:00:00.000000000,2012-07-21 00:00:00.000000000,2012-06-18 00:00:00.000000000,1910-01-01 00:00:00.000000000,2012-07-04 00:00:00.000000000,2012-03-24 00:00:00.000000000,86 days 00:00:00.000000000,17 days 00:00:00.000000000,-69 days +00:00:00.000000000
7246,2012-08-07 00:00:00.000000000,2012-08-07 00:00:00.000000000,2012-08-07 00:00:00.000000000,2012-05-09 00:00:00.000000000,1910-01-01 00:00:00.000000000,2012-06-14 01:59:59.971200000,2012-03-16 01:59:59.971200000,53 days 22:00:00.028800000,53 days 22:00:00.028800000,0 days 00:00:00.000000000
7247,2012-08-07 00:00:00.000000000,2012-08-07 00:00:00.000000000,2012-08-07 00:00:00.000000000,2012-06-06 00:00:00.000000000,1910-01-01 00:00:00.000000000,2012-06-14 01:59:59.971200000,2012-04-13 01:59:59.971200000,53 days 22:00:00.028800000,53 days 22:00:00.028800000,0 days 00:00:00.000000000
7248,2012-11-30 00:00:00.000000000,2012-11-30 00:00:00.000000000,2012-11-30 00:00:00.000000000,2012-06-26 00:00:00.000000000,1910-01-01 00:00:00.000000000,2012-05-18 19:59:59.971200000,2011-12-13 19:59:59.971200000,195 days 04:00:00.028800000,195 days 04:00:00.028800000,0 days 00:00:00.000000000
7249,2012-08-02 00:00:00.000000000,2012-07-24 00:00:00.000000000,2012-07-24 00:00:00.000000000,2012-03-01 00:00:00.000000000,1910-01-01 00:00:00.000000000,2012-04-23 02:05:13.084800000,2011-11-21 02:05:13.084800000,100 days 21:54:46.915200000,91 days 21:54:46.915200000,-9 days +00:00:00.000000000
7250,2012-10-30 00:00:00.000000000,2012-10-30 00:00:00.000000000,2012-10-30 00:00:00.000000000,2012-06-06 00:00:00.000000000,1910-01-01 00:00:00.000000000,2012-09-06 01:59:59.971200000,2012-04-13 01:59:59.971200000,53 days 22:00:00.028800000,53 days 22:00:00.028800000,0 days 00:00:00.000000000
7251,2012-10-30 00:00:00.000000000,2012-10-30 00:00:00.000000000,2012-10-30 00:00:00.000000000,2012-06-06 00:00:00.000000000,1910-01-01 00:00:00.000000000,2012-09-06 01:59:59.971200000,2012-04-13 01:59:59.971200000,53 days 22:00:00.028800000,53 days 22:00:00.028800000,0 days 00:00:00.000000000
7252,2012-08-31 00:00:00.000000000,2012-08-12 00:00:00.000000000,2012-08-12 00:00:00.000000000,2011-12-21 00:00:00.000000000,1910-01-01 00:00:00.000000000,2012-04-22 03:00:00.000000000,2011-08-12 03:00:00.000000000,130 days 21:00:00.000000000,111 days 21:00:00.000000000,-19 days +00:00:00.000000000
7253,2012-08-20 00:00:00.000000000,2012-08-14 00:00:00.000000000,2012-08-14 00:00:00.000000000,2012-03-01 00:00:00.000000000,1910-01-01 00:00:00.000000000,2012-05-11 02:05:13.084800000,2011-11-21 02:05:13.084800000,100 days 21:54:46.915200000,94 days 21:54:46.915200000,-6 days +00:00:00.000000000
7254,2012-08-31 00:00:00.000000000,2012-08-23 00:00:00.000000000,2012-08-23 00:00:00.000000000,2012-06-04 00:00:00.000000000,1910-01-01 00:00:00.000000000,2012-06-06 00:00:00.000000000,2012-03-10 00:00:00.000000000,86 days 00:00:00.000000000,78 days 00:00:00.000000000,-8 days +00:00:00.000000000
7255,2012-09-27 00:00:00.000000000,2012-09-27 00:00:00.000000000,2012-09-27 00:00:00.000000000,2012-06-07 00:00:00.000000000,1910-01-01 00:00:00.000000000,2012-08-04 01:59:59.971200000,2012-04-14 01:59:59.971200000,53 days 22:00:00.028800000,53 days 22:00:00.028800000,0 days 00:00:00.000000000
7256,2012-10-02 00:00:00.000000000,2012-08-29 00:00:00.000000000,2012-08-29 00:00:00.000000000,2012-07-05 00:00:00.000000000,1910-01-01 00:00:00.000000000,2012-07-12 13:20:00.038400000,2012-04-14 13:20:00.038400000,81 days 10:39:59.961600000,47 days 10:39:59.961600000,-34 days +00:00:00.000000000
7257,2013-02-14 00:00:00.000000000,2013-02-14 00:00:00.000000000,2013-02-14 00:00:00.000000000,2012-05-15 00:00:00.000000000,1910-01-01 00:00:00.000000000,2012-08-25 09:13:50.736000000,2011-11-24 09:13:50.736000000,172 days 14:46:09.264000000,172 days 14:46:09.264000000,0 days 00:00:00.000000000
7258,2012-08-31 00:00:00.000000000,2012-08-14 00:00:00.000000000,2012-08-14 00:00:00.000000000,2012-03-01 00:00:00.000000000,1910-01-01 00:00:00.000000000,2012-05-22 02:05:13.084800000,2011-11-21 02:05:13.084800000,100 days 21:54:46.915200000,83 days 21:54:46.915200000,-17 days +00:00:00.000000000
7259,2012-09-10 00:00:00.000000000,2012-08-14 00:00:00.000000000,2012-08-14 00:00:00.000000000,2012-03-01 00:00:00.000000000,1910-01-01 00:00:00.000000000,2012-06-01 02:05:13.084800000,2011-11-21 02:05:13.084800000,100 days 21:54:46.915200000,73 days 21:54:46.915200000,-27 days +00:00:00.000000000
7260,2012-09-17 00:00:00.000000000,2012-09-07 00:00:00.000000000,2012-09-07 00:00:00.000000000,2011-09-27 00:00:00.000000000,1910-01-01 00:00:00.000000000,2012-05-03 04:48:00.000000000,2011-05-13 04:48:00.000000000,136 days 19:12:00.000000000,126 days 19:12:00.000000000,-10 days +00:00:00.000000000
7261,2012-09-24 00:00:00.000000000,2012-09-07 00:00:00.000000000,2012-09-07 00:00:00.000000000,2012-03-08 00:00:00.000000000,1910-01-01 00:00:00.000000000,2012-05-10 04:48:00.000000000,2011-10-23 04:48:00.000000000,136 days 19:12:00.000000000,119 days 19:12:00.000000000,-17 days +00:00:00.000000000
7262,2012-09-25 00:00:00.000000000,2012-09-07 00:00:00.000000000,2012-09-07 00:00:00.000000000,2012-04-27 00:00:00.000000000,1910-01-01 00:00:00.000000000,2012-05-11 04:48:00.000000000,2011-12-12 04:48:00.000000000,136 days 19:12:00.000000000,118 days 19:12:00.000000000,-18 days +00:00:00.000000000
7263,2012-11-13 00:00:00.000000000,2012-09-05 00:00:00.000000000,2012-09-05 00:00:00.000000000,2012-04-19 00:00:00.000000000,1910-01-01 00:00:00.000000000,2012-07-05 03:00:00.000000000,2011-12-10 03:00:00.000000000,130 days 21:00:00.000000000,61 days 21:00:00.000000000,-69 days +00:00:00.000000000
7264,2012-10-05 00:00:00.000000000,2012-10-06 00:00:00.000000000,2012-10-06 00:00:00.000000000,2012-02-20 00:00:00.000000000,1910-01-01 00:00:00.000000000,2012-08-12 01:59:59.971200000,2011-12-28 01:59:59.971200000,53 days 22:00:00.028800000,54 days 22:00:00.028800000,1 days 00:00:00.000000000
7265,2012-09-28 00:00:00.000000000,2012-09-24 00:00:00.000000000,2012-09-24 00:00:00.000000000,2012-05-15 00:00:00.000000000,1910-01-01 00:00:00.000000000,2012-08-05 01:59:59.971200000,2012-03-22 01:59:59.971200000,53 days 22:00:00.028800000,49 days 22:00:00.028800000,-4 days +00:00:00.000000000
7266,2012-10-31 00:00:00.000000000,2012-10-30 00:00:00.000000000,2012-10-30 00:00:00.000000000,2012-06-18 00:00:00.000000000,1910-01-01 00:00:00.000000000,2012-08-06 00:00:00.000000000,2012-03-24 00:00:00.000000000,86 days 00:00:00.000000000,85 days 00:00:00.000000000,-1 days +00:00:00.000000000
7267,2012-09-28 00:00:00.000000000,2012-09-13 00:00:00.000000000,2012-09-13 00:00:00.000000000,2012-06-04 00:00:00.000000000,1910-01-01 00:00:00.000000000,2012-07-04 00:00:00.000000000,2012-03-10 00:00:00.000000000,86 days 00:00:00.000000000,71 days 00:00:00.000000000,-15 days +00:00:00.000000000
7268,2012-09-28 00:00:00.000000000,2012-10-05 00:00:00.000000000,2012-10-05 00:00:00.000000000,2012-05-11 00:00:00.000000000,1910-01-01 00:00:00.000000000,2012-07-04 00:00:00.000000000,2012-02-15 00:00:00.000000000,86 days 00:00:00.000000000,93 days 00:00:00.000000000,7 days 00:00:00.000000000
7269,2012-10-26 00:00:00.000000000,2012-10-26 00:00:00.000000000,2012-10-26 00:00:00.000000000,2012-05-11 00:00:00.000000000,1910-01-01 00:00:00.000000000,2012-08-01 00:00:00.000000000,2012-02-15 00:00:00.000000000,86 days 00:00:00.000000000,86 days 00:00:00.000000000,0 days 00:00:00.000000000
7270,2012-11-15 00:00:00.000000000,2012-10-23 00:00:00.000000000,2012-10-23 00:00:00.000000000,2012-08-17 00:00:00.000000000,1910-01-01 00:00:00.000000000,2012-08-11 11:17:38.803200000,2012-05-13 11:17:38.803200000,95 days 12:42:21.196800000,72 days 12:42:21.196800000,-23 days +00:00:00.000000000
7271,2012-10-27 00:00:00.000000000,2012-10-27 00:00:00.000000000,2012-10-27 00:00:00.000000000,2012-07-24 00:00:00.000000000,1910-01-01 00:00:00.000000000,2012-09-03 01:59:59.971200000,2012-05-31 01:59:59.971200000,53 days 22:00:00.028800000,53 days 22:00:00.028800000,0 days 00:00:00.000000000
7272,2012-10-31 00:00:00.000000000,2012-10-10 00:00:00.000000000,2012-10-10 00:00:00.000000000,2012-06-28 00:00:00.000000000,1910-01-01 00:00:00.000000000,2012-07-31 01:30:00.000000000,2012-03-28 01:30:00.000000000,91 days 22:30:00.000000000,70 days 22:30:00.000000000,-21 days +00:00:00.000000000
7273,2012-10-25 00:00:00.000000000,2012-10-22 00:00:00.000000000,2012-10-22 00:00:00.000000000,2012-08-15 00:00:00.000000000,1910-01-01 00:00:00.000000000,2012-09-01 01:59:59.971200000,2012-06-22 01:59:59.971200000,53 days 22:00:00.028800000,50 days 22:00:00.028800000,-3 days +00:00:00.000000000
7274,2012-10-31 00:00:00.000000000,2012-10-30 00:00:00.000000000,2012-10-30 00:00:00.000000000,2012-05-25 00:00:00.000000000,1910-01-01 00:00:00.000000000,2012-08-06 00:00:00.000000000,2012-02-29 00:00:00.000000000,86 days 00:00:00.000000000,85 days 00:00:00.000000000,-1 days +00:00:00.000000000
7275,2012-10-24 00:00:00.000000000,2012-10-17 00:00:00.000000000,2012-10-17 00:00:00.000000000,2012-09-19 00:00:00.000000000,1910-01-01 00:00:00.000000000,2012-08-22 20:34:17.155200000,2012-07-18 20:34:17.155200000,62 days 03:25:42.844800000,55 days 03:25:42.844800000,-7 days +00:00:00.000000000
7276,2012-10-24 00:00:00.000000000,2012-10-17 00:00:00.000000000,2012-10-17 00:00:00.000000000,2012-09-19 00:00:00.000000000,1910-01-01 00:00:00.000000000,2012-08-22 20:34:17.155200000,2012-07-18 20:34:17.155200000,62 days 03:25:42.844800000,55 days 03:25:42.844800000,-7 days +00:00:00.000000000
7277,2012-11-07 00:00:00.000000000,2012-10-17 00:00:00.000000000,2012-10-17 00:00:00.000000000,2012-09-19 00:00:00.000000000,1910-01-01 00:00:00.000000000,2012-09-05 20:34:17.155200000,2012-07-18 20:34:17.155200000,62 days 03:25:42.844800000,41 days 03:25:42.844800000,-21 days +00:00:00.000000000
7278,2012-11-19 00:00:00.000000000,2012-11-19 00:00:00.000000000,2012-11-19 00:00:00.000000000,2012-05-15 00:00:00.000000000,1910-01-01 00:00:00.000000000,2012-04-12 17:08:34.310400000,2011-10-07 17:08:34.310400000,220 days 06:51:25.689600000,220 days 06:51:25.689600000,0 days 00:00:00.000000000
7279,2012-11-30 00:00:00.000000000,2012-11-14 00:00:00.000000000,2012-11-14 00:00:00.000000000,2012-05-15 00:00:00.000000000,1910-01-01 00:00:00.000000000,2012-04-23 17:08:34.310400000,2011-10-07 17:08:34.310400000,220 days 06:51:25.689600000,204 days 06:51:25.689600000,-16 days +00:00:00.000000000
7280,2012-12-15 00:00:00.000000000,2012-11-26 00:00:00.000000000,2012-11-26 00:00:00.000000000,2012-04-19 00:00:00.000000000,1910-01-01 00:00:00.000000000,2012-08-06 03:00:00.000000000,2011-12-10 03:00:00.000000000,130 days 21:00:00.000000000,111 days 21:00:00.000000000,-19 days +00:00:00.000000000
7281,2012-12-26 00:00:00.000000000,2012-12-17 00:00:00.000000000,2012-12-17 00:00:00.000000000,2012-08-21 00:00:00.000000000,1910-01-01 00:00:00.000000000,2012-08-11 04:48:00.000000000,2012-04-06 04:48:00.000000000,136 days 19:12:00.000000000,127 days 19:12:00.000000000,-9 days +00:00:00.000000000
7282,2012-12-15 00:00:00.000000000,2012-11-26 00:00:00.000000000,2012-11-26 00:00:00.000000000,2012-04-19 00:00:00.000000000,1910-01-01 00:00:00.000000000,2012-08-06 03:00:00.000000000,2011-12-10 03:00:00.000000000,130 days 21:00:00.000000000,111 days 21:00:00.000000000,-19 days +00:00:00.000000000
7283,2012-12-03 00:00:00.000000000,2012-11-14 00:00:00.000000000,2012-11-14 00:00:00.000000000,2012-10-30 00:00:00.000000000,1910-01-01 00:00:00.000000000,2012-09-02 22:02:26.908800000,2012-07-30 22:02:26.908800000,91 days 01:57:33.091200000,72 days 01:57:33.091200000,-19 days +00:00:00.000000000
7284,2012-12-14 00:00:00.000000000,2012-12-11 00:00:00.000000000,2012-12-11 00:00:00.000000000,2012-05-15 00:00:00.000000000,1910-01-01 00:00:00.000000000,2012-05-07 17:08:34.310400000,2011-10-07 17:08:34.310400000,220 days 06:51:25.689600000,217 days 06:51:25.689600000,-3 days +00:00:00.000000000
7285,2012-12-04 00:00:00.000000000,2012-12-04 00:00:00.000000000,2012-12-04 00:00:00.000000000,2012-05-23 00:00:00.000000000,1910-01-01 00:00:00.000000000,2012-08-25 02:05:13.084800000,2012-02-12 02:05:13.084800000,100 days 21:54:46.915200000,100 days 21:54:46.915200000,0 days 00:00:00.000000000
7286,2013-02-01 00:00:00.000000000,2013-01-14 00:00:00.000000000,2013-01-14 00:00:00.000000000,2012-07-24 00:00:00.000000000,1910-01-01 00:00:00.000000000,2012-10-06 23:13:32.908800000,2012-03-28 23:13:32.908800000,117 days 00:46:27.091200000,99 days 00:46:27.091200000,-18 days +00:00:00.000000000
7287,2013-02-06 00:00:00.000000000,2013-02-06 00:00:00.000000000,2013-02-06 00:00:00.000000000,2012-06-18 00:00:00.000000000,1910-01-01 00:00:00.000000000,2012-10-10 00:00:00.000000000,2012-02-20 00:00:00.000000000,119 days 00:00:00.000000000,119 days 00:00:00.000000000,0 days 00:00:00.000000000
7288,2013-02-28 00:00:00.000000000,2012-12-27 00:00:00.000000000,2012-12-27 00:00:00.000000000,2012-07-24 00:00:00.000000000,1910-01-01 00:00:00.000000000,2012-11-02 23:13:32.908800000,2012-03-28 23:13:32.908800000,117 days 00:46:27.091200000,54 days 00:46:27.091200000,-63 days +00:00:00.000000000
7289,2013-02-28 00:00:00.000000000,2012-02-26 00:00:00.000000000,2013-02-26 00:00:00.000000000,2012-08-24 00:00:00.000000000,1910-01-01 00:00:00.000000000,2012-11-18 04:16:00.019200000,2012-05-14 04:16:00.019200000,101 days 19:43:59.980800000,-267 days +19:43:59.980800000,-368 days +00:00:00.000000000
7290,2013-02-02 00:00:00.000000000,2013-02-02 00:00:00.000000000,2013-02-02 00:00:00.000000000,2012-08-30 00:00:00.000000000,1910-01-01 00:00:00.000000000,2012-11-01 18:00:00.000000000,2012-05-29 18:00:00.000000000,92 days 06:00:00.000000000,92 days 06:00:00.000000000,0 days 00:00:00.000000000
7291,2013-09-11 00:00:00.000000000,2013-09-11 00:00:00.000000000,2013-09-11 00:00:00.000000000,2012-11-16 00:00:00.000000000,1910-01-01 00:00:00.000000000,2013-03-22 09:13:50.736000000,2012-05-27 09:13:50.736000000,172 days 14:46:09.264000000,172 days 14:46:09.264000000,0 days 00:00:00.000000000
7292,2013-03-22 00:00:00.000000000,2013-03-22 00:00:00.000000000,2013-03-22 00:00:00.000000000,2012-06-28 00:00:00.000000000,1910-01-01 00:00:00.000000000,2012-11-02 16:00:00.028800000,2012-02-09 16:00:00.028800000,139 days 07:59:59.971200000,139 days 07:59:59.971200000,0 days 00:00:00.000000000
7293,2013-04-01 00:00:00.000000000,2013-03-22 00:00:00.000000000,2013-03-22 00:00:00.000000000,2012-11-12 00:00:00.000000000,1910-01-01 00:00:00.000000000,2012-11-12 16:00:00.028800000,2012-06-25 16:00:00.028800000,139 days 07:59:59.971200000,129 days 07:59:59.971200000,-10 days +00:00:00.000000000
7294,2013-03-18 00:00:00.000000000,2013-08-08 00:00:00.000000000,2013-08-08 00:00:00.000000000,2012-11-20 00:00:00.000000000,1910-01-01 00:00:00.000000000,2012-09-26 09:13:50.736000000,2012-05-31 09:13:50.736000000,172 days 14:46:09.264000000,315 days 14:46:09.264000000,143 days 00:00:00.000000000
7295,2013-03-11 00:00:00.000000000,2013-02-28 00:00:00.000000000,2013-02-28 00:00:00.000000000,2012-09-06 00:00:00.000000000,1910-01-01 00:00:00.000000000,2012-11-13 23:13:32.908800000,2012-05-11 23:13:32.908800000,117 days 00:46:27.091200000,106 days 00:46:27.091200000,-11 days +00:00:00.000000000
7296,2013-03-06 00:00:00.000000000,2013-02-28 00:00:00.000000000,2013-02-28 00:00:00.000000000,2012-12-14 00:00:00.000000000,1910-01-01 00:00:00.000000000,2012-11-08 23:13:32.908800000,2012-08-18 23:13:32.908800000,117 days 00:46:27.091200000,111 days 00:46:27.091200000,-6 days +00:00:00.000000000
7297,2013-03-27 00:00:00.000000000,2013-02-28 00:00:00.000000000,2013-02-28 00:00:00.000000000,2012-07-24 00:00:00.000000000,1910-01-01 00:00:00.000000000,2012-11-29 23:13:32.908800000,2012-03-28 23:13:32.908800000,117 days 00:46:27.091200000,90 days 00:46:27.091200000,-27 days +00:00:00.000000000
7298,2013-03-18 00:00:00.000000000,2013-03-07 00:00:00.000000000,2013-03-07 00:00:00.000000000,2012-10-10 00:00:00.000000000,1910-01-01 00:00:00.000000000,2012-12-15 18:00:00.000000000,2012-07-09 18:00:00.000000000,92 days 06:00:00.000000000,81 days 06:00:00.000000000,-11 days +00:00:00.000000000
7299,2013-03-15 00:00:00.000000000,2013-02-21 00:00:00.000000000,2013-02-21 00:00:00.000000000,2012-08-09 00:00:00.000000000,1910-01-01 00:00:00.000000000,2012-12-08 08:16:33.139200000,2012-05-04 08:16:33.139200000,96 days 15:43:26.860800000,74 days 15:43:26.860800000,-22 days +00:00:00.000000000
7300,2013-03-30 00:00:00.000000000,2013-03-23 00:00:00.000000000,2013-03-23 00:00:00.000000000,2012-09-18 00:00:00.000000000,1910-01-01 00:00:00.000000000,2012-09-23 08:43:38.150400000,2012-03-14 08:43:38.150400000,187 days 15:16:21.849600000,180 days 15:16:21.849600000,-7 days +00:00:00.000000000
7301,2013-04-01 00:00:00.000000000,2013-03-15 00:00:00.000000000,2013-03-15 00:00:00.000000000,2012-08-24 00:00:00.000000000,1910-01-01 00:00:00.000000000,2012-12-20 04:16:00.019200000,2012-05-14 04:16:00.019200000,101 days 19:43:59.980800000,84 days 19:43:59.980800000,-17 days +00:00:00.000000000
7302,2013-04-30 00:00:00.000000000,2013-03-21 00:00:00.000000000,2013-03-21 00:00:00.000000000,2013-01-30 00:00:00.000000000,1910-01-01 00:00:00.000000000,2013-01-02 03:45:52.963200000,2012-10-04 03:45:52.963200000,117 days 20:14:07.036800000,77 days 20:14:07.036800000,-40 days +00:00:00.000000000
7303,2013-04-09 00:00:00.000000000,2013-03-14 00:00:00.000000000,2013-03-14 00:00:00.000000000,2013-01-16 00:00:00.000000000,1910-01-01 00:00:00.000000000,2012-12-12 03:45:52.963200000,2012-09-20 03:45:52.963200000,117 days 20:14:07.036800000,91 days 20:14:07.036800000,-26 days +00:00:00.000000000
7304,2013-03-15 00:00:00.000000000,2013-03-22 00:00:00.000000000,2013-03-22 00:00:00.000000000,2012-10-05 00:00:00.000000000,1910-01-01 00:00:00.000000000,2012-12-18 04:10:26.083200000,2012-07-10 04:10:26.083200000,86 days 19:49:33.916800000,93 days 19:49:33.916800000,7 days 00:00:00.000000000
7305,2013-04-30 00:00:00.000000000,2013-03-08 00:00:00.000000000,2013-03-08 00:00:00.000000000,2012-09-11 00:00:00.000000000,1910-01-01 00:00:00.000000000,2013-01-02 23:13:32.908800000,2012-05-16 23:13:32.908800000,117 days 00:46:27.091200000,64 days 00:46:27.091200000,-53 days +00:00:00.000000000
7306,2013-04-09 00:00:00.000000000,2013-03-14 00:00:00.000000000,2013-03-14 00:00:00.000000000,2013-01-16 00:00:00.000000000,1910-01-01 00:00:00.000000000,2012-12-12 03:45:52.963200000,2012-09-20 03:45:52.963200000,117 days 20:14:07.036800000,91 days 20:14:07.036800000,-26 days +00:00:00.000000000
7307,2013-04-18 00:00:00.000000000,2013-03-15 00:00:00.000000000,2013-03-15 00:00:00.000000000,2013-01-28 00:00:00.000000000,1910-01-01 00:00:00.000000000,2013-02-04 22:09:13.852800000,2012-11-16 22:09:13.852800000,72 days 01:50:46.147200000,38 days 01:50:46.147200000,-34 days +00:00:00.000000000
7308,2013-03-31 00:00:00.000000000,2013-04-02 00:00:00.000000000,2013-04-02 00:00:00.000000000,2012-08-24 00:00:00.000000000,1910-01-01 00:00:00.000000000,2012-12-19 04:16:00.019200000,2012-05-14 04:16:00.019200000,101 days 19:43:59.980800000,103 days 19:43:59.980800000,2 days 00:00:00.000000000
7309,2013-06-28 00:00:00.000000000,2013-03-20 00:00:00.000000000,2013-03-20 00:00:00.000000000,2012-12-13 00:00:00.000000000,1910-01-01 00:00:00.000000000,2013-03-27 18:00:00.000000000,2012-09-11 18:00:00.000000000,92 days 06:00:00.000000000,-8 days +06:00:00.000000000,-100 days +00:00:00.000000000
7310,2013-04-25 00:00:00.000000000,2013-04-25 00:00:00.000000000,2013-04-25 00:00:00.000000000,2012-12-13 00:00:00.000000000,1910-01-01 00:00:00.000000000,2013-01-22 18:00:00.000000000,2012-09-11 18:00:00.000000000,92 days 06:00:00.000000000,92 days 06:00:00.000000000,0 days 00:00:00.000000000
7311,2013-04-30 00:00:00.000000000,2013-04-08 00:00:00.000000000,2013-04-08 00:00:00.000000000,2012-11-16 00:00:00.000000000,1910-01-01 00:00:00.000000000,2012-10-24 08:43:38.150400000,2012-05-12 08:43:38.150400000,187 days 15:16:21.849600000,165 days 15:16:21.849600000,-22 days +00:00:00.000000000
7312,2013-03-30 00:00:00.000000000,2013-04-08 00:00:00.000000000,2013-04-08 00:00:00.000000000,2012-11-16 00:00:00.000000000,1910-01-01 00:00:00.000000000,2012-09-23 08:43:38.150400000,2012-05-12 08:43:38.150400000,187 days 15:16:21.849600000,196 days 15:16:21.849600000,9 days 00:00:00.000000000
7313,2013-03-30 00:00:00.000000000,2013-04-08 00:00:00.000000000,2013-04-08 00:00:00.000000000,2012-09-18 00:00:00.000000000,1910-01-01 00:00:00.000000000,2012-09-23 08:43:38.150400000,2012-03-14 08:43:38.150400000,187 days 15:16:21.849600000,196 days 15:16:21.849600000,9 days 00:00:00.000000000
7314,2013-03-28 00:00:00.000000000,2013-03-30 00:00:00.000000000,2013-03-30 00:00:00.000000000,2012-09-11 00:00:00.000000000,1910-01-01 00:00:00.000000000,2012-11-30 23:13:32.908800000,2012-05-16 23:13:32.908800000,117 days 00:46:27.091200000,119 days 00:46:27.091200000,2 days 00:00:00.000000000
7315,2013-06-06 00:00:00.000000000,2013-06-11 00:00:00.000000000,2013-06-11 00:00:00.000000000,2013-03-19 00:00:00.000000000,1910-01-01 00:00:00.000000000,2013-01-17 16:00:00.028800000,2012-10-30 16:00:00.028800000,139 days 07:59:59.971200000,144 days 07:59:59.971200000,5 days 00:00:00.000000000
7316,2013-04-30 00:00:00.000000000,2013-04-29 00:00:00.000000000,2013-04-29 00:00:00.000000000,2012-11-16 00:00:00.000000000,1910-01-01 00:00:00.000000000,2012-10-24 08:43:38.150400000,2012-05-12 08:43:38.150400000,187 days 15:16:21.849600000,186 days 15:16:21.849600000,-1 days +00:00:00.000000000
7317,2013-04-24 00:00:00.000000000,2013-05-21 00:00:00.000000000,2013-05-21 00:00:00.000000000,2013-03-04 00:00:00.000000000,1910-01-01 00:00:00.000000000,2012-12-25 03:25:42.844800000,2012-11-04 03:25:42.844800000,119 days 20:34:17.155200000,146 days 20:34:17.155200000,27 days 00:00:00.000000000
7318,2013-05-31 00:00:00.000000000,2013-05-23 00:00:00.000000000,2013-05-23 00:00:00.000000000,2013-02-20 00:00:00.000000000,1910-01-01 00:00:00.000000000,2013-03-14 06:00:00.000000000,2012-12-04 06:00:00.000000000,77 days 18:00:00.000000000,69 days 18:00:00.000000000,-8 days +00:00:00.000000000
7319,2013-04-30 00:00:00.000000000,2013-05-09 00:00:00.000000000,2013-05-09 00:00:00.000000000,2012-12-13 00:00:00.000000000,1910-01-01 00:00:00.000000000,2013-01-27 18:00:00.000000000,2012-09-11 18:00:00.000000000,92 days 06:00:00.000000000,101 days 06:00:00.000000000,9 days 00:00:00.000000000
7320,2013-06-30 00:00:00.000000000,2013-05-09 00:00:00.000000000,2013-05-09 00:00:00.000000000,2013-02-20 00:00:00.000000000,1910-01-01 00:00:00.000000000,2013-04-13 06:00:00.000000000,2012-12-04 06:00:00.000000000,77 days 18:00:00.000000000,25 days 18:00:00.000000000,-52 days +00:00:00.000000000
7321,2013-05-06 00:00:00.000000000,2013-04-29 00:00:00.000000000,2013-04-29 00:00:00.000000000,2012-11-16 00:00:00.000000000,1910-01-01 00:00:00.000000000,2012-10-30 08:43:38.150400000,2012-05-12 08:43:38.150400000,187 days 15:16:21.849600000,180 days 15:16:21.849600000,-7 days +00:00:00.000000000
7322,2013-05-21 00:00:00.000000000,2013-05-03 00:00:00.000000000,2013-05-03 00:00:00.000000000,2012-11-15 00:00:00.000000000,1910-01-01 00:00:00.000000000,2013-02-13 08:16:33.139200000,2012-08-10 08:16:33.139200000,96 days 15:43:26.860800000,78 days 15:43:26.860800000,-18 days +00:00:00.000000000
7323,2013-08-30 00:00:00.000000000,2013-07-31 00:00:00.000000000,2013-07-31 00:00:00.000000000,2013-03-19 00:00:00.000000000,1910-01-01 00:00:00.000000000,2013-04-12 16:00:00.028800000,2012-10-30 16:00:00.028800000,139 days 07:59:59.971200000,109 days 07:59:59.971200000,-30 days +00:00:00.000000000
7324,2013-06-20 00:00:00.000000000,2013-05-22 00:00:00.000000000,2013-05-22 00:00:00.000000000,2012-11-06 00:00:00.000000000,1910-01-01 00:00:00.000000000,2013-03-19 18:00:00.000000000,2012-08-05 18:00:00.000000000,92 days 06:00:00.000000000,63 days 06:00:00.000000000,-29 days +00:00:00.000000000
7325,2013-06-28 00:00:00.000000000,2013-06-07 00:00:00.000000000,2013-06-07 00:00:00.000000000,2012-12-13 00:00:00.000000000,1910-01-01 00:00:00.000000000,2013-03-27 18:00:00.000000000,2012-09-11 18:00:00.000000000,92 days 06:00:00.000000000,71 days 06:00:00.000000000,-21 days +00:00:00.000000000
7326,2013-09-04 00:00:00.000000000,2013-05-10 00:00:00.000000000,2013-05-10 00:00:00.000000000,2013-03-14 00:00:00.000000000,1910-01-01 00:00:00.000000000,2013-05-30 08:16:33.139200000,2012-12-07 08:16:33.139200000,96 days 15:43:26.860800000,-21 days +15:43:26.860800000,-117 days +00:00:00.000000000
7327,2013-07-30 00:00:00.000000000,2013-08-09 00:00:00.000000000,2013-08-09 00:00:00.000000000,2012-12-13 00:00:00.000000000,1910-01-01 00:00:00.000000000,2013-04-28 18:00:00.000000000,2012-09-11 18:00:00.000000000,92 days 06:00:00.000000000,102 days 06:00:00.000000000,10 days 00:00:00.000000000
7328,2013-09-25 00:00:00.000000000,2013-09-23 00:00:00.000000000,2013-09-23 00:00:00.000000000,2013-05-16 00:00:00.000000000,1910-01-01 00:00:00.000000000,2013-06-15 04:16:00.019200000,2013-02-03 04:16:00.019200000,101 days 19:43:59.980800000,99 days 19:43:59.980800000,-2 days +00:00:00.000000000
7329,2013-09-04 00:00:00.000000000,2013-07-23 00:00:00.000000000,2013-07-23 00:00:00.000000000,2013-03-14 00:00:00.000000000,1910-01-01 00:00:00.000000000,2013-05-30 08:16:33.139200000,2012-12-07 08:16:33.139200000,96 days 15:43:26.860800000,53 days 15:43:26.860800000,-43 days +00:00:00.000000000
7330,2013-08-24 00:00:00.000000000,2013-08-26 00:00:00.000000000,2013-08-26 00:00:00.000000000,2013-04-22 00:00:00.000000000,1910-01-01 00:00:00.000000000,2013-06-07 06:00:00.000000000,2013-02-03 06:00:00.000000000,77 days 18:00:00.000000000,79 days 18:00:00.000000000,2 days 00:00:00.000000000
7331,2013-08-06 00:00:00.000000000,2013-08-20 00:00:00.000000000,2013-08-20 00:00:00.000000000,2013-05-08 00:00:00.000000000,1910-01-01 00:00:00.000000000,2013-05-05 18:00:00.000000000,2013-02-04 18:00:00.000000000,92 days 06:00:00.000000000,106 days 06:00:00.000000000,14 days 00:00:00.000000000
7332,2013-09-27 00:00:00.000000000,2013-09-27 00:00:00.000000000,2013-09-27 00:00:00.000000000,2013-06-11 00:00:00.000000000,1910-01-01 00:00:00.000000000,2013-06-26 18:00:00.000000000,2013-03-10 18:00:00.000000000,92 days 06:00:00.000000000,92 days 06:00:00.000000000,0 days 00:00:00.000000000
7333,2013-08-30 00:00:00.000000000,2013-08-30 00:00:00.000000000,2013-08-30 00:00:00.000000000,2012-12-13 00:00:00.000000000,1910-01-01 00:00:00.000000000,2013-05-29 18:00:00.000000000,2012-09-11 18:00:00.000000000,92 days 06:00:00.000000000,92 days 06:00:00.000000000,0 days 00:00:00.000000000
7334,2013-10-15 00:00:00.000000000,2013-09-10 00:00:00.000000000,2013-09-10 00:00:00.000000000,2013-04-02 00:00:00.000000000,1910-01-01 00:00:00.000000000,2013-07-05 04:16:00.019200000,2012-12-21 04:16:00.019200000,101 days 19:43:59.980800000,66 days 19:43:59.980800000,-35 days +00:00:00.000000000
7335,2013-09-12 00:00:00.000000000,2013-10-16 00:00:00.000000000,2013-10-29 00:00:00.000000000,2013-05-08 00:00:00.000000000,1910-01-01 00:00:00.000000000,2013-06-11 18:00:00.000000000,2013-02-04 18:00:00.000000000,92 days 06:00:00.000000000,126 days 06:00:00.000000000,34 days 00:00:00.000000000
7336,2013-10-16 00:00:00.000000000,2013-09-27 00:00:00.000000000,2013-09-27 00:00:00.000000000,2013-06-24 00:00:00.000000000,1910-01-01 00:00:00.000000000,2013-07-06 04:16:00.019200000,2013-03-14 04:16:00.019200000,101 days 19:43:59.980800000,82 days 19:43:59.980800000,-19 days +00:00:00.000000000
7337,2013-09-30 00:00:00.000000000,2013-10-12 00:00:00.000000000,2013-11-27 00:00:00.000000000,2013-03-19 00:00:00.000000000,1910-01-01 00:00:00.000000000,2013-05-13 16:00:00.028800000,2012-10-30 16:00:00.028800000,139 days 07:59:59.971200000,151 days 07:59:59.971200000,12 days 00:00:00.000000000
7338,2013-10-02 00:00:00.000000000,2013-10-02 00:00:00.000000000,2013-10-11 00:00:00.000000000,2013-08-19 00:00:00.000000000,1910-01-01 00:00:00.000000000,2013-07-26 18:54:32.745600000,2013-06-12 18:54:32.745600000,67 days 05:05:27.254400000,67 days 05:05:27.254400000,0 days 00:00:00.000000000
7339,2013-10-31 00:00:00.000000000,2013-09-27 00:00:00.000000000,2013-09-27 00:00:00.000000000,2013-04-02 00:00:00.000000000,1910-01-01 00:00:00.000000000,2013-07-21 04:16:00.019200000,2012-12-21 04:16:00.019200000,101 days 19:43:59.980800000,67 days 19:43:59.980800000,-34 days +00:00:00.000000000
7340,2013-09-20 00:00:00.000000000,2013-09-12 00:00:00.000000000,2013-09-12 00:00:00.000000000,2013-02-28 00:00:00.000000000,1910-01-01 00:00:00.000000000,2013-06-15 08:16:33.139200000,2012-11-23 08:16:33.139200000,96 days 15:43:26.860800000,88 days 15:43:26.860800000,-8 days +00:00:00.000000000
7341,2013-09-30 00:00:00.000000000,2013-09-20 00:00:00.000000000,2013-09-20 00:00:00.000000000,2012-12-14 00:00:00.000000000,1910-01-01 00:00:00.000000000,2013-06-04 23:13:32.908800000,2012-08-18 23:13:32.908800000,117 days 00:46:27.091200000,107 days 00:46:27.091200000,-10 days +00:00:00.000000000
7342,2013-10-31 00:00:00.000000000,2013-10-31 00:00:00.000000000,2013-11-12 00:00:00.000000000,2012-11-12 00:00:00.000000000,1910-01-01 00:00:00.000000000,2013-06-13 16:00:00.028800000,2012-06-25 16:00:00.028800000,139 days 07:59:59.971200000,139 days 07:59:59.971200000,0 days 00:00:00.000000000
7343,2013-10-04 00:00:00.000000000,2013-10-15 00:00:00.000000000,2013-10-29 00:00:00.000000000,2013-05-06 00:00:00.000000000,1910-01-01 00:00:00.000000000,2013-06-07 00:00:00.000000000,2013-01-07 00:00:00.000000000,119 days 00:00:00.000000000,130 days 00:00:00.000000000,11 days 00:00:00.000000000
7344,2013-11-15 00:00:00.000000000,2013-10-08 00:00:00.000000000,2013-10-18 00:00:00.000000000,2013-03-19 00:00:00.000000000,1910-01-01 00:00:00.000000000,2013-06-28 16:00:00.028800000,2012-10-30 16:00:00.028800000,139 days 07:59:59.971200000,101 days 07:59:59.971200000,-38 days +00:00:00.000000000
7345,2013-11-29 00:00:00.000000000,2013-11-29 00:00:00.000000000,2013-12-12 00:00:00.000000000,2013-04-19 00:00:00.000000000,1910-01-01 00:00:00.000000000,2013-09-03 04:10:26.083200000,2013-01-22 04:10:26.083200000,86 days 19:49:33.916800000,86 days 19:49:33.916800000,0 days 00:00:00.000000000
7346,2013-11-29 00:00:00.000000000,2013-11-29 00:00:00.000000000,2013-12-12 00:00:00.000000000,2013-04-19 00:00:00.000000000,1910-01-01 00:00:00.000000000,2013-09-03 04:10:26.083200000,2013-01-22 04:10:26.083200000,86 days 19:49:33.916800000,86 days 19:49:33.916800000,0 days 00:00:00.000000000
7347,2013-10-31 00:00:00.000000000,2013-10-22 00:00:00.000000000,2013-11-19 00:00:00.000000000,2012-12-14 00:00:00.000000000,1910-01-01 00:00:00.000000000,2013-07-05 23:13:32.908800000,2012-08-18 23:13:32.908800000,117 days 00:46:27.091200000,108 days 00:46:27.091200000,-9 days +00:00:00.000000000
7348,2013-11-29 00:00:00.000000000,2013-11-28 00:00:00.000000000,2013-12-12 00:00:00.000000000,2013-06-28 00:00:00.000000000,1910-01-01 00:00:00.000000000,2013-07-12 16:00:00.028800000,2013-02-08 16:00:00.028800000,139 days 07:59:59.971200000,138 days 07:59:59.971200000,-1 days +00:00:00.000000000
7349,2013-11-15 00:00:00.000000000,2013-11-22 00:00:00.000000000,2013-11-27 00:00:00.000000000,2013-07-09 00:00:00.000000000,1910-01-01 00:00:00.000000000,2013-08-29 06:00:00.000000000,2013-04-22 06:00:00.000000000,77 days 18:00:00.000000000,84 days 18:00:00.000000000,7 days 00:00:00.000000000
7350,2013-11-22 00:00:00.000000000,2013-12-05 00:00:00.000000000,2013-12-12 00:00:00.000000000,2013-07-09 00:00:00.000000000,1910-01-01 00:00:00.000000000,2013-09-05 06:00:00.000000000,2013-04-22 06:00:00.000000000,77 days 18:00:00.000000000,90 days 18:00:00.000000000,13 days 00:00:00.000000000
7351,2013-11-15 00:00:00.000000000,2013-11-22 00:00:00.000000000,2014-01-20 00:00:00.000000000,2013-05-08 00:00:00.000000000,1910-01-01 00:00:00.000000000,2013-08-14 18:00:00.000000000,2013-02-04 18:00:00.000000000,92 days 06:00:00.000000000,99 days 06:00:00.000000000,7 days 00:00:00.000000000
7352,2013-12-26 00:00:00.000000000,2013-12-16 00:00:00.000000000,2014-01-17 00:00:00.000000000,2013-10-01 00:00:00.000000000,1910-01-01 00:00:00.000000000,2013-09-15 04:16:00.019200000,2013-06-21 04:16:00.019200000,101 days 19:43:59.980800000,91 days 19:43:59.980800000,-10 days +00:00:00.000000000
7353,2013-11-30 00:00:00.000000000,2013-11-25 00:00:00.000000000,2013-12-09 00:00:00.000000000,2013-01-24 00:00:00.000000000,1910-01-01 00:00:00.000000000,2013-05-26 08:43:38.150400000,2012-07-20 08:43:38.150400000,187 days 15:16:21.849600000,182 days 15:16:21.849600000,-5 days +00:00:00.000000000
7354,2013-12-16 00:00:00.000000000,2013-12-02 00:00:00.000000000,2013-12-20 00:00:00.000000000,2013-08-09 00:00:00.000000000,1910-01-01 00:00:00.000000000,2013-08-20 23:13:32.908800000,2013-04-13 23:13:32.908800000,117 days 00:46:27.091200000,103 days 00:46:27.091200000,-14 days +00:00:00.000000000
7355,2013-11-28 00:00:00.000000000,2013-12-02 00:00:00.000000000,2013-12-20 00:00:00.000000000,2013-08-09 00:00:00.000000000,1910-01-01 00:00:00.000000000,2013-08-02 23:13:32.908800000,2013-04-13 23:13:32.908800000,117 days 00:46:27.091200000,121 days 00:46:27.091200000,4 days 00:00:00.000000000
7356,2014-01-31 00:00:00.000000000,2013-12-23 00:00:00.000000000,2014-01-17 00:00:00.000000000,2013-05-06 00:00:00.000000000,1910-01-01 00:00:00.000000000,2013-10-16 00:00:00.000000000,2013-01-19 00:00:00.000000000,107 days 00:00:00.000000000,68 days 00:00:00.000000000,-39 days +00:00:00.000000000
7357,2013-12-31 00:00:00.000000000,2013-12-02 00:00:00.000000000,2013-12-20 00:00:00.000000000,2013-07-16 00:00:00.000000000,1910-01-01 00:00:00.000000000,2013-10-19 22:09:13.852800000,2013-05-04 22:09:13.852800000,72 days 01:50:46.147200000,43 days 01:50:46.147200000,-29 days +00:00:00.000000000
7358,2013-11-29 00:00:00.000000000,2014-01-30 00:00:00.000000000,2014-02-17 00:00:00.000000000,2013-06-28 00:00:00.000000000,1910-01-01 00:00:00.000000000,2013-07-12 16:00:00.028800000,2013-02-08 16:00:00.028800000,139 days 07:59:59.971200000,201 days 07:59:59.971200000,62 days 00:00:00.000000000
7359,2013-11-29 00:00:00.000000000,2014-01-30 00:00:00.000000000,2014-02-17 00:00:00.000000000,2013-06-28 00:00:00.000000000,1910-01-01 00:00:00.000000000,2013-07-12 16:00:00.028800000,2013-02-08 16:00:00.028800000,139 days 07:59:59.971200000,201 days 07:59:59.971200000,62 days 00:00:00.000000000
7360,2013-11-18 00:00:00.000000000,2013-11-26 00:00:00.000000000,2013-12-05 00:00:00.000000000,2013-05-06 00:00:00.000000000,1910-01-01 00:00:00.000000000,2013-08-13 08:16:33.139200000,2013-01-29 08:16:33.139200000,96 days 15:43:26.860800000,104 days 15:43:26.860800000,8 days 00:00:00.000000000
7361,2013-11-18 00:00:00.000000000,2013-11-26 00:00:00.000000000,2013-12-05 00:00:00.000000000,2013-05-06 00:00:00.000000000,1910-01-01 00:00:00.000000000,2013-08-13 08:16:33.139200000,2013-01-29 08:16:33.139200000,96 days 15:43:26.860800000,104 days 15:43:26.860800000,8 days 00:00:00.000000000
7362,2013-11-18 00:00:00.000000000,2013-11-26 00:00:00.000000000,2013-12-05 00:00:00.000000000,2013-05-06 00:00:00.000000000,1910-01-01 00:00:00.000000000,2013-08-13 08:16:33.139200000,2013-01-29 08:16:33.139200000,96 days 15:43:26.860800000,104 days 15:43:26.860800000,8 days 00:00:00.000000000
7363,2014-03-25 00:00:00.000000000,2014-03-25 00:00:00.000000000,2014-04-02 00:00:00.000000000,2013-04-19 00:00:00.000000000,1910-01-01 00:00:00.000000000,2013-12-21 12:00:00.000000000,2013-01-15 12:00:00.000000000,93 days 12:00:00.000000000,93 days 12:00:00.000000000,0 days 00:00:00.000000000
7364,2014-01-31 00:00:00.000000000,2014-01-20 00:00:00.000000000,2014-01-29 00:00:00.000000000,2013-05-16 00:00:00.000000000,1910-01-01 00:00:00.000000000,2013-10-02 01:36:00.028800000,2013-01-15 01:36:00.028800000,120 days 22:23:59.971200000,109 days 22:23:59.971200000,-11 days +00:00:00.000000000
7365,2014-01-31 00:00:00.000000000,2014-01-13 00:00:00.000000000,2014-01-23 00:00:00.000000000,2013-04-19 00:00:00.000000000,1910-01-01 00:00:00.000000000,2013-10-23 12:37:53.702400000,2013-01-09 12:37:53.702400000,99 days 11:22:06.297600000,81 days 11:22:06.297600000,-18 days +00:00:00.000000000
7366,2013-12-31 00:00:00.000000000,2014-02-25 00:00:00.000000000,2014-03-13 00:00:00.000000000,2013-07-04 00:00:00.000000000,1910-01-01 00:00:00.000000000,2013-09-20 04:16:00.019200000,2013-03-24 04:16:00.019200000,101 days 19:43:59.980800000,157 days 19:43:59.980800000,56 days 00:00:00.000000000
7367,2014-01-17 00:00:00.000000000,2014-01-10 00:00:00.000000000,2014-01-16 00:00:00.000000000,2013-05-06 00:00:00.000000000,1910-01-01 00:00:00.000000000,2013-10-17 00:00:00.000000000,2013-02-03 00:00:00.000000000,92 days 00:00:00.000000000,85 days 00:00:00.000000000,-7 days +00:00:00.000000000
7368,2014-01-31 00:00:00.000000000,2014-01-22 00:00:00.000000000,2014-01-31 00:00:00.000000000,2013-05-06 00:00:00.000000000,1910-01-01 00:00:00.000000000,2013-10-16 00:00:00.000000000,2013-01-19 00:00:00.000000000,107 days 00:00:00.000000000,98 days 00:00:00.000000000,-9 days +00:00:00.000000000
7369,2014-02-28 00:00:00.000000000,2014-01-30 00:00:00.000000000,2014-02-03 00:00:00.000000000,2013-10-16 00:00:00.000000000,1910-01-01 00:00:00.000000000,2013-11-21 01:15:47.404800000,2013-07-09 01:15:47.404800000,98 days 22:44:12.595200000,69 days 22:44:12.595200000,-29 days +00:00:00.000000000
7370,2014-01-31 00:00:00.000000000,2014-02-17 00:00:00.000000000,2014-03-04 00:00:00.000000000,2013-05-08 00:00:00.000000000,1910-01-01 00:00:00.000000000,2013-10-24 01:15:47.404800000,2013-01-29 01:15:47.404800000,98 days 22:44:12.595200000,115 days 22:44:12.595200000,17 days 00:00:00.000000000
7371,2014-01-31 00:00:00.000000000,2014-02-20 00:00:00.000000000,2014-03-19 00:00:00.000000000,2013-06-28 00:00:00.000000000,1910-01-01 00:00:00.000000000,2013-10-06 22:04:48.000000000,2013-03-03 22:04:48.000000000,116 days 01:55:12.000000000,136 days 01:55:12.000000000,20 days 00:00:00.000000000
7372,2014-02-28 00:00:00.000000000,2014-03-07 00:00:00.000000000,2014-03-12 00:00:00.000000000,2013-05-08 00:00:00.000000000,1910-01-01 00:00:00.000000000,2013-11-21 01:15:47.404800000,2013-01-29 01:15:47.404800000,98 days 22:44:12.595200000,105 days 22:44:12.595200000,7 days 00:00:00.000000000
7373,2014-03-07 00:00:00.000000000,2014-02-10 00:00:00.000000000,2014-02-19 00:00:00.000000000,2013-08-06 00:00:00.000000000,1910-01-01 00:00:00.000000000,2013-12-05 00:00:00.000000000,2013-05-06 00:00:00.000000000,92 days 00:00:00.000000000,67 days 00:00:00.000000000,-25 days +00:00:00.000000000
7374,2014-02-28 00:00:00.000000000,2014-02-18 00:00:00.000000000,2014-03-04 00:00:00.000000000,2013-08-09 00:00:00.000000000,1910-01-01 00:00:00.000000000,2013-10-04 07:01:27.811200000,2013-03-15 07:01:27.811200000,146 days 16:58:32.188800000,136 days 16:58:32.188800000,-10 days +00:00:00.000000000
7375,2014-03-31 00:00:00.000000000,2014-02-11 00:00:00.000000000,2014-03-04 00:00:00.000000000,2013-04-19 00:00:00.000000000,1910-01-01 00:00:00.000000000,2013-12-21 12:37:53.702400000,2013-01-09 12:37:53.702400000,99 days 11:22:06.297600000,51 days 11:22:06.297600000,-48 days +00:00:00.000000000
7376,2014-05-30 00:00:00.000000000,2014-05-19 00:00:00.000000000,2014-06-26 00:00:00.000000000,2014-01-15 00:00:00.000000000,1910-01-01 00:00:00.000000000,2014-02-24 19:59:59.971200000,2013-10-12 19:59:59.971200000,94 days 04:00:00.028800000,83 days 04:00:00.028800000,-11 days +00:00:00.000000000
7377,2014-05-30 00:00:00.000000000,2014-05-19 00:00:00.000000000,2014-06-26 00:00:00.000000000,2014-01-15 00:00:00.000000000,1910-01-01 00:00:00.000000000,2014-02-24 19:59:59.971200000,2013-10-12 19:59:59.971200000,94 days 04:00:00.028800000,83 days 04:00:00.028800000,-11 days +00:00:00.000000000
7378,2014-03-20 00:00:00.000000000,2014-03-14 00:00:00.000000000,2014-04-25 00:00:00.000000000,2014-02-19 00:00:00.000000000,1910-01-01 00:00:00.000000000,2013-11-26 14:24:00.000000000,2013-10-28 14:24:00.000000000,113 days 09:36:00.000000000,107 days 09:36:00.000000000,-6 days +00:00:00.000000000
7379,2014-03-28 00:00:00.000000000,2014-04-02 00:00:00.000000000,2014-04-14 00:00:00.000000000,2013-08-02 00:00:00.000000000,1910-01-01 00:00:00.000000000,2013-12-11 00:00:00.000000000,2013-04-17 00:00:00.000000000,107 days 00:00:00.000000000,112 days 00:00:00.000000000,5 days 00:00:00.000000000
7380,2014-03-28 00:00:00.000000000,2014-04-02 00:00:00.000000000,2014-04-14 00:00:00.000000000,2013-08-02 00:00:00.000000000,1910-01-01 00:00:00.000000000,2013-12-11 00:00:00.000000000,2013-04-17 00:00:00.000000000,107 days 00:00:00.000000000,112 days 00:00:00.000000000,5 days 00:00:00.000000000
7381,2014-03-31 00:00:00.000000000,2014-03-21 00:00:00.000000000,2014-03-26 00:00:00.000000000,2013-10-28 00:00:00.000000000,1910-01-01 00:00:00.000000000,2013-11-13 02:17:08.563200000,2013-06-12 02:17:08.563200000,137 days 21:42:51.436800000,127 days 21:42:51.436800000,-10 days +00:00:00.000000000
7382,2014-03-31 00:00:00.000000000,2014-03-21 00:00:00.000000000,2014-03-26 00:00:00.000000000,2013-10-28 00:00:00.000000000,1910-01-01 00:00:00.000000000,2013-11-13 02:17:08.563200000,2013-06-12 02:17:08.563200000,137 days 21:42:51.436800000,127 days 21:42:51.436800000,-10 days +00:00:00.000000000
7383,2014-03-31 00:00:00.000000000,2014-03-21 00:00:00.000000000,2014-03-26 00:00:00.000000000,2013-10-28 00:00:00.000000000,1910-01-01 00:00:00.000000000,2013-11-13 02:17:08.563200000,2013-06-12 02:17:08.563200000,137 days 21:42:51.436800000,127 days 21:42:51.436800000,-10 days +00:00:00.000000000
7384,2014-04-05 00:00:00.000000000,2014-04-16 00:00:00.000000000,2014-05-12 00:00:00.000000000,2013-10-09 00:00:00.000000000,1910-01-01 00:00:00.000000000,2014-01-17 12:00:00.000000000,2013-07-23 12:00:00.000000000,77 days 12:00:00.000000000,88 days 12:00:00.000000000,11 days 00:00:00.000000000
7385,2014-03-31 00:00:00.000000000,2014-04-03 00:00:00.000000000,2014-06-06 00:00:00.000000000,2013-10-09 00:00:00.000000000,1910-01-01 00:00:00.000000000,2014-01-12 12:00:00.000000000,2013-07-23 12:00:00.000000000,77 days 12:00:00.000000000,80 days 12:00:00.000000000,3 days 00:00:00.000000000
7386,2014-03-30 00:00:00.000000000,2014-03-24 00:00:00.000000000,2014-05-06 00:00:00.000000000,2014-01-22 00:00:00.000000000,1910-01-01 00:00:00.000000000,2013-11-14 01:41:24.547200000,2013-09-08 01:41:24.547200000,135 days 22:18:35.452800000,129 days 22:18:35.452800000,-6 days +00:00:00.000000000
7387,2014-05-06 00:00:00.000000000,2014-03-21 00:00:00.000000000,2014-04-17 00:00:00.000000000,2013-09-10 00:00:00.000000000,1910-01-01 00:00:00.000000000,2014-01-26 12:37:53.702400000,2013-06-02 12:37:53.702400000,99 days 11:22:06.297600000,53 days 11:22:06.297600000,-46 days +00:00:00.000000000
7388,2014-05-06 00:00:00.000000000,2014-03-21 00:00:00.000000000,2014-04-17 00:00:00.000000000,2013-09-10 00:00:00.000000000,1910-01-01 00:00:00.000000000,2014-01-26 12:37:53.702400000,2013-06-02 12:37:53.702400000,99 days 11:22:06.297600000,53 days 11:22:06.297600000,-46 days +00:00:00.000000000
7389,2014-04-08 00:00:00.000000000,2014-04-08 00:00:00.000000000,2014-04-14 00:00:00.000000000,2013-10-01 00:00:00.000000000,1910-01-01 00:00:00.000000000,2013-12-08 01:36:00.028800000,2013-06-02 01:36:00.028800000,120 days 22:23:59.971200000,120 days 22:23:59.971200000,0 days 00:00:00.000000000
7390,2014-07-04 00:00:00.000000000,2014-07-15 00:00:00.000000000,2014-07-16 00:00:00.000000000,2013-10-16 00:00:00.000000000,1910-01-01 00:00:00.000000000,2014-03-27 01:15:47.404800000,2013-07-09 01:15:47.404800000,98 days 22:44:12.595200000,109 days 22:44:12.595200000,11 days 00:00:00.000000000
7391,2014-05-20 00:00:00.000000000,2014-03-04 00:00:00.000000000,2014-06-04 00:00:00.000000000,2014-03-05 00:00:00.000000000,1910-01-01 00:00:00.000000000,2014-02-02 00:00:00.000000000,2013-11-18 00:00:00.000000000,107 days 00:00:00.000000000,30 days 00:00:00.000000000,-77 days +00:00:00.000000000
7392,2014-03-18 00:00:00.000000000,2014-03-10 00:00:00.000000000,2014-05-06 00:00:00.000000000,2013-10-22 00:00:00.000000000,1910-01-01 00:00:00.000000000,2013-10-22 07:01:27.811200000,2013-05-28 07:01:27.811200000,146 days 16:58:32.188800000,138 days 16:58:32.188800000,-8 days +00:00:00.000000000
7393,2014-05-06 00:00:00.000000000,2014-05-06 00:00:00.000000000,2014-06-20 00:00:00.000000000,2013-05-06 00:00:00.000000000,1910-01-01 00:00:00.000000000,2014-01-19 00:00:00.000000000,2013-01-19 00:00:00.000000000,107 days 00:00:00.000000000,107 days 00:00:00.000000000,0 days 00:00:00.000000000
7394,2014-06-30 00:00:00.000000000,2014-06-03 00:00:00.000000000,2014-06-11 00:00:00.000000000,2013-10-21 00:00:00.000000000,1910-01-01 00:00:00.000000000,2014-03-05 22:04:48.000000000,2013-06-26 22:04:48.000000000,116 days 01:55:12.000000000,89 days 01:55:12.000000000,-27 days +00:00:00.000000000
7395,2014-05-06 00:00:00.000000000,2014-06-04 00:00:00.000000000,2014-06-12 00:00:00.000000000,2013-10-31 00:00:00.000000000,1910-01-01 00:00:00.000000000,2014-02-01 12:00:00.000000000,2013-07-29 12:00:00.000000000,93 days 12:00:00.000000000,122 days 12:00:00.000000000,29 days 00:00:00.000000000
7396,2014-06-14 00:00:00.000000000,2014-06-24 00:00:00.000000000,2014-07-14 00:00:00.000000000,2013-10-21 00:00:00.000000000,1910-01-01 00:00:00.000000000,2014-02-17 22:04:48.000000000,2013-06-26 22:04:48.000000000,116 days 01:55:12.000000000,126 days 01:55:12.000000000,10 days 00:00:00.000000000
7397,2014-06-14 00:00:00.000000000,2014-06-24 00:00:00.000000000,2014-07-14 00:00:00.000000000,2013-10-21 00:00:00.000000000,1910-01-01 00:00:00.000000000,2014-02-17 22:04:48.000000000,2013-06-26 22:04:48.000000000,116 days 01:55:12.000000000,126 days 01:55:12.000000000,10 days 00:00:00.000000000
7398,2014-05-10 00:00:00.000000000,2014-05-19 00:00:00.000000000,2014-06-13 00:00:00.000000000,2013-04-19 00:00:00.000000000,1910-01-01 00:00:00.000000000,2014-02-05 12:00:00.000000000,2013-01-15 12:00:00.000000000,93 days 12:00:00.000000000,102 days 12:00:00.000000000,9 days 00:00:00.000000000
7399,2014-04-21 00:00:00.000000000,2014-05-01 00:00:00.000000000,2014-06-11 00:00:00.000000000,2013-10-22 00:00:00.000000000,1910-01-01 00:00:00.000000000,2013-11-25 07:01:27.811200000,2013-05-28 07:01:27.811200000,146 days 16:58:32.188800000,156 days 16:58:32.188800000,10 days 00:00:00.000000000
7400,2014-05-07 00:00:00.000000000,2014-06-12 00:00:00.000000000,2014-06-12 00:00:00.000000000,2014-02-03 00:00:00.000000000,1910-01-01 00:00:00.000000000,2013-12-22 01:41:24.547200000,2013-09-20 01:41:24.547200000,135 days 22:18:35.452800000,171 days 22:18:35.452800000,36 days 00:00:00.000000000
7401,2014-05-06 00:00:00.000000000,2014-04-17 00:00:00.000000000,2014-05-02 00:00:00.000000000,2013-11-19 00:00:00.000000000,1910-01-01 00:00:00.000000000,2014-02-03 00:00:00.000000000,2013-08-19 00:00:00.000000000,92 days 00:00:00.000000000,73 days 00:00:00.000000000,-19 days +00:00:00.000000000
7402,2014-05-15 00:00:00.000000000,2014-05-12 00:00:00.000000000,2014-06-30 00:00:00.000000000,2012-12-14 00:00:00.000000000,1910-01-01 00:00:00.000000000,2013-12-19 07:01:27.811200000,2012-07-20 07:01:27.811200000,146 days 16:58:32.188800000,143 days 16:58:32.188800000,-3 days +00:00:00.000000000
7403,2014-05-30 00:00:00.000000000,2014-05-12 00:00:00.000000000,2014-06-30 00:00:00.000000000,2013-10-22 00:00:00.000000000,1910-01-01 00:00:00.000000000,2014-01-03 07:01:27.811200000,2013-05-28 07:01:27.811200000,146 days 16:58:32.188800000,128 days 16:58:32.188800000,-18 days +00:00:00.000000000
7404,2014-05-30 00:00:00.000000000,2014-08-15 00:00:00.000000000,2014-09-05 00:00:00.000000000,2014-01-15 00:00:00.000000000,1910-01-01 00:00:00.000000000,2014-02-24 19:59:59.971200000,2013-10-12 19:59:59.971200000,94 days 04:00:00.028800000,171 days 04:00:00.028800000,77 days 00:00:00.000000000
7405,2014-06-30 00:00:00.000000000,2014-06-24 00:00:00.000000000,2014-07-01 00:00:00.000000000,2013-07-04 00:00:00.000000000,1910-01-01 00:00:00.000000000,2014-03-01 01:36:00.028800000,2013-03-05 01:36:00.028800000,120 days 22:23:59.971200000,114 days 22:23:59.971200000,-6 days +00:00:00.000000000
7406,2014-06-16 00:00:00.000000000,2014-06-16 00:00:00.000000000,2014-07-10 00:00:00.000000000,2013-10-22 00:00:00.000000000,1910-01-01 00:00:00.000000000,2014-01-20 07:01:27.811200000,2013-05-28 07:01:27.811200000,146 days 16:58:32.188800000,146 days 16:58:32.188800000,0 days 00:00:00.000000000
7407,2014-09-04 00:00:00.000000000,2014-09-23 00:00:00.000000000,2014-10-17 00:00:00.000000000,2014-04-16 00:00:00.000000000,1910-01-01 00:00:00.000000000,2014-06-02 12:00:00.000000000,2014-01-12 12:00:00.000000000,93 days 12:00:00.000000000,112 days 12:00:00.000000000,19 days 00:00:00.000000000
7408,2014-12-31 00:00:00.000000000,2014-10-30 00:00:00.000000000,2014-11-07 00:00:00.000000000,2014-05-02 00:00:00.000000000,1910-01-01 00:00:00.000000000,2014-09-05 22:04:48.000000000,2014-01-05 22:04:48.000000000,116 days 01:55:12.000000000,54 days 01:55:12.000000000,-62 days +00:00:00.000000000
7409,2014-12-31 00:00:00.000000000,2014-10-30 00:00:00.000000000,2014-11-07 00:00:00.000000000,2014-05-02 00:00:00.000000000,1910-01-01 00:00:00.000000000,2014-09-05 22:04:48.000000000,2014-01-05 22:04:48.000000000,116 days 01:55:12.000000000,54 days 01:55:12.000000000,-62 days +00:00:00.000000000
7410,2014-06-30 00:00:00.000000000,2014-06-20 00:00:00.000000000,2014-06-25 00:00:00.000000000,2013-11-19 00:00:00.000000000,1910-01-01 00:00:00.000000000,2014-03-30 00:00:00.000000000,2013-08-19 00:00:00.000000000,92 days 00:00:00.000000000,82 days 00:00:00.000000000,-10 days +00:00:00.000000000
7411,2014-11-28 00:00:00.000000000,2014-07-09 00:00:00.000000000,2014-08-07 00:00:00.000000000,2014-01-29 00:00:00.000000000,1910-01-01 00:00:00.000000000,2014-07-04 07:01:27.811200000,2013-09-04 07:01:27.811200000,146 days 16:58:32.188800000,4 days 16:58:32.188800000,-142 days +00:00:00.000000000
7412,2014-11-28 00:00:00.000000000,2014-07-09 00:00:00.000000000,2014-08-07 00:00:00.000000000,2014-01-29 00:00:00.000000000,1910-01-01 00:00:00.000000000,2014-07-04 07:01:27.811200000,2013-09-04 07:01:27.811200000,146 days 16:58:32.188800000,4 days 16:58:32.188800000,-142 days +00:00:00.000000000
7413,2014-08-29 00:00:00.000000000,2014-08-27 00:00:00.000000000,2014-09-23 00:00:00.000000000,2013-10-01 00:00:00.000000000,1910-01-01 00:00:00.000000000,2014-04-30 01:36:00.028800000,2013-06-02 01:36:00.028800000,120 days 22:23:59.971200000,118 days 22:23:59.971200000,-2 days +00:00:00.000000000
7414,2014-09-30 00:00:00.000000000,2014-06-29 00:00:00.000000000,2014-08-04 00:00:00.000000000,2013-12-24 00:00:00.000000000,1910-01-01 00:00:00.000000000,2014-06-22 12:37:53.702400000,2013-09-15 12:37:53.702400000,99 days 11:22:06.297600000,6 days 11:22:06.297600000,-93 days +00:00:00.000000000
7415,2014-08-13 00:00:00.000000000,2014-09-24 00:00:00.000000000,2014-11-06 00:00:00.000000000,2014-05-07 00:00:00.000000000,1910-01-01 00:00:00.000000000,2014-05-10 19:59:59.971200000,2014-02-01 19:59:59.971200000,94 days 04:00:00.028800000,136 days 04:00:00.028800000,42 days 00:00:00.000000000
7416,2014-08-29 00:00:00.000000000,2014-11-05 00:00:00.000000000,2014-11-07 00:00:00.000000000,2013-10-21 00:00:00.000000000,1910-01-01 00:00:00.000000000,2014-05-04 22:04:48.000000000,2013-06-26 22:04:48.000000000,116 days 01:55:12.000000000,184 days 01:55:12.000000000,68 days 00:00:00.000000000
7417,2014-08-06 00:00:00.000000000,2014-08-06 00:00:00.000000000,2014-08-22 00:00:00.000000000,2014-02-02 00:00:00.000000000,1910-01-01 00:00:00.000000000,2014-05-04 12:00:00.000000000,2013-10-31 12:00:00.000000000,93 days 12:00:00.000000000,93 days 12:00:00.000000000,0 days 00:00:00.000000000
7418,2014-09-30 00:00:00.000000000,2014-10-27 00:00:00.000000000,2014-11-07 00:00:00.000000000,2013-12-09 00:00:00.000000000,1910-01-01 00:00:00.000000000,2014-06-05 22:04:48.000000000,2013-08-14 22:04:48.000000000,116 days 01:55:12.000000000,143 days 01:55:12.000000000,27 days 00:00:00.000000000
7419,2014-09-30 00:00:00.000000000,2014-09-02 00:00:00.000000000,2014-09-05 00:00:00.000000000,2014-07-30 00:00:00.000000000,1910-01-01 00:00:00.000000000,2014-07-16 07:23:04.588800000,2014-05-15 07:23:04.588800000,75 days 16:36:55.411200000,47 days 16:36:55.411200000,-28 days +00:00:00.000000000
7420,2014-09-30 00:00:00.000000000,2014-09-03 00:00:00.000000000,2014-09-05 00:00:00.000000000,2014-02-13 00:00:00.000000000,1910-01-01 00:00:00.000000000,2014-06-30 00:00:00.000000000,2013-11-13 00:00:00.000000000,92 days 00:00:00.000000000,65 days 00:00:00.000000000,-27 days +00:00:00.000000000
7421,2014-09-30 00:00:00.000000000,2014-09-15 00:00:00.000000000,2014-09-25 00:00:00.000000000,2014-07-30 00:00:00.000000000,1910-01-01 00:00:00.000000000,2014-07-16 07:23:04.588800000,2014-05-15 07:23:04.588800000,75 days 16:36:55.411200000,60 days 16:36:55.411200000,-15 days +00:00:00.000000000
7422,2014-10-31 00:00:00.000000000,2014-09-24 00:00:00.000000000,2014-09-25 00:00:00.000000000,2014-04-22 00:00:00.000000000,1910-01-01 00:00:00.000000000,2014-07-16 00:00:00.000000000,2014-01-05 00:00:00.000000000,107 days 00:00:00.000000000,70 days 00:00:00.000000000,-37 days +00:00:00.000000000
7423,2014-10-31 00:00:00.000000000,2014-10-22 00:00:00.000000000,2014-11-04 00:00:00.000000000,2014-01-15 00:00:00.000000000,1910-01-01 00:00:00.000000000,2014-07-02 01:36:00.028800000,2013-09-16 01:36:00.028800000,120 days 22:23:59.971200000,111 days 22:23:59.971200000,-9 days +00:00:00.000000000
7424,2014-10-31 00:00:00.000000000,2014-10-30 00:00:00.000000000,2014-11-13 00:00:00.000000000,2013-10-21 00:00:00.000000000,1910-01-01 00:00:00.000000000,2014-07-06 22:04:48.000000000,2013-06-26 22:04:48.000000000,116 days 01:55:12.000000000,115 days 01:55:12.000000000,-1 days +00:00:00.000000000
7425,2014-12-31 00:00:00.000000000,2014-12-01 00:00:00.000000000,2014-12-01 00:00:00.000000000,2014-05-02 00:00:00.000000000,1910-01-01 00:00:00.000000000,2014-09-05 22:04:48.000000000,2014-01-05 22:04:48.000000000,116 days 01:55:12.000000000,86 days 01:55:12.000000000,-30 days +00:00:00.000000000
7426,2014-12-31 00:00:00.000000000,2014-11-26 00:00:00.000000000,2014-12-02 00:00:00.000000000,2014-07-18 00:00:00.000000000,1910-01-01 00:00:00.000000000,2014-10-14 12:00:00.000000000,2014-05-01 12:00:00.000000000,77 days 12:00:00.000000000,42 days 12:00:00.000000000,-35 days +00:00:00.000000000
7427,2014-12-31 00:00:00.000000000,2014-11-19 00:00:00.000000000,2014-11-24 00:00:00.000000000,2014-04-24 00:00:00.000000000,1910-01-01 00:00:00.000000000,2014-09-28 12:00:00.000000000,2014-01-20 12:00:00.000000000,93 days 12:00:00.000000000,51 days 12:00:00.000000000,-42 days +00:00:00.000000000
7428,2015-04-14 00:00:00.000000000,2015-04-14 00:00:00.000000000,2015-04-14 00:00:00.000000000,2014-07-14 00:00:00.000000000,1910-01-01 00:00:00.000000000,2014-12-10 07:45:52.905600000,2014-03-11 07:45:52.905600000,124 days 16:14:07.094400000,124 days 16:14:07.094400000,0 days 00:00:00.000000000
7429,2015-04-14 00:00:00.000000000,2015-04-14 00:00:00.000000000,2015-04-14 00:00:00.000000000,2014-07-14 00:00:00.000000000,1910-01-01 00:00:00.000000000,2014-12-10 07:45:52.905600000,2014-03-11 07:45:52.905600000,124 days 16:14:07.094400000,124 days 16:14:07.094400000,0 days 00:00:00.000000000
7430,2014-11-28 00:00:00.000000000,2014-12-03 00:00:00.000000000,2014-12-04 00:00:00.000000000,2014-06-04 00:00:00.000000000,1910-01-01 00:00:00.000000000,2014-08-21 01:15:47.404800000,2014-02-25 01:15:47.404800000,98 days 22:44:12.595200000,103 days 22:44:12.595200000,5 days 00:00:00.000000000
7431,2015-01-30 00:00:00.000000000,2015-02-01 00:00:00.000000000,2015-02-20 00:00:00.000000000,2014-04-24 00:00:00.000000000,1910-01-01 00:00:00.000000000,2014-07-14 09:20:00.009600000,2013-10-06 09:20:00.009600000,199 days 14:39:59.990400000,201 days 14:39:59.990400000,2 days 00:00:00.000000000
7432,2015-02-16 00:00:00.000000000,2015-01-24 00:00:00.000000000,2015-02-03 00:00:00.000000000,2014-06-04 00:00:00.000000000,1910-01-01 00:00:00.000000000,2014-09-14 12:42:21.196800000,2013-12-31 12:42:21.196800000,154 days 11:17:38.803200000,131 days 11:17:38.803200000,-23 days +00:00:00.000000000
7433,2015-02-16 00:00:00.000000000,2015-01-24 00:00:00.000000000,2015-02-03 00:00:00.000000000,2014-06-04 00:00:00.000000000,1910-01-01 00:00:00.000000000,2014-09-14 12:42:21.196800000,2013-12-31 12:42:21.196800000,154 days 11:17:38.803200000,131 days 11:17:38.803200000,-23 days +00:00:00.000000000
7434,2015-01-14 00:00:00.000000000,2014-12-24 00:00:00.000000000,2014-12-31 00:00:00.000000000,2014-10-15 00:00:00.000000000,1910-01-01 00:00:00.000000000,2014-10-01 05:42:51.408000000,2014-07-02 05:42:51.408000000,104 days 18:17:08.592000000,83 days 18:17:08.592000000,-21 days +00:00:00.000000000
7435,2015-01-26 00:00:00.000000000,2014-12-29 00:00:00.000000000,2015-01-06 00:00:00.000000000,2014-02-13 00:00:00.000000000,1910-01-01 00:00:00.000000000,2014-10-18 19:34:44.169600000,2013-11-05 19:34:44.169600000,99 days 04:25:15.830400000,71 days 04:25:15.830400000,-28 days +00:00:00.000000000
7436,2015-03-23 00:00:00.000000000,2015-03-23 00:00:00.000000000,2015-03-23 00:00:00.000000000,2014-05-02 00:00:00.000000000,1910-01-01 00:00:00.000000000,2014-11-14 12:55:23.116800000,2013-12-24 12:55:23.116800000,128 days 11:04:36.883200000,128 days 11:04:36.883200000,0 days 00:00:00.000000000
7437,2015-01-30 00:00:00.000000000,2015-02-09 00:00:00.000000000,2015-02-20 00:00:00.000000000,2014-10-15 00:00:00.000000000,1910-01-01 00:00:00.000000000,2014-10-17 05:42:51.408000000,2014-07-02 05:42:51.408000000,104 days 18:17:08.592000000,114 days 18:17:08.592000000,10 days 00:00:00.000000000
7438,2015-02-27 00:00:00.000000000,2015-02-28 00:00:00.000000000,2015-03-05 00:00:00.000000000,2014-04-22 00:00:00.000000000,1910-01-01 00:00:00.000000000,2014-11-14 05:42:51.408000000,2014-01-07 05:42:51.408000000,104 days 18:17:08.592000000,105 days 18:17:08.592000000,1 days 00:00:00.000000000
7439,2015-01-30 00:00:00.000000000,2015-03-12 00:00:00.000000000,2015-03-13 00:00:00.000000000,2014-05-23 00:00:00.000000000,1910-01-01 00:00:00.000000000,2014-06-20 12:00:00.000000000,2013-10-11 12:00:00.000000000,223 days 12:00:00.000000000,264 days 12:00:00.000000000,41 days 00:00:00.000000000
7440,2015-02-16 00:00:00.000000000,2015-03-12 00:00:00.000000000,2015-03-13 00:00:00.000000000,2014-05-23 00:00:00.000000000,1910-01-01 00:00:00.000000000,2014-07-07 12:00:00.000000000,2013-10-11 12:00:00.000000000,223 days 12:00:00.000000000,247 days 12:00:00.000000000,24 days 00:00:00.000000000
7441,2015-02-28 00:00:00.000000000,2015-03-13 00:00:00.000000000,2015-03-17 00:00:00.000000000,2014-08-21 00:00:00.000000000,1910-01-01 00:00:00.000000000,2014-10-22 12:55:23.116800000,2014-04-14 12:55:23.116800000,128 days 11:04:36.883200000,141 days 11:04:36.883200000,13 days 00:00:00.000000000
7442,2015-02-27 00:00:00.000000000,2015-02-25 00:00:00.000000000,2015-03-05 00:00:00.000000000,2014-12-22 00:00:00.000000000,1910-01-01 00:00:00.000000000,2014-09-25 12:42:21.196800000,2014-07-20 12:42:21.196800000,154 days 11:17:38.803200000,152 days 11:17:38.803200000,-2 days +00:00:00.000000000
7443,2015-03-16 00:00:00.000000000,2015-03-30 00:00:00.000000000,2015-03-30 00:00:00.000000000,2014-05-02 00:00:00.000000000,1910-01-01 00:00:00.000000000,2014-11-07 12:55:23.116800000,2013-12-24 12:55:23.116800000,128 days 11:04:36.883200000,142 days 11:04:36.883200000,14 days 00:00:00.000000000
7444,2015-02-27 00:00:00.000000000,2015-02-25 00:00:00.000000000,2015-03-05 00:00:00.000000000,2014-10-15 00:00:00.000000000,1910-01-01 00:00:00.000000000,2014-11-14 05:42:51.408000000,2014-07-02 05:42:51.408000000,104 days 18:17:08.592000000,102 days 18:17:08.592000000,-2 days +00:00:00.000000000
7445,2015-03-02 00:00:00.000000000,2015-02-05 00:00:00.000000000,2015-02-10 00:00:00.000000000,2014-04-25 00:00:00.000000000,1910-01-01 00:00:00.000000000,2014-11-22 19:34:44.169600000,2014-01-15 19:34:44.169600000,99 days 04:25:15.830400000,74 days 04:25:15.830400000,-25 days +00:00:00.000000000
7446,2015-02-28 00:00:00.000000000,2015-02-05 00:00:00.000000000,2015-02-10 00:00:00.000000000,2014-08-13 00:00:00.000000000,1910-01-01 00:00:00.000000000,2014-11-20 19:34:44.169600000,2014-05-05 19:34:44.169600000,99 days 04:25:15.830400000,76 days 04:25:15.830400000,-23 days +00:00:00.000000000
7447,2015-03-31 00:00:00.000000000,2015-03-17 00:00:00.000000000,2015-03-19 00:00:00.000000000,2014-04-02 00:00:00.000000000,1910-01-01 00:00:00.000000000,2014-11-17 12:00:00.000000000,2013-11-19 12:00:00.000000000,133 days 12:00:00.000000000,119 days 12:00:00.000000000,-14 days +00:00:00.000000000
7448,2015-03-31 00:00:00.000000000,2015-03-17 00:00:00.000000000,2015-03-19 00:00:00.000000000,2014-04-02 00:00:00.000000000,1910-01-01 00:00:00.000000000,2014-11-17 12:00:00.000000000,2013-11-19 12:00:00.000000000,133 days 12:00:00.000000000,119 days 12:00:00.000000000,-14 days +00:00:00.000000000
7449,2015-04-30 00:00:00.000000000,2015-03-27 00:00:00.000000000,2015-04-07 00:00:00.000000000,2014-04-22 00:00:00.000000000,1910-01-01 00:00:00.000000000,2015-01-15 05:42:51.408000000,2014-01-07 05:42:51.408000000,104 days 18:17:08.592000000,70 days 18:17:08.592000000,-34 days +00:00:00.000000000
7450,2015-05-06 00:00:00.000000000,2015-07-06 00:00:00.000000000,2015-07-06 00:00:00.000000000,2015-01-26 00:00:00.000000000,1910-01-01 00:00:00.000000000,2015-01-01 07:45:52.905600000,2014-09-23 07:45:52.905600000,124 days 16:14:07.094400000,185 days 16:14:07.094400000,61 days 00:00:00.000000000
7451,2015-06-15 00:00:00.000000000,2015-05-14 00:00:00.000000000,2015-05-15 00:00:00.000000000,2014-11-03 00:00:00.000000000,1910-01-01 00:00:00.000000000,2015-01-11 12:42:21.196800000,2014-06-01 12:42:21.196800000,154 days 11:17:38.803200000,122 days 11:17:38.803200000,-32 days +00:00:00.000000000
7452,2015-05-29 00:00:00.000000000,2015-06-09 00:00:00.000000000,2015-06-15 00:00:00.000000000,2014-05-02 00:00:00.000000000,1910-01-01 00:00:00.000000000,2015-01-20 12:55:23.116800000,2013-12-24 12:55:23.116800000,128 days 11:04:36.883200000,139 days 11:04:36.883200000,11 days 00:00:00.000000000
7453,2015-06-15 00:00:00.000000000,2015-05-15 00:00:00.000000000,2015-05-15 00:00:00.000000000,2014-08-12 00:00:00.000000000,1910-01-01 00:00:00.000000000,2014-11-27 09:20:00.009600000,2014-01-24 09:20:00.009600000,199 days 14:39:59.990400000,168 days 14:39:59.990400000,-31 days +00:00:00.000000000
7454,2015-06-30 00:00:00.000000000,2015-04-15 00:00:00.000000000,2015-04-20 00:00:00.000000000,2014-09-19 00:00:00.000000000,1910-01-01 00:00:00.000000000,2015-03-22 19:34:44.169600000,2014-06-11 19:34:44.169600000,99 days 04:25:15.830400000,23 days 04:25:15.830400000,-76 days +00:00:00.000000000
7455,2015-04-30 00:00:00.000000000,2015-04-15 00:00:00.000000000,2015-04-20 00:00:00.000000000,2014-08-13 00:00:00.000000000,1910-01-01 00:00:00.000000000,2015-01-20 19:34:44.169600000,2014-05-05 19:34:44.169600000,99 days 04:25:15.830400000,84 days 04:25:15.830400000,-15 days +00:00:00.000000000
7456,2015-06-08 00:00:00.000000000,2015-06-08 00:00:00.000000000,2015-06-19 00:00:00.000000000,2014-05-23 00:00:00.000000000,1910-01-01 00:00:00.000000000,2014-10-27 12:00:00.000000000,2013-10-11 12:00:00.000000000,223 days 12:00:00.000000000,223 days 12:00:00.000000000,0 days 00:00:00.000000000
7457,2015-06-15 00:00:00.000000000,2015-06-04 00:00:00.000000000,2015-06-15 00:00:00.000000000,2014-11-03 00:00:00.000000000,1910-01-01 00:00:00.000000000,2015-01-11 12:42:21.196800000,2014-06-01 12:42:21.196800000,154 days 11:17:38.803200000,143 days 11:17:38.803200000,-11 days +00:00:00.000000000
7458,2015-05-29 00:00:00.000000000,2015-05-29 00:00:00.000000000,2015-06-18 00:00:00.000000000,2014-05-23 00:00:00.000000000,1910-01-01 00:00:00.000000000,2014-10-17 12:00:00.000000000,2013-10-11 12:00:00.000000000,223 days 12:00:00.000000000,223 days 12:00:00.000000000,0 days 00:00:00.000000000
7459,2015-06-30 00:00:00.000000000,2015-05-15 00:00:00.000000000,2015-05-22 00:00:00.000000000,2014-09-19 00:00:00.000000000,1910-01-01 00:00:00.000000000,2015-03-22 19:34:44.169600000,2014-06-11 19:34:44.169600000,99 days 04:25:15.830400000,53 days 04:25:15.830400000,-46 days +00:00:00.000000000
7460,2015-06-30 00:00:00.000000000,2015-05-15 00:00:00.000000000,2015-05-22 00:00:00.000000000,2014-09-19 00:00:00.000000000,1910-01-01 00:00:00.000000000,2015-03-22 19:34:44.169600000,2014-06-11 19:34:44.169600000,99 days 04:25:15.830400000,53 days 04:25:15.830400000,-46 days +00:00:00.000000000
7461,2015-06-30 00:00:00.000000000,2015-07-13 00:00:00.000000000,2015-07-13 00:00:00.000000000,2014-08-12 00:00:00.000000000,1910-01-01 00:00:00.000000000,2014-12-12 09:20:00.009600000,2014-01-24 09:20:00.009600000,199 days 14:39:59.990400000,212 days 14:39:59.990400000,13 days 00:00:00.000000000
7462,2015-06-30 00:00:00.000000000,2015-06-02 00:00:00.000000000,2015-06-17 00:00:00.000000000,2014-09-19 00:00:00.000000000,1910-01-01 00:00:00.000000000,2015-03-22 19:34:44.169600000,2014-06-11 19:34:44.169600000,99 days 04:25:15.830400000,71 days 04:25:15.830400000,-28 days +00:00:00.000000000
7463,2015-06-30 00:00:00.000000000,2015-06-02 00:00:00.000000000,2015-06-17 00:00:00.000000000,2014-09-19 00:00:00.000000000,1910-01-01 00:00:00.000000000,2015-03-22 19:34:44.169600000,2014-06-11 19:34:44.169600000,99 days 04:25:15.830400000,71 days 04:25:15.830400000,-28 days +00:00:00.000000000
7464,2015-06-25 00:00:00.000000000,2015-06-19 00:00:00.000000000,2015-06-23 00:00:00.000000000,2015-05-14 00:00:00.000000000,1910-01-01 00:00:00.000000000,2015-02-23 04:10:26.083200000,2015-01-12 04:10:26.083200000,121 days 19:49:33.916800000,115 days 19:49:33.916800000,-6 days +00:00:00.000000000
7465,2015-07-31 00:00:00.000000000,2015-07-23 00:00:00.000000000,2015-07-23 00:00:00.000000000,2014-12-22 00:00:00.000000000,1910-01-01 00:00:00.000000000,2015-02-26 12:42:21.196800000,2014-07-20 12:42:21.196800000,154 days 11:17:38.803200000,146 days 11:17:38.803200000,-8 days +00:00:00.000000000
7466,2015-07-31 00:00:00.000000000,2015-08-06 00:00:00.000000000,2015-08-07 00:00:00.000000000,2014-10-24 00:00:00.000000000,1910-01-01 00:00:00.000000000,2014-12-19 12:00:00.000000000,2014-03-14 12:00:00.000000000,223 days 12:00:00.000000000,229 days 12:00:00.000000000,6 days 00:00:00.000000000
7467,2015-08-18 00:00:00.000000000,2015-08-06 00:00:00.000000000,2015-08-11 00:00:00.000000000,2015-05-27 00:00:00.000000000,1910-01-01 00:00:00.000000000,2015-05-05 05:42:51.408000000,2015-02-11 05:42:51.408000000,104 days 18:17:08.592000000,92 days 18:17:08.592000000,-12 days +00:00:00.000000000
7468,2009-07-30 00:00:00.000000000,2009-08-04 00:00:00.000000000,2009-08-04 00:00:00.000000000,2009-05-26 00:00:00.000000000,1910-01-01 00:00:00.000000000,2009-04-12 14:36:31.334400000,2009-02-06 14:36:31.334400000,108 days 09:23:28.665600000,113 days 09:23:28.665600000,5 days 00:00:00.000000000
7469,2009-07-30 00:00:00.000000000,2009-08-04 00:00:00.000000000,2009-08-04 00:00:00.000000000,2009-05-26 00:00:00.000000000,1910-01-01 00:00:00.000000000,2009-04-12 14:36:31.334400000,2009-02-06 14:36:31.334400000,108 days 09:23:28.665600000,113 days 09:23:28.665600000,5 days 00:00:00.000000000
7470,2009-08-31 00:00:00.000000000,2009-08-17 00:00:00.000000000,2009-08-17 00:00:00.000000000,2009-05-26 00:00:00.000000000,1910-01-01 00:00:00.000000000,2009-05-14 14:36:31.334400000,2009-02-06 14:36:31.334400000,108 days 09:23:28.665600000,94 days 09:23:28.665600000,-14 days +00:00:00.000000000
7471,2009-08-31 00:00:00.000000000,2009-08-04 00:00:00.000000000,2009-08-04 00:00:00.000000000,2009-05-26 00:00:00.000000000,1910-01-01 00:00:00.000000000,2009-05-14 14:36:31.334400000,2009-02-06 14:36:31.334400000,108 days 09:23:28.665600000,81 days 09:23:28.665600000,-27 days +00:00:00.000000000
7472,2009-08-31 00:00:00.000000000,2009-08-04 00:00:00.000000000,2009-08-04 00:00:00.000000000,2009-05-26 00:00:00.000000000,1910-01-01 00:00:00.000000000,2009-05-14 14:36:31.334400000,2009-02-06 14:36:31.334400000,108 days 09:23:28.665600000,81 days 09:23:28.665600000,-27 days +00:00:00.000000000
7473,2009-10-30 00:00:00.000000000,2009-10-20 00:00:00.000000000,2009-10-20 00:00:00.000000000,2009-05-26 00:00:00.000000000,1910-01-01 00:00:00.000000000,2009-07-13 14:36:31.334400000,2009-02-06 14:36:31.334400000,108 days 09:23:28.665600000,98 days 09:23:28.665600000,-10 days +00:00:00.000000000
7474,2009-12-18 00:00:00.000000000,2009-11-20 00:00:00.000000000,2009-11-20 00:00:00.000000000,2009-07-27 00:00:00.000000000,1910-01-01 00:00:00.000000000,2009-08-31 14:36:31.334400000,2009-04-09 14:36:31.334400000,108 days 09:23:28.665600000,80 days 09:23:28.665600000,-28 days +00:00:00.000000000
7475,2009-11-20 00:00:00.000000000,2009-11-10 00:00:00.000000000,2009-11-10 00:00:00.000000000,2009-09-02 00:00:00.000000000,1910-01-01 00:00:00.000000000,2009-09-30 07:12:00.000000000,2009-07-13 07:12:00.000000000,50 days 16:48:00.000000000,40 days 16:48:00.000000000,-10 days +00:00:00.000000000
7476,2009-12-10 00:00:00.000000000,2009-11-05 00:00:00.000000000,2009-11-05 00:00:00.000000000,2009-07-24 00:00:00.000000000,1910-01-01 00:00:00.000000000,2009-08-21 04:55:23.059200000,2009-04-04 04:55:23.059200000,110 days 19:04:36.940800000,75 days 19:04:36.940800000,-35 days +00:00:00.000000000
7477,2009-11-26 00:00:00.000000000,2009-11-13 00:00:00.000000000,2009-11-13 00:00:00.000000000,2009-07-24 00:00:00.000000000,1910-01-01 00:00:00.000000000,2009-08-07 04:55:23.059200000,2009-04-04 04:55:23.059200000,110 days 19:04:36.940800000,97 days 19:04:36.940800000,-13 days +00:00:00.000000000
7478,2009-11-30 00:00:00.000000000,2009-11-25 00:00:00.000000000,2009-11-25 00:00:00.000000000,2009-08-17 00:00:00.000000000,1910-01-01 00:00:00.000000000,2009-10-10 07:12:00.000000000,2009-06-27 07:12:00.000000000,50 days 16:48:00.000000000,45 days 16:48:00.000000000,-5 days +00:00:00.000000000
7479,2009-12-03 00:00:00.000000000,2009-11-30 00:00:00.000000000,2009-11-30 00:00:00.000000000,2009-09-17 00:00:00.000000000,1910-01-01 00:00:00.000000000,2009-10-13 07:12:00.000000000,2009-07-28 07:12:00.000000000,50 days 16:48:00.000000000,47 days 16:48:00.000000000,-3 days +00:00:00.000000000
7480,2009-12-04 00:00:00.000000000,2009-12-02 00:00:00.000000000,2009-12-02 00:00:00.000000000,2009-10-15 00:00:00.000000000,1910-01-01 00:00:00.000000000,2009-08-15 04:55:23.059200000,2009-06-26 04:55:23.059200000,110 days 19:04:36.940800000,108 days 19:04:36.940800000,-2 days +00:00:00.000000000
7481,2009-12-07 00:00:00.000000000,2009-12-02 00:00:00.000000000,2009-12-02 00:00:00.000000000,2009-10-15 00:00:00.000000000,1910-01-01 00:00:00.000000000,2009-08-18 04:55:23.059200000,2009-06-26 04:55:23.059200000,110 days 19:04:36.940800000,105 days 19:04:36.940800000,-5 days +00:00:00.000000000
7482,2009-11-30 00:00:00.000000000,2009-11-25 00:00:00.000000000,2009-11-25 00:00:00.000000000,2009-08-17 00:00:00.000000000,1910-01-01 00:00:00.000000000,2009-10-10 07:12:00.000000000,2009-06-27 07:12:00.000000000,50 days 16:48:00.000000000,45 days 16:48:00.000000000,-5 days +00:00:00.000000000
7483,2009-11-30 00:00:00.000000000,2009-12-03 00:00:00.000000000,2009-12-03 00:00:00.000000000,2009-08-05 00:00:00.000000000,1910-01-01 00:00:00.000000000,2009-08-12 21:36:00.000000000,2009-04-17 21:36:00.000000000,109 days 02:24:00.000000000,112 days 02:24:00.000000000,3 days 00:00:00.000000000
7484,2009-12-18 00:00:00.000000000,2009-12-18 00:00:00.000000000,2009-12-18 00:00:00.000000000,2009-07-27 00:00:00.000000000,1910-01-01 00:00:00.000000000,2009-08-31 14:36:31.334400000,2009-04-09 14:36:31.334400000,108 days 09:23:28.665600000,108 days 09:23:28.665600000,0 days 00:00:00.000000000
7485,2009-12-09 00:00:00.000000000,2009-12-01 00:00:00.000000000,2009-12-01 00:00:00.000000000,2009-10-23 00:00:00.000000000,1910-01-01 00:00:00.000000000,2009-09-23 23:06:40.003200000,2009-08-07 23:06:40.003200000,76 days 00:53:19.996800000,68 days 00:53:19.996800000,-8 days +00:00:00.000000000
7486,2009-12-20 00:00:00.000000000,2009-11-26 00:00:00.000000000,2009-11-26 00:00:00.000000000,2009-09-17 00:00:00.000000000,1910-01-01 00:00:00.000000000,2009-10-30 07:12:00.000000000,2009-07-28 07:12:00.000000000,50 days 16:48:00.000000000,26 days 16:48:00.000000000,-24 days +00:00:00.000000000
7487,2009-12-21 00:00:00.000000000,2009-12-16 00:00:00.000000000,2009-12-16 00:00:00.000000000,2009-09-23 00:00:00.000000000,1910-01-01 00:00:00.000000000,2009-10-05 23:06:40.003200000,2009-07-08 23:06:40.003200000,76 days 00:53:19.996800000,71 days 00:53:19.996800000,-5 days +00:00:00.000000000
7488,2009-12-25 00:00:00.000000000,2009-12-17 00:00:00.000000000,2009-12-17 00:00:00.000000000,2009-10-23 00:00:00.000000000,1910-01-01 00:00:00.000000000,2009-10-09 23:06:40.003200000,2009-08-07 23:06:40.003200000,76 days 00:53:19.996800000,68 days 00:53:19.996800000,-8 days +00:00:00.000000000
7489,2009-12-25 00:00:00.000000000,2009-12-17 00:00:00.000000000,2009-12-17 00:00:00.000000000,2009-10-23 00:00:00.000000000,1910-01-01 00:00:00.000000000,2009-10-09 23:06:40.003200000,2009-08-07 23:06:40.003200000,76 days 00:53:19.996800000,68 days 00:53:19.996800000,-8 days +00:00:00.000000000
7490,2009-12-25 00:00:00.000000000,2009-12-17 00:00:00.000000000,2009-12-17 00:00:00.000000000,2009-10-23 00:00:00.000000000,1910-01-01 00:00:00.000000000,2009-10-09 23:06:40.003200000,2009-08-07 23:06:40.003200000,76 days 00:53:19.996800000,68 days 00:53:19.996800000,-8 days +00:00:00.000000000
7491,2009-12-18 00:00:00.000000000,2009-12-18 00:00:00.000000000,2009-12-18 00:00:00.000000000,2009-08-13 00:00:00.000000000,1910-01-01 00:00:00.000000000,2009-08-31 14:36:31.334400000,2009-04-26 14:36:31.334400000,108 days 09:23:28.665600000,108 days 09:23:28.665600000,0 days 00:00:00.000000000
7492,2010-02-17 00:00:00.000000000,2009-12-23 00:00:00.000000000,2009-12-23 00:00:00.000000000,2009-10-28 00:00:00.000000000,1910-01-01 00:00:00.000000000,2009-12-13 09:52:56.496000001,2009-08-23 09:52:56.496000001,65 days 14:07:03.503999999,9 days 14:07:03.503999999,-56 days +00:00:00.000000000
7493,2010-01-04 00:00:00.000000000,2009-12-08 00:00:00.000000000,2009-12-08 00:00:00.000000000,2009-11-26 00:00:00.000000000,1910-01-01 00:00:00.000000000,2009-12-03 02:39:59.990400000,2009-10-25 02:39:59.990400000,31 days 21:20:00.009600000,4 days 21:20:00.009600000,-27 days +00:00:00.000000000
7494,2010-01-15 00:00:00.000000000,2010-01-11 00:00:00.000000000,2010-01-11 00:00:00.000000000,2009-09-17 00:00:00.000000000,1910-01-01 00:00:00.000000000,2009-11-10 09:52:56.496000001,2009-07-13 09:52:56.496000001,65 days 14:07:03.503999999,61 days 14:07:03.503999999,-4 days +00:00:00.000000000
7495,2010-03-05 00:00:00.000000000,2010-02-24 00:00:00.000000000,2010-02-24 00:00:00.000000000,2009-09-23 00:00:00.000000000,1910-01-01 00:00:00.000000000,2009-11-25 18:40:00.019200000,2009-06-15 18:40:00.019200000,99 days 05:19:59.980800000,90 days 05:19:59.980800000,-9 days +00:00:00.000000000
7496,2010-02-08 00:00:00.000000000,2010-01-23 00:00:00.000000000,2010-01-23 00:00:00.000000000,2009-09-09 00:00:00.000000000,1910-01-01 00:00:00.000000000,2009-11-02 07:36:35.107200001,2009-06-03 07:36:35.107200001,97 days 16:23:24.892799999,81 days 16:23:24.892799999,-16 days +00:00:00.000000000
7497,2010-02-11 00:00:00.000000000,2010-02-02 00:00:00.000000000,2010-02-02 00:00:00.000000000,2009-07-24 00:00:00.000000000,1910-01-01 00:00:00.000000000,2009-11-05 07:36:35.107200001,2009-04-17 07:36:35.107200001,97 days 16:23:24.892799999,88 days 16:23:24.892799999,-9 days +00:00:00.000000000
7498,2010-03-02 00:00:00.000000000,2010-03-05 00:00:00.000000000,2010-03-05 00:00:00.000000000,2009-08-05 00:00:00.000000000,1910-01-01 00:00:00.000000000,2009-11-14 09:49:05.462400000,2009-04-19 09:49:05.462400000,107 days 14:10:54.537600000,110 days 14:10:54.537600000,3 days 00:00:00.000000000
7499,2010-03-05 00:00:00.000000000,2010-03-05 00:00:00.000000000,2010-03-05 00:00:00.000000000,2009-09-17 00:00:00.000000000,1910-01-01 00:00:00.000000000,2009-11-17 09:49:05.462400000,2009-06-01 09:49:05.462400000,107 days 14:10:54.537600000,107 days 14:10:54.537600000,0 days 00:00:00.000000000
7500,2010-03-30 00:00:00.000000000,2010-03-12 00:00:00.000000000,2010-03-12 00:00:00.000000000,2009-12-08 00:00:00.000000000,1910-01-01 00:00:00.000000000,2010-01-05 00:00:00.000000000,2009-09-15 00:00:00.000000000,84 days 00:00:00.000000000,66 days 00:00:00.000000000,-18 days +00:00:00.000000000
7501,2010-04-14 00:00:00.000000000,2010-03-18 00:00:00.000000000,2010-03-18 00:00:00.000000000,2010-01-27 00:00:00.000000000,1910-01-01 00:00:00.000000000,2009-12-21 10:30:00.000000000,2009-10-05 10:30:00.000000000,113 days 13:30:00.000000000,86 days 13:30:00.000000000,-27 days +00:00:00.000000000
7502,2010-04-07 00:00:00.000000000,2010-03-03 00:00:00.000000000,2010-03-03 00:00:00.000000000,2009-10-23 00:00:00.000000000,1910-01-01 00:00:00.000000000,2009-12-28 18:40:00.019200000,2009-07-15 18:40:00.019200000,99 days 05:19:59.980800000,64 days 05:19:59.980800000,-35 days +00:00:00.000000000
7503,2010-03-09 00:00:00.000000000,2010-03-10 00:00:00.000000000,2010-03-10 00:00:00.000000000,2009-10-15 00:00:00.000000000,1910-01-01 00:00:00.000000000,2009-12-01 07:36:35.107200001,2009-07-09 07:36:35.107200001,97 days 16:23:24.892799999,98 days 16:23:24.892799999,1 days 00:00:00.000000000
7504,2010-03-09 00:00:00.000000000,2010-03-10 00:00:00.000000000,2010-03-10 00:00:00.000000000,2009-10-15 00:00:00.000000000,1910-01-01 00:00:00.000000000,2009-12-01 07:36:35.107200001,2009-07-09 07:36:35.107200001,97 days 16:23:24.892799999,98 days 16:23:24.892799999,1 days 00:00:00.000000000
7505,2010-04-19 00:00:00.000000000,2010-03-31 00:00:00.000000000,2010-03-31 00:00:00.000000000,2009-11-06 00:00:00.000000000,1910-01-01 00:00:00.000000000,2010-01-24 01:59:59.971200000,2009-08-13 01:59:59.971200000,84 days 22:00:00.028800000,65 days 22:00:00.028800000,-19 days +00:00:00.000000000
7506,2010-04-19 00:00:00.000000000,2010-03-31 00:00:00.000000000,2010-03-31 00:00:00.000000000,2009-11-06 00:00:00.000000000,1910-01-01 00:00:00.000000000,2010-01-24 01:59:59.971200000,2009-08-13 01:59:59.971200000,84 days 22:00:00.028800000,65 days 22:00:00.028800000,-19 days +00:00:00.000000000
7507,2010-04-19 00:00:00.000000000,2010-03-31 00:00:00.000000000,2010-03-31 00:00:00.000000000,2009-11-06 00:00:00.000000000,1910-01-01 00:00:00.000000000,2010-01-24 01:59:59.971200000,2009-08-13 01:59:59.971200000,84 days 22:00:00.028800000,65 days 22:00:00.028800000,-19 days +00:00:00.000000000
7508,2010-04-19 00:00:00.000000000,2010-03-31 00:00:00.000000000,2010-03-31 00:00:00.000000000,2009-11-06 00:00:00.000000000,1910-01-01 00:00:00.000000000,2010-01-24 01:59:59.971200000,2009-08-13 01:59:59.971200000,84 days 22:00:00.028800000,65 days 22:00:00.028800000,-19 days +00:00:00.000000000
7509,2010-04-19 00:00:00.000000000,2010-03-31 00:00:00.000000000,2010-03-31 00:00:00.000000000,2009-11-06 00:00:00.000000000,1910-01-01 00:00:00.000000000,2010-01-24 01:59:59.971200000,2009-08-13 01:59:59.971200000,84 days 22:00:00.028800000,65 days 22:00:00.028800000,-19 days +00:00:00.000000000
7510,2010-05-27 00:00:00.000000000,2010-03-31 00:00:00.000000000,2010-03-31 00:00:00.000000000,2010-03-04 00:00:00.000000000,1910-01-01 00:00:00.000000000,2010-03-04 00:00:00.000000000,2009-12-10 00:00:00.000000000,84 days 00:00:00.000000000,27 days 00:00:00.000000000,-57 days +00:00:00.000000000
7511,2010-04-01 00:00:00.000000000,2010-03-25 00:00:00.000000000,2010-03-25 00:00:00.000000000,2009-09-23 00:00:00.000000000,1910-01-01 00:00:00.000000000,2010-01-25 09:52:56.496000001,2009-07-19 09:52:56.496000001,65 days 14:07:03.503999999,58 days 14:07:03.503999999,-7 days +00:00:00.000000000
7512,2010-04-01 00:00:00.000000000,2010-03-25 00:00:00.000000000,2010-03-25 00:00:00.000000000,2010-01-29 00:00:00.000000000,1910-01-01 00:00:00.000000000,2010-01-25 09:52:56.496000001,2009-11-24 09:52:56.496000001,65 days 14:07:03.503999999,58 days 14:07:03.503999999,-7 days +00:00:00.000000000
7513,2010-04-06 00:00:00.000000000,2010-04-01 00:00:00.000000000,2010-04-01 00:00:00.000000000,2009-10-15 00:00:00.000000000,1910-01-01 00:00:00.000000000,2009-12-29 07:36:35.107200001,2009-07-09 07:36:35.107200001,97 days 16:23:24.892799999,92 days 16:23:24.892799999,-5 days +00:00:00.000000000
7514,2010-04-06 00:00:00.000000000,2010-04-01 00:00:00.000000000,2010-04-01 00:00:00.000000000,2009-10-15 00:00:00.000000000,1910-01-01 00:00:00.000000000,2009-12-29 07:36:35.107200001,2009-07-09 07:36:35.107200001,97 days 16:23:24.892799999,92 days 16:23:24.892799999,-5 days +00:00:00.000000000
7515,2010-04-19 00:00:00.000000000,2010-03-31 00:00:00.000000000,2010-03-31 00:00:00.000000000,2009-11-06 00:00:00.000000000,1910-01-01 00:00:00.000000000,2010-01-24 01:59:59.971200000,2009-08-13 01:59:59.971200000,84 days 22:00:00.028800000,65 days 22:00:00.028800000,-19 days +00:00:00.000000000
7516,2010-07-21 00:00:00.000000000,2010-04-16 00:00:00.000000000,2010-04-16 00:00:00.000000000,2010-01-06 00:00:00.000000000,1910-01-01 00:00:00.000000000,2010-04-04 09:49:05.462400000,2009-09-20 09:49:05.462400000,107 days 14:10:54.537600000,11 days 14:10:54.537600000,-96 days +00:00:00.000000000
7517,2010-05-31 00:00:00.000000000,2010-05-18 00:00:00.000000000,2010-05-18 00:00:00.000000000,2009-11-06 00:00:00.000000000,1910-01-01 00:00:00.000000000,2010-03-07 01:59:59.971200000,2009-08-13 01:59:59.971200000,84 days 22:00:00.028800000,71 days 22:00:00.028800000,-13 days +00:00:00.000000000
7518,2010-04-15 00:00:00.000000000,2010-04-28 00:00:00.000000000,2010-04-28 00:00:00.000000000,2010-03-29 00:00:00.000000000,1910-01-01 00:00:00.000000000,2010-02-21 17:08:34.310400000,2010-02-04 17:08:34.310400000,52 days 06:51:25.689600000,65 days 06:51:25.689600000,13 days 00:00:00.000000000
7519,2010-05-31 00:00:00.000000000,2010-05-18 00:00:00.000000000,2010-05-18 00:00:00.000000000,2009-11-06 00:00:00.000000000,1910-01-01 00:00:00.000000000,2010-03-07 01:59:59.971200000,2009-08-13 01:59:59.971200000,84 days 22:00:00.028800000,71 days 22:00:00.028800000,-13 days +00:00:00.000000000
7520,2010-05-31 00:00:00.000000000,2010-05-18 00:00:00.000000000,2010-05-18 00:00:00.000000000,2009-11-06 00:00:00.000000000,1910-01-01 00:00:00.000000000,2010-03-07 01:59:59.971200000,2009-08-13 01:59:59.971200000,84 days 22:00:00.028800000,71 days 22:00:00.028800000,-13 days +00:00:00.000000000
7521,2010-06-30 00:00:00.000000000,2010-05-27 00:00:00.000000000,2010-05-27 00:00:00.000000000,2010-04-07 00:00:00.000000000,1910-01-01 00:00:00.000000000,2010-05-08 17:08:34.310400000,2010-02-13 17:08:34.310400000,52 days 06:51:25.689600000,18 days 06:51:25.689600000,-34 days +00:00:00.000000000
7522,2010-05-03 00:00:00.000000000,2010-05-03 00:00:00.000000000,2010-05-03 00:00:00.000000000,2009-10-28 00:00:00.000000000,1910-01-01 00:00:00.000000000,2010-02-26 09:52:56.496000001,2009-08-23 09:52:56.496000001,65 days 14:07:03.503999999,65 days 14:07:03.503999999,0 days 00:00:00.000000000
7523,2010-05-31 00:00:00.000000000,2010-05-18 00:00:00.000000000,2010-05-18 00:00:00.000000000,2009-11-06 00:00:00.000000000,1910-01-01 00:00:00.000000000,2010-03-07 01:59:59.971200000,2009-08-13 01:59:59.971200000,84 days 22:00:00.028800000,71 days 22:00:00.028800000,-13 days +00:00:00.000000000
7524,2010-05-31 00:00:00.000000000,2010-05-18 00:00:00.000000000,2010-05-18 00:00:00.000000000,2009-11-06 00:00:00.000000000,1910-01-01 00:00:00.000000000,2010-03-07 01:59:59.971200000,2009-08-13 01:59:59.971200000,84 days 22:00:00.028800000,71 days 22:00:00.028800000,-13 days +00:00:00.000000000
7525,2010-05-31 00:00:00.000000000,2010-05-18 00:00:00.000000000,2010-05-18 00:00:00.000000000,2009-11-06 00:00:00.000000000,1910-01-01 00:00:00.000000000,2010-03-07 01:59:59.971200000,2009-08-13 01:59:59.971200000,84 days 22:00:00.028800000,71 days 22:00:00.028800000,-13 days +00:00:00.000000000
7526,2010-07-02 00:00:00.000000000,2010-05-04 00:00:00.000000000,2010-05-04 00:00:00.000000000,2010-04-06 00:00:00.000000000,1910-01-01 00:00:00.000000000,2010-05-31 02:39:59.990400000,2010-03-05 02:39:59.990400000,31 days 21:20:00.009600000,-28 days +21:20:00.009600000,-59 days +00:00:00.000000000
7527,2010-07-21 00:00:00.000000000,2010-05-21 00:00:00.000000000,2010-05-21 00:00:00.000000000,2010-03-01 00:00:00.000000000,1910-01-01 00:00:00.000000000,2010-03-29 10:30:00.000000000,2009-11-07 10:30:00.000000000,113 days 13:30:00.000000000,52 days 13:30:00.000000000,-61 days +00:00:00.000000000
7528,2010-05-31 00:00:00.000000000,2010-06-01 00:00:00.000000000,2010-06-01 00:00:00.000000000,2009-10-23 00:00:00.000000000,1910-01-01 00:00:00.000000000,2010-02-20 18:40:00.019200000,2009-07-15 18:40:00.019200000,99 days 05:19:59.980800000,100 days 05:19:59.980800000,1 days 00:00:00.000000000
7529,2010-06-07 00:00:00.000000000,2010-05-27 00:00:00.000000000,2010-05-27 00:00:00.000000000,2010-04-28 00:00:00.000000000,1910-01-01 00:00:00.000000000,2010-04-15 17:08:34.310400000,2010-03-06 17:08:34.310400000,52 days 06:51:25.689600000,41 days 06:51:25.689600000,-11 days +00:00:00.000000000
7530,2010-06-15 00:00:00.000000000,2010-06-07 00:00:00.000000000,2010-06-07 00:00:00.000000000,2010-03-03 00:00:00.000000000,1910-01-01 00:00:00.000000000,2010-03-09 07:36:35.107200001,2009-11-25 07:36:35.107200001,97 days 16:23:24.892799999,89 days 16:23:24.892799999,-8 days +00:00:00.000000000
7531,2010-06-30 00:00:00.000000000,2010-06-09 00:00:00.000000000,2010-06-09 00:00:00.000000000,2010-04-19 00:00:00.000000000,1910-01-01 00:00:00.000000000,2010-03-22 18:40:00.019200000,2010-01-09 18:40:00.019200000,99 days 05:19:59.980800000,78 days 05:19:59.980800000,-21 days +00:00:00.000000000
7532,2010-06-03 00:00:00.000000000,2010-06-07 00:00:00.000000000,2010-06-07 00:00:00.000000000,2010-05-02 00:00:00.000000000,1910-01-01 00:00:00.000000000,2010-02-25 07:36:35.107200001,2010-01-24 07:36:35.107200001,97 days 16:23:24.892799999,101 days 16:23:24.892799999,4 days 00:00:00.000000000
7533,2010-06-30 00:00:00.000000000,2010-06-22 00:00:00.000000000,2010-06-22 00:00:00.000000000,2010-05-07 00:00:00.000000000,1910-01-01 00:00:00.000000000,2010-04-25 09:52:56.496000001,2010-03-02 09:52:56.496000001,65 days 14:07:03.503999999,57 days 14:07:03.503999999,-8 days +00:00:00.000000000
7534,2010-06-30 00:00:00.000000000,2010-06-21 00:00:00.000000000,2010-06-21 00:00:00.000000000,2009-12-08 00:00:00.000000000,1910-01-01 00:00:00.000000000,2010-03-24 07:36:35.107200001,2009-09-01 07:36:35.107200001,97 days 16:23:24.892799999,88 days 16:23:24.892799999,-9 days +00:00:00.000000000
7535,2010-07-12 00:00:00.000000000,2010-06-30 00:00:00.000000000,2010-06-30 00:00:00.000000000,2010-03-03 00:00:00.000000000,1910-01-01 00:00:00.000000000,2010-04-05 07:36:35.107200001,2009-11-25 07:36:35.107200001,97 days 16:23:24.892799999,85 days 16:23:24.892799999,-12 days +00:00:00.000000000
7536,2010-07-15 00:00:00.000000000,2010-06-28 00:00:00.000000000,2010-06-28 00:00:00.000000000,2010-02-10 00:00:00.000000000,1910-01-01 00:00:00.000000000,2010-04-21 01:59:59.971200000,2009-11-17 01:59:59.971200000,84 days 22:00:00.028800000,67 days 22:00:00.028800000,-17 days +00:00:00.000000000
7537,2010-07-21 00:00:00.000000000,2010-07-08 00:00:00.000000000,2010-07-08 00:00:00.000000000,2010-01-06 00:00:00.000000000,1910-01-01 00:00:00.000000000,2010-04-04 09:49:05.462400000,2009-09-20 09:49:05.462400000,107 days 14:10:54.537600000,94 days 14:10:54.537600000,-13 days +00:00:00.000000000
7538,2010-07-15 00:00:00.000000000,2010-06-28 00:00:00.000000000,2010-06-28 00:00:00.000000000,2010-02-10 00:00:00.000000000,1910-01-01 00:00:00.000000000,2010-04-21 01:59:59.971200000,2009-11-17 01:59:59.971200000,84 days 22:00:00.028800000,67 days 22:00:00.028800000,-17 days +00:00:00.000000000
7539,2010-07-15 00:00:00.000000000,2010-06-28 00:00:00.000000000,2010-06-28 00:00:00.000000000,2010-02-10 00:00:00.000000000,1910-01-01 00:00:00.000000000,2010-04-21 01:59:59.971200000,2009-11-17 01:59:59.971200000,84 days 22:00:00.028800000,67 days 22:00:00.028800000,-17 days +00:00:00.000000000
7540,2010-07-21 00:00:00.000000000,2010-06-28 00:00:00.000000000,2010-06-28 00:00:00.000000000,2009-11-06 00:00:00.000000000,1910-01-01 00:00:00.000000000,2010-04-27 01:59:59.971200000,2009-08-13 01:59:59.971200000,84 days 22:00:00.028800000,61 days 22:00:00.028800000,-23 days +00:00:00.000000000
7541,2010-07-15 00:00:00.000000000,2010-06-28 00:00:00.000000000,2010-06-28 00:00:00.000000000,2010-02-10 00:00:00.000000000,1910-01-01 00:00:00.000000000,2010-04-21 01:59:59.971200000,2009-11-17 01:59:59.971200000,84 days 22:00:00.028800000,67 days 22:00:00.028800000,-17 days +00:00:00.000000000
7542,2010-08-04 00:00:00.000000000,2010-07-19 00:00:00.000000000,2010-07-19 00:00:00.000000000,2010-03-02 00:00:00.000000000,1910-01-01 00:00:00.000000000,2010-05-30 09:52:56.496000001,2009-12-26 09:52:56.496000001,65 days 14:07:03.503999999,49 days 14:07:03.503999999,-16 days +00:00:00.000000000
7543,2010-08-04 00:00:00.000000000,2010-08-02 00:00:00.000000000,2010-08-02 00:00:00.000000000,2010-03-02 00:00:00.000000000,1910-01-01 00:00:00.000000000,2010-05-30 09:52:56.496000001,2009-12-26 09:52:56.496000001,65 days 14:07:03.503999999,63 days 14:07:03.503999999,-2 days +00:00:00.000000000
7544,2010-08-31 00:00:00.000000000,2010-08-17 00:00:00.000000000,2010-08-17 00:00:00.000000000,2010-02-10 00:00:00.000000000,1910-01-01 00:00:00.000000000,2010-06-07 01:59:59.971200000,2009-11-17 01:59:59.971200000,84 days 22:00:00.028800000,70 days 22:00:00.028800000,-14 days +00:00:00.000000000
7545,2010-09-21 00:00:00.000000000,2010-07-14 00:00:00.000000000,2010-07-14 00:00:00.000000000,2010-06-28 00:00:00.000000000,1910-01-01 00:00:00.000000000,2010-08-20 02:39:59.990400000,2010-05-27 02:39:59.990400000,31 days 21:20:00.009600000,-38 days +21:20:00.009600000,-69 days +00:00:00.000000000
7546,2010-08-16 00:00:00.000000000,2010-08-17 00:00:00.000000000,2010-08-17 00:00:00.000000000,2010-02-10 00:00:00.000000000,1910-01-01 00:00:00.000000000,2010-05-23 01:59:59.971200000,2009-11-17 01:59:59.971200000,84 days 22:00:00.028800000,85 days 22:00:00.028800000,1 days 00:00:00.000000000
7547,2010-08-31 00:00:00.000000000,2010-08-18 00:00:00.000000000,2010-08-18 00:00:00.000000000,2009-12-23 00:00:00.000000000,1910-01-01 00:00:00.000000000,2010-05-27 22:00:00.028800000,2009-09-18 22:00:00.028800000,95 days 01:59:59.971200000,82 days 01:59:59.971200000,-13 days +00:00:00.000000000
7548,2010-08-31 00:00:00.000000000,2010-08-17 00:00:00.000000000,2010-08-17 00:00:00.000000000,2010-05-27 00:00:00.000000000,1910-01-01 00:00:00.000000000,2010-06-07 01:59:59.971200000,2010-03-03 01:59:59.971200000,84 days 22:00:00.028800000,70 days 22:00:00.028800000,-14 days +00:00:00.000000000
7549,2010-08-23 00:00:00.000000000,2010-08-23 00:00:00.000000000,2010-08-23 00:00:00.000000000,2010-03-03 00:00:00.000000000,1910-01-01 00:00:00.000000000,2010-05-17 07:36:35.107200001,2009-11-25 07:36:35.107200001,97 days 16:23:24.892799999,97 days 16:23:24.892799999,0 days 00:00:00.000000000
7550,2010-08-23 00:00:00.000000000,2010-08-23 00:00:00.000000000,2010-08-23 00:00:00.000000000,2010-03-03 00:00:00.000000000,1910-01-01 00:00:00.000000000,2010-05-17 07:36:35.107200001,2009-11-25 07:36:35.107200001,97 days 16:23:24.892799999,97 days 16:23:24.892799999,0 days 00:00:00.000000000
7551,2010-08-23 00:00:00.000000000,2010-08-23 00:00:00.000000000,2010-08-23 00:00:00.000000000,2010-03-03 00:00:00.000000000,1910-01-01 00:00:00.000000000,2010-05-17 07:36:35.107200001,2009-11-25 07:36:35.107200001,97 days 16:23:24.892799999,97 days 16:23:24.892799999,0 days 00:00:00.000000000
7552,2010-08-31 00:00:00.000000000,2010-08-23 00:00:00.000000000,2010-08-23 00:00:00.000000000,2010-05-07 00:00:00.000000000,1910-01-01 00:00:00.000000000,2010-05-25 07:36:35.107200001,2010-01-29 07:36:35.107200001,97 days 16:23:24.892799999,89 days 16:23:24.892799999,-8 days +00:00:00.000000000
7553,2010-09-03 00:00:00.000000000,2010-08-27 00:00:00.000000000,2010-08-27 00:00:00.000000000,2010-03-04 00:00:00.000000000,1910-01-01 00:00:00.000000000,2010-06-29 09:52:56.496000001,2009-12-28 09:52:56.496000001,65 days 14:07:03.503999999,58 days 14:07:03.503999999,-7 days +00:00:00.000000000
7554,2010-08-31 00:00:00.000000000,2010-08-17 00:00:00.000000000,2010-08-17 00:00:00.000000000,2010-05-27 00:00:00.000000000,1910-01-01 00:00:00.000000000,2010-06-07 01:59:59.971200000,2010-03-03 01:59:59.971200000,84 days 22:00:00.028800000,70 days 22:00:00.028800000,-14 days +00:00:00.000000000
7555,2010-08-12 00:00:00.000000000,2010-08-17 00:00:00.000000000,2010-08-17 00:00:00.000000000,2010-02-10 00:00:00.000000000,1910-01-01 00:00:00.000000000,2010-05-19 01:59:59.971200000,2009-11-17 01:59:59.971200000,84 days 22:00:00.028800000,89 days 22:00:00.028800000,5 days 00:00:00.000000000
7556,2010-09-30 00:00:00.000000000,2010-09-25 00:00:00.000000000,2010-09-25 00:00:00.000000000,2010-05-07 00:00:00.000000000,1910-01-01 00:00:00.000000000,2010-06-24 07:36:35.107200001,2010-01-29 07:36:35.107200001,97 days 16:23:24.892799999,92 days 16:23:24.892799999,-5 days +00:00:00.000000000
7557,2010-09-30 00:00:00.000000000,2010-10-07 00:00:00.000000000,2010-10-07 00:00:00.000000000,2010-04-19 00:00:00.000000000,1910-01-01 00:00:00.000000000,2010-06-22 18:40:00.019200000,2010-01-09 18:40:00.019200000,99 days 05:19:59.980800000,106 days 05:19:59.980800000,7 days 00:00:00.000000000
7558,2010-10-20 00:00:00.000000000,2010-10-26 00:00:00.000000000,2010-10-26 00:00:00.000000000,2010-09-16 00:00:00.000000000,1910-01-01 00:00:00.000000000,2010-08-15 09:52:56.496000001,2010-07-12 09:52:56.496000001,65 days 14:07:03.503999999,71 days 14:07:03.503999999,6 days 00:00:00.000000000
7559,2010-10-22 00:00:00.000000000,2010-11-10 00:00:00.000000000,2010-11-10 00:00:00.000000000,2010-05-27 00:00:00.000000000,1910-01-01 00:00:00.000000000,2010-07-29 01:59:59.971200000,2010-03-03 01:59:59.971200000,84 days 22:00:00.028800000,103 days 22:00:00.028800000,19 days 00:00:00.000000000
7560,2010-11-30 00:00:00.000000000,2010-11-25 00:00:00.000000000,2010-11-25 00:00:00.000000000,2009-12-08 00:00:00.000000000,1910-01-01 00:00:00.000000000,2010-09-07 00:00:00.000000000,2009-09-15 00:00:00.000000000,84 days 00:00:00.000000000,79 days 00:00:00.000000000,-5 days +00:00:00.000000000
7561,2010-11-30 00:00:00.000000000,2010-11-26 00:00:00.000000000,2010-11-26 00:00:00.000000000,2010-06-23 00:00:00.000000000,1910-01-01 00:00:00.000000000,2010-08-24 07:36:35.107200001,2010-03-17 07:36:35.107200001,97 days 16:23:24.892799999,93 days 16:23:24.892799999,-4 days +00:00:00.000000000
7562,2010-11-30 00:00:00.000000000,2010-11-26 00:00:00.000000000,2010-11-26 00:00:00.000000000,2010-06-23 00:00:00.000000000,1910-01-01 00:00:00.000000000,2010-08-24 07:36:35.107200001,2010-03-17 07:36:35.107200001,97 days 16:23:24.892799999,93 days 16:23:24.892799999,-4 days +00:00:00.000000000
7563,2010-11-30 00:00:00.000000000,2010-11-26 00:00:00.000000000,2010-11-26 00:00:00.000000000,2010-06-23 00:00:00.000000000,1910-01-01 00:00:00.000000000,2010-08-24 07:36:35.107200001,2010-03-17 07:36:35.107200001,97 days 16:23:24.892799999,93 days 16:23:24.892799999,-4 days +00:00:00.000000000
7564,2010-12-31 00:00:00.000000000,2010-11-25 00:00:00.000000000,2010-11-25 00:00:00.000000000,2010-08-20 00:00:00.000000000,1910-01-01 00:00:00.000000000,2010-09-14 09:49:05.462400000,2010-05-04 09:49:05.462400000,107 days 14:10:54.537600000,71 days 14:10:54.537600000,-36 days +00:00:00.000000000
7565,2010-12-02 00:00:00.000000000,2010-12-02 00:00:00.000000000,2010-12-02 00:00:00.000000000,2010-09-29 00:00:00.000000000,1910-01-01 00:00:00.000000000,2010-09-27 09:52:56.496000001,2010-07-25 09:52:56.496000001,65 days 14:07:03.503999999,65 days 14:07:03.503999999,0 days 00:00:00.000000000
7566,2010-12-02 00:00:00.000000000,2010-11-29 00:00:00.000000000,2010-11-29 00:00:00.000000000,2010-09-29 00:00:00.000000000,1910-01-01 00:00:00.000000000,2010-09-27 09:52:56.496000001,2010-07-25 09:52:56.496000001,65 days 14:07:03.503999999,62 days 14:07:03.503999999,-3 days +00:00:00.000000000
7567,2010-12-07 00:00:00.000000000,2010-12-13 00:00:00.000000000,2010-12-13 00:00:00.000000000,2010-06-23 00:00:00.000000000,1910-01-01 00:00:00.000000000,2010-08-31 07:36:35.107200001,2010-03-17 07:36:35.107200001,97 days 16:23:24.892799999,103 days 16:23:24.892799999,6 days 00:00:00.000000000
7568,2010-11-30 00:00:00.000000000,2010-12-09 00:00:00.000000000,2010-12-09 00:00:00.000000000,2010-06-23 00:00:00.000000000,1910-01-01 00:00:00.000000000,2010-08-24 07:36:35.107200001,2010-03-17 07:36:35.107200001,97 days 16:23:24.892799999,106 days 16:23:24.892799999,9 days 00:00:00.000000000
7569,2010-11-30 00:00:00.000000000,2010-12-14 00:00:00.000000000,2010-12-14 00:00:00.000000000,2010-10-25 00:00:00.000000000,1910-01-01 00:00:00.000000000,2010-10-11 16:00:00.028800000,2010-09-05 16:00:00.028800000,49 days 07:59:59.971200000,63 days 07:59:59.971200000,14 days 00:00:00.000000000
7570,2010-11-30 00:00:00.000000000,2010-12-14 00:00:00.000000000,2010-12-14 00:00:00.000000000,2010-10-25 00:00:00.000000000,1910-01-01 00:00:00.000000000,2010-10-11 16:00:00.028800000,2010-09-05 16:00:00.028800000,49 days 07:59:59.971200000,63 days 07:59:59.971200000,14 days 00:00:00.000000000
7571,2010-11-15 00:00:00.000000000,2010-12-10 00:00:00.000000000,2010-12-10 00:00:00.000000000,2010-08-20 00:00:00.000000000,1910-01-01 00:00:00.000000000,2010-07-30 09:49:05.462400000,2010-05-04 09:49:05.462400000,107 days 14:10:54.537600000,132 days 14:10:54.537600000,25 days 00:00:00.000000000
7572,2010-12-20 00:00:00.000000000,2011-01-05 00:00:00.000000000,2011-01-05 00:00:00.000000000,2010-10-13 00:00:00.000000000,1910-01-01 00:00:00.000000000,2010-09-11 18:40:00.019200000,2010-07-05 18:40:00.019200000,99 days 05:19:59.980800000,115 days 05:19:59.980800000,16 days 00:00:00.000000000
7573,2010-12-20 00:00:00.000000000,2011-01-05 00:00:00.000000000,2011-01-05 00:00:00.000000000,2010-10-13 00:00:00.000000000,1910-01-01 00:00:00.000000000,2010-09-11 18:40:00.019200000,2010-07-05 18:40:00.019200000,99 days 05:19:59.980800000,115 days 05:19:59.980800000,16 days 00:00:00.000000000
7574,2010-12-20 00:00:00.000000000,2011-01-05 00:00:00.000000000,2011-01-05 00:00:00.000000000,2010-10-13 00:00:00.000000000,1910-01-01 00:00:00.000000000,2010-09-11 18:40:00.019200000,2010-07-05 18:40:00.019200000,99 days 05:19:59.980800000,115 days 05:19:59.980800000,16 days 00:00:00.000000000
7575,2010-12-15 00:00:00.000000000,2010-12-09 00:00:00.000000000,2010-12-09 00:00:00.000000000,2010-09-24 00:00:00.000000000,1910-01-01 00:00:00.000000000,2010-11-13 02:39:59.990400000,2010-08-23 02:39:59.990400000,31 days 21:20:00.009600000,25 days 21:20:00.009600000,-6 days +00:00:00.000000000
7576,2010-12-31 00:00:00.000000000,2010-12-23 00:00:00.000000000,2010-12-23 00:00:00.000000000,2010-09-29 00:00:00.000000000,1910-01-01 00:00:00.000000000,2010-10-26 09:52:56.496000001,2010-07-25 09:52:56.496000001,65 days 14:07:03.503999999,57 days 14:07:03.503999999,-8 days +00:00:00.000000000
7577,2011-01-31 00:00:00.000000000,2011-01-24 00:00:00.000000000,2011-01-24 00:00:00.000000000,2010-12-29 00:00:00.000000000,1910-01-01 00:00:00.000000000,2010-09-27 07:59:59.971200000,2010-08-25 07:59:59.971200000,125 days 16:00:00.028800000,118 days 16:00:00.028800000,-7 days +00:00:00.000000000
7578,2011-02-28 00:00:00.000000000,2011-02-25 00:00:00.000000000,2011-02-25 00:00:00.000000000,2011-01-06 00:00:00.000000000,1910-01-01 00:00:00.000000000,2010-10-06 14:07:03.504000000,2010-08-14 14:07:03.504000000,144 days 09:52:56.496000000,141 days 09:52:56.496000000,-3 days +00:00:00.000000000
7579,2011-03-31 00:00:00.000000000,2011-03-09 00:00:00.000000000,2011-03-09 00:00:00.000000000,2011-01-06 00:00:00.000000000,1910-01-01 00:00:00.000000000,2010-11-06 14:07:03.504000000,2010-08-14 14:07:03.504000000,144 days 09:52:56.496000000,122 days 09:52:56.496000000,-22 days +00:00:00.000000000
7580,2011-01-28 00:00:00.000000000,2011-02-11 00:00:00.000000000,2011-02-11 00:00:00.000000000,2010-05-20 00:00:00.000000000,1910-01-01 00:00:00.000000000,2010-11-02 10:54:32.688000000,2010-02-22 10:54:32.688000000,86 days 13:05:27.312000000,100 days 13:05:27.312000000,14 days 00:00:00.000000000
7581,2011-01-31 00:00:00.000000000,2011-02-22 00:00:00.000000000,2011-02-22 00:00:00.000000000,2010-10-04 00:00:00.000000000,1910-01-01 00:00:00.000000000,2010-08-21 16:33:06.192000000,2010-04-24 16:33:06.192000000,162 days 07:26:53.808000000,184 days 07:26:53.808000000,22 days 00:00:00.000000000
7582,2011-01-31 00:00:00.000000000,2011-02-22 00:00:00.000000000,2011-02-22 00:00:00.000000000,2010-08-03 00:00:00.000000000,1910-01-01 00:00:00.000000000,2010-08-21 16:33:06.192000000,2010-02-21 16:33:06.192000000,162 days 07:26:53.808000000,184 days 07:26:53.808000000,22 days 00:00:00.000000000
7583,2011-02-26 00:00:00.000000000,2011-02-15 00:00:00.000000000,2011-02-15 00:00:00.000000000,2010-08-20 00:00:00.000000000,1910-01-01 00:00:00.000000000,2010-12-01 10:54:32.688000000,2010-05-25 10:54:32.688000000,86 days 13:05:27.312000000,75 days 13:05:27.312000000,-11 days +00:00:00.000000000
7584,2011-02-28 00:00:00.000000000,2011-02-14 00:00:00.000000000,2011-02-14 00:00:00.000000000,2010-10-13 00:00:00.000000000,1910-01-01 00:00:00.000000000,2010-11-22 01:36:00.028800000,2010-07-07 01:36:00.028800000,97 days 22:23:59.971200000,83 days 22:23:59.971200000,-14 days +00:00:00.000000000
7585,2011-02-28 00:00:00.000000000,2011-02-14 00:00:00.000000000,2011-02-14 00:00:00.000000000,2010-12-14 00:00:00.000000000,1910-01-01 00:00:00.000000000,2010-11-22 01:36:00.028800000,2010-09-07 01:36:00.028800000,97 days 22:23:59.971200000,83 days 22:23:59.971200000,-14 days +00:00:00.000000000
7586,2011-02-28 00:00:00.000000000,2011-02-28 00:00:00.000000000,2011-02-28 00:00:00.000000000,2010-12-21 00:00:00.000000000,1910-01-01 00:00:00.000000000,2010-09-18 16:33:06.192000000,2010-07-11 16:33:06.192000000,162 days 07:26:53.808000000,162 days 07:26:53.808000000,0 days 00:00:00.000000000
7587,2011-03-31 00:00:00.000000000,2011-03-25 00:00:00.000000000,2011-03-25 00:00:00.000000000,2011-02-04 00:00:00.000000000,1910-01-01 00:00:00.000000000,2011-01-14 14:24:00.000000000,2010-11-20 14:24:00.000000000,75 days 09:36:00.000000000,69 days 09:36:00.000000000,-6 days +00:00:00.000000000
7588,2011-03-31 00:00:00.000000000,2011-03-25 00:00:00.000000000,2011-03-25 00:00:00.000000000,2011-02-04 00:00:00.000000000,1910-01-01 00:00:00.000000000,2011-01-14 14:24:00.000000000,2010-11-20 14:24:00.000000000,75 days 09:36:00.000000000,69 days 09:36:00.000000000,-6 days +00:00:00.000000000
7589,2011-03-31 00:00:00.000000000,2011-03-29 00:00:00.000000000,2011-03-29 00:00:00.000000000,2010-10-04 00:00:00.000000000,1910-01-01 00:00:00.000000000,2010-10-19 16:33:06.192000000,2010-04-24 16:33:06.192000000,162 days 07:26:53.808000000,160 days 07:26:53.808000000,-2 days +00:00:00.000000000
7590,2011-03-15 00:00:00.000000000,2011-03-29 00:00:00.000000000,2011-03-29 00:00:00.000000000,2010-08-03 00:00:00.000000000,1910-01-01 00:00:00.000000000,2010-10-03 16:33:06.192000000,2010-02-21 16:33:06.192000000,162 days 07:26:53.808000000,176 days 07:26:53.808000000,14 days 00:00:00.000000000
7591,2011-03-31 00:00:00.000000000,2011-04-05 00:00:00.000000000,2011-04-05 00:00:00.000000000,2010-08-20 00:00:00.000000000,1910-01-01 00:00:00.000000000,2011-01-03 10:54:32.688000000,2010-05-25 10:54:32.688000000,86 days 13:05:27.312000000,91 days 13:05:27.312000000,5 days 00:00:00.000000000
7592,2011-03-31 00:00:00.000000000,2011-04-01 00:00:00.000000000,2011-04-01 00:00:00.000000000,2010-09-29 00:00:00.000000000,1910-01-01 00:00:00.000000000,2010-12-29 13:42:51.465600000,2010-06-29 13:42:51.465600000,91 days 10:17:08.534400000,92 days 10:17:08.534400000,1 days 00:00:00.000000000
7593,2011-04-14 00:00:00.000000000,2011-04-05 00:00:00.000000000,2011-04-05 00:00:00.000000000,2010-09-01 00:00:00.000000000,1910-01-01 00:00:00.000000000,2011-01-17 10:54:32.688000000,2010-06-06 10:54:32.688000000,86 days 13:05:27.312000000,77 days 13:05:27.312000000,-9 days +00:00:00.000000000
7594,2011-04-07 00:00:00.000000000,2011-03-28 00:00:00.000000000,2011-03-28 00:00:00.000000000,2011-03-07 00:00:00.000000000,1910-01-01 00:00:00.000000000,2011-01-07 21:40:38.726400000,2010-12-07 21:40:38.726400000,89 days 02:19:21.273600000,79 days 02:19:21.273600000,-10 days +00:00:00.000000000
7595,2011-06-15 00:00:00.000000000,2011-05-11 00:00:00.000000000,2011-05-11 00:00:00.000000000,2011-02-21 00:00:00.000000000,1910-01-01 00:00:00.000000000,2011-03-12 01:00:00.028800000,2010-11-18 01:00:00.028800000,94 days 22:59:59.971200000,59 days 22:59:59.971200000,-35 days +00:00:00.000000000
7596,2011-04-04 00:00:00.000000000,2011-05-20 00:00:00.000000000,2011-05-20 00:00:00.000000000,2010-10-13 00:00:00.000000000,1910-01-01 00:00:00.000000000,2010-09-25 12:00:00.000000000,2010-04-05 12:00:00.000000000,190 days 12:00:00.000000000,236 days 12:00:00.000000000,46 days 00:00:00.000000000
7597,2011-04-04 00:00:00.000000000,2011-05-20 00:00:00.000000000,2011-05-20 00:00:00.000000000,2010-10-13 00:00:00.000000000,1910-01-01 00:00:00.000000000,2010-09-25 12:00:00.000000000,2010-04-05 12:00:00.000000000,190 days 12:00:00.000000000,236 days 12:00:00.000000000,46 days 00:00:00.000000000
7598,2011-03-11 00:00:00.000000000,2011-05-03 00:00:00.000000000,2011-05-03 00:00:00.000000000,2011-02-14 00:00:00.000000000,1910-01-01 00:00:00.000000000,2010-12-09 13:42:51.465600000,2010-11-14 13:42:51.465600000,91 days 10:17:08.534400000,144 days 10:17:08.534400000,53 days 00:00:00.000000000
7599,2011-06-21 00:00:00.000000000,2011-05-10 00:00:00.000000000,2011-05-10 00:00:00.000000000,2010-12-07 00:00:00.000000000,1910-01-01 00:00:00.000000000,2011-03-18 01:00:00.028800000,2010-09-03 01:00:00.028800000,94 days 22:59:59.971200000,52 days 22:59:59.971200000,-42 days +00:00:00.000000000
7600,2011-04-30 00:00:00.000000000,2011-05-20 00:00:00.000000000,2011-05-20 00:00:00.000000000,2010-10-15 00:00:00.000000000,1910-01-01 00:00:00.000000000,2011-02-02 10:54:32.688000000,2010-07-20 10:54:32.688000000,86 days 13:05:27.312000000,106 days 13:05:27.312000000,20 days 00:00:00.000000000
7601,2011-05-31 00:00:00.000000000,2011-06-13 00:00:00.000000000,2011-06-13 00:00:00.000000000,2010-10-13 00:00:00.000000000,1910-01-01 00:00:00.000000000,2010-11-21 12:00:00.000000000,2010-04-05 12:00:00.000000000,190 days 12:00:00.000000000,203 days 12:00:00.000000000,13 days 00:00:00.000000000
7602,2011-06-15 00:00:00.000000000,2011-07-05 00:00:00.000000000,2011-07-05 00:00:00.000000000,2011-02-21 00:00:00.000000000,1910-01-01 00:00:00.000000000,2011-03-12 01:00:00.028800000,2010-11-18 01:00:00.028800000,94 days 22:59:59.971200000,114 days 22:59:59.971200000,20 days 00:00:00.000000000
7603,2011-06-15 00:00:00.000000000,2011-07-06 00:00:00.000000000,2011-07-06 00:00:00.000000000,2011-02-21 00:00:00.000000000,1910-01-01 00:00:00.000000000,2011-03-12 01:00:00.028800000,2010-11-18 01:00:00.028800000,94 days 22:59:59.971200000,115 days 22:59:59.971200000,21 days 00:00:00.000000000
7604,2011-06-15 00:00:00.000000000,2011-07-05 00:00:00.000000000,2011-07-05 00:00:00.000000000,2011-02-21 00:00:00.000000000,1910-01-01 00:00:00.000000000,2011-03-12 01:00:00.028800000,2010-11-18 01:00:00.028800000,94 days 22:59:59.971200000,114 days 22:59:59.971200000,20 days 00:00:00.000000000
7605,2011-06-15 00:00:00.000000000,2011-07-06 00:00:00.000000000,2011-07-06 00:00:00.000000000,2011-02-21 00:00:00.000000000,1910-01-01 00:00:00.000000000,2011-03-12 01:00:00.028800000,2010-11-18 01:00:00.028800000,94 days 22:59:59.971200000,115 days 22:59:59.971200000,21 days 00:00:00.000000000
7606,2011-06-13 00:00:00.000000000,2011-06-30 00:00:00.000000000,2011-06-30 00:00:00.000000000,2011-05-15 00:00:00.000000000,1910-01-01 00:00:00.000000000,2011-04-28 00:00:00.000000000,2011-03-30 00:00:00.000000000,46 days 00:00:00.000000000,63 days 00:00:00.000000000,17 days 00:00:00.000000000
7607,2011-07-15 00:00:00.000000000,2011-07-11 00:00:00.000000000,2011-07-11 00:00:00.000000000,2010-11-08 00:00:00.000000000,1910-01-01 00:00:00.000000000,2011-04-19 10:54:32.688000000,2010-08-13 10:54:32.688000000,86 days 13:05:27.312000000,82 days 13:05:27.312000000,-4 days +00:00:00.000000000
7608,2011-07-04 00:00:00.000000000,2011-07-15 00:00:00.000000000,2011-07-15 00:00:00.000000000,2011-06-06 00:00:00.000000000,1910-01-01 00:00:00.000000000,2011-02-10 13:25:06.153600000,2011-01-13 13:25:06.153600000,143 days 10:34:53.846400000,154 days 10:34:53.846400000,11 days 00:00:00.000000000
7609,2011-08-31 00:00:00.000000000,2011-07-18 00:00:00.000000000,2011-07-18 00:00:00.000000000,2011-05-18 00:00:00.000000000,1910-01-01 00:00:00.000000000,2011-06-02 21:40:38.726400000,2011-02-17 21:40:38.726400000,89 days 02:19:21.273600000,45 days 02:19:21.273600000,-44 days +00:00:00.000000000
7610,2011-08-31 00:00:00.000000000,2011-09-05 00:00:00.000000000,2011-09-05 00:00:00.000000000,2011-01-24 00:00:00.000000000,1910-01-01 00:00:00.000000000,2011-04-08 14:07:03.504000000,2010-09-01 14:07:03.504000000,144 days 09:52:56.496000000,149 days 09:52:56.496000000,5 days 00:00:00.000000000
7611,2011-08-15 00:00:00.000000000,2011-08-11 00:00:00.000000000,2011-08-11 00:00:00.000000000,2010-10-13 00:00:00.000000000,1910-01-01 00:00:00.000000000,2011-02-05 12:00:00.000000000,2010-04-05 12:00:00.000000000,190 days 12:00:00.000000000,186 days 12:00:00.000000000,-4 days +00:00:00.000000000
7612,2011-08-15 00:00:00.000000000,2011-08-11 00:00:00.000000000,2011-08-11 00:00:00.000000000,2010-10-13 00:00:00.000000000,1910-01-01 00:00:00.000000000,2011-02-05 12:00:00.000000000,2010-04-05 12:00:00.000000000,190 days 12:00:00.000000000,186 days 12:00:00.000000000,-4 days +00:00:00.000000000
7613,2011-06-30 00:00:00.000000000,2011-07-14 00:00:00.000000000,2011-07-14 00:00:00.000000000,2011-02-14 00:00:00.000000000,1910-01-01 00:00:00.000000000,2011-03-30 13:42:51.465600000,2010-11-14 13:42:51.465600000,91 days 10:17:08.534400000,105 days 10:17:08.534400000,14 days 00:00:00.000000000
7614,2011-07-22 00:00:00.000000000,2011-07-22 00:00:00.000000000,2011-07-22 00:00:00.000000000,2010-10-04 00:00:00.000000000,1910-01-01 00:00:00.000000000,2011-02-09 16:33:06.192000000,2010-04-24 16:33:06.192000000,162 days 07:26:53.808000000,162 days 07:26:53.808000000,0 days 00:00:00.000000000
7615,2011-09-05 00:00:00.000000000,2011-09-05 00:00:00.000000000,2011-09-05 00:00:00.000000000,2010-10-13 00:00:00.000000000,1910-01-01 00:00:00.000000000,2011-02-26 12:00:00.000000000,2010-04-05 12:00:00.000000000,190 days 12:00:00.000000000,190 days 12:00:00.000000000,0 days 00:00:00.000000000
7616,2011-09-01 00:00:00.000000000,2011-08-15 00:00:00.000000000,2011-08-15 00:00:00.000000000,2011-02-03 00:00:00.000000000,1910-01-01 00:00:00.000000000,2011-06-06 10:54:32.688000000,2010-11-08 10:54:32.688000000,86 days 13:05:27.312000000,69 days 13:05:27.312000000,-17 days +00:00:00.000000000
7617,2011-09-27 00:00:00.000000000,2011-09-12 00:00:00.000000000,2011-09-12 00:00:00.000000000,2011-05-03 00:00:00.000000000,1910-01-01 00:00:00.000000000,2011-04-17 16:33:06.192000000,2010-11-21 16:33:06.192000000,162 days 07:26:53.808000000,147 days 07:26:53.808000000,-15 days +00:00:00.000000000
7618,2011-07-19 00:00:00.000000000,2011-08-11 00:00:00.000000000,2011-08-11 00:00:00.000000000,2010-12-14 00:00:00.000000000,1910-01-01 00:00:00.000000000,2011-04-12 01:36:00.028800000,2010-09-07 01:36:00.028800000,97 days 22:23:59.971200000,120 days 22:23:59.971200000,23 days 00:00:00.000000000
7619,2011-07-31 00:00:00.000000000,2011-08-12 00:00:00.000000000,2011-08-12 00:00:00.000000000,2011-03-04 00:00:00.000000000,1910-01-01 00:00:00.000000000,2011-04-30 13:42:51.465600000,2010-12-02 13:42:51.465600000,91 days 10:17:08.534400000,103 days 10:17:08.534400000,12 days 00:00:00.000000000
7620,2011-11-14 00:00:00.000000000,2011-11-14 00:00:00.000000000,2011-11-14 00:00:00.000000000,2011-06-13 00:00:00.000000000,1910-01-01 00:00:00.000000000,2011-06-23 13:25:06.153600000,2011-01-20 13:25:06.153600000,143 days 10:34:53.846400000,143 days 10:34:53.846400000,0 days 00:00:00.000000000
7621,2011-09-06 00:00:00.000000000,2011-08-11 00:00:00.000000000,2011-08-11 00:00:00.000000000,2011-06-13 00:00:00.000000000,1910-01-01 00:00:00.000000000,2011-04-15 13:25:06.153600000,2011-01-20 13:25:06.153600000,143 days 10:34:53.846400000,117 days 10:34:53.846400000,-26 days +00:00:00.000000000
7622,2011-09-29 00:00:00.000000000,2011-08-29 00:00:00.000000000,2011-08-29 00:00:00.000000000,2011-02-03 00:00:00.000000000,1910-01-01 00:00:00.000000000,2011-07-04 10:54:32.688000000,2010-11-08 10:54:32.688000000,86 days 13:05:27.312000000,55 days 13:05:27.312000000,-31 days +00:00:00.000000000
7623,2011-09-30 00:00:00.000000000,2011-09-19 00:00:00.000000000,2011-09-19 00:00:00.000000000,2011-01-19 00:00:00.000000000,1910-01-01 00:00:00.000000000,2011-03-23 12:00:00.000000000,2010-07-12 12:00:00.000000000,190 days 12:00:00.000000000,179 days 12:00:00.000000000,-11 days +00:00:00.000000000
7624,2011-09-05 00:00:00.000000000,2011-08-23 00:00:00.000000000,2011-08-23 00:00:00.000000000,2011-04-29 00:00:00.000000000,1910-01-01 00:00:00.000000000,2011-06-05 13:42:51.465600000,2011-01-27 13:42:51.465600000,91 days 10:17:08.534400000,78 days 10:17:08.534400000,-13 days +00:00:00.000000000
7625,2011-09-22 00:00:00.000000000,2011-08-24 00:00:00.000000000,2011-08-24 00:00:00.000000000,2011-07-13 00:00:00.000000000,1910-01-01 00:00:00.000000000,2011-06-22 13:42:51.465600000,2011-04-12 13:42:51.465600000,91 days 10:17:08.534400000,62 days 10:17:08.534400000,-29 days +00:00:00.000000000
7626,2011-08-05 00:00:00.000000000,2011-08-24 00:00:00.000000000,2011-08-24 00:00:00.000000000,2011-02-14 00:00:00.000000000,1910-01-01 00:00:00.000000000,2011-05-05 13:42:51.465600000,2010-11-14 13:42:51.465600000,91 days 10:17:08.534400000,110 days 10:17:08.534400000,19 days 00:00:00.000000000
7627,2011-10-12 00:00:00.000000000,2011-10-12 00:00:00.000000000,2011-10-12 00:00:00.000000000,2011-05-03 00:00:00.000000000,1910-01-01 00:00:00.000000000,2011-05-02 16:33:06.192000000,2010-11-21 16:33:06.192000000,162 days 07:26:53.808000000,162 days 07:26:53.808000000,0 days 00:00:00.000000000
7628,2011-10-03 00:00:00.000000000,2011-09-16 00:00:00.000000000,2011-09-16 00:00:00.000000000,2010-12-02 00:00:00.000000000,1910-01-01 00:00:00.000000000,2011-07-05 21:40:38.726400000,2010-09-03 21:40:38.726400000,89 days 02:19:21.273600000,72 days 02:19:21.273600000,-17 days +00:00:00.000000000
7629,2011-11-03 00:00:00.000000000,2011-09-28 00:00:00.000000000,2011-09-28 00:00:00.000000000,2011-06-06 00:00:00.000000000,1910-01-01 00:00:00.000000000,2011-07-31 01:00:00.028800000,2011-03-03 01:00:00.028800000,94 days 22:59:59.971200000,58 days 22:59:59.971200000,-36 days +00:00:00.000000000
7630,2011-10-21 00:00:00.000000000,2011-10-21 00:00:00.000000000,2011-10-21 00:00:00.000000000,2011-04-29 00:00:00.000000000,1910-01-01 00:00:00.000000000,2011-04-13 12:00:00.000000000,2010-10-20 12:00:00.000000000,190 days 12:00:00.000000000,190 days 12:00:00.000000000,0 days 00:00:00.000000000
7631,2011-10-25 00:00:00.000000000,2011-10-21 00:00:00.000000000,2011-10-21 00:00:00.000000000,2011-06-28 00:00:00.000000000,1910-01-01 00:00:00.000000000,2011-04-17 12:00:00.000000000,2010-12-19 12:00:00.000000000,190 days 12:00:00.000000000,186 days 12:00:00.000000000,-4 days +00:00:00.000000000
7632,2011-10-03 00:00:00.000000000,2011-09-23 00:00:00.000000000,2011-09-23 00:00:00.000000000,2010-12-02 00:00:00.000000000,1910-01-01 00:00:00.000000000,2011-07-05 21:40:38.726400000,2010-09-03 21:40:38.726400000,89 days 02:19:21.273600000,79 days 02:19:21.273600000,-10 days +00:00:00.000000000
7633,2011-11-03 00:00:00.000000000,2011-09-28 00:00:00.000000000,2011-09-28 00:00:00.000000000,2011-06-06 00:00:00.000000000,1910-01-01 00:00:00.000000000,2011-07-31 01:00:00.028800000,2011-03-03 01:00:00.028800000,94 days 22:59:59.971200000,58 days 22:59:59.971200000,-36 days +00:00:00.000000000
7634,2012-01-25 00:00:00.000000000,2012-01-25 00:00:00.000000000,2012-01-25 00:00:00.000000000,2011-01-24 00:00:00.000000000,1910-01-01 00:00:00.000000000,2011-10-25 01:30:00.000000000,2010-10-24 01:30:00.000000000,91 days 22:30:00.000000000,91 days 22:30:00.000000000,0 days 00:00:00.000000000
7635,2011-12-12 00:00:00.000000000,2011-10-18 00:00:00.000000000,2011-10-18 00:00:00.000000000,2011-09-14 00:00:00.000000000,1910-01-01 00:00:00.000000000,2011-10-10 16:00:00.028800000,2011-07-13 16:00:00.028800000,62 days 07:59:59.971200000,7 days 07:59:59.971200000,-55 days +00:00:00.000000000
7636,2011-11-15 00:00:00.000000000,2011-11-01 00:00:00.000000000,2011-11-01 00:00:00.000000000,2011-02-11 00:00:00.000000000,1910-01-01 00:00:00.000000000,2011-08-15 13:42:51.465600000,2010-11-11 13:42:51.465600000,91 days 10:17:08.534400000,77 days 10:17:08.534400000,-14 days +00:00:00.000000000
7637,2011-10-31 00:00:00.000000000,2011-10-21 00:00:00.000000000,2011-10-21 00:00:00.000000000,2011-04-29 00:00:00.000000000,1910-01-01 00:00:00.000000000,2011-04-23 12:00:00.000000000,2010-10-20 12:00:00.000000000,190 days 12:00:00.000000000,180 days 12:00:00.000000000,-10 days +00:00:00.000000000
7638,2011-10-31 00:00:00.000000000,2011-11-08 00:00:00.000000000,2011-11-08 00:00:00.000000000,2011-05-11 00:00:00.000000000,1910-01-01 00:00:00.000000000,2011-07-25 01:36:00.028800000,2011-02-02 01:36:00.028800000,97 days 22:23:59.971200000,105 days 22:23:59.971200000,8 days 00:00:00.000000000
7639,2011-11-03 00:00:00.000000000,2011-11-15 00:00:00.000000000,2011-11-15 00:00:00.000000000,2011-09-11 00:00:00.000000000,1910-01-01 00:00:00.000000000,2011-08-08 10:54:32.688000000,2011-06-16 10:54:32.688000000,86 days 13:05:27.312000000,98 days 13:05:27.312000000,12 days 00:00:00.000000000
7640,2011-12-05 00:00:00.000000000,2011-10-13 00:00:00.000000000,2011-10-13 00:00:00.000000000,2011-06-06 00:00:00.000000000,1910-01-01 00:00:00.000000000,2011-09-01 01:00:00.028800000,2011-03-03 01:00:00.028800000,94 days 22:59:59.971200000,41 days 22:59:59.971200000,-53 days +00:00:00.000000000
7641,2011-12-05 00:00:00.000000000,2011-10-13 00:00:00.000000000,2011-10-13 00:00:00.000000000,2011-06-06 00:00:00.000000000,1910-01-01 00:00:00.000000000,2011-09-01 01:00:00.028800000,2011-03-03 01:00:00.028800000,94 days 22:59:59.971200000,41 days 22:59:59.971200000,-53 days +00:00:00.000000000
7642,2011-12-29 00:00:00.000000000,2011-12-12 00:00:00.000000000,2011-12-12 00:00:00.000000000,2011-08-22 00:00:00.000000000,1910-01-01 00:00:00.000000000,2011-09-30 21:40:38.726400000,2011-05-24 21:40:38.726400000,89 days 02:19:21.273600000,72 days 02:19:21.273600000,-17 days +00:00:00.000000000
7643,2012-02-10 00:00:00.000000000,2012-01-19 00:00:00.000000000,2012-01-19 00:00:00.000000000,2011-10-05 00:00:00.000000000,1910-01-01 00:00:00.000000000,2011-12-18 01:59:59.971200000,2011-08-12 01:59:59.971200000,53 days 22:00:00.028800000,31 days 22:00:00.028800000,-22 days +00:00:00.000000000
7644,2012-03-02 00:00:00.000000000,2011-12-18 00:00:00.000000000,2011-12-18 00:00:00.000000000,2011-08-29 00:00:00.000000000,1910-01-01 00:00:00.000000000,2011-11-22 02:05:13.084800000,2011-05-20 02:05:13.084800000,100 days 21:54:46.915200000,25 days 21:54:46.915200000,-75 days +00:00:00.000000000
7645,2012-01-23 00:00:00.000000000,2012-01-23 00:00:00.000000000,2012-01-23 00:00:00.000000000,2011-10-31 00:00:00.000000000,1910-01-01 00:00:00.000000000,2011-10-29 00:00:00.000000000,2011-08-06 00:00:00.000000000,86 days 00:00:00.000000000,86 days 00:00:00.000000000,0 days 00:00:00.000000000
7646,2012-03-08 00:00:00.000000000,2012-03-08 00:00:00.000000000,2012-03-08 00:00:00.000000000,2011-08-04 00:00:00.000000000,1910-01-01 00:00:00.000000000,2011-12-07 01:30:00.000000000,2011-05-04 01:30:00.000000000,91 days 22:30:00.000000000,91 days 22:30:00.000000000,0 days 00:00:00.000000000
7647,2012-02-29 00:00:00.000000000,2012-02-22 00:00:00.000000000,2012-02-22 00:00:00.000000000,2011-08-04 00:00:00.000000000,1910-01-01 00:00:00.000000000,2011-11-29 01:30:00.000000000,2011-05-04 01:30:00.000000000,91 days 22:30:00.000000000,84 days 22:30:00.000000000,-7 days +00:00:00.000000000
7648,2012-02-29 00:00:00.000000000,2012-02-05 00:00:00.000000000,2012-02-05 00:00:00.000000000,2011-08-22 00:00:00.000000000,1910-01-01 00:00:00.000000000,2011-11-21 19:41:32.323200000,2011-05-14 19:41:32.323200000,99 days 04:18:27.676800000,75 days 04:18:27.676800000,-24 days +00:00:00.000000000
7649,2012-02-29 00:00:00.000000000,2012-03-08 00:00:00.000000000,2012-03-08 00:00:00.000000000,2011-08-04 00:00:00.000000000,1910-01-01 00:00:00.000000000,2011-11-29 01:30:00.000000000,2011-05-04 01:30:00.000000000,91 days 22:30:00.000000000,99 days 22:30:00.000000000,8 days 00:00:00.000000000
7650,2012-02-29 00:00:00.000000000,2012-03-08 00:00:00.000000000,2012-03-08 00:00:00.000000000,2011-08-04 00:00:00.000000000,1910-01-01 00:00:00.000000000,2011-11-29 01:30:00.000000000,2011-05-04 01:30:00.000000000,91 days 22:30:00.000000000,99 days 22:30:00.000000000,8 days 00:00:00.000000000
7651,2012-03-16 00:00:00.000000000,2012-02-14 00:00:00.000000000,2012-02-14 00:00:00.000000000,2011-11-21 00:00:00.000000000,1910-01-01 00:00:00.000000000,2011-09-02 19:59:59.971200000,2011-05-09 19:59:59.971200000,195 days 04:00:00.028800000,164 days 04:00:00.028800000,-31 days +00:00:00.000000000
7652,2012-03-16 00:00:00.000000000,2012-02-14 00:00:00.000000000,2012-02-14 00:00:00.000000000,2011-11-21 00:00:00.000000000,1910-01-01 00:00:00.000000000,2011-09-02 19:59:59.971200000,2011-05-09 19:59:59.971200000,195 days 04:00:00.028800000,164 days 04:00:00.028800000,-31 days +00:00:00.000000000
7653,2012-03-30 00:00:00.000000000,2012-02-04 00:00:00.000000000,2012-02-04 00:00:00.000000000,2011-10-27 00:00:00.000000000,1910-01-01 00:00:00.000000000,2012-01-08 13:20:00.038400000,2011-08-06 13:20:00.038400000,81 days 10:39:59.961600000,26 days 10:39:59.961600000,-55 days +00:00:00.000000000
7654,2012-03-30 00:00:00.000000000,2012-02-04 00:00:00.000000000,2012-02-04 00:00:00.000000000,2011-10-27 00:00:00.000000000,1910-01-01 00:00:00.000000000,2012-01-08 13:20:00.038400000,2011-08-06 13:20:00.038400000,81 days 10:39:59.961600000,26 days 10:39:59.961600000,-55 days +00:00:00.000000000
7655,2012-03-16 00:00:00.000000000,2012-04-03 00:00:00.000000000,2012-04-03 00:00:00.000000000,2011-11-21 00:00:00.000000000,1910-01-01 00:00:00.000000000,2011-09-02 19:59:59.971200000,2011-05-09 19:59:59.971200000,195 days 04:00:00.028800000,213 days 04:00:00.028800000,18 days 00:00:00.000000000
7656,2012-03-16 00:00:00.000000000,2012-04-03 00:00:00.000000000,2012-04-03 00:00:00.000000000,2011-11-21 00:00:00.000000000,1910-01-01 00:00:00.000000000,2011-09-02 19:59:59.971200000,2011-05-09 19:59:59.971200000,195 days 04:00:00.028800000,213 days 04:00:00.028800000,18 days 00:00:00.000000000
7657,2012-03-16 00:00:00.000000000,2012-03-14 00:00:00.000000000,2012-03-14 00:00:00.000000000,2011-11-21 00:00:00.000000000,1910-01-01 00:00:00.000000000,2011-09-02 19:59:59.971200000,2011-05-09 19:59:59.971200000,195 days 04:00:00.028800000,193 days 04:00:00.028800000,-2 days +00:00:00.000000000
7658,2012-03-16 00:00:00.000000000,2012-04-11 00:00:00.000000000,2012-04-11 00:00:00.000000000,2011-11-21 00:00:00.000000000,1910-01-01 00:00:00.000000000,2011-09-02 19:59:59.971200000,2011-05-09 19:59:59.971200000,195 days 04:00:00.028800000,221 days 04:00:00.028800000,26 days 00:00:00.000000000
7659,2012-03-16 00:00:00.000000000,2012-03-14 00:00:00.000000000,2012-03-14 00:00:00.000000000,2011-11-21 00:00:00.000000000,1910-01-01 00:00:00.000000000,2011-09-02 19:59:59.971200000,2011-05-09 19:59:59.971200000,195 days 04:00:00.028800000,193 days 04:00:00.028800000,-2 days +00:00:00.000000000
7660,2012-03-16 00:00:00.000000000,2012-03-14 00:00:00.000000000,2012-03-14 00:00:00.000000000,2011-11-21 00:00:00.000000000,1910-01-01 00:00:00.000000000,2011-09-02 19:59:59.971200000,2011-05-09 19:59:59.971200000,195 days 04:00:00.028800000,193 days 04:00:00.028800000,-2 days +00:00:00.000000000
7661,2012-03-16 00:00:00.000000000,2012-03-14 00:00:00.000000000,2012-03-14 00:00:00.000000000,2011-11-21 00:00:00.000000000,1910-01-01 00:00:00.000000000,2011-09-02 19:59:59.971200000,2011-05-09 19:59:59.971200000,195 days 04:00:00.028800000,193 days 04:00:00.028800000,-2 days +00:00:00.000000000
7662,2012-01-31 00:00:00.000000000,2012-02-16 00:00:00.000000000,2012-02-16 00:00:00.000000000,2011-06-28 00:00:00.000000000,1910-01-01 00:00:00.000000000,2011-06-24 17:08:34.310400000,2010-11-19 17:08:34.310400000,220 days 06:51:25.689600000,236 days 06:51:25.689600000,16 days 00:00:00.000000000
7663,2012-03-22 00:00:00.000000000,2012-03-22 00:00:00.000000000,2012-03-22 00:00:00.000000000,2011-11-21 00:00:00.000000000,1910-01-01 00:00:00.000000000,2011-09-08 19:59:59.971200000,2011-05-09 19:59:59.971200000,195 days 04:00:00.028800000,195 days 04:00:00.028800000,0 days 00:00:00.000000000
7664,2012-03-01 00:00:00.000000000,2012-03-01 00:00:00.000000000,2012-03-01 00:00:00.000000000,2011-08-25 00:00:00.000000000,1910-01-01 00:00:00.000000000,2011-10-22 03:00:00.000000000,2011-04-16 03:00:00.000000000,130 days 21:00:00.000000000,130 days 21:00:00.000000000,0 days 00:00:00.000000000
7665,2012-05-21 00:00:00.000000000,2012-03-01 00:00:00.000000000,2012-03-01 00:00:00.000000000,2011-11-11 00:00:00.000000000,1910-01-01 00:00:00.000000000,2012-01-11 03:00:00.000000000,2011-07-03 03:00:00.000000000,130 days 21:00:00.000000000,49 days 21:00:00.000000000,-81 days +00:00:00.000000000
7666,2012-03-12 00:00:00.000000000,2012-02-24 00:00:00.000000000,2012-02-24 00:00:00.000000000,2011-08-25 00:00:00.000000000,1910-01-01 00:00:00.000000000,2011-11-02 03:00:00.000000000,2011-04-16 03:00:00.000000000,130 days 21:00:00.000000000,113 days 21:00:00.000000000,-17 days +00:00:00.000000000
7667,2012-04-16 00:00:00.000000000,2012-02-24 00:00:00.000000000,2012-02-24 00:00:00.000000000,2011-11-11 00:00:00.000000000,1910-01-01 00:00:00.000000000,2011-12-07 03:00:00.000000000,2011-07-03 03:00:00.000000000,130 days 21:00:00.000000000,78 days 21:00:00.000000000,-52 days +00:00:00.000000000
7668,2012-06-20 00:00:00.000000000,2012-02-16 00:00:00.000000000,2012-02-16 00:00:00.000000000,2011-12-08 00:00:00.000000000,1910-01-01 00:00:00.000000000,2012-03-11 02:05:13.084800000,2011-08-29 02:05:13.084800000,100 days 21:54:46.915200000,-25 days +21:54:46.915200000,-125 days +00:00:00.000000000
7669,2012-06-20 00:00:00.000000000,2012-02-16 00:00:00.000000000,2012-02-16 00:00:00.000000000,2011-12-08 00:00:00.000000000,1910-01-01 00:00:00.000000000,2012-03-11 02:05:13.084800000,2011-08-29 02:05:13.084800000,100 days 21:54:46.915200000,-25 days +21:54:46.915200000,-125 days +00:00:00.000000000
7670,2012-06-20 00:00:00.000000000,2012-02-16 00:00:00.000000000,2012-02-16 00:00:00.000000000,2011-12-08 00:00:00.000000000,1910-01-01 00:00:00.000000000,2012-03-11 02:05:13.084800000,2011-08-29 02:05:13.084800000,100 days 21:54:46.915200000,-25 days +21:54:46.915200000,-125 days +00:00:00.000000000
7671,2012-03-30 00:00:00.000000000,2012-03-19 00:00:00.000000000,2012-03-19 00:00:00.000000000,2011-10-27 00:00:00.000000000,1910-01-01 00:00:00.000000000,2012-01-08 13:20:00.038400000,2011-08-06 13:20:00.038400000,81 days 10:39:59.961600000,70 days 10:39:59.961600000,-11 days +00:00:00.000000000
7672,2012-05-07 00:00:00.000000000,2012-05-24 00:00:00.000000000,2012-05-24 00:00:00.000000000,2011-08-04 00:00:00.000000000,1910-01-01 00:00:00.000000000,2012-02-05 01:30:00.000000000,2011-05-04 01:30:00.000000000,91 days 22:30:00.000000000,108 days 22:30:00.000000000,17 days 00:00:00.000000000
7673,2012-04-26 00:00:00.000000000,2012-04-09 00:00:00.000000000,2012-04-09 00:00:00.000000000,2012-01-25 00:00:00.000000000,1910-01-01 00:00:00.000000000,2012-03-01 07:59:59.971200000,2011-11-30 07:59:59.971200000,55 days 16:00:00.028800000,38 days 16:00:00.028800000,-17 days +00:00:00.000000000
7674,2012-04-18 00:00:00.000000000,2012-04-10 00:00:00.000000000,2012-04-10 00:00:00.000000000,2011-04-26 00:00:00.000000000,1910-01-01 00:00:00.000000000,2011-09-10 17:08:34.310400000,2010-09-17 17:08:34.310400000,220 days 06:51:25.689600000,212 days 06:51:25.689600000,-8 days +00:00:00.000000000
7675,2012-05-15 00:00:00.000000000,2012-04-16 00:00:00.000000000,2012-04-16 00:00:00.000000000,2011-09-27 00:00:00.000000000,1910-01-01 00:00:00.000000000,2011-12-30 04:48:00.000000000,2011-05-13 04:48:00.000000000,136 days 19:12:00.000000000,107 days 19:12:00.000000000,-29 days +00:00:00.000000000
7676,2012-05-16 00:00:00.000000000,2012-03-27 00:00:00.000000000,2012-03-27 00:00:00.000000000,2011-10-05 00:00:00.000000000,1910-01-01 00:00:00.000000000,2012-03-23 01:59:59.971200000,2011-08-12 01:59:59.971200000,53 days 22:00:00.028800000,3 days 22:00:00.028800000,-50 days +00:00:00.000000000
7677,2012-05-07 00:00:00.000000000,2012-05-10 00:00:00.000000000,2012-05-10 00:00:00.000000000,2011-08-04 00:00:00.000000000,1910-01-01 00:00:00.000000000,2012-02-05 01:30:00.000000000,2011-05-04 01:30:00.000000000,91 days 22:30:00.000000000,94 days 22:30:00.000000000,3 days 00:00:00.000000000
7678,2012-04-17 00:00:00.000000000,2012-05-07 00:00:00.000000000,2012-05-07 00:00:00.000000000,2011-10-04 00:00:00.000000000,1910-01-01 00:00:00.000000000,2011-09-09 17:08:34.310400000,2011-02-25 17:08:34.310400000,220 days 06:51:25.689600000,240 days 06:51:25.689600000,20 days 00:00:00.000000000
7679,2012-05-15 00:00:00.000000000,2012-04-30 00:00:00.000000000,2012-04-30 00:00:00.000000000,2011-09-27 00:00:00.000000000,1910-01-01 00:00:00.000000000,2011-12-30 04:48:00.000000000,2011-05-13 04:48:00.000000000,136 days 19:12:00.000000000,121 days 19:12:00.000000000,-15 days +00:00:00.000000000
7680,2012-08-09 00:00:00.000000000,2012-04-17 00:00:00.000000000,2012-04-17 00:00:00.000000000,2011-10-19 00:00:00.000000000,1910-01-01 00:00:00.000000000,2012-05-15 00:00:00.000000000,2011-07-25 00:00:00.000000000,86 days 00:00:00.000000000,-28 days +00:00:00.000000000,-114 days +00:00:00.000000000
7681,2012-05-31 00:00:00.000000000,2012-05-16 00:00:00.000000000,2012-05-16 00:00:00.000000000,2011-08-22 00:00:00.000000000,1910-01-01 00:00:00.000000000,2012-02-21 19:41:32.323200000,2011-05-14 19:41:32.323200000,99 days 04:18:27.676800000,84 days 04:18:27.676800000,-15 days +00:00:00.000000000
7682,2012-04-26 00:00:00.000000000,2012-05-04 00:00:00.000000000,2012-05-04 00:00:00.000000000,2012-01-25 00:00:00.000000000,1910-01-01 00:00:00.000000000,2012-03-01 07:59:59.971200000,2011-11-30 07:59:59.971200000,55 days 16:00:00.028800000,63 days 16:00:00.028800000,8 days 00:00:00.000000000
7683,2012-05-21 00:00:00.000000000,2012-05-16 00:00:00.000000000,2012-05-16 00:00:00.000000000,2012-04-09 00:00:00.000000000,1910-01-01 00:00:00.000000000,2012-01-31 15:30:54.576000000,2011-12-20 15:30:54.576000000,110 days 08:29:05.424000000,105 days 08:29:05.424000000,-5 days +00:00:00.000000000
7684,2012-06-06 00:00:00.000000000,2012-05-08 00:00:00.000000000,2012-05-08 00:00:00.000000000,2012-04-04 00:00:00.000000000,1910-01-01 00:00:00.000000000,2012-02-16 15:30:54.576000000,2011-12-15 15:30:54.576000000,110 days 08:29:05.424000000,81 days 08:29:05.424000000,-29 days +00:00:00.000000000
7685,2012-05-30 00:00:00.000000000,2012-05-30 00:00:00.000000000,2012-05-30 00:00:00.000000000,2011-11-11 00:00:00.000000000,1910-01-01 00:00:00.000000000,2012-01-20 03:00:00.000000000,2011-07-03 03:00:00.000000000,130 days 21:00:00.000000000,130 days 21:00:00.000000000,0 days 00:00:00.000000000
7686,2012-07-03 00:00:00.000000000,2012-06-28 00:00:00.000000000,2012-06-28 00:00:00.000000000,2012-03-16 00:00:00.000000000,1910-01-01 00:00:00.000000000,2012-04-02 01:30:00.000000000,2011-12-15 01:30:00.000000000,91 days 22:30:00.000000000,86 days 22:30:00.000000000,-5 days +00:00:00.000000000
7687,2012-07-04 00:00:00.000000000,2012-06-08 00:00:00.000000000,2012-06-08 00:00:00.000000000,2012-05-09 00:00:00.000000000,1910-01-01 00:00:00.000000000,2012-05-11 01:59:59.971200000,2012-03-16 01:59:59.971200000,53 days 22:00:00.028800000,27 days 22:00:00.028800000,-26 days +00:00:00.000000000
7688,2012-12-11 00:00:00.000000000,2012-06-27 00:00:00.000000000,2012-06-27 00:00:00.000000000,2011-10-04 00:00:00.000000000,1910-01-01 00:00:00.000000000,2012-05-04 17:08:34.310400000,2011-02-25 17:08:34.310400000,220 days 06:51:25.689600000,53 days 06:51:25.689600000,-167 days +00:00:00.000000000
7689,2012-07-02 00:00:00.000000000,2012-06-15 00:00:00.000000000,2012-06-15 00:00:00.000000000,2012-01-30 00:00:00.000000000,1910-01-01 00:00:00.000000000,2012-02-22 03:00:00.000000000,2011-09-21 03:00:00.000000000,130 days 21:00:00.000000000,113 days 21:00:00.000000000,-17 days +00:00:00.000000000
7690,2012-06-20 00:00:00.000000000,2012-06-03 00:00:00.000000000,2012-06-03 00:00:00.000000000,2011-12-08 00:00:00.000000000,1910-01-01 00:00:00.000000000,2012-03-11 02:05:13.084800000,2011-08-29 02:05:13.084800000,100 days 21:54:46.915200000,83 days 21:54:46.915200000,-17 days +00:00:00.000000000
7691,2012-07-16 00:00:00.000000000,2012-06-18 00:00:00.000000000,2012-06-18 00:00:00.000000000,2011-12-21 00:00:00.000000000,1910-01-01 00:00:00.000000000,2012-03-07 03:00:00.000000000,2011-08-12 03:00:00.000000000,130 days 21:00:00.000000000,102 days 21:00:00.000000000,-28 days +00:00:00.000000000
7692,2012-07-16 00:00:00.000000000,2012-07-03 00:00:00.000000000,2012-07-03 00:00:00.000000000,2011-11-11 00:00:00.000000000,1910-01-01 00:00:00.000000000,2012-03-07 03:00:00.000000000,2011-07-03 03:00:00.000000000,130 days 21:00:00.000000000,117 days 21:00:00.000000000,-13 days +00:00:00.000000000
7693,2012-08-07 00:00:00.000000000,2012-07-24 00:00:00.000000000,2012-07-24 00:00:00.000000000,2012-03-16 00:00:00.000000000,1910-01-01 00:00:00.000000000,2012-05-07 01:30:00.000000000,2011-12-15 01:30:00.000000000,91 days 22:30:00.000000000,77 days 22:30:00.000000000,-14 days +00:00:00.000000000
7694,2012-07-11 00:00:00.000000000,2012-06-29 00:00:00.000000000,2012-06-29 00:00:00.000000000,2012-05-15 00:00:00.000000000,1910-01-01 00:00:00.000000000,2012-05-18 01:59:59.971200000,2012-03-22 01:59:59.971200000,53 days 22:00:00.028800000,41 days 22:00:00.028800000,-12 days +00:00:00.000000000
7695,2012-08-02 00:00:00.000000000,2012-07-09 00:00:00.000000000,2012-07-09 00:00:00.000000000,2012-03-01 00:00:00.000000000,1910-01-01 00:00:00.000000000,2012-04-23 02:05:13.084800000,2011-11-21 02:05:13.084800000,100 days 21:54:46.915200000,76 days 21:54:46.915200000,-24 days +00:00:00.000000000
7696,2012-07-30 00:00:00.000000000,2012-07-30 00:00:00.000000000,2012-07-30 00:00:00.000000000,2011-12-22 00:00:00.000000000,1910-01-01 00:00:00.000000000,2012-03-15 04:48:00.000000000,2011-08-07 04:48:00.000000000,136 days 19:12:00.000000000,136 days 19:12:00.000000000,0 days 00:00:00.000000000
7697,2012-09-03 00:00:00.000000000,2012-07-12 00:00:00.000000000,2012-07-12 00:00:00.000000000,2012-05-11 00:00:00.000000000,1910-01-01 00:00:00.000000000,2012-06-09 00:00:00.000000000,2012-02-15 00:00:00.000000000,86 days 00:00:00.000000000,33 days 00:00:00.000000000,-53 days +00:00:00.000000000
7698,2012-10-02 00:00:00.000000000,2012-08-22 00:00:00.000000000,2012-08-22 00:00:00.000000000,2012-03-16 00:00:00.000000000,1910-01-01 00:00:00.000000000,2012-07-02 01:30:00.000000000,2011-12-15 01:30:00.000000000,91 days 22:30:00.000000000,50 days 22:30:00.000000000,-41 days +00:00:00.000000000
7699,2012-07-31 00:00:00.000000000,2012-07-31 00:00:00.000000000,2012-07-31 00:00:00.000000000,2011-11-11 00:00:00.000000000,1910-01-01 00:00:00.000000000,2012-03-22 03:00:00.000000000,2011-07-03 03:00:00.000000000,130 days 21:00:00.000000000,130 days 21:00:00.000000000,0 days 00:00:00.000000000
7700,2012-08-16 00:00:00.000000000,2012-08-16 00:00:00.000000000,2012-08-16 00:00:00.000000000,2012-06-18 00:00:00.000000000,1910-01-01 00:00:00.000000000,2012-05-22 00:00:00.000000000,2012-03-24 00:00:00.000000000,86 days 00:00:00.000000000,86 days 00:00:00.000000000,0 days 00:00:00.000000000
7701,2012-08-31 00:00:00.000000000,2012-08-22 00:00:00.000000000,2012-08-22 00:00:00.000000000,2012-01-31 00:00:00.000000000,1910-01-01 00:00:00.000000000,2012-05-23 19:41:32.323200000,2011-10-23 19:41:32.323200000,99 days 04:18:27.676800000,90 days 04:18:27.676800000,-9 days +00:00:00.000000000
7702,2012-08-02 00:00:00.000000000,2012-07-24 00:00:00.000000000,2012-07-24 00:00:00.000000000,2012-03-01 00:00:00.000000000,1910-01-01 00:00:00.000000000,2012-04-23 02:05:13.084800000,2011-11-21 02:05:13.084800000,100 days 21:54:46.915200000,91 days 21:54:46.915200000,-9 days +00:00:00.000000000
7703,2012-08-02 00:00:00.000000000,2012-07-24 00:00:00.000000000,2012-07-24 00:00:00.000000000,2012-03-01 00:00:00.000000000,1910-01-01 00:00:00.000000000,2012-04-23 02:05:13.084800000,2011-11-21 02:05:13.084800000,100 days 21:54:46.915200000,91 days 21:54:46.915200000,-9 days +00:00:00.000000000
7704,2012-10-30 00:00:00.000000000,2012-10-30 00:00:00.000000000,2012-10-30 00:00:00.000000000,2012-06-06 00:00:00.000000000,1910-01-01 00:00:00.000000000,2012-09-06 01:59:59.971200000,2012-04-13 01:59:59.971200000,53 days 22:00:00.028800000,53 days 22:00:00.028800000,0 days 00:00:00.000000000
7705,2012-09-28 00:00:00.000000000,2012-08-17 00:00:00.000000000,2012-08-17 00:00:00.000000000,2012-06-18 00:00:00.000000000,1910-01-01 00:00:00.000000000,2012-07-04 00:00:00.000000000,2012-03-24 00:00:00.000000000,86 days 00:00:00.000000000,44 days 00:00:00.000000000,-42 days +00:00:00.000000000
7706,2012-08-02 00:00:00.000000000,2012-07-24 00:00:00.000000000,2012-07-24 00:00:00.000000000,2012-03-01 00:00:00.000000000,1910-01-01 00:00:00.000000000,2012-04-23 02:05:13.084800000,2011-11-21 02:05:13.084800000,100 days 21:54:46.915200000,91 days 21:54:46.915200000,-9 days +00:00:00.000000000
7707,2012-10-03 00:00:00.000000000,2012-08-17 00:00:00.000000000,2012-08-17 00:00:00.000000000,2012-06-18 00:00:00.000000000,1910-01-01 00:00:00.000000000,2012-07-09 00:00:00.000000000,2012-03-24 00:00:00.000000000,86 days 00:00:00.000000000,39 days 00:00:00.000000000,-47 days +00:00:00.000000000
7708,2012-12-11 00:00:00.000000000,2012-09-04 00:00:00.000000000,2012-09-04 00:00:00.000000000,2011-10-04 00:00:00.000000000,1910-01-01 00:00:00.000000000,2012-05-04 17:08:34.310400000,2011-02-25 17:08:34.310400000,220 days 06:51:25.689600000,122 days 06:51:25.689600000,-98 days +00:00:00.000000000
7709,2012-12-11 00:00:00.000000000,2012-09-04 00:00:00.000000000,2012-09-04 00:00:00.000000000,2011-10-04 00:00:00.000000000,1910-01-01 00:00:00.000000000,2012-05-04 17:08:34.310400000,2011-02-25 17:08:34.310400000,220 days 06:51:25.689600000,122 days 06:51:25.689600000,-98 days +00:00:00.000000000
7710,2012-08-31 00:00:00.000000000,2012-08-21 00:00:00.000000000,2012-08-21 00:00:00.000000000,2012-05-11 00:00:00.000000000,1910-01-01 00:00:00.000000000,2012-06-06 00:00:00.000000000,2012-02-15 00:00:00.000000000,86 days 00:00:00.000000000,76 days 00:00:00.000000000,-10 days +00:00:00.000000000
7711,2012-09-17 00:00:00.000000000,2012-08-27 00:00:00.000000000,2012-08-27 00:00:00.000000000,2012-01-30 00:00:00.000000000,1910-01-01 00:00:00.000000000,2012-05-09 03:00:00.000000000,2011-09-21 03:00:00.000000000,130 days 21:00:00.000000000,109 days 21:00:00.000000000,-21 days +00:00:00.000000000
7712,2013-02-14 00:00:00.000000000,2013-02-14 00:00:00.000000000,2013-02-14 00:00:00.000000000,2012-05-15 00:00:00.000000000,1910-01-01 00:00:00.000000000,2012-08-25 09:13:50.736000000,2011-11-24 09:13:50.736000000,172 days 14:46:09.264000000,172 days 14:46:09.264000000,0 days 00:00:00.000000000
7713,2013-02-14 00:00:00.000000000,2013-02-14 00:00:00.000000000,2013-02-14 00:00:00.000000000,2012-05-15 00:00:00.000000000,1910-01-01 00:00:00.000000000,2012-08-25 09:13:50.736000000,2011-11-24 09:13:50.736000000,172 days 14:46:09.264000000,172 days 14:46:09.264000000,0 days 00:00:00.000000000
7714,2013-02-14 00:00:00.000000000,2013-02-14 00:00:00.000000000,2013-02-14 00:00:00.000000000,2012-05-15 00:00:00.000000000,1910-01-01 00:00:00.000000000,2012-08-25 09:13:50.736000000,2011-11-24 09:13:50.736000000,172 days 14:46:09.264000000,172 days 14:46:09.264000000,0 days 00:00:00.000000000
7715,2012-08-31 00:00:00.000000000,2012-09-11 00:00:00.000000000,2012-09-11 00:00:00.000000000,2012-05-15 00:00:00.000000000,1910-01-01 00:00:00.000000000,2012-01-23 17:08:34.310400000,2011-10-07 17:08:34.310400000,220 days 06:51:25.689600000,231 days 06:51:25.689600000,11 days 00:00:00.000000000
7716,2012-09-28 00:00:00.000000000,2012-09-07 00:00:00.000000000,2012-09-07 00:00:00.000000000,2012-03-08 00:00:00.000000000,1910-01-01 00:00:00.000000000,2012-05-14 04:48:00.000000000,2011-10-23 04:48:00.000000000,136 days 19:12:00.000000000,115 days 19:12:00.000000000,-21 days +00:00:00.000000000
7717,2012-09-28 00:00:00.000000000,2012-09-11 00:00:00.000000000,2012-09-11 00:00:00.000000000,2012-08-13 00:00:00.000000000,1910-01-01 00:00:00.000000000,2012-06-28 22:02:26.908800000,2012-05-13 22:02:26.908800000,91 days 01:57:33.091200000,74 days 01:57:33.091200000,-17 days +00:00:00.000000000
7718,2012-10-18 00:00:00.000000000,2012-10-03 00:00:00.000000000,2012-10-03 00:00:00.000000000,2012-08-17 00:00:00.000000000,1910-01-01 00:00:00.000000000,2012-07-14 11:17:38.803200000,2012-05-13 11:17:38.803200000,95 days 12:42:21.196800000,80 days 12:42:21.196800000,-15 days +00:00:00.000000000
7719,2012-11-30 00:00:00.000000000,2012-10-05 00:00:00.000000000,2012-10-05 00:00:00.000000000,2012-04-19 00:00:00.000000000,1910-01-01 00:00:00.000000000,2012-07-22 03:00:00.000000000,2011-12-10 03:00:00.000000000,130 days 21:00:00.000000000,74 days 21:00:00.000000000,-56 days +00:00:00.000000000
7720,2012-11-30 00:00:00.000000000,2012-11-30 00:00:00.000000000,2012-11-30 00:00:00.000000000,2012-08-17 00:00:00.000000000,1910-01-01 00:00:00.000000000,2012-08-26 11:17:38.803200000,2012-05-13 11:17:38.803200000,95 days 12:42:21.196800000,95 days 12:42:21.196800000,0 days 00:00:00.000000000
7721,2012-10-18 00:00:00.000000000,2012-10-31 00:00:00.000000000,2012-10-31 00:00:00.000000000,2012-05-02 00:00:00.000000000,1910-01-01 00:00:00.000000000,2012-07-10 19:41:32.323200000,2012-01-23 19:41:32.323200000,99 days 04:18:27.676800000,112 days 04:18:27.676800000,13 days 00:00:00.000000000
7722,2012-10-17 00:00:00.000000000,2012-10-11 00:00:00.000000000,2012-10-11 00:00:00.000000000,2012-05-09 00:00:00.000000000,1910-01-01 00:00:00.000000000,2012-08-24 01:59:59.971200000,2012-03-16 01:59:59.971200000,53 days 22:00:00.028800000,47 days 22:00:00.028800000,-6 days +00:00:00.000000000
7723,2012-10-31 00:00:00.000000000,2012-10-18 00:00:00.000000000,2012-10-18 00:00:00.000000000,2012-05-15 00:00:00.000000000,1910-01-01 00:00:00.000000000,2012-03-24 17:08:34.310400000,2011-10-07 17:08:34.310400000,220 days 06:51:25.689600000,207 days 06:51:25.689600000,-13 days +00:00:00.000000000
7724,2012-11-30 00:00:00.000000000,2012-10-31 00:00:00.000000000,2012-10-31 00:00:00.000000000,2012-05-02 00:00:00.000000000,1910-01-01 00:00:00.000000000,2012-08-22 19:41:32.323200000,2012-01-23 19:41:32.323200000,99 days 04:18:27.676800000,69 days 04:18:27.676800000,-30 days +00:00:00.000000000
7725,2012-11-30 00:00:00.000000000,2012-11-06 00:00:00.000000000,2012-11-06 00:00:00.000000000,2012-02-15 00:00:00.000000000,1910-01-01 00:00:00.000000000,2012-08-22 19:41:32.323200000,2011-11-07 19:41:32.323200000,99 days 04:18:27.676800000,75 days 04:18:27.676800000,-24 days +00:00:00.000000000
7726,2012-11-06 00:00:00.000000000,2012-11-06 00:00:00.000000000,2012-11-06 00:00:00.000000000,2012-05-23 00:00:00.000000000,1910-01-01 00:00:00.000000000,2012-07-28 02:05:13.084800000,2012-02-12 02:05:13.084800000,100 days 21:54:46.915200000,100 days 21:54:46.915200000,0 days 00:00:00.000000000
7727,2012-11-06 00:00:00.000000000,2012-11-06 00:00:00.000000000,2012-11-06 00:00:00.000000000,2012-05-23 00:00:00.000000000,1910-01-01 00:00:00.000000000,2012-07-28 02:05:13.084800000,2012-02-12 02:05:13.084800000,100 days 21:54:46.915200000,100 days 21:54:46.915200000,0 days 00:00:00.000000000
7728,2012-11-06 00:00:00.000000000,2012-11-06 00:00:00.000000000,2012-11-06 00:00:00.000000000,2012-05-23 00:00:00.000000000,1910-01-01 00:00:00.000000000,2012-07-28 02:05:13.084800000,2012-02-12 02:05:13.084800000,100 days 21:54:46.915200000,100 days 21:54:46.915200000,0 days 00:00:00.000000000
7729,2012-11-19 00:00:00.000000000,2012-11-19 00:00:00.000000000,2012-11-19 00:00:00.000000000,2012-05-15 00:00:00.000000000,1910-01-01 00:00:00.000000000,2012-04-12 17:08:34.310400000,2011-10-07 17:08:34.310400000,220 days 06:51:25.689600000,220 days 06:51:25.689600000,0 days 00:00:00.000000000
7730,2013-01-03 00:00:00.000000000,2012-11-28 00:00:00.000000000,2012-11-28 00:00:00.000000000,2012-10-10 00:00:00.000000000,1910-01-01 00:00:00.000000000,2012-10-02 18:00:00.000000000,2012-07-09 18:00:00.000000000,92 days 06:00:00.000000000,56 days 06:00:00.000000000,-36 days +00:00:00.000000000
7731,2013-01-11 00:00:00.000000000,2013-01-11 00:00:00.000000000,2013-01-11 00:00:00.000000000,2012-06-28 00:00:00.000000000,1910-01-01 00:00:00.000000000,2012-08-24 16:00:00.028800000,2012-02-09 16:00:00.028800000,139 days 07:59:59.971200000,139 days 07:59:59.971200000,0 days 00:00:00.000000000
7732,2012-12-03 00:00:00.000000000,2012-11-16 00:00:00.000000000,2012-11-16 00:00:00.000000000,2012-10-30 00:00:00.000000000,1910-01-01 00:00:00.000000000,2012-09-02 22:02:26.908800000,2012-07-30 22:02:26.908800000,91 days 01:57:33.091200000,74 days 01:57:33.091200000,-17 days +00:00:00.000000000
7733,2012-12-14 00:00:00.000000000,2012-12-11 00:00:00.000000000,2012-12-11 00:00:00.000000000,2012-05-15 00:00:00.000000000,1910-01-01 00:00:00.000000000,2012-05-07 17:08:34.310400000,2011-10-07 17:08:34.310400000,220 days 06:51:25.689600000,217 days 06:51:25.689600000,-3 days +00:00:00.000000000
7734,2012-12-04 00:00:00.000000000,2012-12-04 00:00:00.000000000,2012-12-04 00:00:00.000000000,2012-05-23 00:00:00.000000000,1910-01-01 00:00:00.000000000,2012-08-25 02:05:13.084800000,2012-02-12 02:05:13.084800000,100 days 21:54:46.915200000,100 days 21:54:46.915200000,0 days 00:00:00.000000000
7735,2012-12-14 00:00:00.000000000,2012-11-30 00:00:00.000000000,2012-11-30 00:00:00.000000000,2012-04-19 00:00:00.000000000,1910-01-01 00:00:00.000000000,2012-08-05 03:00:00.000000000,2011-12-10 03:00:00.000000000,130 days 21:00:00.000000000,116 days 21:00:00.000000000,-14 days +00:00:00.000000000
7736,2012-12-04 00:00:00.000000000,2012-12-04 00:00:00.000000000,2012-12-04 00:00:00.000000000,2012-05-23 00:00:00.000000000,1910-01-01 00:00:00.000000000,2012-08-25 02:05:13.084800000,2012-02-12 02:05:13.084800000,100 days 21:54:46.915200000,100 days 21:54:46.915200000,0 days 00:00:00.000000000
7737,2013-02-01 00:00:00.000000000,2013-02-01 00:00:00.000000000,2013-02-01 00:00:00.000000000,2012-08-30 00:00:00.000000000,1910-01-01 00:00:00.000000000,2012-10-31 18:00:00.000000000,2012-05-29 18:00:00.000000000,92 days 06:00:00.000000000,92 days 06:00:00.000000000,0 days 00:00:00.000000000
7738,2013-01-31 00:00:00.000000000,2012-01-25 00:00:00.000000000,2013-01-25 00:00:00.000000000,2012-04-19 00:00:00.000000000,1910-01-01 00:00:00.000000000,2012-10-05 23:13:32.908800000,2011-12-23 23:13:32.908800000,117 days 00:46:27.091200000,-255 days +00:46:27.091200000,-372 days +00:00:00.000000000
7739,2012-12-21 00:00:00.000000000,2012-12-13 00:00:00.000000000,2012-12-13 00:00:00.000000000,2012-09-11 00:00:00.000000000,1910-01-01 00:00:00.000000000,2012-05-14 17:08:34.310400000,2012-02-03 17:08:34.310400000,220 days 06:51:25.689600000,212 days 06:51:25.689600000,-8 days +00:00:00.000000000
7740,2013-05-20 00:00:00.000000000,2013-05-20 00:00:00.000000000,2013-05-20 00:00:00.000000000,2012-12-07 00:00:00.000000000,1910-01-01 00:00:00.000000000,2013-02-23 00:00:00.000000000,2012-09-12 00:00:00.000000000,86 days 00:00:00.000000000,86 days 00:00:00.000000000,0 days 00:00:00.000000000
7741,2013-09-11 00:00:00.000000000,2013-09-11 00:00:00.000000000,2013-09-11 00:00:00.000000000,2012-11-16 00:00:00.000000000,1910-01-01 00:00:00.000000000,2013-03-22 09:13:50.736000000,2012-05-27 09:13:50.736000000,172 days 14:46:09.264000000,172 days 14:46:09.264000000,0 days 00:00:00.000000000
7742,2013-02-11 00:00:00.000000000,2013-02-11 00:00:00.000000000,2013-02-11 00:00:00.000000000,2012-08-09 00:00:00.000000000,1910-01-01 00:00:00.000000000,2012-11-06 08:16:33.139200000,2012-05-04 08:16:33.139200000,96 days 15:43:26.860800000,96 days 15:43:26.860800000,0 days 00:00:00.000000000
7743,2013-02-11 00:00:00.000000000,2013-02-11 00:00:00.000000000,2013-02-11 00:00:00.000000000,2012-08-09 00:00:00.000000000,1910-01-01 00:00:00.000000000,2012-11-06 08:16:33.139200000,2012-05-04 08:16:33.139200000,96 days 15:43:26.860800000,96 days 15:43:26.860800000,0 days 00:00:00.000000000
7744,2013-02-22 00:00:00.000000000,2013-02-28 00:00:00.000000000,2013-02-28 00:00:00.000000000,2012-12-13 00:00:00.000000000,1910-01-01 00:00:00.000000000,2012-11-21 18:00:00.000000000,2012-09-11 18:00:00.000000000,92 days 06:00:00.000000000,98 days 06:00:00.000000000,6 days 00:00:00.000000000
7745,2013-02-22 00:00:00.000000000,2013-02-20 00:00:00.000000000,2013-02-20 00:00:00.000000000,2012-12-13 00:00:00.000000000,1910-01-01 00:00:00.000000000,2012-11-21 18:00:00.000000000,2012-09-11 18:00:00.000000000,92 days 06:00:00.000000000,90 days 06:00:00.000000000,-2 days +00:00:00.000000000
7746,2013-02-21 00:00:00.000000000,2013-02-04 00:00:00.000000000,2013-02-04 00:00:00.000000000,2013-01-23 00:00:00.000000000,1910-01-01 00:00:00.000000000,2012-08-17 08:43:38.150400000,2012-07-19 08:43:38.150400000,187 days 15:16:21.849600000,170 days 15:16:21.849600000,-17 days +00:00:00.000000000
7747,2013-02-28 00:00:00.000000000,2013-02-26 00:00:00.000000000,2013-02-26 00:00:00.000000000,2012-04-19 00:00:00.000000000,1910-01-01 00:00:00.000000000,2012-11-02 23:13:32.908800000,2011-12-23 23:13:32.908800000,117 days 00:46:27.091200000,115 days 00:46:27.091200000,-2 days +00:00:00.000000000
7748,2013-04-01 00:00:00.000000000,2013-03-22 00:00:00.000000000,2013-03-22 00:00:00.000000000,2012-11-12 00:00:00.000000000,1910-01-01 00:00:00.000000000,2012-11-12 16:00:00.028800000,2012-06-25 16:00:00.028800000,139 days 07:59:59.971200000,129 days 07:59:59.971200000,-10 days +00:00:00.000000000
7749,2013-04-09 00:00:00.000000000,2013-01-03 00:00:00.000000000,2013-01-03 00:00:00.000000000,2013-01-16 00:00:00.000000000,1910-01-01 00:00:00.000000000,2012-12-12 03:45:52.963200000,2012-09-20 03:45:52.963200000,117 days 20:14:07.036800000,21 days 20:14:07.036800000,-96 days +00:00:00.000000000
7750,2013-04-23 00:00:00.000000000,2013-03-14 00:00:00.000000000,2013-03-14 00:00:00.000000000,2013-01-16 00:00:00.000000000,1910-01-01 00:00:00.000000000,2012-12-26 03:45:52.963200000,2012-09-20 03:45:52.963200000,117 days 20:14:07.036800000,77 days 20:14:07.036800000,-40 days +00:00:00.000000000
7751,2013-03-14 00:00:00.000000000,2013-03-14 00:00:00.000000000,2013-03-14 00:00:00.000000000,2012-09-11 00:00:00.000000000,1910-01-01 00:00:00.000000000,2012-09-07 08:43:38.150400000,2012-03-07 08:43:38.150400000,187 days 15:16:21.849600000,187 days 15:16:21.849600000,0 days 00:00:00.000000000
7752,2013-03-31 00:00:00.000000000,2013-03-14 00:00:00.000000000,2013-03-14 00:00:00.000000000,2012-10-25 00:00:00.000000000,1910-01-01 00:00:00.000000000,2012-09-24 08:43:38.150400000,2012-04-20 08:43:38.150400000,187 days 15:16:21.849600000,170 days 15:16:21.849600000,-17 days +00:00:00.000000000
7753,2013-03-15 00:00:00.000000000,2013-03-01 00:00:00.000000000,2013-03-01 00:00:00.000000000,2012-12-13 00:00:00.000000000,1910-01-01 00:00:00.000000000,2012-12-12 18:00:00.000000000,2012-09-11 18:00:00.000000000,92 days 06:00:00.000000000,78 days 06:00:00.000000000,-14 days +00:00:00.000000000
7754,2013-04-30 00:00:00.000000000,2013-03-21 00:00:00.000000000,2013-03-21 00:00:00.000000000,2013-01-30 00:00:00.000000000,1910-01-01 00:00:00.000000000,2013-01-02 03:45:52.963200000,2012-10-04 03:45:52.963200000,117 days 20:14:07.036800000,77 days 20:14:07.036800000,-40 days +00:00:00.000000000
7755,2013-04-09 00:00:00.000000000,2013-03-14 00:00:00.000000000,2013-03-14 00:00:00.000000000,2013-01-16 00:00:00.000000000,1910-01-01 00:00:00.000000000,2012-12-12 03:45:52.963200000,2012-09-20 03:45:52.963200000,117 days 20:14:07.036800000,91 days 20:14:07.036800000,-26 days +00:00:00.000000000
7756,2013-04-09 00:00:00.000000000,2013-03-14 00:00:00.000000000,2013-03-14 00:00:00.000000000,2013-01-16 00:00:00.000000000,1910-01-01 00:00:00.000000000,2012-12-12 03:45:52.963200000,2012-09-20 03:45:52.963200000,117 days 20:14:07.036800000,91 days 20:14:07.036800000,-26 days +00:00:00.000000000
7757,2013-03-09 00:00:00.000000000,2013-03-07 00:00:00.000000000,2013-03-07 00:00:00.000000000,2012-12-13 00:00:00.000000000,1910-01-01 00:00:00.000000000,2012-12-06 18:00:00.000000000,2012-09-11 18:00:00.000000000,92 days 06:00:00.000000000,90 days 06:00:00.000000000,-2 days +00:00:00.000000000
7758,2013-04-30 00:00:00.000000000,2013-03-23 00:00:00.000000000,2013-03-23 00:00:00.000000000,2013-01-16 00:00:00.000000000,1910-01-01 00:00:00.000000000,2012-10-24 08:43:38.150400000,2012-07-12 08:43:38.150400000,187 days 15:16:21.849600000,149 days 15:16:21.849600000,-38 days +00:00:00.000000000
7759,2013-04-03 00:00:00.000000000,2013-03-15 00:00:00.000000000,2013-03-15 00:00:00.000000000,2013-01-28 00:00:00.000000000,1910-01-01 00:00:00.000000000,2013-01-20 22:09:13.852800000,2012-11-16 22:09:13.852800000,72 days 01:50:46.147200000,53 days 01:50:46.147200000,-19 days +00:00:00.000000000
7760,2013-04-18 00:00:00.000000000,2013-03-15 00:00:00.000000000,2013-03-15 00:00:00.000000000,2013-01-28 00:00:00.000000000,1910-01-01 00:00:00.000000000,2013-02-04 22:09:13.852800000,2012-11-16 22:09:13.852800000,72 days 01:50:46.147200000,38 days 01:50:46.147200000,-34 days +00:00:00.000000000
7761,2013-05-31 00:00:00.000000000,2013-04-29 00:00:00.000000000,2013-04-29 00:00:00.000000000,2012-04-19 00:00:00.000000000,1910-01-01 00:00:00.000000000,2013-02-02 23:13:32.908800000,2011-12-23 23:13:32.908800000,117 days 00:46:27.091200000,85 days 00:46:27.091200000,-32 days +00:00:00.000000000
7762,2013-07-01 00:00:00.000000000,2013-04-16 00:00:00.000000000,2013-04-16 00:00:00.000000000,2012-11-12 00:00:00.000000000,1910-01-01 00:00:00.000000000,2013-02-11 16:00:00.028800000,2012-06-25 16:00:00.028800000,139 days 07:59:59.971200000,63 days 07:59:59.971200000,-76 days +00:00:00.000000000
7763,2013-04-23 00:00:00.000000000,2013-04-02 00:00:00.000000000,2013-04-02 00:00:00.000000000,2013-01-16 00:00:00.000000000,1910-01-01 00:00:00.000000000,2012-12-26 03:45:52.963200000,2012-09-20 03:45:52.963200000,117 days 20:14:07.036800000,96 days 20:14:07.036800000,-21 days +00:00:00.000000000
7764,2013-05-02 00:00:00.000000000,2013-05-10 00:00:00.000000000,2013-05-10 00:00:00.000000000,2013-02-20 00:00:00.000000000,1910-01-01 00:00:00.000000000,2013-02-13 06:00:00.000000000,2012-12-04 06:00:00.000000000,77 days 18:00:00.000000000,85 days 18:00:00.000000000,8 days 00:00:00.000000000
7765,2013-05-31 00:00:00.000000000,2013-05-14 00:00:00.000000000,2013-05-14 00:00:00.000000000,2012-12-30 00:00:00.000000000,1910-01-01 00:00:00.000000000,2013-02-18 04:16:00.019200000,2012-09-19 04:16:00.019200000,101 days 19:43:59.980800000,84 days 19:43:59.980800000,-17 days +00:00:00.000000000
7766,2013-05-31 00:00:00.000000000,2013-04-22 00:00:00.000000000,2013-04-22 00:00:00.000000000,2012-08-24 00:00:00.000000000,1910-01-01 00:00:00.000000000,2013-02-18 04:16:00.019200000,2012-05-14 04:16:00.019200000,101 days 19:43:59.980800000,62 days 19:43:59.980800000,-39 days +00:00:00.000000000
7767,2013-05-08 00:00:00.000000000,2013-05-09 00:00:00.000000000,2013-05-09 00:00:00.000000000,2012-12-13 00:00:00.000000000,1910-01-01 00:00:00.000000000,2013-02-04 18:00:00.000000000,2012-09-11 18:00:00.000000000,92 days 06:00:00.000000000,93 days 06:00:00.000000000,1 days 00:00:00.000000000
7768,2013-04-30 00:00:00.000000000,2013-05-09 00:00:00.000000000,2013-05-09 00:00:00.000000000,2012-12-13 00:00:00.000000000,1910-01-01 00:00:00.000000000,2013-01-27 18:00:00.000000000,2012-09-11 18:00:00.000000000,92 days 06:00:00.000000000,101 days 06:00:00.000000000,9 days 00:00:00.000000000
7769,2013-04-30 00:00:00.000000000,2013-05-09 00:00:00.000000000,2013-05-09 00:00:00.000000000,2012-12-13 00:00:00.000000000,1910-01-01 00:00:00.000000000,2013-01-27 18:00:00.000000000,2012-09-11 18:00:00.000000000,92 days 06:00:00.000000000,101 days 06:00:00.000000000,9 days 00:00:00.000000000
7770,2013-08-09 00:00:00.000000000,2013-08-09 00:00:00.000000000,2013-08-09 00:00:00.000000000,2012-11-01 00:00:00.000000000,1910-01-01 00:00:00.000000000,2013-05-08 18:00:00.000000000,2012-07-31 18:00:00.000000000,92 days 06:00:00.000000000,92 days 06:00:00.000000000,0 days 00:00:00.000000000
7771,2013-04-30 00:00:00.000000000,2013-04-24 00:00:00.000000000,2013-04-24 00:00:00.000000000,2013-01-16 00:00:00.000000000,1910-01-01 00:00:00.000000000,2012-12-24 20:07:44.544000000,2012-09-11 20:07:44.544000000,126 days 03:52:15.456000000,120 days 03:52:15.456000000,-6 days +00:00:00.000000000
7772,2013-04-30 00:00:00.000000000,2013-04-24 00:00:00.000000000,2013-04-24 00:00:00.000000000,2013-01-16 00:00:00.000000000,1910-01-01 00:00:00.000000000,2012-12-24 20:07:44.544000000,2012-09-11 20:07:44.544000000,126 days 03:52:15.456000000,120 days 03:52:15.456000000,-6 days +00:00:00.000000000
7773,2013-05-06 00:00:00.000000000,2013-04-29 00:00:00.000000000,2013-04-29 00:00:00.000000000,2012-11-16 00:00:00.000000000,1910-01-01 00:00:00.000000000,2012-10-30 08:43:38.150400000,2012-05-12 08:43:38.150400000,187 days 15:16:21.849600000,180 days 15:16:21.849600000,-7 days +00:00:00.000000000
7774,2013-05-30 00:00:00.000000000,2013-04-29 00:00:00.000000000,2013-04-29 00:00:00.000000000,2012-11-16 00:00:00.000000000,1910-01-01 00:00:00.000000000,2012-11-23 08:43:38.150400000,2012-05-12 08:43:38.150400000,187 days 15:16:21.849600000,156 days 15:16:21.849600000,-31 days +00:00:00.000000000
7775,2013-07-14 00:00:00.000000000,2013-07-26 00:00:00.000000000,2013-07-26 00:00:00.000000000,2012-11-12 00:00:00.000000000,1910-01-01 00:00:00.000000000,2013-02-24 16:00:00.028800000,2012-06-25 16:00:00.028800000,139 days 07:59:59.971200000,151 days 07:59:59.971200000,12 days 00:00:00.000000000
7776,2013-08-21 00:00:00.000000000,2013-05-03 00:00:00.000000000,2013-05-03 00:00:00.000000000,2013-02-28 00:00:00.000000000,1910-01-01 00:00:00.000000000,2013-05-16 08:16:33.139200000,2012-11-23 08:16:33.139200000,96 days 15:43:26.860800000,-14 days +15:43:26.860800000,-110 days +00:00:00.000000000
7777,2013-06-28 00:00:00.000000000,2013-05-27 00:00:00.000000000,2013-05-27 00:00:00.000000000,2013-03-06 00:00:00.000000000,1910-01-01 00:00:00.000000000,2013-03-01 00:00:00.000000000,2012-11-07 00:00:00.000000000,119 days 00:00:00.000000000,87 days 00:00:00.000000000,-32 days +00:00:00.000000000
7778,2013-05-21 00:00:00.000000000,2013-05-10 00:00:00.000000000,2013-05-10 00:00:00.000000000,2012-11-15 00:00:00.000000000,1910-01-01 00:00:00.000000000,2013-02-13 08:16:33.139200000,2012-08-10 08:16:33.139200000,96 days 15:43:26.860800000,85 days 15:43:26.860800000,-11 days +00:00:00.000000000
7779,2013-05-28 00:00:00.000000000,2013-05-10 00:00:00.000000000,2013-05-10 00:00:00.000000000,2012-11-15 00:00:00.000000000,1910-01-01 00:00:00.000000000,2013-02-20 08:16:33.139200000,2012-08-10 08:16:33.139200000,96 days 15:43:26.860800000,78 days 15:43:26.860800000,-18 days +00:00:00.000000000
7780,2013-06-04 00:00:00.000000000,2013-05-10 00:00:00.000000000,2013-05-10 00:00:00.000000000,2012-11-15 00:00:00.000000000,1910-01-01 00:00:00.000000000,2013-02-27 08:16:33.139200000,2012-08-10 08:16:33.139200000,96 days 15:43:26.860800000,71 days 15:43:26.860800000,-25 days +00:00:00.000000000
7781,2013-06-28 00:00:00.000000000,2013-06-07 00:00:00.000000000,2013-06-07 00:00:00.000000000,2012-10-05 00:00:00.000000000,1910-01-01 00:00:00.000000000,2013-04-02 04:10:26.083200000,2012-07-10 04:10:26.083200000,86 days 19:49:33.916800000,65 days 19:49:33.916800000,-21 days +00:00:00.000000000
7782,2013-05-31 00:00:00.000000000,2013-06-18 00:00:00.000000000,2013-06-18 00:00:00.000000000,2012-12-30 00:00:00.000000000,1910-01-01 00:00:00.000000000,2013-02-18 04:16:00.019200000,2012-09-19 04:16:00.019200000,101 days 19:43:59.980800000,119 days 19:43:59.980800000,18 days 00:00:00.000000000
7783,2013-08-23 00:00:00.000000000,2013-06-18 00:00:00.000000000,2013-06-18 00:00:00.000000000,2013-04-02 00:00:00.000000000,1910-01-01 00:00:00.000000000,2013-05-13 04:16:00.019200000,2012-12-21 04:16:00.019200000,101 days 19:43:59.980800000,35 days 19:43:59.980800000,-66 days +00:00:00.000000000
7784,2013-07-31 00:00:00.000000000,2013-07-18 00:00:00.000000000,2013-07-18 00:00:00.000000000,2012-12-13 00:00:00.000000000,1910-01-01 00:00:00.000000000,2013-04-29 18:00:00.000000000,2012-09-11 18:00:00.000000000,92 days 06:00:00.000000000,79 days 06:00:00.000000000,-13 days +00:00:00.000000000
7785,2013-07-31 00:00:00.000000000,2013-08-26 00:00:00.000000000,2013-08-26 00:00:00.000000000,2012-12-13 00:00:00.000000000,1910-01-01 00:00:00.000000000,2013-04-29 18:00:00.000000000,2012-09-11 18:00:00.000000000,92 days 06:00:00.000000000,118 days 06:00:00.000000000,26 days 00:00:00.000000000
7786,2013-07-31 00:00:00.000000000,2013-08-06 00:00:00.000000000,2013-08-06 00:00:00.000000000,2012-12-14 00:00:00.000000000,1910-01-01 00:00:00.000000000,2013-04-04 23:13:32.908800000,2012-08-18 23:13:32.908800000,117 days 00:46:27.091200000,123 days 00:46:27.091200000,6 days 00:00:00.000000000
7787,2013-09-04 00:00:00.000000000,2013-07-23 00:00:00.000000000,2013-07-23 00:00:00.000000000,2013-03-14 00:00:00.000000000,1910-01-01 00:00:00.000000000,2013-05-30 08:16:33.139200000,2012-12-07 08:16:33.139200000,96 days 15:43:26.860800000,53 days 15:43:26.860800000,-43 days +00:00:00.000000000
7788,2013-08-06 00:00:00.000000000,2013-08-20 00:00:00.000000000,2013-08-20 00:00:00.000000000,2013-05-08 00:00:00.000000000,1910-01-01 00:00:00.000000000,2013-05-05 18:00:00.000000000,2013-02-04 18:00:00.000000000,92 days 06:00:00.000000000,106 days 06:00:00.000000000,14 days 00:00:00.000000000
7789,2013-08-06 00:00:00.000000000,2013-08-20 00:00:00.000000000,2013-08-20 00:00:00.000000000,2013-05-08 00:00:00.000000000,1910-01-01 00:00:00.000000000,2013-05-05 18:00:00.000000000,2013-02-04 18:00:00.000000000,92 days 06:00:00.000000000,106 days 06:00:00.000000000,14 days 00:00:00.000000000
7790,2013-09-06 00:00:00.000000000,2013-07-30 00:00:00.000000000,2013-07-30 00:00:00.000000000,2013-04-19 00:00:00.000000000,1910-01-01 00:00:00.000000000,2013-06-11 04:10:26.083200000,2013-01-22 04:10:26.083200000,86 days 19:49:33.916800000,48 days 19:49:33.916800000,-38 days +00:00:00.000000000
7791,2013-09-27 00:00:00.000000000,2013-09-27 00:00:00.000000000,2013-09-27 00:00:00.000000000,2013-06-11 00:00:00.000000000,1910-01-01 00:00:00.000000000,2013-06-26 18:00:00.000000000,2013-03-10 18:00:00.000000000,92 days 06:00:00.000000000,92 days 06:00:00.000000000,0 days 00:00:00.000000000
7792,2013-08-29 00:00:00.000000000,2013-09-13 00:00:00.000000000,2013-09-13 00:00:00.000000000,2013-06-11 00:00:00.000000000,1910-01-01 00:00:00.000000000,2013-05-28 18:00:00.000000000,2013-03-10 18:00:00.000000000,92 days 06:00:00.000000000,107 days 06:00:00.000000000,15 days 00:00:00.000000000
7793,2013-08-27 00:00:00.000000000,2014-02-08 00:00:00.000000000,2014-03-11 00:00:00.000000000,2013-04-08 00:00:00.000000000,1910-01-01 00:00:00.000000000,2013-03-07 09:13:50.736000000,2012-10-17 09:13:50.736000000,172 days 14:46:09.264000000,337 days 14:46:09.264000000,165 days 00:00:00.000000000
7794,2013-08-27 00:00:00.000000000,2014-02-08 00:00:00.000000000,2014-03-11 00:00:00.000000000,2013-04-08 00:00:00.000000000,1910-01-01 00:00:00.000000000,2013-03-07 09:13:50.736000000,2012-10-17 09:13:50.736000000,172 days 14:46:09.264000000,337 days 14:46:09.264000000,165 days 00:00:00.000000000
7795,2013-08-28 00:00:00.000000000,2014-02-08 00:00:00.000000000,2014-03-11 00:00:00.000000000,2013-04-12 00:00:00.000000000,1910-01-01 00:00:00.000000000,2013-03-08 09:13:50.736000000,2012-10-21 09:13:50.736000000,172 days 14:46:09.264000000,336 days 14:46:09.264000000,164 days 00:00:00.000000000
7796,2013-08-28 00:00:00.000000000,2014-02-08 00:00:00.000000000,2014-03-11 00:00:00.000000000,2013-04-12 00:00:00.000000000,1910-01-01 00:00:00.000000000,2013-03-08 09:13:50.736000000,2012-10-21 09:13:50.736000000,172 days 14:46:09.264000000,336 days 14:46:09.264000000,164 days 00:00:00.000000000
7797,2013-11-20 00:00:00.000000000,2013-09-09 00:00:00.000000000,2013-09-09 00:00:00.000000000,2013-07-04 00:00:00.000000000,1910-01-01 00:00:00.000000000,2013-08-10 04:16:00.019200000,2013-03-24 04:16:00.019200000,101 days 19:43:59.980800000,29 days 19:43:59.980800000,-72 days +00:00:00.000000000
7798,2013-11-29 00:00:00.000000000,2013-10-16 00:00:00.000000000,2013-10-23 00:00:00.000000000,2013-05-08 00:00:00.000000000,1910-01-01 00:00:00.000000000,2013-08-28 18:00:00.000000000,2013-02-04 18:00:00.000000000,92 days 06:00:00.000000000,48 days 06:00:00.000000000,-44 days +00:00:00.000000000
7799,2013-10-15 00:00:00.000000000,2013-09-18 00:00:00.000000000,2013-09-18 00:00:00.000000000,2012-08-31 00:00:00.000000000,1910-01-01 00:00:00.000000000,2013-07-05 04:16:00.019200000,2012-05-21 04:16:00.019200000,101 days 19:43:59.980800000,74 days 19:43:59.980800000,-27 days +00:00:00.000000000
7800,2013-10-31 00:00:00.000000000,2013-10-31 00:00:00.000000000,2013-11-12 00:00:00.000000000,2013-03-19 00:00:00.000000000,1910-01-01 00:00:00.000000000,2013-06-13 16:00:00.028800000,2012-10-30 16:00:00.028800000,139 days 07:59:59.971200000,139 days 07:59:59.971200000,0 days 00:00:00.000000000
7801,2013-09-30 00:00:00.000000000,2013-10-04 00:00:00.000000000,2013-10-22 00:00:00.000000000,2013-04-15 00:00:00.000000000,1910-01-01 00:00:00.000000000,2013-07-19 22:09:13.852800000,2013-02-01 22:09:13.852800000,72 days 01:50:46.147200000,76 days 01:50:46.147200000,4 days 00:00:00.000000000
7802,2013-10-31 00:00:00.000000000,2013-11-13 00:00:00.000000000,2013-12-02 00:00:00.000000000,2013-03-19 00:00:00.000000000,1910-01-01 00:00:00.000000000,2013-06-13 16:00:00.028800000,2012-10-30 16:00:00.028800000,139 days 07:59:59.971200000,152 days 07:59:59.971200000,13 days 00:00:00.000000000
7803,2013-11-05 00:00:00.000000000,2013-11-05 00:00:00.000000000,2013-11-12 00:00:00.000000000,2012-10-05 00:00:00.000000000,1910-01-01 00:00:00.000000000,2013-08-10 04:10:26.083200000,2012-07-10 04:10:26.083200000,86 days 19:49:33.916800000,86 days 19:49:33.916800000,0 days 00:00:00.000000000
7804,2013-10-29 00:00:00.000000000,2013-10-16 00:00:00.000000000,2013-10-29 00:00:00.000000000,2013-03-18 00:00:00.000000000,1910-01-01 00:00:00.000000000,2013-07-01 03:25:42.844800000,2012-11-18 03:25:42.844800000,119 days 20:34:17.155200000,106 days 20:34:17.155200000,-13 days +00:00:00.000000000
7805,2013-10-29 00:00:00.000000000,2013-10-10 00:00:00.000000000,2013-10-29 00:00:00.000000000,2013-03-18 00:00:00.000000000,1910-01-01 00:00:00.000000000,2013-07-01 03:25:42.844800000,2012-11-18 03:25:42.844800000,119 days 20:34:17.155200000,100 days 20:34:17.155200000,-19 days +00:00:00.000000000
7806,2013-10-31 00:00:00.000000000,2013-10-14 00:00:00.000000000,2013-10-24 00:00:00.000000000,2013-03-14 00:00:00.000000000,1910-01-01 00:00:00.000000000,2013-07-26 08:16:33.139200000,2012-12-07 08:16:33.139200000,96 days 15:43:26.860800000,79 days 15:43:26.860800000,-17 days +00:00:00.000000000
7807,2013-10-31 00:00:00.000000000,2013-10-14 00:00:00.000000000,2013-10-24 00:00:00.000000000,2013-03-14 00:00:00.000000000,1910-01-01 00:00:00.000000000,2013-07-26 08:16:33.139200000,2012-12-07 08:16:33.139200000,96 days 15:43:26.860800000,79 days 15:43:26.860800000,-17 days +00:00:00.000000000
7808,2013-11-18 00:00:00.000000000,2013-10-14 00:00:00.000000000,2013-10-24 00:00:00.000000000,2013-05-06 00:00:00.000000000,1910-01-01 00:00:00.000000000,2013-08-13 08:16:33.139200000,2013-01-29 08:16:33.139200000,96 days 15:43:26.860800000,61 days 15:43:26.860800000,-35 days +00:00:00.000000000
7809,2013-10-31 00:00:00.000000000,2013-10-14 00:00:00.000000000,2013-10-24 00:00:00.000000000,2013-03-14 00:00:00.000000000,1910-01-01 00:00:00.000000000,2013-07-26 08:16:33.139200000,2012-12-07 08:16:33.139200000,96 days 15:43:26.860800000,79 days 15:43:26.860800000,-17 days +00:00:00.000000000
7810,2013-10-31 00:00:00.000000000,2013-10-22 00:00:00.000000000,2013-11-19 00:00:00.000000000,2012-12-14 00:00:00.000000000,1910-01-01 00:00:00.000000000,2013-07-05 23:13:32.908800000,2012-08-18 23:13:32.908800000,117 days 00:46:27.091200000,108 days 00:46:27.091200000,-9 days +00:00:00.000000000
7811,2013-11-29 00:00:00.000000000,2013-11-28 00:00:00.000000000,2013-12-12 00:00:00.000000000,2013-06-28 00:00:00.000000000,1910-01-01 00:00:00.000000000,2013-07-12 16:00:00.028800000,2013-02-08 16:00:00.028800000,139 days 07:59:59.971200000,138 days 07:59:59.971200000,-1 days +00:00:00.000000000
7812,2013-12-16 00:00:00.000000000,2013-12-20 00:00:00.000000000,2014-01-17 00:00:00.000000000,2013-10-11 00:00:00.000000000,1910-01-01 00:00:00.000000000,2013-09-14 18:00:00.000000000,2013-07-10 18:00:00.000000000,92 days 06:00:00.000000000,96 days 06:00:00.000000000,4 days 00:00:00.000000000
7813,2013-11-30 00:00:00.000000000,2013-11-25 00:00:00.000000000,2013-12-09 00:00:00.000000000,2013-01-24 00:00:00.000000000,1910-01-01 00:00:00.000000000,2013-05-26 08:43:38.150400000,2012-07-20 08:43:38.150400000,187 days 15:16:21.849600000,182 days 15:16:21.849600000,-5 days +00:00:00.000000000
7814,2013-11-29 00:00:00.000000000,2014-01-30 00:00:00.000000000,2014-02-17 00:00:00.000000000,2013-06-28 00:00:00.000000000,1910-01-01 00:00:00.000000000,2013-07-12 16:00:00.028800000,2013-02-08 16:00:00.028800000,139 days 07:59:59.971200000,201 days 07:59:59.971200000,62 days 00:00:00.000000000
7815,2014-01-24 00:00:00.000000000,2014-01-24 00:00:00.000000000,2014-01-31 00:00:00.000000000,2013-04-19 00:00:00.000000000,1910-01-01 00:00:00.000000000,2013-10-22 12:00:00.000000000,2013-01-15 12:00:00.000000000,93 days 12:00:00.000000000,93 days 12:00:00.000000000,0 days 00:00:00.000000000
7816,2013-11-18 00:00:00.000000000,2013-11-26 00:00:00.000000000,2013-12-05 00:00:00.000000000,2013-05-06 00:00:00.000000000,1910-01-01 00:00:00.000000000,2013-08-13 08:16:33.139200000,2013-01-29 08:16:33.139200000,96 days 15:43:26.860800000,104 days 15:43:26.860800000,8 days 00:00:00.000000000
7817,2014-01-03 00:00:00.000000000,2014-01-03 00:00:00.000000000,2014-01-17 00:00:00.000000000,2013-08-09 00:00:00.000000000,1910-01-01 00:00:00.000000000,2013-08-09 07:01:27.811200000,2013-03-15 07:01:27.811200000,146 days 16:58:32.188800000,146 days 16:58:32.188800000,0 days 00:00:00.000000000
7818,2013-12-17 00:00:00.000000000,2013-12-17 00:00:00.000000000,2014-01-20 00:00:00.000000000,2012-12-14 00:00:00.000000000,1910-01-01 00:00:00.000000000,2013-08-21 23:13:32.908800000,2012-08-18 23:13:32.908800000,117 days 00:46:27.091200000,117 days 00:46:27.091200000,0 days 00:00:00.000000000
7819,2013-12-31 00:00:00.000000000,2014-02-25 00:00:00.000000000,2014-03-13 00:00:00.000000000,2013-07-04 00:00:00.000000000,1910-01-01 00:00:00.000000000,2013-09-20 04:16:00.019200000,2013-03-24 04:16:00.019200000,101 days 19:43:59.980800000,157 days 19:43:59.980800000,56 days 00:00:00.000000000
7820,2014-01-06 00:00:00.000000000,2014-01-06 00:00:00.000000000,2014-01-29 00:00:00.000000000,2013-06-28 00:00:00.000000000,1910-01-01 00:00:00.000000000,2013-09-11 22:04:48.000000000,2013-03-03 22:04:48.000000000,116 days 01:55:12.000000000,116 days 01:55:12.000000000,0 days 00:00:00.000000000
7821,2014-03-31 00:00:00.000000000,2014-03-28 00:00:00.000000000,2014-04-04 00:00:00.000000000,2013-06-28 00:00:00.000000000,1910-01-01 00:00:00.000000000,2013-12-04 22:04:48.000000000,2013-03-03 22:04:48.000000000,116 days 01:55:12.000000000,113 days 01:55:12.000000000,-3 days +00:00:00.000000000
7822,2014-01-31 00:00:00.000000000,2014-01-10 00:00:00.000000000,2014-01-15 00:00:00.000000000,2013-02-28 00:00:00.000000000,1910-01-01 00:00:00.000000000,2013-10-31 00:00:00.000000000,2012-11-28 00:00:00.000000000,92 days 00:00:00.000000000,71 days 00:00:00.000000000,-21 days +00:00:00.000000000
7823,2014-01-17 00:00:00.000000000,2014-01-10 00:00:00.000000000,2014-01-16 00:00:00.000000000,2013-05-06 00:00:00.000000000,1910-01-01 00:00:00.000000000,2013-10-17 00:00:00.000000000,2013-02-03 00:00:00.000000000,92 days 00:00:00.000000000,85 days 00:00:00.000000000,-7 days +00:00:00.000000000
7824,2014-01-31 00:00:00.000000000,2014-01-23 00:00:00.000000000,2014-01-31 00:00:00.000000000,2013-08-02 00:00:00.000000000,1910-01-01 00:00:00.000000000,2013-10-16 00:00:00.000000000,2013-04-17 00:00:00.000000000,107 days 00:00:00.000000000,99 days 00:00:00.000000000,-8 days +00:00:00.000000000
7825,2014-01-31 00:00:00.000000000,2014-02-10 00:00:00.000000000,2014-03-17 00:00:00.000000000,2013-06-28 00:00:00.000000000,1910-01-01 00:00:00.000000000,2013-10-06 22:04:48.000000000,2013-03-03 22:04:48.000000000,116 days 01:55:12.000000000,126 days 01:55:12.000000000,10 days 00:00:00.000000000
7826,2014-01-31 00:00:00.000000000,2014-02-25 00:00:00.000000000,2014-03-12 00:00:00.000000000,2013-08-02 00:00:00.000000000,1910-01-01 00:00:00.000000000,2013-10-16 00:00:00.000000000,2013-04-17 00:00:00.000000000,107 days 00:00:00.000000000,132 days 00:00:00.000000000,25 days 00:00:00.000000000
7827,2014-01-31 00:00:00.000000000,2014-02-19 00:00:00.000000000,2014-02-24 00:00:00.000000000,2013-07-04 00:00:00.000000000,1910-01-01 00:00:00.000000000,2013-10-02 01:36:00.028800000,2013-03-05 01:36:00.028800000,120 days 22:23:59.971200000,139 days 22:23:59.971200000,19 days 00:00:00.000000000
7828,2014-01-31 00:00:00.000000000,2014-02-19 00:00:00.000000000,2014-03-19 00:00:00.000000000,2013-06-28 00:00:00.000000000,1910-01-01 00:00:00.000000000,2013-10-06 22:04:48.000000000,2013-03-03 22:04:48.000000000,116 days 01:55:12.000000000,135 days 01:55:12.000000000,19 days 00:00:00.000000000
7829,2014-02-28 00:00:00.000000000,2014-01-18 00:00:00.000000000,2014-03-04 00:00:00.000000000,2013-04-22 00:00:00.000000000,1910-01-01 00:00:00.000000000,2013-10-04 07:01:27.811200000,2012-11-26 07:01:27.811200000,146 days 16:58:32.188800000,105 days 16:58:32.188800000,-41 days +00:00:00.000000000
7830,2014-02-28 00:00:00.000000000,2014-02-18 00:00:00.000000000,2014-03-04 00:00:00.000000000,2013-08-09 00:00:00.000000000,1910-01-01 00:00:00.000000000,2013-10-04 07:01:27.811200000,2013-03-15 07:01:27.811200000,146 days 16:58:32.188800000,136 days 16:58:32.188800000,-10 days +00:00:00.000000000
7831,2014-02-28 00:00:00.000000000,2014-03-01 00:00:00.000000000,2014-04-03 00:00:00.000000000,2013-08-09 00:00:00.000000000,1910-01-01 00:00:00.000000000,2013-10-04 07:01:27.811200000,2013-03-15 07:01:27.811200000,146 days 16:58:32.188800000,147 days 16:58:32.188800000,1 days 00:00:00.000000000
7832,2014-04-15 00:00:00.000000000,2014-03-28 00:00:00.000000000,2014-04-04 00:00:00.000000000,2013-10-21 00:00:00.000000000,1910-01-01 00:00:00.000000000,2013-12-19 22:04:48.000000000,2013-06-26 22:04:48.000000000,116 days 01:55:12.000000000,98 days 01:55:12.000000000,-18 days +00:00:00.000000000
7833,2014-04-15 00:00:00.000000000,2014-03-28 00:00:00.000000000,2014-04-04 00:00:00.000000000,2013-10-21 00:00:00.000000000,1910-01-01 00:00:00.000000000,2013-12-19 22:04:48.000000000,2013-06-26 22:04:48.000000000,116 days 01:55:12.000000000,98 days 01:55:12.000000000,-18 days +00:00:00.000000000
7834,2014-05-30 00:00:00.000000000,2014-05-19 00:00:00.000000000,2014-06-26 00:00:00.000000000,2014-01-15 00:00:00.000000000,1910-01-01 00:00:00.000000000,2014-02-24 19:59:59.971200000,2013-10-12 19:59:59.971200000,94 days 04:00:00.028800000,83 days 04:00:00.028800000,-11 days +00:00:00.000000000
7835,2014-02-28 00:00:00.000000000,2014-03-25 00:00:00.000000000,2014-04-04 00:00:00.000000000,2013-04-19 00:00:00.000000000,1910-01-01 00:00:00.000000000,2013-11-26 12:00:00.000000000,2013-01-15 12:00:00.000000000,93 days 12:00:00.000000000,118 days 12:00:00.000000000,25 days 00:00:00.000000000
7836,2014-04-15 00:00:00.000000000,2014-04-14 00:00:00.000000000,2014-04-17 00:00:00.000000000,2013-10-21 00:00:00.000000000,1910-01-01 00:00:00.000000000,2013-12-19 22:04:48.000000000,2013-06-26 22:04:48.000000000,116 days 01:55:12.000000000,115 days 01:55:12.000000000,-1 days +00:00:00.000000000
7837,2014-04-30 00:00:00.000000000,2014-05-02 00:00:00.000000000,2014-05-07 00:00:00.000000000,2013-07-04 00:00:00.000000000,1910-01-01 00:00:00.000000000,2013-12-30 01:36:00.028800000,2013-03-05 01:36:00.028800000,120 days 22:23:59.971200000,122 days 22:23:59.971200000,2 days 00:00:00.000000000
7838,2014-03-31 00:00:00.000000000,2014-04-03 00:00:00.000000000,2014-06-06 00:00:00.000000000,2013-10-09 00:00:00.000000000,1910-01-01 00:00:00.000000000,2014-01-12 12:00:00.000000000,2013-07-23 12:00:00.000000000,77 days 12:00:00.000000000,80 days 12:00:00.000000000,3 days 00:00:00.000000000
7839,2014-03-30 00:00:00.000000000,2014-03-24 00:00:00.000000000,2014-05-06 00:00:00.000000000,2014-01-22 00:00:00.000000000,1910-01-01 00:00:00.000000000,2013-11-14 01:41:24.547200000,2013-09-08 01:41:24.547200000,135 days 22:18:35.452800000,129 days 22:18:35.452800000,-6 days +00:00:00.000000000
7840,2014-05-05 00:00:00.000000000,2014-03-24 00:00:00.000000000,2014-05-06 00:00:00.000000000,2014-02-03 00:00:00.000000000,1910-01-01 00:00:00.000000000,2013-12-20 01:41:24.547200000,2013-09-20 01:41:24.547200000,135 days 22:18:35.452800000,93 days 22:18:35.452800000,-42 days +00:00:00.000000000
7841,2014-04-30 00:00:00.000000000,2014-04-18 00:00:00.000000000,2014-05-07 00:00:00.000000000,2013-10-16 00:00:00.000000000,1910-01-01 00:00:00.000000000,2014-01-21 01:15:47.404800000,2013-07-09 01:15:47.404800000,98 days 22:44:12.595200000,86 days 22:44:12.595200000,-12 days +00:00:00.000000000
7842,2014-05-09 00:00:00.000000000,2014-05-10 00:00:00.000000000,2014-06-20 00:00:00.000000000,2013-10-01 00:00:00.000000000,1910-01-01 00:00:00.000000000,2014-01-08 01:36:00.028800000,2013-06-02 01:36:00.028800000,120 days 22:23:59.971200000,121 days 22:23:59.971200000,1 days 00:00:00.000000000
7843,2014-04-15 00:00:00.000000000,2014-04-20 00:00:00.000000000,2014-05-02 00:00:00.000000000,2013-05-06 00:00:00.000000000,1910-01-01 00:00:00.000000000,2014-01-13 00:00:00.000000000,2013-02-03 00:00:00.000000000,92 days 00:00:00.000000000,97 days 00:00:00.000000000,5 days 00:00:00.000000000
7844,2014-06-30 00:00:00.000000000,2014-04-14 00:00:00.000000000,2014-06-06 00:00:00.000000000,2014-01-16 00:00:00.000000000,1910-01-01 00:00:00.000000000,2014-04-13 12:00:00.000000000,2013-10-30 12:00:00.000000000,77 days 12:00:00.000000000,0 days 12:00:00.000000000,-77 days +00:00:00.000000000
7845,2014-06-03 00:00:00.000000000,2014-06-03 00:00:00.000000000,2014-06-11 00:00:00.000000000,2013-10-21 00:00:00.000000000,1910-01-01 00:00:00.000000000,2014-02-06 22:04:48.000000000,2013-06-26 22:04:48.000000000,116 days 01:55:12.000000000,116 days 01:55:12.000000000,0 days 00:00:00.000000000
7846,2014-06-03 00:00:00.000000000,2014-06-03 00:00:00.000000000,2014-06-11 00:00:00.000000000,2013-10-21 00:00:00.000000000,1910-01-01 00:00:00.000000000,2014-02-06 22:04:48.000000000,2013-06-26 22:04:48.000000000,116 days 01:55:12.000000000,116 days 01:55:12.000000000,0 days 00:00:00.000000000
7847,2014-04-30 00:00:00.000000000,2014-04-22 00:00:00.000000000,2014-06-11 00:00:00.000000000,2013-10-22 00:00:00.000000000,1910-01-01 00:00:00.000000000,2013-12-04 07:01:27.811200000,2013-05-28 07:01:27.811200000,146 days 16:58:32.188800000,138 days 16:58:32.188800000,-8 days +00:00:00.000000000
7848,2014-04-30 00:00:00.000000000,2014-04-22 00:00:00.000000000,2014-06-11 00:00:00.000000000,2013-10-09 00:00:00.000000000,1910-01-01 00:00:00.000000000,2014-02-11 12:00:00.000000000,2013-07-23 12:00:00.000000000,77 days 12:00:00.000000000,69 days 12:00:00.000000000,-8 days +00:00:00.000000000
7849,2014-05-15 00:00:00.000000000,2014-05-12 00:00:00.000000000,2014-06-30 00:00:00.000000000,2013-07-30 00:00:00.000000000,1910-01-01 00:00:00.000000000,2013-12-19 07:01:27.811200000,2013-03-05 07:01:27.811200000,146 days 16:58:32.188800000,143 days 16:58:32.188800000,-3 days +00:00:00.000000000
7850,2014-05-15 00:00:00.000000000,2014-05-12 00:00:00.000000000,2014-06-24 00:00:00.000000000,2014-01-22 00:00:00.000000000,1910-01-01 00:00:00.000000000,2013-12-30 01:41:24.547200000,2013-09-08 01:41:24.547200000,135 days 22:18:35.452800000,132 days 22:18:35.452800000,-3 days +00:00:00.000000000
7851,2014-05-17 00:00:00.000000000,2014-05-29 00:00:00.000000000,2014-06-12 00:00:00.000000000,2014-01-22 00:00:00.000000000,1910-01-01 00:00:00.000000000,2014-01-01 01:41:24.547200000,2013-09-08 01:41:24.547200000,135 days 22:18:35.452800000,147 days 22:18:35.452800000,12 days 00:00:00.000000000
7852,2014-05-30 00:00:00.000000000,2014-05-16 00:00:00.000000000,2014-06-30 00:00:00.000000000,2013-10-22 00:00:00.000000000,1910-01-01 00:00:00.000000000,2014-01-03 07:01:27.811200000,2013-05-28 07:01:27.811200000,146 days 16:58:32.188800000,132 days 16:58:32.188800000,-14 days +00:00:00.000000000
7853,2014-05-30 00:00:00.000000000,2014-05-17 00:00:00.000000000,2014-06-30 00:00:00.000000000,2013-10-22 00:00:00.000000000,1910-01-01 00:00:00.000000000,2014-01-03 07:01:27.811200000,2013-05-28 07:01:27.811200000,146 days 16:58:32.188800000,133 days 16:58:32.188800000,-13 days +00:00:00.000000000
7854,2014-05-30 00:00:00.000000000,2014-06-06 00:00:00.000000000,2014-06-19 00:00:00.000000000,2013-10-31 00:00:00.000000000,1910-01-01 00:00:00.000000000,2014-02-25 12:00:00.000000000,2013-07-29 12:00:00.000000000,93 days 12:00:00.000000000,100 days 12:00:00.000000000,7 days 00:00:00.000000000
7855,2014-05-30 00:00:00.000000000,2014-06-25 00:00:00.000000000,2014-07-01 00:00:00.000000000,2014-01-24 00:00:00.000000000,1910-01-01 00:00:00.000000000,2014-04-01 13:42:51.465600000,2013-11-26 13:42:51.465600000,58 days 10:17:08.534400000,84 days 10:17:08.534400000,26 days 00:00:00.000000000
7856,2014-05-30 00:00:00.000000000,2014-06-25 00:00:00.000000000,2014-07-01 00:00:00.000000000,2014-01-24 00:00:00.000000000,1910-01-01 00:00:00.000000000,2014-04-01 13:42:51.465600000,2013-11-26 13:42:51.465600000,58 days 10:17:08.534400000,84 days 10:17:08.534400000,26 days 00:00:00.000000000
7857,2014-05-30 00:00:00.000000000,2014-06-25 00:00:00.000000000,2014-07-01 00:00:00.000000000,2014-01-24 00:00:00.000000000,1910-01-01 00:00:00.000000000,2014-04-01 13:42:51.465600000,2013-11-26 13:42:51.465600000,58 days 10:17:08.534400000,84 days 10:17:08.534400000,26 days 00:00:00.000000000
7858,2014-06-16 00:00:00.000000000,2014-06-04 00:00:00.000000000,2014-07-09 00:00:00.000000000,2013-07-09 00:00:00.000000000,1910-01-01 00:00:00.000000000,2014-04-18 13:42:51.465600000,2013-05-11 13:42:51.465600000,58 days 10:17:08.534400000,46 days 10:17:08.534400000,-12 days +00:00:00.000000000
7859,2014-06-30 00:00:00.000000000,2014-06-12 00:00:00.000000000,2014-07-10 00:00:00.000000000,2013-05-06 00:00:00.000000000,1910-01-01 00:00:00.000000000,2014-03-15 00:00:00.000000000,2013-01-19 00:00:00.000000000,107 days 00:00:00.000000000,89 days 00:00:00.000000000,-18 days +00:00:00.000000000
7860,2014-06-30 00:00:00.000000000,2014-06-20 00:00:00.000000000,2014-07-09 00:00:00.000000000,2013-05-08 00:00:00.000000000,1910-01-01 00:00:00.000000000,2014-03-23 01:15:47.404800000,2013-01-29 01:15:47.404800000,98 days 22:44:12.595200000,88 days 22:44:12.595200000,-10 days +00:00:00.000000000
7861,2014-06-30 00:00:00.000000000,2014-07-04 00:00:00.000000000,2014-08-04 00:00:00.000000000,2013-10-31 00:00:00.000000000,1910-01-01 00:00:00.000000000,2014-03-28 12:00:00.000000000,2013-07-29 12:00:00.000000000,93 days 12:00:00.000000000,97 days 12:00:00.000000000,4 days 00:00:00.000000000
7862,2014-06-30 00:00:00.000000000,2014-06-20 00:00:00.000000000,2014-07-09 00:00:00.000000000,2013-10-16 00:00:00.000000000,1910-01-01 00:00:00.000000000,2014-03-23 01:15:47.404800000,2013-07-09 01:15:47.404800000,98 days 22:44:12.595200000,88 days 22:44:12.595200000,-10 days +00:00:00.000000000
7863,2014-09-15 00:00:00.000000000,2014-08-29 00:00:00.000000000,2014-11-04 00:00:00.000000000,2014-06-30 00:00:00.000000000,1910-01-01 00:00:00.000000000,2014-07-02 12:00:00.000000000,2014-04-16 12:00:00.000000000,74 days 12:00:00.000000000,57 days 12:00:00.000000000,-17 days +00:00:00.000000000
7864,2014-09-30 00:00:00.000000000,2014-09-08 00:00:00.000000000,2014-09-19 00:00:00.000000000,2013-10-22 00:00:00.000000000,1910-01-01 00:00:00.000000000,2014-05-06 07:01:27.811200000,2013-05-28 07:01:27.811200000,146 days 16:58:32.188800000,124 days 16:58:32.188800000,-22 days +00:00:00.000000000
7865,2014-09-30 00:00:00.000000000,2014-10-30 00:00:00.000000000,2014-11-13 00:00:00.000000000,2014-05-02 00:00:00.000000000,1910-01-01 00:00:00.000000000,2014-06-05 22:04:48.000000000,2014-01-05 22:04:48.000000000,116 days 01:55:12.000000000,146 days 01:55:12.000000000,30 days 00:00:00.000000000
7866,2014-08-19 00:00:00.000000000,2014-08-13 00:00:00.000000000,2014-08-14 00:00:00.000000000,2014-03-04 00:00:00.000000000,1910-01-01 00:00:00.000000000,2014-05-04 00:00:00.000000000,2013-11-17 00:00:00.000000000,107 days 00:00:00.000000000,101 days 00:00:00.000000000,-6 days +00:00:00.000000000
7867,2014-06-30 00:00:00.000000000,2014-06-20 00:00:00.000000000,2014-06-25 00:00:00.000000000,2013-11-19 00:00:00.000000000,1910-01-01 00:00:00.000000000,2014-03-30 00:00:00.000000000,2013-08-19 00:00:00.000000000,92 days 00:00:00.000000000,82 days 00:00:00.000000000,-10 days +00:00:00.000000000
7868,2014-09-30 00:00:00.000000000,2014-08-29 00:00:00.000000000,2014-09-08 00:00:00.000000000,2014-04-09 00:00:00.000000000,1910-01-01 00:00:00.000000000,2014-07-14 12:00:00.000000000,2014-01-21 12:00:00.000000000,77 days 12:00:00.000000000,45 days 12:00:00.000000000,-32 days +00:00:00.000000000
7869,2014-09-30 00:00:00.000000000,2014-06-29 00:00:00.000000000,2014-08-04 00:00:00.000000000,2013-12-24 00:00:00.000000000,1910-01-01 00:00:00.000000000,2014-06-22 12:37:53.702400000,2013-09-15 12:37:53.702400000,99 days 11:22:06.297600000,6 days 11:22:06.297600000,-93 days +00:00:00.000000000
7870,2014-08-29 00:00:00.000000000,2014-08-15 00:00:00.000000000,2014-08-25 00:00:00.000000000,2013-10-21 00:00:00.000000000,1910-01-01 00:00:00.000000000,2014-05-04 22:04:48.000000000,2013-06-26 22:04:48.000000000,116 days 01:55:12.000000000,102 days 01:55:12.000000000,-14 days +00:00:00.000000000
7871,2014-09-24 00:00:00.000000000,2014-10-28 00:00:00.000000000,2014-12-04 00:00:00.000000000,2014-05-07 00:00:00.000000000,1910-01-01 00:00:00.000000000,2014-06-21 19:59:59.971200000,2014-02-01 19:59:59.971200000,94 days 04:00:00.028800000,128 days 04:00:00.028800000,34 days 00:00:00.000000000
7872,2014-08-19 00:00:00.000000000,2014-10-17 00:00:00.000000000,2014-11-21 00:00:00.000000000,2014-06-05 00:00:00.000000000,1910-01-01 00:00:00.000000000,2014-04-03 02:17:08.563200000,2014-01-18 02:17:08.563200000,137 days 21:42:51.436800000,196 days 21:42:51.436800000,59 days 00:00:00.000000000
7873,2014-09-01 00:00:00.000000000,2014-09-01 00:00:00.000000000,2014-09-02 00:00:00.000000000,2014-06-05 00:00:00.000000000,1910-01-01 00:00:00.000000000,2014-04-16 02:17:08.563200000,2014-01-18 02:17:08.563200000,137 days 21:42:51.436800000,137 days 21:42:51.436800000,0 days 00:00:00.000000000
7874,2014-08-13 00:00:00.000000000,2014-09-24 00:00:00.000000000,2014-11-06 00:00:00.000000000,2014-05-07 00:00:00.000000000,1910-01-01 00:00:00.000000000,2014-05-10 19:59:59.971200000,2014-02-01 19:59:59.971200000,94 days 04:00:00.028800000,136 days 04:00:00.028800000,42 days 00:00:00.000000000
7875,2014-09-30 00:00:00.000000000,2014-07-30 00:00:00.000000000,2014-09-05 00:00:00.000000000,2014-04-09 00:00:00.000000000,1910-01-01 00:00:00.000000000,2014-07-14 12:00:00.000000000,2014-01-21 12:00:00.000000000,77 days 12:00:00.000000000,15 days 12:00:00.000000000,-62 days +00:00:00.000000000
7876,2014-09-16 00:00:00.000000000,2014-08-01 00:00:00.000000000,2014-08-22 00:00:00.000000000,2014-03-04 00:00:00.000000000,1910-01-01 00:00:00.000000000,2014-06-01 00:00:00.000000000,2013-11-17 00:00:00.000000000,107 days 00:00:00.000000000,61 days 00:00:00.000000000,-46 days +00:00:00.000000000
7877,2014-08-29 00:00:00.000000000,2014-08-18 00:00:00.000000000,2014-09-05 00:00:00.000000000,2012-09-11 00:00:00.000000000,1910-01-01 00:00:00.000000000,2014-04-04 07:01:27.811200000,2012-04-17 07:01:27.811200000,146 days 16:58:32.188800000,135 days 16:58:32.188800000,-11 days +00:00:00.000000000
7878,2014-09-30 00:00:00.000000000,2014-09-05 00:00:00.000000000,2014-09-18 00:00:00.000000000,2014-04-18 00:00:00.000000000,1910-01-01 00:00:00.000000000,2014-08-02 13:42:51.465600000,2014-02-18 13:42:51.465600000,58 days 10:17:08.534400000,33 days 10:17:08.534400000,-25 days +00:00:00.000000000
7879,2014-07-31 00:00:00.000000000,2014-09-23 00:00:00.000000000,2014-10-06 00:00:00.000000000,2013-10-31 00:00:00.000000000,1910-01-01 00:00:00.000000000,2014-04-28 12:00:00.000000000,2013-07-29 12:00:00.000000000,93 days 12:00:00.000000000,147 days 12:00:00.000000000,54 days 00:00:00.000000000
7880,2014-09-11 00:00:00.000000000,2014-08-09 00:00:00.000000000,2014-08-13 00:00:00.000000000,2014-06-04 00:00:00.000000000,1910-01-01 00:00:00.000000000,2014-06-04 01:15:47.404800000,2014-02-25 01:15:47.404800000,98 days 22:44:12.595200000,65 days 22:44:12.595200000,-33 days +00:00:00.000000000
7881,2014-09-30 00:00:00.000000000,2014-09-17 00:00:00.000000000,2014-09-18 00:00:00.000000000,2014-06-04 00:00:00.000000000,1910-01-01 00:00:00.000000000,2014-06-23 01:15:47.404800000,2014-02-25 01:15:47.404800000,98 days 22:44:12.595200000,85 days 22:44:12.595200000,-13 days +00:00:00.000000000
7882,2014-10-30 00:00:00.000000000,2014-10-27 00:00:00.000000000,2014-11-12 00:00:00.000000000,2014-07-14 00:00:00.000000000,1910-01-01 00:00:00.000000000,2014-07-27 19:59:59.971200000,2014-04-10 19:59:59.971200000,94 days 04:00:00.028800000,91 days 04:00:00.028800000,-3 days +00:00:00.000000000
7883,2014-11-28 00:00:00.000000000,2014-11-20 00:00:00.000000000,2014-11-21 00:00:00.000000000,2013-10-01 00:00:00.000000000,1910-01-01 00:00:00.000000000,2014-07-30 01:36:00.028800000,2013-06-02 01:36:00.028800000,120 days 22:23:59.971200000,112 days 22:23:59.971200000,-8 days +00:00:00.000000000
7884,2015-01-30 00:00:00.000000000,2014-12-17 00:00:00.000000000,2014-12-18 00:00:00.000000000,2014-01-15 00:00:00.000000000,1910-01-01 00:00:00.000000000,2014-05-25 07:59:59.971200000,2013-05-10 07:59:59.971200000,249 days 16:00:00.028800000,205 days 16:00:00.028800000,-44 days +00:00:00.000000000
7885,2014-10-31 00:00:00.000000000,2014-10-30 00:00:00.000000000,2014-11-07 00:00:00.000000000,2014-04-01 00:00:00.000000000,1910-01-01 00:00:00.000000000,2014-07-23 12:37:53.702400000,2013-12-22 12:37:53.702400000,99 days 11:22:06.297600000,98 days 11:22:06.297600000,-1 days +00:00:00.000000000
7886,2014-11-14 00:00:00.000000000,2014-10-30 00:00:00.000000000,2014-11-07 00:00:00.000000000,2014-04-02 00:00:00.000000000,1910-01-01 00:00:00.000000000,2014-08-06 12:37:53.702400000,2013-12-23 12:37:53.702400000,99 days 11:22:06.297600000,84 days 11:22:06.297600000,-15 days +00:00:00.000000000
7887,2014-10-31 00:00:00.000000000,2014-10-24 00:00:00.000000000,2014-11-06 00:00:00.000000000,2014-05-23 00:00:00.000000000,1910-01-01 00:00:00.000000000,2014-06-06 07:01:27.811200000,2013-12-27 07:01:27.811200000,146 days 16:58:32.188800000,139 days 16:58:32.188800000,-7 days +00:00:00.000000000
7888,2015-01-30 00:00:00.000000000,2015-02-18 00:00:00.000000000,2015-02-23 00:00:00.000000000,2014-07-14 00:00:00.000000000,1910-01-01 00:00:00.000000000,2014-09-27 07:45:52.905600000,2014-03-11 07:45:52.905600000,124 days 16:14:07.094400000,143 days 16:14:07.094400000,19 days 00:00:00.000000000
7889,2014-11-24 00:00:00.000000000,2014-11-11 00:00:00.000000000,2014-11-18 00:00:00.000000000,2014-06-13 00:00:00.000000000,1910-01-01 00:00:00.000000000,2014-08-16 12:37:53.702400000,2014-03-05 12:37:53.702400000,99 days 11:22:06.297600000,86 days 11:22:06.297600000,-13 days +00:00:00.000000000
7890,2015-02-16 00:00:00.000000000,2015-01-14 00:00:00.000000000,2015-01-19 00:00:00.000000000,2014-04-22 00:00:00.000000000,1910-01-01 00:00:00.000000000,2014-11-03 05:42:51.408000000,2014-01-07 05:42:51.408000000,104 days 18:17:08.592000000,71 days 18:17:08.592000000,-33 days +00:00:00.000000000
7891,2015-03-02 00:00:00.000000000,2015-03-02 00:00:00.000000000,2015-03-09 00:00:00.000000000,2014-05-02 00:00:00.000000000,1910-01-01 00:00:00.000000000,2014-10-24 12:55:23.116800000,2013-12-24 12:55:23.116800000,128 days 11:04:36.883200000,128 days 11:04:36.883200000,0 days 00:00:00.000000000
7892,2015-03-02 00:00:00.000000000,2015-03-02 00:00:00.000000000,2015-03-09 00:00:00.000000000,2014-05-02 00:00:00.000000000,1910-01-01 00:00:00.000000000,2014-10-24 12:55:23.116800000,2013-12-24 12:55:23.116800000,128 days 11:04:36.883200000,128 days 11:04:36.883200000,0 days 00:00:00.000000000
7893,2015-06-15 00:00:00.000000000,2015-01-16 00:00:00.000000000,2015-01-26 00:00:00.000000000,2014-11-03 00:00:00.000000000,1910-01-01 00:00:00.000000000,2015-01-11 12:42:21.196800000,2014-06-01 12:42:21.196800000,154 days 11:17:38.803200000,4 days 11:17:38.803200000,-150 days +00:00:00.000000000
7894,2015-02-16 00:00:00.000000000,2015-01-19 00:00:00.000000000,2015-01-27 00:00:00.000000000,2014-05-23 00:00:00.000000000,1910-01-01 00:00:00.000000000,2014-07-07 12:00:00.000000000,2013-10-11 12:00:00.000000000,223 days 12:00:00.000000000,195 days 12:00:00.000000000,-28 days +00:00:00.000000000
7895,2015-02-16 00:00:00.000000000,2015-01-24 00:00:00.000000000,2015-02-03 00:00:00.000000000,2014-06-04 00:00:00.000000000,1910-01-01 00:00:00.000000000,2014-09-14 12:42:21.196800000,2013-12-31 12:42:21.196800000,154 days 11:17:38.803200000,131 days 11:17:38.803200000,-23 days +00:00:00.000000000
7896,2015-02-02 00:00:00.000000000,2015-01-24 00:00:00.000000000,2015-01-27 00:00:00.000000000,2014-06-04 00:00:00.000000000,1910-01-01 00:00:00.000000000,2014-08-31 12:42:21.196800000,2013-12-31 12:42:21.196800000,154 days 11:17:38.803200000,145 days 11:17:38.803200000,-9 days +00:00:00.000000000
7897,2015-01-30 00:00:00.000000000,2015-02-11 00:00:00.000000000,2015-02-16 00:00:00.000000000,2014-01-29 00:00:00.000000000,1910-01-01 00:00:00.000000000,2014-06-20 12:00:00.000000000,2013-06-19 12:00:00.000000000,223 days 12:00:00.000000000,235 days 12:00:00.000000000,12 days 00:00:00.000000000
7898,2015-02-27 00:00:00.000000000,2015-03-03 00:00:00.000000000,2015-03-09 00:00:00.000000000,2014-01-17 00:00:00.000000000,1910-01-01 00:00:00.000000000,2014-10-21 12:55:23.116800000,2013-09-10 12:55:23.116800000,128 days 11:04:36.883200000,132 days 11:04:36.883200000,4 days 00:00:00.000000000
7899,2015-02-25 00:00:00.000000000,2015-01-27 00:00:00.000000000,2015-02-03 00:00:00.000000000,2014-04-24 00:00:00.000000000,1910-01-01 00:00:00.000000000,2014-06-20 07:59:59.971200000,2013-08-17 07:59:59.971200000,249 days 16:00:00.028800000,220 days 16:00:00.028800000,-29 days +00:00:00.000000000
7900,2015-02-28 00:00:00.000000000,2015-03-13 00:00:00.000000000,2015-03-17 00:00:00.000000000,2014-08-21 00:00:00.000000000,1910-01-01 00:00:00.000000000,2014-10-22 12:55:23.116800000,2014-04-14 12:55:23.116800000,128 days 11:04:36.883200000,141 days 11:04:36.883200000,13 days 00:00:00.000000000
7901,2015-02-27 00:00:00.000000000,2015-02-25 00:00:00.000000000,2015-03-05 00:00:00.000000000,2014-06-04 00:00:00.000000000,1910-01-01 00:00:00.000000000,2014-09-25 12:42:21.196800000,2013-12-31 12:42:21.196800000,154 days 11:17:38.803200000,152 days 11:17:38.803200000,-2 days +00:00:00.000000000
7902,2015-02-28 00:00:00.000000000,2015-01-14 00:00:00.000000000,2015-01-20 00:00:00.000000000,2014-08-13 00:00:00.000000000,1910-01-01 00:00:00.000000000,2014-11-20 19:34:44.169600000,2014-05-05 19:34:44.169600000,99 days 04:25:15.830400000,54 days 04:25:15.830400000,-45 days +00:00:00.000000000
7903,2015-02-27 00:00:00.000000000,2015-02-24 00:00:00.000000000,2015-02-24 00:00:00.000000000,2014-11-03 00:00:00.000000000,1910-01-01 00:00:00.000000000,2014-09-25 12:42:21.196800000,2014-06-01 12:42:21.196800000,154 days 11:17:38.803200000,151 days 11:17:38.803200000,-3 days +00:00:00.000000000
7904,2015-02-17 00:00:00.000000000,2015-01-31 00:00:00.000000000,2015-02-02 00:00:00.000000000,2014-12-22 00:00:00.000000000,1910-01-01 00:00:00.000000000,2014-09-15 12:42:21.196800000,2014-07-20 12:42:21.196800000,154 days 11:17:38.803200000,137 days 11:17:38.803200000,-17 days +00:00:00.000000000
7905,2015-03-31 00:00:00.000000000,2015-02-19 00:00:00.000000000,2015-02-20 00:00:00.000000000,2014-08-12 00:00:00.000000000,1910-01-01 00:00:00.000000000,2014-09-12 09:20:00.009600000,2014-01-24 09:20:00.009600000,199 days 14:39:59.990400000,159 days 14:39:59.990400000,-40 days +00:00:00.000000000
7906,2015-03-16 00:00:00.000000000,2015-03-30 00:00:00.000000000,2015-03-30 00:00:00.000000000,2014-05-02 00:00:00.000000000,1910-01-01 00:00:00.000000000,2014-11-07 12:55:23.116800000,2013-12-24 12:55:23.116800000,128 days 11:04:36.883200000,142 days 11:04:36.883200000,14 days 00:00:00.000000000
7907,2015-03-02 00:00:00.000000000,2015-02-05 00:00:00.000000000,2015-02-10 00:00:00.000000000,2014-04-25 00:00:00.000000000,1910-01-01 00:00:00.000000000,2014-11-22 19:34:44.169600000,2014-01-15 19:34:44.169600000,99 days 04:25:15.830400000,74 days 04:25:15.830400000,-25 days +00:00:00.000000000
7908,2015-02-28 00:00:00.000000000,2015-02-05 00:00:00.000000000,2015-02-16 00:00:00.000000000,2014-08-13 00:00:00.000000000,1910-01-01 00:00:00.000000000,2014-11-20 19:34:44.169600000,2014-05-05 19:34:44.169600000,99 days 04:25:15.830400000,76 days 04:25:15.830400000,-23 days +00:00:00.000000000
7909,2015-02-09 00:00:00.000000000,2015-02-10 00:00:00.000000000,2015-02-20 00:00:00.000000000,2014-06-13 00:00:00.000000000,1910-01-01 00:00:00.000000000,2014-09-28 12:00:00.000000000,2014-01-30 12:00:00.000000000,133 days 12:00:00.000000000,134 days 12:00:00.000000000,1 days 00:00:00.000000000
7910,2015-02-27 00:00:00.000000000,2015-03-11 00:00:00.000000000,2015-03-30 00:00:00.000000000,2014-05-23 00:00:00.000000000,1910-01-01 00:00:00.000000000,2014-07-18 12:00:00.000000000,2013-10-11 12:00:00.000000000,223 days 12:00:00.000000000,235 days 12:00:00.000000000,12 days 00:00:00.000000000
7911,2015-03-16 00:00:00.000000000,2015-03-12 00:00:00.000000000,2015-03-17 00:00:00.000000000,2014-06-04 00:00:00.000000000,1910-01-01 00:00:00.000000000,2014-10-12 12:42:21.196800000,2013-12-31 12:42:21.196800000,154 days 11:17:38.803200000,150 days 11:17:38.803200000,-4 days +00:00:00.000000000
7912,2015-04-30 00:00:00.000000000,2015-03-17 00:00:00.000000000,2015-03-18 00:00:00.000000000,2014-10-16 00:00:00.000000000,1910-01-01 00:00:00.000000000,2014-12-17 12:00:00.000000000,2014-06-04 12:00:00.000000000,133 days 12:00:00.000000000,89 days 12:00:00.000000000,-44 days +00:00:00.000000000
7913,2015-02-27 00:00:00.000000000,2015-02-28 00:00:00.000000000,2015-03-05 00:00:00.000000000,2014-11-19 00:00:00.000000000,1910-01-01 00:00:00.000000000,2014-09-04 03:00:00.000000000,2014-05-27 03:00:00.000000000,175 days 21:00:00.000000000,176 days 21:00:00.000000000,1 days 00:00:00.000000000
7914,2015-03-31 00:00:00.000000000,2015-03-24 00:00:00.000000000,2015-03-24 00:00:00.000000000,2014-10-15 00:00:00.000000000,1910-01-01 00:00:00.000000000,2014-12-16 05:42:51.408000000,2014-07-02 05:42:51.408000000,104 days 18:17:08.592000000,97 days 18:17:08.592000000,-7 days +00:00:00.000000000
7915,2015-04-30 00:00:00.000000000,2015-03-17 00:00:00.000000000,2015-03-19 00:00:00.000000000,2014-04-01 00:00:00.000000000,1910-01-01 00:00:00.000000000,2014-12-17 12:00:00.000000000,2013-11-18 12:00:00.000000000,133 days 12:00:00.000000000,89 days 12:00:00.000000000,-44 days +00:00:00.000000000
7916,2015-04-30 00:00:00.000000000,2015-03-27 00:00:00.000000000,2015-04-07 00:00:00.000000000,2014-12-23 00:00:00.000000000,1910-01-01 00:00:00.000000000,2015-01-15 05:42:51.408000000,2014-09-09 05:42:51.408000000,104 days 18:17:08.592000000,70 days 18:17:08.592000000,-34 days +00:00:00.000000000
7917,2015-05-31 00:00:00.000000000,2015-05-13 00:00:00.000000000,2015-05-15 00:00:00.000000000,2014-10-17 00:00:00.000000000,1910-01-01 00:00:00.000000000,2015-01-22 12:55:23.116800000,2014-06-10 12:55:23.116800000,128 days 11:04:36.883200000,110 days 11:04:36.883200000,-18 days +00:00:00.000000000
7918,2015-05-31 00:00:00.000000000,2015-05-13 00:00:00.000000000,2015-05-15 00:00:00.000000000,2014-10-17 00:00:00.000000000,1910-01-01 00:00:00.000000000,2015-01-22 12:55:23.116800000,2014-06-10 12:55:23.116800000,128 days 11:04:36.883200000,110 days 11:04:36.883200000,-18 days +00:00:00.000000000
7919,2015-06-15 00:00:00.000000000,2015-05-14 00:00:00.000000000,2015-05-15 00:00:00.000000000,2014-11-03 00:00:00.000000000,1910-01-01 00:00:00.000000000,2015-01-11 12:42:21.196800000,2014-06-01 12:42:21.196800000,154 days 11:17:38.803200000,122 days 11:17:38.803200000,-32 days +00:00:00.000000000
7920,2015-04-30 00:00:00.000000000,2015-04-22 00:00:00.000000000,2015-04-24 00:00:00.000000000,2014-06-04 00:00:00.000000000,1910-01-01 00:00:00.000000000,2014-11-26 12:42:21.196800000,2013-12-31 12:42:21.196800000,154 days 11:17:38.803200000,146 days 11:17:38.803200000,-8 days +00:00:00.000000000
7921,2015-06-15 00:00:00.000000000,2015-05-14 00:00:00.000000000,2015-05-15 00:00:00.000000000,2014-11-03 00:00:00.000000000,1910-01-01 00:00:00.000000000,2015-01-11 12:42:21.196800000,2014-06-01 12:42:21.196800000,154 days 11:17:38.803200000,122 days 11:17:38.803200000,-32 days +00:00:00.000000000
7922,2015-06-30 00:00:00.000000000,2015-04-22 00:00:00.000000000,2015-04-23 00:00:00.000000000,2014-11-19 00:00:00.000000000,1910-01-01 00:00:00.000000000,2015-01-05 03:00:00.000000000,2014-05-27 03:00:00.000000000,175 days 21:00:00.000000000,106 days 21:00:00.000000000,-69 days +00:00:00.000000000
7923,2015-04-30 00:00:00.000000000,2015-04-30 00:00:00.000000000,2015-04-30 00:00:00.000000000,2014-10-16 00:00:00.000000000,1910-01-01 00:00:00.000000000,2014-12-17 12:00:00.000000000,2014-06-04 12:00:00.000000000,133 days 12:00:00.000000000,133 days 12:00:00.000000000,0 days 00:00:00.000000000
7924,2015-06-30 00:00:00.000000000,2015-06-15 00:00:00.000000000,2015-06-15 00:00:00.000000000,2014-10-17 00:00:00.000000000,1910-01-01 00:00:00.000000000,2015-02-21 12:55:23.116800000,2014-06-10 12:55:23.116800000,128 days 11:04:36.883200000,113 days 11:04:36.883200000,-15 days +00:00:00.000000000
7925,2015-04-30 00:00:00.000000000,2015-05-15 00:00:00.000000000,2015-05-17 00:00:00.000000000,2014-12-22 00:00:00.000000000,1910-01-01 00:00:00.000000000,2014-11-26 12:42:21.196800000,2014-07-20 12:42:21.196800000,154 days 11:17:38.803200000,169 days 11:17:38.803200000,15 days 00:00:00.000000000
7926,2015-06-30 00:00:00.000000000,2015-04-15 00:00:00.000000000,2015-04-20 00:00:00.000000000,2014-09-19 00:00:00.000000000,1910-01-01 00:00:00.000000000,2015-03-22 19:34:44.169600000,2014-06-11 19:34:44.169600000,99 days 04:25:15.830400000,23 days 04:25:15.830400000,-76 days +00:00:00.000000000
7927,2015-06-19 00:00:00.000000000,2015-06-08 00:00:00.000000000,2015-06-19 00:00:00.000000000,2014-10-24 00:00:00.000000000,1910-01-01 00:00:00.000000000,2014-11-07 12:00:00.000000000,2014-03-14 12:00:00.000000000,223 days 12:00:00.000000000,212 days 12:00:00.000000000,-11 days +00:00:00.000000000
7928,2015-07-08 00:00:00.000000000,2015-08-07 00:00:00.000000000,2015-08-27 00:00:00.000000000,2015-03-31 00:00:00.000000000,1910-01-01 00:00:00.000000000,2015-03-05 07:45:52.905600000,2014-11-26 07:45:52.905600000,124 days 16:14:07.094400000,154 days 16:14:07.094400000,30 days 00:00:00.000000000
7929,2015-07-08 00:00:00.000000000,2015-07-30 00:00:00.000000000,2015-07-30 00:00:00.000000000,2015-03-31 00:00:00.000000000,1910-01-01 00:00:00.000000000,2015-03-05 07:45:52.905600000,2014-11-26 07:45:52.905600000,124 days 16:14:07.094400000,146 days 16:14:07.094400000,22 days 00:00:00.000000000
7930,2015-07-28 00:00:00.000000000,2015-06-19 00:00:00.000000000,2015-06-23 00:00:00.000000000,2015-04-15 00:00:00.000000000,1910-01-01 00:00:00.000000000,2015-03-28 04:10:26.083200000,2014-12-14 04:10:26.083200000,121 days 19:49:33.916800000,82 days 19:49:33.916800000,-39 days +00:00:00.000000000
7931,2015-06-22 00:00:00.000000000,2015-06-25 00:00:00.000000000,2015-06-25 00:00:00.000000000,2015-02-19 00:00:00.000000000,1910-01-01 00:00:00.000000000,2015-05-07 00:00:00.000000000,2015-01-04 00:00:00.000000000,46 days 00:00:00.000000000,49 days 00:00:00.000000000,3 days 00:00:00.000000000
7932,2015-07-31 00:00:00.000000000,2015-07-10 00:00:00.000000000,2015-07-13 00:00:00.000000000,2014-11-19 00:00:00.000000000,1910-01-01 00:00:00.000000000,2015-02-05 03:00:00.000000000,2014-05-27 03:00:00.000000000,175 days 21:00:00.000000000,154 days 21:00:00.000000000,-21 days +00:00:00.000000000
7933,2015-06-30 00:00:00.000000000,2015-06-29 00:00:00.000000000,2015-06-30 00:00:00.000000000,2014-10-15 00:00:00.000000000,1910-01-01 00:00:00.000000000,2015-03-17 05:42:51.408000000,2014-07-02 05:42:51.408000000,104 days 18:17:08.592000000,103 days 18:17:08.592000000,-1 days +00:00:00.000000000
7934,2015-06-30 00:00:00.000000000,2015-06-22 00:00:00.000000000,2015-06-29 00:00:00.000000000,2015-05-04 00:00:00.000000000,1910-01-01 00:00:00.000000000,2015-03-22 19:34:44.169600000,2015-01-24 19:34:44.169600000,99 days 04:25:15.830400000,91 days 04:25:15.830400000,-8 days +00:00:00.000000000
7935,2015-07-31 00:00:00.000000000,2015-07-15 00:00:00.000000000,2015-07-20 00:00:00.000000000,2014-10-16 00:00:00.000000000,1910-01-01 00:00:00.000000000,2015-03-19 12:00:00.000000000,2014-06-04 12:00:00.000000000,133 days 12:00:00.000000000,117 days 12:00:00.000000000,-16 days +00:00:00.000000000
7936,2015-07-31 00:00:00.000000000,2015-08-06 00:00:00.000000000,2015-08-07 00:00:00.000000000,2014-10-24 00:00:00.000000000,1910-01-01 00:00:00.000000000,2014-12-19 12:00:00.000000000,2014-03-14 12:00:00.000000000,223 days 12:00:00.000000000,229 days 12:00:00.000000000,6 days 00:00:00.000000000
7937,2015-08-10 00:00:00.000000000,2015-08-19 00:00:00.000000000,2015-08-31 00:00:00.000000000,2015-06-29 00:00:00.000000000,1910-01-01 00:00:00.000000000,2015-06-18 13:42:51.465600000,2015-05-07 13:42:51.465600000,52 days 10:17:08.534400000,61 days 10:17:08.534400000,9 days 00:00:00.000000000
7938,2015-08-17 00:00:00.000000000,2015-08-25 00:00:00.000000000,2015-09-03 00:00:00.000000000,2014-08-12 00:00:00.000000000,1910-01-01 00:00:00.000000000,2015-01-29 09:20:00.009600000,2014-01-24 09:20:00.009600000,199 days 14:39:59.990400000,207 days 14:39:59.990400000,8 days 00:00:00.000000000
7939,2015-08-14 00:00:00.000000000,2015-08-25 00:00:00.000000000,2015-09-03 00:00:00.000000000,2014-07-11 00:00:00.000000000,1910-01-01 00:00:00.000000000,2015-01-26 09:20:00.009600000,2013-12-23 09:20:00.009600000,199 days 14:39:59.990400000,210 days 14:39:59.990400000,11 days 00:00:00.000000000
7940,2015-12-31 00:00:00.000000000,2015-08-04 00:00:00.000000000,2015-08-11 00:00:00.000000000,2015-04-07 00:00:00.000000000,1910-01-01 00:00:00.000000000,2015-08-19 12:00:00.000000000,2014-11-24 12:00:00.000000000,133 days 12:00:00.000000000,-16 days +12:00:00.000000000,-149 days +00:00:00.000000000
7941,2015-09-30 00:00:00.000000000,2015-08-28 00:00:00.000000000,2015-09-02 00:00:00.000000000,2015-07-07 00:00:00.000000000,1910-01-01 00:00:00.000000000,2015-06-22 19:34:44.169600000,2015-03-29 19:34:44.169600000,99 days 04:25:15.830400000,66 days 04:25:15.830400000,-33 days +00:00:00.000000000
7942,2015-09-08 00:00:00.000000000,2015-08-26 00:00:00.000000000,2015-09-01 00:00:00.000000000,2015-07-07 00:00:00.000000000,1910-01-01 00:00:00.000000000,2015-05-26 05:42:51.408000000,2015-03-24 05:42:51.408000000,104 days 18:17:08.592000000,91 days 18:17:08.592000000,-13 days +00:00:00.000000000
7943,2009-07-30 00:00:00.000000000,2009-08-04 00:00:00.000000000,2009-08-04 00:00:00.000000000,2009-05-26 00:00:00.000000000,1910-01-01 00:00:00.000000000,2009-04-12 14:36:31.334400000,2009-02-06 14:36:31.334400000,108 days 09:23:28.665600000,113 days 09:23:28.665600000,5 days 00:00:00.000000000
7944,2009-07-30 00:00:00.000000000,2009-08-04 00:00:00.000000000,2009-08-04 00:00:00.000000000,2009-05-26 00:00:00.000000000,1910-01-01 00:00:00.000000000,2009-04-12 14:36:31.334400000,2009-02-06 14:36:31.334400000,108 days 09:23:28.665600000,113 days 09:23:28.665600000,5 days 00:00:00.000000000
7945,2009-10-30 00:00:00.000000000,2009-10-20 00:00:00.000000000,2009-10-20 00:00:00.000000000,2009-05-26 00:00:00.000000000,1910-01-01 00:00:00.000000000,2009-07-13 14:36:31.334400000,2009-02-06 14:36:31.334400000,108 days 09:23:28.665600000,98 days 09:23:28.665600000,-10 days +00:00:00.000000000
7946,2009-10-30 00:00:00.000000000,2009-10-20 00:00:00.000000000,2009-10-20 00:00:00.000000000,2009-05-26 00:00:00.000000000,1910-01-01 00:00:00.000000000,2009-07-13 14:36:31.334400000,2009-02-06 14:36:31.334400000,108 days 09:23:28.665600000,98 days 09:23:28.665600000,-10 days +00:00:00.000000000
7947,2009-10-15 00:00:00.000000000,2009-10-20 00:00:00.000000000,2009-10-20 00:00:00.000000000,2009-07-29 00:00:00.000000000,1910-01-01 00:00:00.000000000,2009-06-28 14:36:31.334400000,2009-04-11 14:36:31.334400000,108 days 09:23:28.665600000,113 days 09:23:28.665600000,5 days 00:00:00.000000000
7948,2009-12-18 00:00:00.000000000,2009-11-20 00:00:00.000000000,2009-11-20 00:00:00.000000000,2009-07-27 00:00:00.000000000,1910-01-01 00:00:00.000000000,2009-08-31 14:36:31.334400000,2009-04-09 14:36:31.334400000,108 days 09:23:28.665600000,80 days 09:23:28.665600000,-28 days +00:00:00.000000000
7949,2009-12-18 00:00:00.000000000,2009-11-20 00:00:00.000000000,2009-11-20 00:00:00.000000000,2009-07-27 00:00:00.000000000,1910-01-01 00:00:00.000000000,2009-08-31 14:36:31.334400000,2009-04-09 14:36:31.334400000,108 days 09:23:28.665600000,80 days 09:23:28.665600000,-28 days +00:00:00.000000000
7950,2009-12-01 00:00:00.000000000,2009-11-18 00:00:00.000000000,2009-11-18 00:00:00.000000000,2009-02-26 00:00:00.000000000,1910-01-01 00:00:00.000000000,2009-08-07 09:13:50.736000000,2008-11-02 09:13:50.736000000,115 days 14:46:09.264000000,102 days 14:46:09.264000000,-13 days +00:00:00.000000000
7951,2009-11-15 00:00:00.000000000,2009-11-09 00:00:00.000000000,2009-11-09 00:00:00.000000000,2009-03-17 00:00:00.000000000,1910-01-01 00:00:00.000000000,2009-07-11 14:24:00.000000000,2008-11-10 14:24:00.000000000,126 days 09:36:00.000000000,120 days 09:36:00.000000000,-6 days +00:00:00.000000000
7952,2009-11-15 00:00:00.000000000,2009-11-09 00:00:00.000000000,2009-11-09 00:00:00.000000000,2009-03-17 00:00:00.000000000,1910-01-01 00:00:00.000000000,2009-07-11 14:24:00.000000000,2008-11-10 14:24:00.000000000,126 days 09:36:00.000000000,120 days 09:36:00.000000000,-6 days +00:00:00.000000000
7953,2009-11-18 00:00:00.000000000,2009-11-05 00:00:00.000000000,2009-11-05 00:00:00.000000000,2009-09-23 00:00:00.000000000,1910-01-01 00:00:00.000000000,2009-09-02 23:06:40.003200000,2009-07-08 23:06:40.003200000,76 days 00:53:19.996800000,63 days 00:53:19.996800000,-13 days +00:00:00.000000000
7954,2009-11-15 00:00:00.000000000,2009-11-13 00:00:00.000000000,2009-11-13 00:00:00.000000000,2009-08-05 00:00:00.000000000,1910-01-01 00:00:00.000000000,2009-07-28 21:36:00.000000000,2009-04-17 21:36:00.000000000,109 days 02:24:00.000000000,107 days 02:24:00.000000000,-2 days +00:00:00.000000000
7955,2009-11-21 00:00:00.000000000,2009-11-12 00:00:00.000000000,2009-11-12 00:00:00.000000000,2009-09-02 00:00:00.000000000,1910-01-01 00:00:00.000000000,2009-10-01 07:12:00.000000000,2009-07-13 07:12:00.000000000,50 days 16:48:00.000000000,41 days 16:48:00.000000000,-9 days +00:00:00.000000000
7956,2009-12-01 00:00:00.000000000,2009-12-02 00:00:00.000000000,2009-12-02 00:00:00.000000000,2009-07-24 00:00:00.000000000,1910-01-01 00:00:00.000000000,2009-08-12 04:55:23.059200000,2009-04-04 04:55:23.059200000,110 days 19:04:36.940800000,111 days 19:04:36.940800000,1 days 00:00:00.000000000
7957,2009-12-01 00:00:00.000000000,2009-12-02 00:00:00.000000000,2009-12-02 00:00:00.000000000,2009-07-24 00:00:00.000000000,1910-01-01 00:00:00.000000000,2009-08-12 04:55:23.059200000,2009-04-04 04:55:23.059200000,110 days 19:04:36.940800000,111 days 19:04:36.940800000,1 days 00:00:00.000000000
7958,2009-11-30 00:00:00.000000000,2009-12-02 00:00:00.000000000,2009-12-02 00:00:00.000000000,2009-10-15 00:00:00.000000000,1910-01-01 00:00:00.000000000,2009-08-11 04:55:23.059200000,2009-06-26 04:55:23.059200000,110 days 19:04:36.940800000,112 days 19:04:36.940800000,2 days 00:00:00.000000000
7959,2009-11-30 00:00:00.000000000,2009-11-30 00:00:00.000000000,2009-11-30 00:00:00.000000000,2009-09-23 00:00:00.000000000,1910-01-01 00:00:00.000000000,2009-09-14 23:06:40.003200000,2009-07-08 23:06:40.003200000,76 days 00:53:19.996800000,76 days 00:53:19.996800000,0 days 00:00:00.000000000
7960,2009-12-02 00:00:00.000000000,2009-11-30 00:00:00.000000000,2009-11-30 00:00:00.000000000,2009-09-23 00:00:00.000000000,1910-01-01 00:00:00.000000000,2009-09-16 23:06:40.003200000,2009-07-08 23:06:40.003200000,76 days 00:53:19.996800000,74 days 00:53:19.996800000,-2 days +00:00:00.000000000
7961,2009-11-30 00:00:00.000000000,2009-11-11 00:00:00.000000000,2009-11-11 00:00:00.000000000,2009-08-05 00:00:00.000000000,1910-01-01 00:00:00.000000000,2009-08-12 21:36:00.000000000,2009-04-17 21:36:00.000000000,109 days 02:24:00.000000000,90 days 02:24:00.000000000,-19 days +00:00:00.000000000
7962,2009-12-07 00:00:00.000000000,2009-11-30 00:00:00.000000000,2009-11-30 00:00:00.000000000,2009-09-25 00:00:00.000000000,1910-01-01 00:00:00.000000000,2009-10-17 07:12:00.000000000,2009-08-05 07:12:00.000000000,50 days 16:48:00.000000000,43 days 16:48:00.000000000,-7 days +00:00:00.000000000
7963,2009-12-18 00:00:00.000000000,2009-12-18 00:00:00.000000000,2009-12-18 00:00:00.000000000,2009-08-13 00:00:00.000000000,1910-01-01 00:00:00.000000000,2009-08-31 14:36:31.334400000,2009-04-26 14:36:31.334400000,108 days 09:23:28.665600000,108 days 09:23:28.665600000,0 days 00:00:00.000000000
7964,2010-01-15 00:00:00.000000000,2009-12-03 00:00:00.000000000,2009-12-03 00:00:00.000000000,2009-08-05 00:00:00.000000000,1910-01-01 00:00:00.000000000,2009-09-29 09:49:05.462400000,2009-04-19 09:49:05.462400000,107 days 14:10:54.537600000,64 days 14:10:54.537600000,-43 days +00:00:00.000000000
7965,2010-02-03 00:00:00.000000000,2009-12-23 00:00:00.000000000,2009-12-23 00:00:00.000000000,2009-10-28 00:00:00.000000000,1910-01-01 00:00:00.000000000,2009-11-29 09:52:56.496000001,2009-08-23 09:52:56.496000001,65 days 14:07:03.503999999,23 days 14:07:03.503999999,-42 days +00:00:00.000000000
7966,2010-02-11 00:00:00.000000000,2009-12-18 00:00:00.000000000,2009-12-18 00:00:00.000000000,2009-12-03 00:00:00.000000000,1910-01-01 00:00:00.000000000,2009-10-19 18:48:14.832000000,2009-08-10 18:48:14.832000000,114 days 05:11:45.168000000,59 days 05:11:45.168000000,-55 days +00:00:00.000000000
7967,2010-01-11 00:00:00.000000000,2010-01-08 00:00:00.000000000,2010-01-08 00:00:00.000000000,2009-09-23 00:00:00.000000000,1910-01-01 00:00:00.000000000,2009-10-03 18:40:00.019200000,2009-06-15 18:40:00.019200000,99 days 05:19:59.980800000,96 days 05:19:59.980800000,-3 days +00:00:00.000000000
7968,2010-02-28 00:00:00.000000000,2010-01-15 00:00:00.000000000,2010-01-15 00:00:00.000000000,2009-12-28 00:00:00.000000000,1910-01-01 00:00:00.000000000,2010-01-27 02:39:59.990400000,2009-11-26 02:39:59.990400000,31 days 21:20:00.009600000,-13 days +21:20:00.009600000,-44 days +00:00:00.000000000
7969,2010-02-08 00:00:00.000000000,2010-01-23 00:00:00.000000000,2010-01-23 00:00:00.000000000,2009-07-24 00:00:00.000000000,1910-01-01 00:00:00.000000000,2009-11-02 07:36:35.107200001,2009-04-17 07:36:35.107200001,97 days 16:23:24.892799999,81 days 16:23:24.892799999,-16 days +00:00:00.000000000
7970,2010-02-11 00:00:00.000000000,2010-01-29 00:00:00.000000000,2010-01-29 00:00:00.000000000,2009-10-28 00:00:00.000000000,1910-01-01 00:00:00.000000000,2009-12-07 09:52:56.496000001,2009-08-23 09:52:56.496000001,65 days 14:07:03.503999999,52 days 14:07:03.503999999,-13 days +00:00:00.000000000
7971,2010-04-06 00:00:00.000000000,2010-02-15 00:00:00.000000000,2010-02-15 00:00:00.000000000,2009-10-15 00:00:00.000000000,1910-01-01 00:00:00.000000000,2009-12-29 07:36:35.107200001,2009-07-09 07:36:35.107200001,97 days 16:23:24.892799999,47 days 16:23:24.892799999,-50 days +00:00:00.000000000
7972,2010-03-15 00:00:00.000000000,2010-03-05 00:00:00.000000000,2010-03-05 00:00:00.000000000,2009-09-17 00:00:00.000000000,1910-01-01 00:00:00.000000000,2009-11-27 09:49:05.462400000,2009-06-01 09:49:05.462400000,107 days 14:10:54.537600000,97 days 14:10:54.537600000,-10 days +00:00:00.000000000
7973,2010-03-15 00:00:00.000000000,2010-03-05 00:00:00.000000000,2010-03-05 00:00:00.000000000,2009-09-17 00:00:00.000000000,1910-01-01 00:00:00.000000000,2009-11-27 09:49:05.462400000,2009-06-01 09:49:05.462400000,107 days 14:10:54.537600000,97 days 14:10:54.537600000,-10 days +00:00:00.000000000
7974,2010-03-15 00:00:00.000000000,2010-03-05 00:00:00.000000000,2010-03-05 00:00:00.000000000,2009-09-17 00:00:00.000000000,1910-01-01 00:00:00.000000000,2009-11-27 09:49:05.462400000,2009-06-01 09:49:05.462400000,107 days 14:10:54.537600000,97 days 14:10:54.537600000,-10 days +00:00:00.000000000
7975,2010-03-31 00:00:00.000000000,2010-03-12 00:00:00.000000000,2010-03-12 00:00:00.000000000,2009-03-17 00:00:00.000000000,1910-01-01 00:00:00.000000000,2010-01-06 00:00:00.000000000,2008-12-23 00:00:00.000000000,84 days 00:00:00.000000000,65 days 00:00:00.000000000,-19 days +00:00:00.000000000
7976,2010-03-09 00:00:00.000000000,2010-03-01 00:00:00.000000000,2010-03-01 00:00:00.000000000,2009-10-15 00:00:00.000000000,1910-01-01 00:00:00.000000000,2009-12-01 07:36:35.107200001,2009-07-09 07:36:35.107200001,97 days 16:23:24.892799999,89 days 16:23:24.892799999,-8 days +00:00:00.000000000
7977,2010-03-10 00:00:00.000000000,2010-03-03 00:00:00.000000000,2010-03-03 00:00:00.000000000,2009-10-23 00:00:00.000000000,1910-01-01 00:00:00.000000000,2009-11-30 18:40:00.019200000,2009-07-15 18:40:00.019200000,99 days 05:19:59.980800000,92 days 05:19:59.980800000,-7 days +00:00:00.000000000
7978,2010-03-15 00:00:00.000000000,2010-03-15 00:00:00.000000000,2010-03-15 00:00:00.000000000,2009-10-23 00:00:00.000000000,1910-01-01 00:00:00.000000000,2009-12-05 18:40:00.019200000,2009-07-15 18:40:00.019200000,99 days 05:19:59.980800000,99 days 05:19:59.980800000,0 days 00:00:00.000000000
7979,2010-03-15 00:00:00.000000000,2010-03-15 00:00:00.000000000,2010-03-15 00:00:00.000000000,2009-10-23 00:00:00.000000000,1910-01-01 00:00:00.000000000,2009-12-05 18:40:00.019200000,2009-07-15 18:40:00.019200000,99 days 05:19:59.980800000,99 days 05:19:59.980800000,0 days 00:00:00.000000000
7980,2010-03-22 00:00:00.000000000,2010-03-17 00:00:00.000000000,2010-03-17 00:00:00.000000000,2009-10-28 00:00:00.000000000,1910-01-01 00:00:00.000000000,2010-01-15 09:52:56.496000001,2009-08-23 09:52:56.496000001,65 days 14:07:03.503999999,60 days 14:07:03.503999999,-5 days +00:00:00.000000000
7981,2010-03-09 00:00:00.000000000,2010-03-10 00:00:00.000000000,2010-03-10 00:00:00.000000000,2009-10-15 00:00:00.000000000,1910-01-01 00:00:00.000000000,2009-12-01 07:36:35.107200001,2009-07-09 07:36:35.107200001,97 days 16:23:24.892799999,98 days 16:23:24.892799999,1 days 00:00:00.000000000
7982,2010-04-19 00:00:00.000000000,2010-03-31 00:00:00.000000000,2010-03-31 00:00:00.000000000,2009-11-06 00:00:00.000000000,1910-01-01 00:00:00.000000000,2010-01-24 01:59:59.971200000,2009-08-13 01:59:59.971200000,84 days 22:00:00.028800000,65 days 22:00:00.028800000,-19 days +00:00:00.000000000
7983,2010-04-19 00:00:00.000000000,2010-03-31 00:00:00.000000000,2010-03-31 00:00:00.000000000,2009-11-06 00:00:00.000000000,1910-01-01 00:00:00.000000000,2010-01-24 01:59:59.971200000,2009-08-13 01:59:59.971200000,84 days 22:00:00.028800000,65 days 22:00:00.028800000,-19 days +00:00:00.000000000
7984,2010-04-19 00:00:00.000000000,2010-03-30 00:00:00.000000000,2010-03-30 00:00:00.000000000,2009-11-06 00:00:00.000000000,1910-01-01 00:00:00.000000000,2010-01-24 01:59:59.971200000,2009-08-13 01:59:59.971200000,84 days 22:00:00.028800000,64 days 22:00:00.028800000,-20 days +00:00:00.000000000
7985,2010-04-19 00:00:00.000000000,2010-05-18 00:00:00.000000000,2010-05-18 00:00:00.000000000,2009-11-06 00:00:00.000000000,1910-01-01 00:00:00.000000000,2010-01-24 01:59:59.971200000,2009-08-13 01:59:59.971200000,84 days 22:00:00.028800000,113 days 22:00:00.028800000,29 days 00:00:00.000000000
7986,2010-04-19 00:00:00.000000000,2010-03-31 00:00:00.000000000,2010-03-31 00:00:00.000000000,2009-11-06 00:00:00.000000000,1910-01-01 00:00:00.000000000,2010-01-24 01:59:59.971200000,2009-08-13 01:59:59.971200000,84 days 22:00:00.028800000,65 days 22:00:00.028800000,-19 days +00:00:00.000000000
7987,2010-04-12 00:00:00.000000000,2010-03-25 00:00:00.000000000,2010-03-25 00:00:00.000000000,2009-10-28 00:00:00.000000000,1910-01-01 00:00:00.000000000,2010-02-05 09:52:56.496000001,2009-08-23 09:52:56.496000001,65 days 14:07:03.503999999,47 days 14:07:03.503999999,-18 days +00:00:00.000000000
7988,2010-06-04 00:00:00.000000000,2010-04-12 00:00:00.000000000,2010-04-12 00:00:00.000000000,2010-03-04 00:00:00.000000000,1910-01-01 00:00:00.000000000,2010-03-30 09:52:56.496000001,2009-12-28 09:52:56.496000001,65 days 14:07:03.503999999,12 days 14:07:03.503999999,-53 days +00:00:00.000000000
7989,2010-06-15 00:00:00.000000000,2010-04-19 00:00:00.000000000,2010-04-19 00:00:00.000000000,2010-03-23 00:00:00.000000000,1910-01-01 00:00:00.000000000,2009-12-11 20:29:16.137600000,2009-09-18 20:29:16.137600000,185 days 03:30:43.862400000,128 days 03:30:43.862400000,-57 days +00:00:00.000000000
7990,2010-05-31 00:00:00.000000000,2010-05-18 00:00:00.000000000,2010-05-18 00:00:00.000000000,2009-11-06 00:00:00.000000000,1910-01-01 00:00:00.000000000,2010-03-07 01:59:59.971200000,2009-08-13 01:59:59.971200000,84 days 22:00:00.028800000,71 days 22:00:00.028800000,-13 days +00:00:00.000000000
7991,2010-05-31 00:00:00.000000000,2010-05-18 00:00:00.000000000,2010-05-18 00:00:00.000000000,2009-11-06 00:00:00.000000000,1910-01-01 00:00:00.000000000,2010-03-07 01:59:59.971200000,2009-08-13 01:59:59.971200000,84 days 22:00:00.028800000,71 days 22:00:00.028800000,-13 days +00:00:00.000000000
7992,2010-06-30 00:00:00.000000000,2010-05-27 00:00:00.000000000,2010-05-27 00:00:00.000000000,2010-04-07 00:00:00.000000000,1910-01-01 00:00:00.000000000,2010-05-08 17:08:34.310400000,2010-02-13 17:08:34.310400000,52 days 06:51:25.689600000,18 days 06:51:25.689600000,-34 days +00:00:00.000000000
7993,2010-05-31 00:00:00.000000000,2010-05-18 00:00:00.000000000,2010-05-18 00:00:00.000000000,2009-11-06 00:00:00.000000000,1910-01-01 00:00:00.000000000,2010-03-07 01:59:59.971200000,2009-08-13 01:59:59.971200000,84 days 22:00:00.028800000,71 days 22:00:00.028800000,-13 days +00:00:00.000000000
7994,2010-05-31 00:00:00.000000000,2010-05-18 00:00:00.000000000,2010-05-18 00:00:00.000000000,2009-11-06 00:00:00.000000000,1910-01-01 00:00:00.000000000,2010-03-07 01:59:59.971200000,2009-08-13 01:59:59.971200000,84 days 22:00:00.028800000,71 days 22:00:00.028800000,-13 days +00:00:00.000000000
7995,2010-05-17 00:00:00.000000000,2010-05-11 00:00:00.000000000,2010-05-11 00:00:00.000000000,2009-09-17 00:00:00.000000000,1910-01-01 00:00:00.000000000,2010-01-29 09:49:05.462400000,2009-06-01 09:49:05.462400000,107 days 14:10:54.537600000,101 days 14:10:54.537600000,-6 days +00:00:00.000000000
7996,2010-05-28 00:00:00.000000000,2010-05-31 00:00:00.000000000,2010-05-31 00:00:00.000000000,2009-12-08 00:00:00.000000000,1910-01-01 00:00:00.000000000,2010-03-05 00:00:00.000000000,2009-09-15 00:00:00.000000000,84 days 00:00:00.000000000,87 days 00:00:00.000000000,3 days 00:00:00.000000000
7997,2010-06-30 00:00:00.000000000,2010-06-14 00:00:00.000000000,2010-06-14 00:00:00.000000000,2009-12-23 00:00:00.000000000,1910-01-01 00:00:00.000000000,2010-03-26 22:00:00.028800000,2009-09-18 22:00:00.028800000,95 days 01:59:59.971200000,79 days 01:59:59.971200000,-16 days +00:00:00.000000000
7998,2010-05-31 00:00:00.000000000,2010-05-19 00:00:00.000000000,2010-05-19 00:00:00.000000000,2010-03-04 00:00:00.000000000,1910-01-01 00:00:00.000000000,2010-03-26 09:52:56.496000001,2009-12-28 09:52:56.496000001,65 days 14:07:03.503999999,53 days 14:07:03.503999999,-12 days +00:00:00.000000000
7999,2010-07-30 00:00:00.000000000,2010-05-31 00:00:00.000000000,2010-05-31 00:00:00.000000000,2009-12-08 00:00:00.000000000,1910-01-01 00:00:00.000000000,2010-05-07 00:00:00.000000000,2009-09-15 00:00:00.000000000,84 days 00:00:00.000000000,24 days 00:00:00.000000000,-60 days +00:00:00.000000000
8000,2010-06-09 00:00:00.000000000,2010-05-25 00:00:00.000000000,2010-05-25 00:00:00.000000000,2010-03-02 00:00:00.000000000,1910-01-01 00:00:00.000000000,2010-04-04 09:52:56.496000001,2009-12-26 09:52:56.496000001,65 days 14:07:03.503999999,50 days 14:07:03.503999999,-15 days +00:00:00.000000000
8001,2010-06-02 00:00:00.000000000,2010-06-09 00:00:00.000000000,2010-06-09 00:00:00.000000000,2009-10-23 00:00:00.000000000,1910-01-01 00:00:00.000000000,2010-02-22 18:40:00.019200000,2009-07-15 18:40:00.019200000,99 days 05:19:59.980800000,106 days 05:19:59.980800000,7 days 00:00:00.000000000
8002,2010-06-09 00:00:00.000000000,2010-06-15 00:00:00.000000000,2010-06-15 00:00:00.000000000,2010-03-02 00:00:00.000000000,1910-01-01 00:00:00.000000000,2010-04-04 09:52:56.496000001,2009-12-26 09:52:56.496000001,65 days 14:07:03.503999999,71 days 14:07:03.503999999,6 days 00:00:00.000000000
8003,2010-06-30 00:00:00.000000000,2010-06-18 00:00:00.000000000,2010-06-18 00:00:00.000000000,2010-05-07 00:00:00.000000000,1910-01-01 00:00:00.000000000,2010-05-29 02:39:59.990400000,2010-04-05 02:39:59.990400000,31 days 21:20:00.009600000,19 days 21:20:00.009600000,-12 days +00:00:00.000000000
8004,2010-07-15 00:00:00.000000000,2010-07-07 00:00:00.000000000,2010-07-07 00:00:00.000000000,2010-03-25 00:00:00.000000000,1910-01-01 00:00:00.000000000,2010-01-10 20:29:16.137600000,2009-09-20 20:29:16.137600000,185 days 03:30:43.862400000,177 days 03:30:43.862400000,-8 days +00:00:00.000000000
8005,2010-07-28 00:00:00.000000000,2010-07-22 00:00:00.000000000,2010-07-22 00:00:00.000000000,2010-03-02 00:00:00.000000000,1910-01-01 00:00:00.000000000,2010-05-23 09:52:56.496000001,2009-12-26 09:52:56.496000001,65 days 14:07:03.503999999,59 days 14:07:03.503999999,-6 days +00:00:00.000000000
8006,2010-11-04 00:00:00.000000000,2010-06-29 00:00:00.000000000,2010-06-29 00:00:00.000000000,2010-05-20 00:00:00.000000000,1910-01-01 00:00:00.000000000,2010-07-19 09:49:05.462400000,2010-02-01 09:49:05.462400000,107 days 14:10:54.537600000,-21 days +14:10:54.537600000,-128 days +00:00:00.000000000
8007,2010-08-31 00:00:00.000000000,2010-07-20 00:00:00.000000000,2010-07-20 00:00:00.000000000,2009-02-26 00:00:00.000000000,1910-01-01 00:00:00.000000000,2010-05-27 22:00:00.028800000,2008-11-22 22:00:00.028800000,95 days 01:59:59.971200000,53 days 01:59:59.971200000,-42 days +00:00:00.000000000
8008,2010-07-15 00:00:00.000000000,2010-06-28 00:00:00.000000000,2010-06-28 00:00:00.000000000,2010-02-10 00:00:00.000000000,1910-01-01 00:00:00.000000000,2010-04-21 01:59:59.971200000,2009-11-17 01:59:59.971200000,84 days 22:00:00.028800000,67 days 22:00:00.028800000,-17 days +00:00:00.000000000
8009,2010-07-15 00:00:00.000000000,2010-06-28 00:00:00.000000000,2010-06-28 00:00:00.000000000,2010-02-10 00:00:00.000000000,1910-01-01 00:00:00.000000000,2010-04-21 01:59:59.971200000,2009-11-17 01:59:59.971200000,84 days 22:00:00.028800000,67 days 22:00:00.028800000,-17 days +00:00:00.000000000
8010,2010-07-15 00:00:00.000000000,2010-06-28 00:00:00.000000000,2010-06-28 00:00:00.000000000,2010-02-10 00:00:00.000000000,1910-01-01 00:00:00.000000000,2010-04-21 01:59:59.971200000,2009-11-17 01:59:59.971200000,84 days 22:00:00.028800000,67 days 22:00:00.028800000,-17 days +00:00:00.000000000
8011,2010-07-15 00:00:00.000000000,2010-06-28 00:00:00.000000000,2010-06-28 00:00:00.000000000,2010-02-10 00:00:00.000000000,1910-01-01 00:00:00.000000000,2010-04-21 01:59:59.971200000,2009-11-17 01:59:59.971200000,84 days 22:00:00.028800000,67 days 22:00:00.028800000,-17 days +00:00:00.000000000
8012,2010-07-15 00:00:00.000000000,2010-06-28 00:00:00.000000000,2010-06-28 00:00:00.000000000,2010-02-10 00:00:00.000000000,1910-01-01 00:00:00.000000000,2010-04-21 01:59:59.971200000,2009-11-17 01:59:59.971200000,84 days 22:00:00.028800000,67 days 22:00:00.028800000,-17 days +00:00:00.000000000
8013,2010-07-19 00:00:00.000000000,2010-08-04 00:00:00.000000000,2010-08-04 00:00:00.000000000,2010-02-23 00:00:00.000000000,1910-01-01 00:00:00.000000000,2010-03-27 10:30:00.000000000,2009-11-01 10:30:00.000000000,113 days 13:30:00.000000000,129 days 13:30:00.000000000,16 days 00:00:00.000000000
8014,2010-07-15 00:00:00.000000000,2010-06-28 00:00:00.000000000,2010-06-28 00:00:00.000000000,2010-02-10 00:00:00.000000000,1910-01-01 00:00:00.000000000,2010-04-21 01:59:59.971200000,2009-11-17 01:59:59.971200000,84 days 22:00:00.028800000,67 days 22:00:00.028800000,-17 days +00:00:00.000000000
8015,2010-07-15 00:00:00.000000000,2010-06-28 00:00:00.000000000,2010-06-28 00:00:00.000000000,2010-02-10 00:00:00.000000000,1910-01-01 00:00:00.000000000,2010-04-21 01:59:59.971200000,2009-11-17 01:59:59.971200000,84 days 22:00:00.028800000,67 days 22:00:00.028800000,-17 days +00:00:00.000000000
8016,2010-07-21 00:00:00.000000000,2010-07-21 00:00:00.000000000,2010-07-21 00:00:00.000000000,2010-03-01 00:00:00.000000000,1910-01-01 00:00:00.000000000,2010-03-29 10:30:00.000000000,2009-11-07 10:30:00.000000000,113 days 13:30:00.000000000,113 days 13:30:00.000000000,0 days 00:00:00.000000000
8017,2010-07-30 00:00:00.000000000,2010-07-22 00:00:00.000000000,2010-07-22 00:00:00.000000000,2009-12-08 00:00:00.000000000,1910-01-01 00:00:00.000000000,2010-05-07 00:00:00.000000000,2009-09-15 00:00:00.000000000,84 days 00:00:00.000000000,76 days 00:00:00.000000000,-8 days +00:00:00.000000000
8018,2010-07-30 00:00:00.000000000,2010-07-22 00:00:00.000000000,2010-07-22 00:00:00.000000000,2009-12-08 00:00:00.000000000,1910-01-01 00:00:00.000000000,2010-05-07 00:00:00.000000000,2009-09-15 00:00:00.000000000,84 days 00:00:00.000000000,76 days 00:00:00.000000000,-8 days +00:00:00.000000000
8019,2010-07-30 00:00:00.000000000,2010-07-22 00:00:00.000000000,2010-07-22 00:00:00.000000000,2009-12-08 00:00:00.000000000,1910-01-01 00:00:00.000000000,2010-05-07 00:00:00.000000000,2009-09-15 00:00:00.000000000,84 days 00:00:00.000000000,76 days 00:00:00.000000000,-8 days +00:00:00.000000000
8020,2010-09-21 00:00:00.000000000,2010-07-19 00:00:00.000000000,2010-07-19 00:00:00.000000000,2010-06-28 00:00:00.000000000,1910-01-01 00:00:00.000000000,2010-08-20 02:39:59.990400000,2010-05-27 02:39:59.990400000,31 days 21:20:00.009600000,-33 days +21:20:00.009600000,-64 days +00:00:00.000000000
8021,2010-08-16 00:00:00.000000000,2010-08-17 00:00:00.000000000,2010-08-17 00:00:00.000000000,2010-02-10 00:00:00.000000000,1910-01-01 00:00:00.000000000,2010-05-23 01:59:59.971200000,2009-11-17 01:59:59.971200000,84 days 22:00:00.028800000,85 days 22:00:00.028800000,1 days 00:00:00.000000000
8022,2010-08-24 00:00:00.000000000,2010-08-23 00:00:00.000000000,2010-08-23 00:00:00.000000000,2010-04-19 00:00:00.000000000,1910-01-01 00:00:00.000000000,2010-05-16 18:40:00.019200000,2010-01-09 18:40:00.019200000,99 days 05:19:59.980800000,98 days 05:19:59.980800000,-1 days +00:00:00.000000000
8023,2010-08-31 00:00:00.000000000,2010-08-17 00:00:00.000000000,2010-08-17 00:00:00.000000000,2010-05-27 00:00:00.000000000,1910-01-01 00:00:00.000000000,2010-06-07 01:59:59.971200000,2010-03-03 01:59:59.971200000,84 days 22:00:00.028800000,70 days 22:00:00.028800000,-14 days +00:00:00.000000000
8024,2010-08-31 00:00:00.000000000,2010-08-17 00:00:00.000000000,2010-08-17 00:00:00.000000000,2010-05-27 00:00:00.000000000,1910-01-01 00:00:00.000000000,2010-06-07 01:59:59.971200000,2010-03-03 01:59:59.971200000,84 days 22:00:00.028800000,70 days 22:00:00.028800000,-14 days +00:00:00.000000000
8025,2010-08-17 00:00:00.000000000,2010-08-09 00:00:00.000000000,2010-08-09 00:00:00.000000000,2010-07-26 00:00:00.000000000,1910-01-01 00:00:00.000000000,2010-07-16 02:39:59.990400000,2010-06-24 02:39:59.990400000,31 days 21:20:00.009600000,23 days 21:20:00.009600000,-8 days +00:00:00.000000000
8026,2010-08-31 00:00:00.000000000,2010-08-23 00:00:00.000000000,2010-08-23 00:00:00.000000000,2010-05-07 00:00:00.000000000,1910-01-01 00:00:00.000000000,2010-05-25 07:36:35.107200001,2010-01-29 07:36:35.107200001,97 days 16:23:24.892799999,89 days 16:23:24.892799999,-8 days +00:00:00.000000000
8027,2010-08-30 00:00:00.000000000,2010-08-28 00:00:00.000000000,2010-08-28 00:00:00.000000000,2010-07-16 00:00:00.000000000,1910-01-01 00:00:00.000000000,2010-07-11 16:00:00.028800000,2010-05-27 16:00:00.028800000,49 days 07:59:59.971200000,47 days 07:59:59.971200000,-2 days +00:00:00.000000000
8028,2010-08-12 00:00:00.000000000,2010-08-17 00:00:00.000000000,2010-08-17 00:00:00.000000000,2010-02-10 00:00:00.000000000,1910-01-01 00:00:00.000000000,2010-05-19 01:59:59.971200000,2009-11-17 01:59:59.971200000,84 days 22:00:00.028800000,89 days 22:00:00.028800000,5 days 00:00:00.000000000
8029,2010-08-12 00:00:00.000000000,2010-08-17 00:00:00.000000000,2010-08-17 00:00:00.000000000,2010-02-10 00:00:00.000000000,1910-01-01 00:00:00.000000000,2010-05-19 01:59:59.971200000,2009-11-17 01:59:59.971200000,84 days 22:00:00.028800000,89 days 22:00:00.028800000,5 days 00:00:00.000000000
8030,2010-09-30 00:00:00.000000000,2010-09-10 00:00:00.000000000,2010-09-10 00:00:00.000000000,2010-08-16 00:00:00.000000000,1910-01-01 00:00:00.000000000,2010-06-08 10:30:00.000000000,2010-04-24 10:30:00.000000000,113 days 13:30:00.000000000,93 days 13:30:00.000000000,-20 days +00:00:00.000000000
8031,2010-09-30 00:00:00.000000000,2010-09-06 00:00:00.000000000,2010-09-06 00:00:00.000000000,2009-12-08 00:00:00.000000000,1910-01-01 00:00:00.000000000,2010-06-24 07:36:35.107200001,2009-09-01 07:36:35.107200001,97 days 16:23:24.892799999,73 days 16:23:24.892799999,-24 days +00:00:00.000000000
8032,2010-10-19 00:00:00.000000000,2010-09-25 00:00:00.000000000,2010-09-25 00:00:00.000000000,2010-05-07 00:00:00.000000000,1910-01-01 00:00:00.000000000,2010-07-13 07:36:35.107200001,2010-01-29 07:36:35.107200001,97 days 16:23:24.892799999,73 days 16:23:24.892799999,-24 days +00:00:00.000000000
8033,2010-10-19 00:00:00.000000000,2010-09-25 00:00:00.000000000,2010-09-25 00:00:00.000000000,2010-05-07 00:00:00.000000000,1910-01-01 00:00:00.000000000,2010-07-13 07:36:35.107200001,2010-01-29 07:36:35.107200001,97 days 16:23:24.892799999,73 days 16:23:24.892799999,-24 days +00:00:00.000000000
8034,2010-09-30 00:00:00.000000000,2010-10-07 00:00:00.000000000,2010-10-07 00:00:00.000000000,2010-04-19 00:00:00.000000000,1910-01-01 00:00:00.000000000,2010-06-22 18:40:00.019200000,2010-01-09 18:40:00.019200000,99 days 05:19:59.980800000,106 days 05:19:59.980800000,7 days 00:00:00.000000000
8035,2010-11-23 00:00:00.000000000,2010-09-19 00:00:00.000000000,2010-09-19 00:00:00.000000000,2010-08-27 00:00:00.000000000,1910-01-01 00:00:00.000000000,2010-10-01 17:08:34.310400000,2010-07-05 17:08:34.310400000,52 days 06:51:25.689600000,-13 days +06:51:25.689600000,-65 days +00:00:00.000000000
8036,2010-11-23 00:00:00.000000000,2010-09-19 00:00:00.000000000,2010-09-19 00:00:00.000000000,2010-08-30 00:00:00.000000000,1910-01-01 00:00:00.000000000,2010-10-01 17:08:34.310400000,2010-07-08 17:08:34.310400000,52 days 06:51:25.689600000,-13 days +06:51:25.689600000,-65 days +00:00:00.000000000
8037,2010-09-30 00:00:00.000000000,2010-10-04 00:00:00.000000000,2010-10-04 00:00:00.000000000,2009-12-08 00:00:00.000000000,1910-01-01 00:00:00.000000000,2010-07-08 00:00:00.000000000,2009-09-15 00:00:00.000000000,84 days 00:00:00.000000000,88 days 00:00:00.000000000,4 days 00:00:00.000000000
8038,2010-10-20 00:00:00.000000000,2010-09-28 00:00:00.000000000,2010-09-28 00:00:00.000000000,2010-09-22 00:00:00.000000000,1910-01-01 00:00:00.000000000,2010-08-28 17:08:34.310400000,2010-07-31 17:08:34.310400000,52 days 06:51:25.689600000,30 days 06:51:25.689600000,-22 days +00:00:00.000000000
8039,2010-10-20 00:00:00.000000000,2010-10-25 00:00:00.000000000,2010-10-25 00:00:00.000000000,2010-09-16 00:00:00.000000000,1910-01-01 00:00:00.000000000,2010-08-15 09:52:56.496000001,2010-07-12 09:52:56.496000001,65 days 14:07:03.503999999,70 days 14:07:03.503999999,5 days 00:00:00.000000000
8040,2010-10-20 00:00:00.000000000,2010-10-25 00:00:00.000000000,2010-10-25 00:00:00.000000000,2010-09-16 00:00:00.000000000,1910-01-01 00:00:00.000000000,2010-08-15 09:52:56.496000001,2010-07-12 09:52:56.496000001,65 days 14:07:03.503999999,70 days 14:07:03.503999999,5 days 00:00:00.000000000
8041,2010-10-22 00:00:00.000000000,2010-11-10 00:00:00.000000000,2010-11-10 00:00:00.000000000,2010-05-27 00:00:00.000000000,1910-01-01 00:00:00.000000000,2010-07-29 01:59:59.971200000,2010-03-03 01:59:59.971200000,84 days 22:00:00.028800000,103 days 22:00:00.028800000,19 days 00:00:00.000000000
8042,2010-10-22 00:00:00.000000000,2010-11-10 00:00:00.000000000,2010-11-10 00:00:00.000000000,2010-05-27 00:00:00.000000000,1910-01-01 00:00:00.000000000,2010-07-29 01:59:59.971200000,2010-03-03 01:59:59.971200000,84 days 22:00:00.028800000,103 days 22:00:00.028800000,19 days 00:00:00.000000000
8043,2010-11-19 00:00:00.000000000,2010-11-17 00:00:00.000000000,2010-11-17 00:00:00.000000000,2010-09-24 00:00:00.000000000,1910-01-01 00:00:00.000000000,2010-10-18 02:39:59.990400000,2010-08-23 02:39:59.990400000,31 days 21:20:00.009600000,29 days 21:20:00.009600000,-2 days +00:00:00.000000000
8044,2010-12-31 00:00:00.000000000,2010-11-25 00:00:00.000000000,2010-11-25 00:00:00.000000000,2010-08-20 00:00:00.000000000,1910-01-01 00:00:00.000000000,2010-09-14 09:49:05.462400000,2010-05-04 09:49:05.462400000,107 days 14:10:54.537600000,71 days 14:10:54.537600000,-36 days +00:00:00.000000000
8045,2010-11-26 00:00:00.000000000,2010-12-15 00:00:00.000000000,2010-12-15 00:00:00.000000000,2010-04-19 00:00:00.000000000,1910-01-01 00:00:00.000000000,2010-08-18 18:40:00.019200000,2010-01-09 18:40:00.019200000,99 days 05:19:59.980800000,118 days 05:19:59.980800000,19 days 00:00:00.000000000
8046,2010-11-30 00:00:00.000000000,2010-12-22 00:00:00.000000000,2010-12-22 00:00:00.000000000,2010-05-07 00:00:00.000000000,1910-01-01 00:00:00.000000000,2010-08-24 07:36:35.107200001,2010-01-29 07:36:35.107200001,97 days 16:23:24.892799999,119 days 16:23:24.892799999,22 days 00:00:00.000000000
8047,2011-03-30 00:00:00.000000000,2011-01-09 00:00:00.000000000,2011-01-09 00:00:00.000000000,2010-08-25 00:00:00.000000000,1910-01-01 00:00:00.000000000,2010-12-25 01:00:00.028800000,2010-05-22 01:00:00.028800000,94 days 22:59:59.971200000,14 days 22:59:59.971200000,-80 days +00:00:00.000000000
8048,2011-02-07 00:00:00.000000000,2011-01-14 00:00:00.000000000,2011-01-14 00:00:00.000000000,2010-09-29 00:00:00.000000000,1910-01-01 00:00:00.000000000,2010-11-07 13:42:51.465600000,2010-06-29 13:42:51.465600000,91 days 10:17:08.534400000,67 days 10:17:08.534400000,-24 days +00:00:00.000000000
8049,2011-03-10 00:00:00.000000000,2011-03-02 00:00:00.000000000,2011-03-02 00:00:00.000000000,2010-09-23 00:00:00.000000000,1910-01-01 00:00:00.000000000,2010-10-16 14:07:03.504000000,2010-05-01 14:07:03.504000000,144 days 09:52:56.496000000,136 days 09:52:56.496000000,-8 days +00:00:00.000000000
8050,2011-02-21 00:00:00.000000000,2011-02-16 00:00:00.000000000,2011-02-16 00:00:00.000000000,2010-08-25 00:00:00.000000000,1910-01-01 00:00:00.000000000,2010-11-18 01:00:00.028800000,2010-05-22 01:00:00.028800000,94 days 22:59:59.971200000,89 days 22:59:59.971200000,-5 days +00:00:00.000000000
8051,2011-01-31 00:00:00.000000000,2011-02-22 00:00:00.000000000,2011-02-22 00:00:00.000000000,2010-08-03 00:00:00.000000000,1910-01-01 00:00:00.000000000,2010-08-21 16:33:06.192000000,2010-02-21 16:33:06.192000000,162 days 07:26:53.808000000,184 days 07:26:53.808000000,22 days 00:00:00.000000000
8052,2011-02-09 00:00:00.000000000,2011-02-07 00:00:00.000000000,2011-02-07 00:00:00.000000000,2011-01-06 00:00:00.000000000,1910-01-01 00:00:00.000000000,2010-09-01 13:05:27.312000000,2010-07-29 13:05:27.312000000,160 days 10:54:32.688000000,158 days 10:54:32.688000000,-2 days +00:00:00.000000000
8053,2011-03-31 00:00:00.000000000,2011-03-07 00:00:00.000000000,2011-03-07 00:00:00.000000000,2010-08-20 00:00:00.000000000,1910-01-01 00:00:00.000000000,2011-01-03 10:54:32.688000000,2010-05-25 10:54:32.688000000,86 days 13:05:27.312000000,62 days 13:05:27.312000000,-24 days +00:00:00.000000000
8054,2011-03-10 00:00:00.000000000,2011-02-25 00:00:00.000000000,2011-02-25 00:00:00.000000000,2010-08-20 00:00:00.000000000,1910-01-01 00:00:00.000000000,2010-12-13 10:54:32.688000000,2010-05-25 10:54:32.688000000,86 days 13:05:27.312000000,73 days 13:05:27.312000000,-13 days +00:00:00.000000000
8055,2011-03-31 00:00:00.000000000,2011-03-15 00:00:00.000000000,2011-03-15 00:00:00.000000000,2010-08-03 00:00:00.000000000,1910-01-01 00:00:00.000000000,2010-10-19 16:33:06.192000000,2010-02-21 16:33:06.192000000,162 days 07:26:53.808000000,146 days 07:26:53.808000000,-16 days +00:00:00.000000000
8056,2011-03-31 00:00:00.000000000,2011-04-05 00:00:00.000000000,2011-04-05 00:00:00.000000000,2010-08-20 00:00:00.000000000,1910-01-01 00:00:00.000000000,2011-01-03 10:54:32.688000000,2010-05-25 10:54:32.688000000,86 days 13:05:27.312000000,91 days 13:05:27.312000000,5 days 00:00:00.000000000
8057,2011-03-31 00:00:00.000000000,2011-03-25 00:00:00.000000000,2011-03-25 00:00:00.000000000,2011-02-04 00:00:00.000000000,1910-01-01 00:00:00.000000000,2011-01-14 14:24:00.000000000,2010-11-20 14:24:00.000000000,75 days 09:36:00.000000000,69 days 09:36:00.000000000,-6 days +00:00:00.000000000
8058,2011-03-31 00:00:00.000000000,2011-03-29 00:00:00.000000000,2011-03-29 00:00:00.000000000,2010-10-04 00:00:00.000000000,1910-01-01 00:00:00.000000000,2010-10-19 16:33:06.192000000,2010-04-24 16:33:06.192000000,162 days 07:26:53.808000000,160 days 07:26:53.808000000,-2 days +00:00:00.000000000
8059,2011-03-15 00:00:00.000000000,2011-03-29 00:00:00.000000000,2011-03-29 00:00:00.000000000,2010-06-23 00:00:00.000000000,1910-01-01 00:00:00.000000000,2010-10-03 16:33:06.192000000,2010-01-11 16:33:06.192000000,162 days 07:26:53.808000000,176 days 07:26:53.808000000,14 days 00:00:00.000000000
8060,2011-04-07 00:00:00.000000000,2011-03-31 00:00:00.000000000,2011-03-31 00:00:00.000000000,2011-03-07 00:00:00.000000000,1910-01-01 00:00:00.000000000,2011-01-07 21:40:38.726400000,2010-12-07 21:40:38.726400000,89 days 02:19:21.273600000,82 days 02:19:21.273600000,-7 days +00:00:00.000000000
8061,2011-04-20 00:00:00.000000000,2011-06-10 00:00:00.000000000,2011-06-10 00:00:00.000000000,2010-12-21 00:00:00.000000000,1910-01-01 00:00:00.000000000,2010-11-08 16:33:06.192000000,2010-07-11 16:33:06.192000000,162 days 07:26:53.808000000,213 days 07:26:53.808000000,51 days 00:00:00.000000000
8062,2011-04-20 00:00:00.000000000,2011-06-10 00:00:00.000000000,2011-06-10 00:00:00.000000000,2010-12-21 00:00:00.000000000,1910-01-01 00:00:00.000000000,2010-11-08 16:33:06.192000000,2010-07-11 16:33:06.192000000,162 days 07:26:53.808000000,213 days 07:26:53.808000000,51 days 00:00:00.000000000
8063,2011-05-31 00:00:00.000000000,2011-04-06 00:00:00.000000000,2011-04-06 00:00:00.000000000,2011-01-24 00:00:00.000000000,1910-01-01 00:00:00.000000000,2011-01-06 14:07:03.504000000,2010-09-01 14:07:03.504000000,144 days 09:52:56.496000000,89 days 09:52:56.496000000,-55 days +00:00:00.000000000
8064,2011-03-24 00:00:00.000000000,2011-06-07 00:00:00.000000000,2011-06-07 00:00:00.000000000,2010-10-04 00:00:00.000000000,1910-01-01 00:00:00.000000000,2010-10-12 16:33:06.192000000,2010-04-24 16:33:06.192000000,162 days 07:26:53.808000000,237 days 07:26:53.808000000,75 days 00:00:00.000000000
8065,2011-06-15 00:00:00.000000000,2011-05-11 00:00:00.000000000,2011-05-11 00:00:00.000000000,2011-02-21 00:00:00.000000000,1910-01-01 00:00:00.000000000,2011-03-12 01:00:00.028800000,2010-11-18 01:00:00.028800000,94 days 22:59:59.971200000,59 days 22:59:59.971200000,-35 days +00:00:00.000000000
8066,2011-03-31 00:00:00.000000000,2011-05-11 00:00:00.000000000,2011-05-11 00:00:00.000000000,2010-12-07 00:00:00.000000000,1910-01-01 00:00:00.000000000,2010-12-26 01:00:00.028800000,2010-09-03 01:00:00.028800000,94 days 22:59:59.971200000,135 days 22:59:59.971200000,41 days 00:00:00.000000000
8067,2011-06-21 00:00:00.000000000,2011-05-11 00:00:00.000000000,2011-05-11 00:00:00.000000000,2010-12-07 00:00:00.000000000,1910-01-01 00:00:00.000000000,2011-03-18 01:00:00.028800000,2010-09-03 01:00:00.028800000,94 days 22:59:59.971200000,53 days 22:59:59.971200000,-41 days +00:00:00.000000000
8068,2011-03-24 00:00:00.000000000,2011-04-28 00:00:00.000000000,2011-04-28 00:00:00.000000000,2010-10-13 00:00:00.000000000,1910-01-01 00:00:00.000000000,2010-12-16 01:36:00.028800000,2010-07-07 01:36:00.028800000,97 days 22:23:59.971200000,132 days 22:23:59.971200000,35 days 00:00:00.000000000
8069,2011-04-04 00:00:00.000000000,2011-05-20 00:00:00.000000000,2011-05-20 00:00:00.000000000,2010-10-13 00:00:00.000000000,1910-01-01 00:00:00.000000000,2010-09-25 12:00:00.000000000,2010-04-05 12:00:00.000000000,190 days 12:00:00.000000000,236 days 12:00:00.000000000,46 days 00:00:00.000000000
8070,2011-04-04 00:00:00.000000000,2011-05-20 00:00:00.000000000,2011-05-20 00:00:00.000000000,2010-10-13 00:00:00.000000000,1910-01-01 00:00:00.000000000,2010-09-25 12:00:00.000000000,2010-04-05 12:00:00.000000000,190 days 12:00:00.000000000,236 days 12:00:00.000000000,46 days 00:00:00.000000000
8071,2011-04-14 00:00:00.000000000,2011-05-20 00:00:00.000000000,2011-05-20 00:00:00.000000000,2010-11-08 00:00:00.000000000,1910-01-01 00:00:00.000000000,2011-01-17 10:54:32.688000000,2010-08-13 10:54:32.688000000,86 days 13:05:27.312000000,122 days 13:05:27.312000000,36 days 00:00:00.000000000
8072,2011-04-30 00:00:00.000000000,2011-05-20 00:00:00.000000000,2011-05-20 00:00:00.000000000,2010-10-15 00:00:00.000000000,1910-01-01 00:00:00.000000000,2011-02-02 10:54:32.688000000,2010-07-20 10:54:32.688000000,86 days 13:05:27.312000000,106 days 13:05:27.312000000,20 days 00:00:00.000000000
8073,2011-04-11 00:00:00.000000000,2011-05-20 00:00:00.000000000,2011-05-20 00:00:00.000000000,2010-10-15 00:00:00.000000000,1910-01-01 00:00:00.000000000,2011-01-14 10:54:32.688000000,2010-07-20 10:54:32.688000000,86 days 13:05:27.312000000,125 days 13:05:27.312000000,39 days 00:00:00.000000000
8074,2011-05-31 00:00:00.000000000,2011-06-23 00:00:00.000000000,2011-06-23 00:00:00.000000000,2011-01-24 00:00:00.000000000,1910-01-01 00:00:00.000000000,2011-01-06 14:07:03.504000000,2010-09-01 14:07:03.504000000,144 days 09:52:56.496000000,167 days 09:52:56.496000000,23 days 00:00:00.000000000
8075,2011-04-14 00:00:00.000000000,2011-06-10 00:00:00.000000000,2011-06-10 00:00:00.000000000,2010-08-20 00:00:00.000000000,1910-01-01 00:00:00.000000000,2011-01-17 10:54:32.688000000,2010-05-25 10:54:32.688000000,86 days 13:05:27.312000000,143 days 13:05:27.312000000,57 days 00:00:00.000000000
8076,2011-05-31 00:00:00.000000000,2011-05-30 00:00:00.000000000,2011-05-30 00:00:00.000000000,2011-01-06 00:00:00.000000000,1910-01-01 00:00:00.000000000,2010-12-21 13:05:27.312000000,2010-07-29 13:05:27.312000000,160 days 10:54:32.688000000,159 days 10:54:32.688000000,-1 days +00:00:00.000000000
8077,2011-05-31 00:00:00.000000000,2011-06-15 00:00:00.000000000,2011-06-15 00:00:00.000000000,2010-10-13 00:00:00.000000000,1910-01-01 00:00:00.000000000,2010-11-21 12:00:00.000000000,2010-04-05 12:00:00.000000000,190 days 12:00:00.000000000,205 days 12:00:00.000000000,15 days 00:00:00.000000000
8078,2011-06-21 00:00:00.000000000,2011-07-06 00:00:00.000000000,2011-07-06 00:00:00.000000000,2010-12-07 00:00:00.000000000,1910-01-01 00:00:00.000000000,2011-03-18 01:00:00.028800000,2010-09-03 01:00:00.028800000,94 days 22:59:59.971200000,109 days 22:59:59.971200000,15 days 00:00:00.000000000
8079,2011-06-15 00:00:00.000000000,2011-07-06 00:00:00.000000000,2011-07-06 00:00:00.000000000,2011-02-21 00:00:00.000000000,1910-01-01 00:00:00.000000000,2011-03-12 01:00:00.028800000,2010-11-18 01:00:00.028800000,94 days 22:59:59.971200000,115 days 22:59:59.971200000,21 days 00:00:00.000000000
8080,2011-06-15 00:00:00.000000000,2011-07-05 00:00:00.000000000,2011-07-05 00:00:00.000000000,2011-02-21 00:00:00.000000000,1910-01-01 00:00:00.000000000,2011-03-12 01:00:00.028800000,2010-11-18 01:00:00.028800000,94 days 22:59:59.971200000,114 days 22:59:59.971200000,20 days 00:00:00.000000000
8081,2011-08-14 00:00:00.000000000,2011-05-25 00:00:00.000000000,2011-05-25 00:00:00.000000000,2011-05-04 00:00:00.000000000,1910-01-01 00:00:00.000000000,2011-02-08 07:59:59.971200000,2010-10-29 07:59:59.971200000,186 days 16:00:00.028800000,105 days 16:00:00.028800000,-81 days +00:00:00.000000000
8082,2011-10-13 00:00:00.000000000,2011-06-24 00:00:00.000000000,2011-06-24 00:00:00.000000000,2011-05-04 00:00:00.000000000,1910-01-01 00:00:00.000000000,2011-07-29 14:24:00.000000000,2011-02-17 14:24:00.000000000,75 days 09:36:00.000000000,-36 days +09:36:00.000000000,-111 days +00:00:00.000000000
8083,2011-04-30 00:00:00.000000000,2011-06-20 00:00:00.000000000,2011-06-20 00:00:00.000000000,2010-10-15 00:00:00.000000000,1910-01-01 00:00:00.000000000,2011-02-02 10:54:32.688000000,2010-07-20 10:54:32.688000000,86 days 13:05:27.312000000,137 days 13:05:27.312000000,51 days 00:00:00.000000000
8084,2011-06-13 00:00:00.000000000,2011-07-05 00:00:00.000000000,2011-07-05 00:00:00.000000000,2011-05-15 00:00:00.000000000,1910-01-01 00:00:00.000000000,2011-04-28 00:00:00.000000000,2011-03-30 00:00:00.000000000,46 days 00:00:00.000000000,68 days 00:00:00.000000000,22 days 00:00:00.000000000
8085,2011-06-13 00:00:00.000000000,2011-07-05 00:00:00.000000000,2011-07-05 00:00:00.000000000,2011-05-15 00:00:00.000000000,1910-01-01 00:00:00.000000000,2011-04-28 00:00:00.000000000,2011-03-30 00:00:00.000000000,46 days 00:00:00.000000000,68 days 00:00:00.000000000,22 days 00:00:00.000000000
8086,2011-07-04 00:00:00.000000000,2011-07-20 00:00:00.000000000,2011-07-20 00:00:00.000000000,2011-06-06 00:00:00.000000000,1910-01-01 00:00:00.000000000,2011-02-10 13:25:06.153600000,2011-01-13 13:25:06.153600000,143 days 10:34:53.846400000,159 days 10:34:53.846400000,16 days 00:00:00.000000000
8087,2011-07-19 00:00:00.000000000,2011-06-28 00:00:00.000000000,2011-06-28 00:00:00.000000000,2010-12-14 00:00:00.000000000,1910-01-01 00:00:00.000000000,2011-04-12 01:36:00.028800000,2010-09-07 01:36:00.028800000,97 days 22:23:59.971200000,76 days 22:23:59.971200000,-21 days +00:00:00.000000000
8088,2011-08-31 00:00:00.000000000,2011-09-01 00:00:00.000000000,2011-09-01 00:00:00.000000000,2011-01-24 00:00:00.000000000,1910-01-01 00:00:00.000000000,2011-04-08 14:07:03.504000000,2010-09-01 14:07:03.504000000,144 days 09:52:56.496000000,145 days 09:52:56.496000000,1 days 00:00:00.000000000
8089,2011-08-15 00:00:00.000000000,2011-08-11 00:00:00.000000000,2011-08-11 00:00:00.000000000,2010-10-13 00:00:00.000000000,1910-01-01 00:00:00.000000000,2011-02-05 12:00:00.000000000,2010-04-05 12:00:00.000000000,190 days 12:00:00.000000000,186 days 12:00:00.000000000,-4 days +00:00:00.000000000
8090,2011-07-19 00:00:00.000000000,2011-07-21 00:00:00.000000000,2011-07-21 00:00:00.000000000,2010-12-14 00:00:00.000000000,1910-01-01 00:00:00.000000000,2011-04-12 01:36:00.028800000,2010-09-07 01:36:00.028800000,97 days 22:23:59.971200000,99 days 22:23:59.971200000,2 days 00:00:00.000000000
8091,2011-07-22 00:00:00.000000000,2011-07-22 00:00:00.000000000,2011-07-22 00:00:00.000000000,2010-12-21 00:00:00.000000000,1910-01-01 00:00:00.000000000,2011-02-09 16:33:06.192000000,2010-07-11 16:33:06.192000000,162 days 07:26:53.808000000,162 days 07:26:53.808000000,0 days 00:00:00.000000000
8092,2011-07-19 00:00:00.000000000,2011-08-11 00:00:00.000000000,2011-08-11 00:00:00.000000000,2010-12-14 00:00:00.000000000,1910-01-01 00:00:00.000000000,2011-04-12 01:36:00.028800000,2010-09-07 01:36:00.028800000,97 days 22:23:59.971200000,120 days 22:23:59.971200000,23 days 00:00:00.000000000
8093,2011-09-29 00:00:00.000000000,2011-08-29 00:00:00.000000000,2011-08-29 00:00:00.000000000,2011-02-03 00:00:00.000000000,1910-01-01 00:00:00.000000000,2011-07-04 10:54:32.688000000,2010-11-08 10:54:32.688000000,86 days 13:05:27.312000000,55 days 13:05:27.312000000,-31 days +00:00:00.000000000
8094,2011-10-13 00:00:00.000000000,2011-10-13 00:00:00.000000000,2011-10-13 00:00:00.000000000,2011-01-24 00:00:00.000000000,1910-01-01 00:00:00.000000000,2011-05-21 14:07:03.504000000,2010-09-01 14:07:03.504000000,144 days 09:52:56.496000000,144 days 09:52:56.496000000,0 days 00:00:00.000000000
8095,2011-08-31 00:00:00.000000000,2011-08-24 00:00:00.000000000,2011-08-24 00:00:00.000000000,2010-12-14 00:00:00.000000000,1910-01-01 00:00:00.000000000,2011-05-25 01:36:00.028800000,2010-09-07 01:36:00.028800000,97 days 22:23:59.971200000,90 days 22:23:59.971200000,-7 days +00:00:00.000000000
8096,2011-11-30 00:00:00.000000000,2011-11-30 00:00:00.000000000,2011-11-30 00:00:00.000000000,2011-01-24 00:00:00.000000000,1910-01-01 00:00:00.000000000,2011-07-08 14:07:03.504000000,2010-09-01 14:07:03.504000000,144 days 09:52:56.496000000,144 days 09:52:56.496000000,0 days 00:00:00.000000000
8097,2011-10-18 00:00:00.000000000,2011-10-03 00:00:00.000000000,2011-10-03 00:00:00.000000000,2011-08-19 00:00:00.000000000,1910-01-01 00:00:00.000000000,2011-08-03 14:24:00.000000000,2011-06-04 14:24:00.000000000,75 days 09:36:00.000000000,60 days 09:36:00.000000000,-15 days +00:00:00.000000000
8098,2011-04-14 00:00:00.000000000,2011-08-05 00:00:00.000000000,2011-08-05 00:00:00.000000000,2010-09-01 00:00:00.000000000,1910-01-01 00:00:00.000000000,2011-01-17 10:54:32.688000000,2010-06-06 10:54:32.688000000,86 days 13:05:27.312000000,199 days 13:05:27.312000000,113 days 00:00:00.000000000
8099,2011-11-03 00:00:00.000000000,2011-09-28 00:00:00.000000000,2011-09-28 00:00:00.000000000,2011-06-06 00:00:00.000000000,1910-01-01 00:00:00.000000000,2011-07-31 01:00:00.028800000,2011-03-03 01:00:00.028800000,94 days 22:59:59.971200000,58 days 22:59:59.971200000,-36 days +00:00:00.000000000
8100,2011-10-31 00:00:00.000000000,2011-09-26 00:00:00.000000000,2011-09-26 00:00:00.000000000,2011-02-03 00:00:00.000000000,1910-01-01 00:00:00.000000000,2011-08-05 10:54:32.688000000,2010-11-08 10:54:32.688000000,86 days 13:05:27.312000000,51 days 13:05:27.312000000,-35 days +00:00:00.000000000
8101,2011-09-30 00:00:00.000000000,2011-10-06 00:00:00.000000000,2011-10-06 00:00:00.000000000,2011-09-02 00:00:00.000000000,1910-01-01 00:00:00.000000000,2011-07-29 16:00:00.028800000,2011-07-01 16:00:00.028800000,62 days 07:59:59.971200000,68 days 07:59:59.971200000,6 days 00:00:00.000000000
8102,2011-10-31 00:00:00.000000000,2011-10-24 00:00:00.000000000,2011-10-24 00:00:00.000000000,2011-05-11 00:00:00.000000000,1910-01-01 00:00:00.000000000,2011-07-25 01:36:00.028800000,2011-02-02 01:36:00.028800000,97 days 22:23:59.971200000,90 days 22:23:59.971200000,-7 days +00:00:00.000000000
8103,2011-11-17 00:00:00.000000000,2011-10-18 00:00:00.000000000,2011-10-18 00:00:00.000000000,2011-09-14 00:00:00.000000000,1910-01-01 00:00:00.000000000,2011-09-15 16:00:00.028800000,2011-07-13 16:00:00.028800000,62 days 07:59:59.971200000,32 days 07:59:59.971200000,-30 days +00:00:00.000000000
8104,2011-12-10 00:00:00.000000000,2011-12-09 00:00:00.000000000,2011-12-09 00:00:00.000000000,2011-02-03 00:00:00.000000000,1910-01-01 00:00:00.000000000,2011-09-14 10:54:32.688000000,2010-11-08 10:54:32.688000000,86 days 13:05:27.312000000,85 days 13:05:27.312000000,-1 days +00:00:00.000000000
8105,2011-11-11 00:00:00.000000000,2011-10-31 00:00:00.000000000,2011-10-31 00:00:00.000000000,2011-08-25 00:00:00.000000000,1910-01-01 00:00:00.000000000,2011-06-01 16:33:06.192000000,2011-03-15 16:33:06.192000000,162 days 07:26:53.808000000,151 days 07:26:53.808000000,-11 days +00:00:00.000000000
8106,2011-12-10 00:00:00.000000000,2011-12-09 00:00:00.000000000,2011-12-09 00:00:00.000000000,2011-02-03 00:00:00.000000000,1910-01-01 00:00:00.000000000,2011-09-14 10:54:32.688000000,2010-11-08 10:54:32.688000000,86 days 13:05:27.312000000,85 days 13:05:27.312000000,-1 days +00:00:00.000000000
8107,2011-12-23 00:00:00.000000000,2011-11-19 00:00:00.000000000,2011-11-19 00:00:00.000000000,2011-08-25 00:00:00.000000000,1910-01-01 00:00:00.000000000,2011-07-13 16:33:06.192000000,2011-03-15 16:33:06.192000000,162 days 07:26:53.808000000,128 days 07:26:53.808000000,-34 days +00:00:00.000000000
8108,2012-01-09 00:00:00.000000000,2011-12-01 00:00:00.000000000,2011-12-01 00:00:00.000000000,2011-10-05 00:00:00.000000000,1910-01-01 00:00:00.000000000,2011-11-16 01:59:59.971200000,2011-08-12 01:59:59.971200000,53 days 22:00:00.028800000,14 days 22:00:00.028800000,-39 days +00:00:00.000000000
8109,2012-01-10 00:00:00.000000000,2011-12-22 00:00:00.000000000,2011-12-22 00:00:00.000000000,2011-08-22 00:00:00.000000000,1910-01-01 00:00:00.000000000,2011-10-02 19:41:32.323200000,2011-05-14 19:41:32.323200000,99 days 04:18:27.676800000,80 days 04:18:27.676800000,-19 days +00:00:00.000000000
8110,2012-02-07 00:00:00.000000000,2011-12-19 00:00:00.000000000,2011-12-19 00:00:00.000000000,2011-08-22 00:00:00.000000000,1910-01-01 00:00:00.000000000,2011-10-30 19:41:32.323200000,2011-05-14 19:41:32.323200000,99 days 04:18:27.676800000,49 days 04:18:27.676800000,-50 days +00:00:00.000000000
8111,2012-01-30 00:00:00.000000000,2011-12-22 00:00:00.000000000,2011-12-22 00:00:00.000000000,2011-05-18 00:00:00.000000000,1910-01-01 00:00:00.000000000,2011-10-22 19:41:32.323200000,2011-02-07 19:41:32.323200000,99 days 04:18:27.676800000,60 days 04:18:27.676800000,-39 days +00:00:00.000000000
8112,2012-01-10 00:00:00.000000000,2011-12-22 00:00:00.000000000,2011-12-22 00:00:00.000000000,2011-09-02 00:00:00.000000000,1910-01-01 00:00:00.000000000,2011-10-02 19:41:32.323200000,2011-05-25 19:41:32.323200000,99 days 04:18:27.676800000,80 days 04:18:27.676800000,-19 days +00:00:00.000000000
8113,2011-12-12 00:00:00.000000000,2011-12-12 00:00:00.000000000,2011-12-12 00:00:00.000000000,2011-09-14 00:00:00.000000000,1910-01-01 00:00:00.000000000,2011-10-10 16:00:00.028800000,2011-07-13 16:00:00.028800000,62 days 07:59:59.971200000,62 days 07:59:59.971200000,0 days 00:00:00.000000000
8114,2012-01-31 00:00:00.000000000,2012-01-25 00:00:00.000000000,2012-01-25 00:00:00.000000000,2011-01-24 00:00:00.000000000,1910-01-01 00:00:00.000000000,2011-10-31 01:30:00.000000000,2010-10-24 01:30:00.000000000,91 days 22:30:00.000000000,85 days 22:30:00.000000000,-6 days +00:00:00.000000000
8115,2012-03-16 00:00:00.000000000,2011-12-18 00:00:00.000000000,2011-12-18 00:00:00.000000000,2011-08-29 00:00:00.000000000,1910-01-01 00:00:00.000000000,2011-12-06 02:05:13.084800000,2011-05-20 02:05:13.084800000,100 days 21:54:46.915200000,11 days 21:54:46.915200000,-89 days +00:00:00.000000000
8116,2012-02-29 00:00:00.000000000,2012-01-20 00:00:00.000000000,2012-01-20 00:00:00.000000000,2011-07-26 00:00:00.000000000,1910-01-01 00:00:00.000000000,2011-10-15 04:48:00.000000000,2011-03-11 04:48:00.000000000,136 days 19:12:00.000000000,96 days 19:12:00.000000000,-40 days +00:00:00.000000000
8117,2012-03-16 00:00:00.000000000,2012-02-14 00:00:00.000000000,2012-02-14 00:00:00.000000000,2011-11-21 00:00:00.000000000,1910-01-01 00:00:00.000000000,2011-09-02 19:59:59.971200000,2011-05-09 19:59:59.971200000,195 days 04:00:00.028800000,164 days 04:00:00.028800000,-31 days +00:00:00.000000000
8118,2012-03-16 00:00:00.000000000,2012-02-14 00:00:00.000000000,2012-02-14 00:00:00.000000000,2011-11-21 00:00:00.000000000,1910-01-01 00:00:00.000000000,2011-09-02 19:59:59.971200000,2011-05-09 19:59:59.971200000,195 days 04:00:00.028800000,164 days 04:00:00.028800000,-31 days +00:00:00.000000000
8119,2012-03-16 00:00:00.000000000,2012-02-14 00:00:00.000000000,2012-02-14 00:00:00.000000000,2011-11-21 00:00:00.000000000,1910-01-01 00:00:00.000000000,2011-09-02 19:59:59.971200000,2011-05-09 19:59:59.971200000,195 days 04:00:00.028800000,164 days 04:00:00.028800000,-31 days +00:00:00.000000000
8120,2012-03-16 00:00:00.000000000,2012-02-14 00:00:00.000000000,2012-02-14 00:00:00.000000000,2011-11-21 00:00:00.000000000,1910-01-01 00:00:00.000000000,2011-09-02 19:59:59.971200000,2011-05-09 19:59:59.971200000,195 days 04:00:00.028800000,164 days 04:00:00.028800000,-31 days +00:00:00.000000000
8121,2012-03-16 00:00:00.000000000,2012-02-14 00:00:00.000000000,2012-02-14 00:00:00.000000000,2011-11-21 00:00:00.000000000,1910-01-01 00:00:00.000000000,2011-09-02 19:59:59.971200000,2011-05-09 19:59:59.971200000,195 days 04:00:00.028800000,164 days 04:00:00.028800000,-31 days +00:00:00.000000000
8122,2012-03-16 00:00:00.000000000,2012-02-14 00:00:00.000000000,2012-02-14 00:00:00.000000000,2011-11-21 00:00:00.000000000,1910-01-01 00:00:00.000000000,2011-09-02 19:59:59.971200000,2011-05-09 19:59:59.971200000,195 days 04:00:00.028800000,164 days 04:00:00.028800000,-31 days +00:00:00.000000000
8123,2012-03-16 00:00:00.000000000,2012-02-14 00:00:00.000000000,2012-02-14 00:00:00.000000000,2011-11-21 00:00:00.000000000,1910-01-01 00:00:00.000000000,2011-09-02 19:59:59.971200000,2011-05-09 19:59:59.971200000,195 days 04:00:00.028800000,164 days 04:00:00.028800000,-31 days +00:00:00.000000000
8124,2012-03-16 00:00:00.000000000,2012-02-14 00:00:00.000000000,2012-02-14 00:00:00.000000000,2011-11-21 00:00:00.000000000,1910-01-01 00:00:00.000000000,2011-09-02 19:59:59.971200000,2011-05-09 19:59:59.971200000,195 days 04:00:00.028800000,164 days 04:00:00.028800000,-31 days +00:00:00.000000000
8125,2012-02-10 00:00:00.000000000,2012-02-14 00:00:00.000000000,2012-02-14 00:00:00.000000000,2011-11-21 00:00:00.000000000,1910-01-01 00:00:00.000000000,2011-07-29 19:59:59.971200000,2011-05-09 19:59:59.971200000,195 days 04:00:00.028800000,199 days 04:00:00.028800000,4 days 00:00:00.000000000
8126,2012-03-16 00:00:00.000000000,2012-03-23 00:00:00.000000000,2012-03-23 00:00:00.000000000,2011-11-21 00:00:00.000000000,1910-01-01 00:00:00.000000000,2011-09-02 19:59:59.971200000,2011-05-09 19:59:59.971200000,195 days 04:00:00.028800000,202 days 04:00:00.028800000,7 days 00:00:00.000000000
8127,2012-03-30 00:00:00.000000000,2012-03-08 00:00:00.000000000,2012-03-08 00:00:00.000000000,2011-08-04 00:00:00.000000000,1910-01-01 00:00:00.000000000,2011-12-29 01:30:00.000000000,2011-05-04 01:30:00.000000000,91 days 22:30:00.000000000,69 days 22:30:00.000000000,-22 days +00:00:00.000000000
8128,2012-02-29 00:00:00.000000000,2012-02-16 00:00:00.000000000,2012-02-16 00:00:00.000000000,2011-01-19 00:00:00.000000000,1910-01-01 00:00:00.000000000,2011-07-23 17:08:34.310400000,2010-06-12 17:08:34.310400000,220 days 06:51:25.689600000,207 days 06:51:25.689600000,-13 days +00:00:00.000000000
8129,2012-03-22 00:00:00.000000000,2012-03-22 00:00:00.000000000,2012-03-22 00:00:00.000000000,2011-11-21 00:00:00.000000000,1910-01-01 00:00:00.000000000,2011-09-08 19:59:59.971200000,2011-05-09 19:59:59.971200000,195 days 04:00:00.028800000,195 days 04:00:00.028800000,0 days 00:00:00.000000000
8130,2012-04-27 00:00:00.000000000,2012-02-17 00:00:00.000000000,2012-02-17 00:00:00.000000000,2011-11-06 00:00:00.000000000,1910-01-01 00:00:00.000000000,2011-12-12 04:48:00.000000000,2011-06-22 04:48:00.000000000,136 days 19:12:00.000000000,66 days 19:12:00.000000000,-70 days +00:00:00.000000000
8131,2012-03-02 00:00:00.000000000,2012-03-12 00:00:00.000000000,2012-03-12 00:00:00.000000000,2011-12-20 00:00:00.000000000,1910-01-01 00:00:00.000000000,2011-12-01 22:02:26.908800000,2011-09-19 22:02:26.908800000,91 days 01:57:33.091200000,101 days 01:57:33.091200000,10 days 00:00:00.000000000
8132,2012-03-30 00:00:00.000000000,2012-03-12 00:00:00.000000000,2012-03-12 00:00:00.000000000,2011-08-22 00:00:00.000000000,1910-01-01 00:00:00.000000000,2011-12-21 19:41:32.323200000,2011-05-14 19:41:32.323200000,99 days 04:18:27.676800000,81 days 04:18:27.676800000,-18 days +00:00:00.000000000
8133,2012-03-30 00:00:00.000000000,2012-03-12 00:00:00.000000000,2012-03-12 00:00:00.000000000,2011-08-22 00:00:00.000000000,1910-01-01 00:00:00.000000000,2011-12-21 19:41:32.323200000,2011-05-14 19:41:32.323200000,99 days 04:18:27.676800000,81 days 04:18:27.676800000,-18 days +00:00:00.000000000
8134,2012-03-09 00:00:00.000000000,2012-02-15 00:00:00.000000000,2012-02-15 00:00:00.000000000,2011-10-05 00:00:00.000000000,1910-01-01 00:00:00.000000000,2012-01-15 01:59:59.971200000,2011-08-12 01:59:59.971200000,53 days 22:00:00.028800000,30 days 22:00:00.028800000,-23 days +00:00:00.000000000
8135,2012-03-16 00:00:00.000000000,2012-02-16 00:00:00.000000000,2012-02-16 00:00:00.000000000,2011-08-29 00:00:00.000000000,1910-01-01 00:00:00.000000000,2011-12-06 02:05:13.084800000,2011-05-20 02:05:13.084800000,100 days 21:54:46.915200000,71 days 21:54:46.915200000,-29 days +00:00:00.000000000
8136,2012-04-11 00:00:00.000000000,2012-04-11 00:00:00.000000000,2012-04-11 00:00:00.000000000,2011-08-22 00:00:00.000000000,1910-01-01 00:00:00.000000000,2012-01-02 19:41:32.323200000,2011-05-14 19:41:32.323200000,99 days 04:18:27.676800000,99 days 04:18:27.676800000,0 days 00:00:00.000000000
8137,2012-03-30 00:00:00.000000000,2012-03-12 00:00:00.000000000,2012-03-12 00:00:00.000000000,2011-08-22 00:00:00.000000000,1910-01-01 00:00:00.000000000,2011-12-21 19:41:32.323200000,2011-05-14 19:41:32.323200000,99 days 04:18:27.676800000,81 days 04:18:27.676800000,-18 days +00:00:00.000000000
8138,2012-03-21 00:00:00.000000000,2012-03-08 00:00:00.000000000,2012-03-08 00:00:00.000000000,2011-11-04 00:00:00.000000000,1910-01-01 00:00:00.000000000,2011-12-16 11:17:38.803200000,2011-07-31 11:17:38.803200000,95 days 12:42:21.196800000,82 days 12:42:21.196800000,-13 days +00:00:00.000000000
8139,2012-03-21 00:00:00.000000000,2012-03-08 00:00:00.000000000,2012-03-08 00:00:00.000000000,2011-11-04 00:00:00.000000000,1910-01-01 00:00:00.000000000,2011-12-16 11:17:38.803200000,2011-07-31 11:17:38.803200000,95 days 12:42:21.196800000,82 days 12:42:21.196800000,-13 days +00:00:00.000000000
8140,2012-05-07 00:00:00.000000000,2012-05-24 00:00:00.000000000,2012-05-24 00:00:00.000000000,2011-08-04 00:00:00.000000000,1910-01-01 00:00:00.000000000,2012-02-05 01:30:00.000000000,2011-05-04 01:30:00.000000000,91 days 22:30:00.000000000,108 days 22:30:00.000000000,17 days 00:00:00.000000000
8141,2012-04-26 00:00:00.000000000,2012-05-04 00:00:00.000000000,2012-05-04 00:00:00.000000000,2012-01-25 00:00:00.000000000,1910-01-01 00:00:00.000000000,2012-03-01 07:59:59.971200000,2011-11-30 07:59:59.971200000,55 days 16:00:00.028800000,63 days 16:00:00.028800000,8 days 00:00:00.000000000
8142,2012-04-26 00:00:00.000000000,2012-04-09 00:00:00.000000000,2012-04-09 00:00:00.000000000,2012-01-25 00:00:00.000000000,1910-01-01 00:00:00.000000000,2012-03-01 07:59:59.971200000,2011-11-30 07:59:59.971200000,55 days 16:00:00.028800000,38 days 16:00:00.028800000,-17 days +00:00:00.000000000
8143,2012-04-19 00:00:00.000000000,2012-04-19 00:00:00.000000000,2012-04-19 00:00:00.000000000,2011-08-29 00:00:00.000000000,1910-01-01 00:00:00.000000000,2011-12-10 03:00:00.000000000,2011-04-20 03:00:00.000000000,130 days 21:00:00.000000000,130 days 21:00:00.000000000,0 days 00:00:00.000000000
8144,2012-04-27 00:00:00.000000000,2012-04-19 00:00:00.000000000,2012-04-19 00:00:00.000000000,2011-08-29 00:00:00.000000000,1910-01-01 00:00:00.000000000,2011-12-18 03:00:00.000000000,2011-04-20 03:00:00.000000000,130 days 21:00:00.000000000,122 days 21:00:00.000000000,-8 days +00:00:00.000000000
8145,2012-04-17 00:00:00.000000000,2012-05-07 00:00:00.000000000,2012-05-07 00:00:00.000000000,2011-10-04 00:00:00.000000000,1910-01-01 00:00:00.000000000,2011-09-09 17:08:34.310400000,2011-02-25 17:08:34.310400000,220 days 06:51:25.689600000,240 days 06:51:25.689600000,20 days 00:00:00.000000000
8146,2012-04-09 00:00:00.000000000,2012-03-29 00:00:00.000000000,2012-03-29 00:00:00.000000000,2012-03-01 00:00:00.000000000,1910-01-01 00:00:00.000000000,2012-01-14 00:00:00.000000000,2011-12-06 00:00:00.000000000,86 days 00:00:00.000000000,75 days 00:00:00.000000000,-11 days +00:00:00.000000000
8147,2012-04-17 00:00:00.000000000,2012-05-07 00:00:00.000000000,2012-05-07 00:00:00.000000000,2011-10-04 00:00:00.000000000,1910-01-01 00:00:00.000000000,2011-09-09 17:08:34.310400000,2011-02-25 17:08:34.310400000,220 days 06:51:25.689600000,240 days 06:51:25.689600000,20 days 00:00:00.000000000
8148,2012-06-29 00:00:00.000000000,2012-04-26 00:00:00.000000000,2012-04-26 00:00:00.000000000,2012-01-27 00:00:00.000000000,1910-01-01 00:00:00.000000000,2012-04-04 00:00:00.000000000,2011-11-02 00:00:00.000000000,86 days 00:00:00.000000000,22 days 00:00:00.000000000,-64 days +00:00:00.000000000
8149,2012-06-01 00:00:00.000000000,2012-06-01 00:00:00.000000000,2012-06-01 00:00:00.000000000,2011-08-22 00:00:00.000000000,1910-01-01 00:00:00.000000000,2012-02-22 19:41:32.323200000,2011-05-14 19:41:32.323200000,99 days 04:18:27.676800000,99 days 04:18:27.676800000,0 days 00:00:00.000000000
8150,2012-05-31 00:00:00.000000000,2012-04-30 00:00:00.000000000,2012-04-30 00:00:00.000000000,2011-08-22 00:00:00.000000000,1910-01-01 00:00:00.000000000,2012-02-21 19:41:32.323200000,2011-05-14 19:41:32.323200000,99 days 04:18:27.676800000,68 days 04:18:27.676800000,-31 days +00:00:00.000000000
8151,2012-06-28 00:00:00.000000000,2012-06-28 00:00:00.000000000,2012-06-28 00:00:00.000000000,2011-08-04 00:00:00.000000000,1910-01-01 00:00:00.000000000,2012-03-28 01:30:00.000000000,2011-05-04 01:30:00.000000000,91 days 22:30:00.000000000,91 days 22:30:00.000000000,0 days 00:00:00.000000000
8152,2012-05-23 00:00:00.000000000,2012-05-23 00:00:00.000000000,2012-05-23 00:00:00.000000000,2012-04-04 00:00:00.000000000,1910-01-01 00:00:00.000000000,2012-02-02 15:30:54.576000000,2011-12-15 15:30:54.576000000,110 days 08:29:05.424000000,110 days 08:29:05.424000000,0 days 00:00:00.000000000
8153,2012-05-23 00:00:00.000000000,2012-05-23 00:00:00.000000000,2012-05-23 00:00:00.000000000,2012-04-04 00:00:00.000000000,1910-01-01 00:00:00.000000000,2012-02-02 15:30:54.576000000,2011-12-15 15:30:54.576000000,110 days 08:29:05.424000000,110 days 08:29:05.424000000,0 days 00:00:00.000000000
8154,2012-07-03 00:00:00.000000000,2012-05-18 00:00:00.000000000,2012-05-18 00:00:00.000000000,2012-02-10 00:00:00.000000000,1910-01-01 00:00:00.000000000,2012-05-10 01:59:59.971200000,2011-12-18 01:59:59.971200000,53 days 22:00:00.028800000,7 days 22:00:00.028800000,-46 days +00:00:00.000000000
8155,2012-07-04 00:00:00.000000000,2012-04-30 00:00:00.000000000,2012-04-30 00:00:00.000000000,2011-12-08 00:00:00.000000000,1910-01-01 00:00:00.000000000,2012-03-25 02:05:13.084800000,2011-08-29 02:05:13.084800000,100 days 21:54:46.915200000,35 days 21:54:46.915200000,-65 days +00:00:00.000000000
8156,2012-06-12 00:00:00.000000000,2012-05-25 00:00:00.000000000,2012-05-25 00:00:00.000000000,2011-10-04 00:00:00.000000000,1910-01-01 00:00:00.000000000,2011-11-04 17:08:34.310400000,2011-02-25 17:08:34.310400000,220 days 06:51:25.689600000,202 days 06:51:25.689600000,-18 days +00:00:00.000000000
8157,2012-06-01 00:00:00.000000000,2012-05-28 00:00:00.000000000,2012-05-28 00:00:00.000000000,2011-12-22 00:00:00.000000000,1910-01-01 00:00:00.000000000,2012-01-16 04:48:00.000000000,2011-08-07 04:48:00.000000000,136 days 19:12:00.000000000,132 days 19:12:00.000000000,-4 days +00:00:00.000000000
8158,2012-08-02 00:00:00.000000000,2012-06-03 00:00:00.000000000,2012-06-03 00:00:00.000000000,2012-03-01 00:00:00.000000000,1910-01-01 00:00:00.000000000,2012-04-23 02:05:13.084800000,2011-11-21 02:05:13.084800000,100 days 21:54:46.915200000,40 days 21:54:46.915200000,-60 days +00:00:00.000000000
8159,2012-07-04 00:00:00.000000000,2012-06-03 00:00:00.000000000,2012-06-03 00:00:00.000000000,2011-12-08 00:00:00.000000000,1910-01-01 00:00:00.000000000,2012-03-25 02:05:13.084800000,2011-08-29 02:05:13.084800000,100 days 21:54:46.915200000,69 days 21:54:46.915200000,-31 days +00:00:00.000000000
8160,2012-06-17 00:00:00.000000000,2012-06-17 00:00:00.000000000,2012-06-17 00:00:00.000000000,2011-10-04 00:00:00.000000000,1910-01-01 00:00:00.000000000,2011-11-09 17:08:34.310400000,2011-02-25 17:08:34.310400000,220 days 06:51:25.689600000,220 days 06:51:25.689600000,0 days 00:00:00.000000000
8161,2012-08-01 00:00:00.000000000,2012-07-25 00:00:00.000000000,2012-07-25 00:00:00.000000000,2012-01-31 00:00:00.000000000,1910-01-01 00:00:00.000000000,2012-04-23 19:41:32.323200000,2011-10-23 19:41:32.323200000,99 days 04:18:27.676800000,92 days 04:18:27.676800000,-7 days +00:00:00.000000000
8162,2012-09-09 00:00:00.000000000,2012-09-09 00:00:00.000000000,2012-09-09 00:00:00.000000000,2012-04-26 00:00:00.000000000,1910-01-01 00:00:00.000000000,2012-02-26 19:59:59.971200000,2011-10-13 19:59:59.971200000,195 days 04:00:00.028800000,195 days 04:00:00.028800000,0 days 00:00:00.000000000
8163,2012-09-05 00:00:00.000000000,2012-06-29 00:00:00.000000000,2012-06-29 00:00:00.000000000,2012-02-20 00:00:00.000000000,1910-01-01 00:00:00.000000000,2012-07-13 01:59:59.971200000,2011-12-28 01:59:59.971200000,53 days 22:00:00.028800000,-15 days +22:00:00.028800000,-68 days +00:00:00.000000000
8164,2012-08-02 00:00:00.000000000,2012-07-09 00:00:00.000000000,2012-07-09 00:00:00.000000000,2012-03-01 00:00:00.000000000,1910-01-01 00:00:00.000000000,2012-04-23 02:05:13.084800000,2011-11-21 02:05:13.084800000,100 days 21:54:46.915200000,76 days 21:54:46.915200000,-24 days +00:00:00.000000000
8165,2012-10-16 00:00:00.000000000,2012-07-23 00:00:00.000000000,2012-07-23 00:00:00.000000000,2011-10-04 00:00:00.000000000,1910-01-01 00:00:00.000000000,2012-03-09 17:08:34.310400000,2011-02-25 17:08:34.310400000,220 days 06:51:25.689600000,135 days 06:51:25.689600000,-85 days +00:00:00.000000000
8166,2012-08-14 00:00:00.000000000,2012-07-23 00:00:00.000000000,2012-07-23 00:00:00.000000000,2011-10-04 00:00:00.000000000,1910-01-01 00:00:00.000000000,2012-01-06 17:08:34.310400000,2011-02-25 17:08:34.310400000,220 days 06:51:25.689600000,198 days 06:51:25.689600000,-22 days +00:00:00.000000000
8167,2012-08-23 00:00:00.000000000,2012-07-30 00:00:00.000000000,2012-07-30 00:00:00.000000000,2012-03-08 00:00:00.000000000,1910-01-01 00:00:00.000000000,2012-04-08 04:48:00.000000000,2011-10-23 04:48:00.000000000,136 days 19:12:00.000000000,112 days 19:12:00.000000000,-24 days +00:00:00.000000000
8168,2012-08-02 00:00:00.000000000,2012-07-24 00:00:00.000000000,2012-07-24 00:00:00.000000000,2012-03-01 00:00:00.000000000,1910-01-01 00:00:00.000000000,2012-04-23 02:05:13.084800000,2011-11-21 02:05:13.084800000,100 days 21:54:46.915200000,91 days 21:54:46.915200000,-9 days +00:00:00.000000000
8169,2012-10-16 00:00:00.000000000,2012-09-04 00:00:00.000000000,2012-09-04 00:00:00.000000000,2011-10-04 00:00:00.000000000,1910-01-01 00:00:00.000000000,2012-03-09 17:08:34.310400000,2011-02-25 17:08:34.310400000,220 days 06:51:25.689600000,178 days 06:51:25.689600000,-42 days +00:00:00.000000000
8170,2012-08-31 00:00:00.000000000,2012-09-07 00:00:00.000000000,2012-09-07 00:00:00.000000000,2012-03-08 00:00:00.000000000,1910-01-01 00:00:00.000000000,2012-04-16 04:48:00.000000000,2011-10-23 04:48:00.000000000,136 days 19:12:00.000000000,143 days 19:12:00.000000000,7 days 00:00:00.000000000
8171,2012-08-31 00:00:00.000000000,2012-08-14 00:00:00.000000000,2012-08-14 00:00:00.000000000,2012-03-01 00:00:00.000000000,1910-01-01 00:00:00.000000000,2012-05-22 02:05:13.084800000,2011-11-21 02:05:13.084800000,100 days 21:54:46.915200000,83 days 21:54:46.915200000,-17 days +00:00:00.000000000
8172,2012-09-13 00:00:00.000000000,2012-09-07 00:00:00.000000000,2012-09-07 00:00:00.000000000,2012-03-29 00:00:00.000000000,1910-01-01 00:00:00.000000000,2012-04-29 04:48:00.000000000,2011-11-13 04:48:00.000000000,136 days 19:12:00.000000000,130 days 19:12:00.000000000,-6 days +00:00:00.000000000
8173,2012-09-28 00:00:00.000000000,2012-10-06 00:00:00.000000000,2012-10-06 00:00:00.000000000,2012-06-07 00:00:00.000000000,1910-01-01 00:00:00.000000000,2012-08-05 01:59:59.971200000,2012-04-14 01:59:59.971200000,53 days 22:00:00.028800000,61 days 22:00:00.028800000,8 days 00:00:00.000000000
8174,2012-09-28 00:00:00.000000000,2012-10-06 00:00:00.000000000,2012-10-06 00:00:00.000000000,2012-06-07 00:00:00.000000000,1910-01-01 00:00:00.000000000,2012-08-05 01:59:59.971200000,2012-04-14 01:59:59.971200000,53 days 22:00:00.028800000,61 days 22:00:00.028800000,8 days 00:00:00.000000000
8175,2012-10-05 00:00:00.000000000,2012-09-24 00:00:00.000000000,2012-09-24 00:00:00.000000000,2012-02-20 00:00:00.000000000,1910-01-01 00:00:00.000000000,2012-08-12 01:59:59.971200000,2011-12-28 01:59:59.971200000,53 days 22:00:00.028800000,42 days 22:00:00.028800000,-11 days +00:00:00.000000000
8176,2012-10-29 00:00:00.000000000,2012-10-01 00:00:00.000000000,2012-10-01 00:00:00.000000000,2012-04-19 00:00:00.000000000,1910-01-01 00:00:00.000000000,2012-06-20 03:00:00.000000000,2011-12-10 03:00:00.000000000,130 days 21:00:00.000000000,102 days 21:00:00.000000000,-28 days +00:00:00.000000000
8177,2012-10-31 00:00:00.000000000,2012-10-10 00:00:00.000000000,2012-10-10 00:00:00.000000000,2012-06-28 00:00:00.000000000,1910-01-01 00:00:00.000000000,2012-07-31 01:30:00.000000000,2012-03-28 01:30:00.000000000,91 days 22:30:00.000000000,70 days 22:30:00.000000000,-21 days +00:00:00.000000000
8178,2012-11-08 00:00:00.000000000,2012-11-08 00:00:00.000000000,2012-11-08 00:00:00.000000000,2012-02-20 00:00:00.000000000,1910-01-01 00:00:00.000000000,2012-09-15 01:59:59.971200000,2011-12-28 01:59:59.971200000,53 days 22:00:00.028800000,53 days 22:00:00.028800000,0 days 00:00:00.000000000
8179,2012-10-31 00:00:00.000000000,2012-10-18 00:00:00.000000000,2012-10-18 00:00:00.000000000,2012-05-15 00:00:00.000000000,1910-01-01 00:00:00.000000000,2012-03-24 17:08:34.310400000,2011-10-07 17:08:34.310400000,220 days 06:51:25.689600000,207 days 06:51:25.689600000,-13 days +00:00:00.000000000
8180,2012-11-30 00:00:00.000000000,2012-10-31 00:00:00.000000000,2012-10-31 00:00:00.000000000,2012-05-02 00:00:00.000000000,1910-01-01 00:00:00.000000000,2012-08-22 19:41:32.323200000,2012-01-23 19:41:32.323200000,99 days 04:18:27.676800000,69 days 04:18:27.676800000,-30 days +00:00:00.000000000
8181,2012-11-09 00:00:00.000000000,2012-11-05 00:00:00.000000000,2012-11-05 00:00:00.000000000,2012-03-29 00:00:00.000000000,1910-01-01 00:00:00.000000000,2012-06-25 04:48:00.000000000,2011-11-13 04:48:00.000000000,136 days 19:12:00.000000000,132 days 19:12:00.000000000,-4 days +00:00:00.000000000
8182,2012-12-14 00:00:00.000000000,2012-10-24 00:00:00.000000000,2012-10-24 00:00:00.000000000,2012-09-06 00:00:00.000000000,1910-01-01 00:00:00.000000000,2012-08-05 03:00:00.000000000,2012-04-28 03:00:00.000000000,130 days 21:00:00.000000000,79 days 21:00:00.000000000,-51 days +00:00:00.000000000
8183,2012-12-06 00:00:00.000000000,2012-10-29 00:00:00.000000000,2012-10-29 00:00:00.000000000,2012-08-30 00:00:00.000000000,1910-01-01 00:00:00.000000000,2012-10-13 01:59:59.971200000,2012-07-07 01:59:59.971200000,53 days 22:00:00.028800000,15 days 22:00:00.028800000,-38 days +00:00:00.000000000
8184,2012-11-06 00:00:00.000000000,2012-11-06 00:00:00.000000000,2012-11-06 00:00:00.000000000,2012-05-23 00:00:00.000000000,1910-01-01 00:00:00.000000000,2012-07-28 02:05:13.084800000,2012-02-12 02:05:13.084800000,100 days 21:54:46.915200000,100 days 21:54:46.915200000,0 days 00:00:00.000000000
8185,2012-11-26 00:00:00.000000000,2012-11-26 00:00:00.000000000,2012-11-26 00:00:00.000000000,2012-03-29 00:00:00.000000000,1910-01-01 00:00:00.000000000,2012-07-12 04:48:00.000000000,2011-11-13 04:48:00.000000000,136 days 19:12:00.000000000,136 days 19:12:00.000000000,0 days 00:00:00.000000000
8186,2012-12-17 00:00:00.000000000,2012-12-17 00:00:00.000000000,2012-12-17 00:00:00.000000000,2012-04-27 00:00:00.000000000,1910-01-01 00:00:00.000000000,2012-08-02 04:48:00.000000000,2011-12-12 04:48:00.000000000,136 days 19:12:00.000000000,136 days 19:12:00.000000000,0 days 00:00:00.000000000
8187,2012-12-14 00:00:00.000000000,2012-12-13 00:00:00.000000000,2012-12-13 00:00:00.000000000,2012-05-15 00:00:00.000000000,1910-01-01 00:00:00.000000000,2012-05-07 17:08:34.310400000,2011-10-07 17:08:34.310400000,220 days 06:51:25.689600000,219 days 06:51:25.689600000,-1 days +00:00:00.000000000
8188,2013-01-11 00:00:00.000000000,2013-01-11 00:00:00.000000000,2013-01-11 00:00:00.000000000,2012-06-28 00:00:00.000000000,1910-01-01 00:00:00.000000000,2012-08-24 16:00:00.028800000,2012-02-09 16:00:00.028800000,139 days 07:59:59.971200000,139 days 07:59:59.971200000,0 days 00:00:00.000000000
8189,2013-01-11 00:00:00.000000000,2013-01-11 00:00:00.000000000,2013-01-11 00:00:00.000000000,2012-06-28 00:00:00.000000000,1910-01-01 00:00:00.000000000,2012-08-24 16:00:00.028800000,2012-02-09 16:00:00.028800000,139 days 07:59:59.971200000,139 days 07:59:59.971200000,0 days 00:00:00.000000000
8190,2013-01-11 00:00:00.000000000,2013-01-11 00:00:00.000000000,2013-01-11 00:00:00.000000000,2012-06-28 00:00:00.000000000,1910-01-01 00:00:00.000000000,2012-08-24 16:00:00.028800000,2012-02-09 16:00:00.028800000,139 days 07:59:59.971200000,139 days 07:59:59.971200000,0 days 00:00:00.000000000
8191,2012-12-21 00:00:00.000000000,2012-12-11 00:00:00.000000000,2012-12-11 00:00:00.000000000,2012-05-15 00:00:00.000000000,1910-01-01 00:00:00.000000000,2012-05-14 17:08:34.310400000,2011-10-07 17:08:34.310400000,220 days 06:51:25.689600000,210 days 06:51:25.689600000,-10 days +00:00:00.000000000
8192,2012-12-20 00:00:00.000000000,2012-12-11 00:00:00.000000000,2012-12-11 00:00:00.000000000,2012-05-15 00:00:00.000000000,1910-01-01 00:00:00.000000000,2012-05-13 17:08:34.310400000,2011-10-07 17:08:34.310400000,220 days 06:51:25.689600000,211 days 06:51:25.689600000,-9 days +00:00:00.000000000
8193,2012-12-14 00:00:00.000000000,2012-11-30 00:00:00.000000000,2012-11-30 00:00:00.000000000,2012-04-19 00:00:00.000000000,1910-01-01 00:00:00.000000000,2012-08-05 03:00:00.000000000,2011-12-10 03:00:00.000000000,130 days 21:00:00.000000000,116 days 21:00:00.000000000,-14 days +00:00:00.000000000
8194,2013-02-28 00:00:00.000000000,2013-01-25 00:00:00.000000000,2013-01-25 00:00:00.000000000,2012-09-11 00:00:00.000000000,1910-01-01 00:00:00.000000000,2012-11-02 23:13:32.908800000,2012-05-16 23:13:32.908800000,117 days 00:46:27.091200000,83 days 00:46:27.091200000,-34 days +00:00:00.000000000
8195,2013-02-06 00:00:00.000000000,2013-02-06 00:00:00.000000000,2013-02-06 00:00:00.000000000,2012-06-18 00:00:00.000000000,1910-01-01 00:00:00.000000000,2012-10-10 00:00:00.000000000,2012-02-20 00:00:00.000000000,119 days 00:00:00.000000000,119 days 00:00:00.000000000,0 days 00:00:00.000000000
8196,2013-02-28 00:00:00.000000000,2013-01-25 00:00:00.000000000,2013-01-25 00:00:00.000000000,2012-09-11 00:00:00.000000000,1910-01-01 00:00:00.000000000,2012-11-02 23:13:32.908800000,2012-05-16 23:13:32.908800000,117 days 00:46:27.091200000,83 days 00:46:27.091200000,-34 days +00:00:00.000000000
8197,2013-01-31 00:00:00.000000000,2013-02-01 00:00:00.000000000,2013-02-01 00:00:00.000000000,2012-10-10 00:00:00.000000000,1910-01-01 00:00:00.000000000,2012-10-30 18:00:00.000000000,2012-07-09 18:00:00.000000000,92 days 06:00:00.000000000,93 days 06:00:00.000000000,1 days 00:00:00.000000000
8198,2013-02-07 00:00:00.000000000,2013-02-07 00:00:00.000000000,2013-02-07 00:00:00.000000000,2012-05-25 00:00:00.000000000,1910-01-01 00:00:00.000000000,2012-10-11 00:00:00.000000000,2012-01-27 00:00:00.000000000,119 days 00:00:00.000000000,119 days 00:00:00.000000000,0 days 00:00:00.000000000
8199,2013-02-05 00:00:00.000000000,2013-02-05 00:00:00.000000000,2013-02-05 00:00:00.000000000,2012-07-11 00:00:00.000000000,1910-01-01 00:00:00.000000000,2012-11-04 18:00:00.000000000,2012-04-09 18:00:00.000000000,92 days 06:00:00.000000000,92 days 06:00:00.000000000,0 days 00:00:00.000000000
8200,2013-09-11 00:00:00.000000000,2013-09-11 00:00:00.000000000,2013-09-11 00:00:00.000000000,2012-11-16 00:00:00.000000000,1910-01-01 00:00:00.000000000,2013-03-22 09:13:50.736000000,2012-05-27 09:13:50.736000000,172 days 14:46:09.264000000,172 days 14:46:09.264000000,0 days 00:00:00.000000000
8201,2013-02-11 00:00:00.000000000,2013-02-11 00:00:00.000000000,2013-02-11 00:00:00.000000000,2012-09-11 00:00:00.000000000,1910-01-01 00:00:00.000000000,2012-08-07 08:43:38.150400000,2012-03-07 08:43:38.150400000,187 days 15:16:21.849600000,187 days 15:16:21.849600000,0 days 00:00:00.000000000
8202,2013-02-11 00:00:00.000000000,2013-02-11 00:00:00.000000000,2013-02-11 00:00:00.000000000,2012-09-11 00:00:00.000000000,1910-01-01 00:00:00.000000000,2012-08-07 08:43:38.150400000,2012-03-07 08:43:38.150400000,187 days 15:16:21.849600000,187 days 15:16:21.849600000,0 days 00:00:00.000000000
8203,2013-03-15 00:00:00.000000000,2013-02-19 00:00:00.000000000,2013-02-19 00:00:00.000000000,2012-10-05 00:00:00.000000000,1910-01-01 00:00:00.000000000,2012-12-18 04:10:26.083200000,2012-07-10 04:10:26.083200000,86 days 19:49:33.916800000,62 days 19:49:33.916800000,-24 days +00:00:00.000000000
8204,2013-04-09 00:00:00.000000000,2013-01-03 00:00:00.000000000,2013-01-03 00:00:00.000000000,2013-01-16 00:00:00.000000000,1910-01-01 00:00:00.000000000,2012-12-12 03:45:52.963200000,2012-09-20 03:45:52.963200000,117 days 20:14:07.036800000,21 days 20:14:07.036800000,-96 days +00:00:00.000000000
8205,2013-03-18 00:00:00.000000000,2013-08-08 00:00:00.000000000,2013-08-08 00:00:00.000000000,2012-11-20 00:00:00.000000000,1910-01-01 00:00:00.000000000,2012-09-26 09:13:50.736000000,2012-05-31 09:13:50.736000000,172 days 14:46:09.264000000,315 days 14:46:09.264000000,143 days 00:00:00.000000000
8206,2013-03-18 00:00:00.000000000,2013-08-08 00:00:00.000000000,2013-08-08 00:00:00.000000000,2012-11-20 00:00:00.000000000,1910-01-01 00:00:00.000000000,2012-09-26 09:13:50.736000000,2012-05-31 09:13:50.736000000,172 days 14:46:09.264000000,315 days 14:46:09.264000000,143 days 00:00:00.000000000
8207,2013-03-18 00:00:00.000000000,2013-08-08 00:00:00.000000000,2013-08-08 00:00:00.000000000,2012-11-20 00:00:00.000000000,1910-01-01 00:00:00.000000000,2012-09-26 09:13:50.736000000,2012-05-31 09:13:50.736000000,172 days 14:46:09.264000000,315 days 14:46:09.264000000,143 days 00:00:00.000000000
8208,2013-03-18 00:00:00.000000000,2013-08-08 00:00:00.000000000,2013-08-08 00:00:00.000000000,2012-11-20 00:00:00.000000000,1910-01-01 00:00:00.000000000,2012-09-26 09:13:50.736000000,2012-05-31 09:13:50.736000000,172 days 14:46:09.264000000,315 days 14:46:09.264000000,143 days 00:00:00.000000000
8209,2013-02-28 00:00:00.000000000,2013-02-28 00:00:00.000000000,2013-02-28 00:00:00.000000000,2012-09-11 00:00:00.000000000,1910-01-01 00:00:00.000000000,2012-11-02 23:13:32.908800000,2012-05-16 23:13:32.908800000,117 days 00:46:27.091200000,117 days 00:46:27.091200000,0 days 00:00:00.000000000
8210,2013-03-18 00:00:00.000000000,2013-03-07 00:00:00.000000000,2013-03-07 00:00:00.000000000,2012-10-10 00:00:00.000000000,1910-01-01 00:00:00.000000000,2012-12-15 18:00:00.000000000,2012-07-09 18:00:00.000000000,92 days 06:00:00.000000000,81 days 06:00:00.000000000,-11 days +00:00:00.000000000
8211,2013-04-04 00:00:00.000000000,2013-03-07 00:00:00.000000000,2013-03-07 00:00:00.000000000,2012-11-01 00:00:00.000000000,1910-01-01 00:00:00.000000000,2013-01-01 18:00:00.000000000,2012-07-31 18:00:00.000000000,92 days 06:00:00.000000000,64 days 06:00:00.000000000,-28 days +00:00:00.000000000
8212,2013-03-31 00:00:00.000000000,2013-03-14 00:00:00.000000000,2013-03-14 00:00:00.000000000,2012-10-25 00:00:00.000000000,1910-01-01 00:00:00.000000000,2012-09-24 08:43:38.150400000,2012-04-20 08:43:38.150400000,187 days 15:16:21.849600000,170 days 15:16:21.849600000,-17 days +00:00:00.000000000
8213,2013-03-31 00:00:00.000000000,2013-03-14 00:00:00.000000000,2013-03-14 00:00:00.000000000,2012-10-25 00:00:00.000000000,1910-01-01 00:00:00.000000000,2012-09-24 08:43:38.150400000,2012-04-20 08:43:38.150400000,187 days 15:16:21.849600000,170 days 15:16:21.849600000,-17 days +00:00:00.000000000
8214,2013-03-08 00:00:00.000000000,2013-03-07 00:00:00.000000000,2013-03-07 00:00:00.000000000,2012-12-13 00:00:00.000000000,1910-01-01 00:00:00.000000000,2012-12-05 18:00:00.000000000,2012-09-11 18:00:00.000000000,92 days 06:00:00.000000000,91 days 06:00:00.000000000,-1 days +00:00:00.000000000
8215,2013-04-09 00:00:00.000000000,2013-03-14 00:00:00.000000000,2013-03-14 00:00:00.000000000,2013-01-16 00:00:00.000000000,1910-01-01 00:00:00.000000000,2012-12-12 03:45:52.963200000,2012-09-20 03:45:52.963200000,117 days 20:14:07.036800000,91 days 20:14:07.036800000,-26 days +00:00:00.000000000
8216,2013-04-30 00:00:00.000000000,2013-03-08 00:00:00.000000000,2013-03-08 00:00:00.000000000,2012-09-11 00:00:00.000000000,1910-01-01 00:00:00.000000000,2013-01-02 23:13:32.908800000,2012-05-16 23:13:32.908800000,117 days 00:46:27.091200000,64 days 00:46:27.091200000,-53 days +00:00:00.000000000
8217,2013-04-15 00:00:00.000000000,2013-03-23 00:00:00.000000000,2013-03-23 00:00:00.000000000,2012-09-11 00:00:00.000000000,1910-01-01 00:00:00.000000000,2012-10-09 08:43:38.150400000,2012-03-07 08:43:38.150400000,187 days 15:16:21.849600000,164 days 15:16:21.849600000,-23 days +00:00:00.000000000
8218,2013-06-25 00:00:00.000000000,2013-03-15 00:00:00.000000000,2013-03-15 00:00:00.000000000,2013-01-28 00:00:00.000000000,1910-01-01 00:00:00.000000000,2013-03-30 04:10:26.083200000,2012-11-02 04:10:26.083200000,86 days 19:49:33.916800000,-16 days +19:49:33.916800000,-102 days +00:00:00.000000000
8219,2013-04-18 00:00:00.000000000,2013-03-15 00:00:00.000000000,2013-03-15 00:00:00.000000000,2013-01-28 00:00:00.000000000,1910-01-01 00:00:00.000000000,2013-02-04 22:09:13.852800000,2012-11-16 22:09:13.852800000,72 days 01:50:46.147200000,38 days 01:50:46.147200000,-34 days +00:00:00.000000000
8220,2013-04-13 00:00:00.000000000,2013-04-13 00:00:00.000000000,2013-04-13 00:00:00.000000000,2013-02-20 00:00:00.000000000,1910-01-01 00:00:00.000000000,2012-10-07 08:43:38.150400000,2012-08-16 08:43:38.150400000,187 days 15:16:21.849600000,187 days 15:16:21.849600000,0 days 00:00:00.000000000
8221,2013-04-25 00:00:00.000000000,2013-04-25 00:00:00.000000000,2013-04-25 00:00:00.000000000,2012-12-13 00:00:00.000000000,1910-01-01 00:00:00.000000000,2013-01-22 18:00:00.000000000,2012-09-11 18:00:00.000000000,92 days 06:00:00.000000000,92 days 06:00:00.000000000,0 days 00:00:00.000000000
8222,2013-04-30 00:00:00.000000000,2013-04-15 00:00:00.000000000,2013-04-15 00:00:00.000000000,2012-10-05 00:00:00.000000000,1910-01-01 00:00:00.000000000,2013-02-02 04:10:26.083200000,2012-07-10 04:10:26.083200000,86 days 19:49:33.916800000,71 days 19:49:33.916800000,-15 days +00:00:00.000000000
8223,2013-03-28 00:00:00.000000000,2013-03-30 00:00:00.000000000,2013-03-30 00:00:00.000000000,2012-09-11 00:00:00.000000000,1910-01-01 00:00:00.000000000,2012-11-30 23:13:32.908800000,2012-05-16 23:13:32.908800000,117 days 00:46:27.091200000,119 days 00:46:27.091200000,2 days 00:00:00.000000000
8224,2013-05-31 00:00:00.000000000,2013-05-14 00:00:00.000000000,2013-05-14 00:00:00.000000000,2012-12-30 00:00:00.000000000,1910-01-01 00:00:00.000000000,2013-02-18 04:16:00.019200000,2012-09-19 04:16:00.019200000,101 days 19:43:59.980800000,84 days 19:43:59.980800000,-17 days +00:00:00.000000000
8225,2013-07-04 00:00:00.000000000,2013-07-04 00:00:00.000000000,2013-07-04 00:00:00.000000000,2013-03-19 00:00:00.000000000,1910-01-01 00:00:00.000000000,2013-02-14 16:00:00.028800000,2012-10-30 16:00:00.028800000,139 days 07:59:59.971200000,139 days 07:59:59.971200000,0 days 00:00:00.000000000
8226,2013-05-31 00:00:00.000000000,2013-05-23 00:00:00.000000000,2013-05-23 00:00:00.000000000,2013-02-20 00:00:00.000000000,1910-01-01 00:00:00.000000000,2013-03-14 06:00:00.000000000,2012-12-04 06:00:00.000000000,77 days 18:00:00.000000000,69 days 18:00:00.000000000,-8 days +00:00:00.000000000
8227,2013-06-28 00:00:00.000000000,2013-05-13 00:00:00.000000000,2013-05-13 00:00:00.000000000,2013-03-26 00:00:00.000000000,1910-01-01 00:00:00.000000000,2013-04-02 04:10:26.083200000,2012-12-29 04:10:26.083200000,86 days 19:49:33.916800000,40 days 19:49:33.916800000,-46 days +00:00:00.000000000
8228,2013-04-30 00:00:00.000000000,2013-04-17 00:00:00.000000000,2013-04-17 00:00:00.000000000,2012-12-17 00:00:00.000000000,1910-01-01 00:00:00.000000000,2012-12-24 20:07:44.544000000,2012-08-12 20:07:44.544000000,126 days 03:52:15.456000000,113 days 03:52:15.456000000,-13 days +00:00:00.000000000
8229,2013-06-28 00:00:00.000000000,2013-05-13 00:00:00.000000000,2013-05-13 00:00:00.000000000,2013-03-26 00:00:00.000000000,1910-01-01 00:00:00.000000000,2013-04-02 04:10:26.083200000,2012-12-29 04:10:26.083200000,86 days 19:49:33.916800000,40 days 19:49:33.916800000,-46 days +00:00:00.000000000
8230,2013-06-30 00:00:00.000000000,2013-05-09 00:00:00.000000000,2013-05-09 00:00:00.000000000,2013-02-20 00:00:00.000000000,1910-01-01 00:00:00.000000000,2013-04-13 06:00:00.000000000,2012-12-04 06:00:00.000000000,77 days 18:00:00.000000000,25 days 18:00:00.000000000,-52 days +00:00:00.000000000
8231,2013-05-21 00:00:00.000000000,2013-05-03 00:00:00.000000000,2013-05-03 00:00:00.000000000,2012-11-15 00:00:00.000000000,1910-01-01 00:00:00.000000000,2013-02-13 08:16:33.139200000,2012-08-10 08:16:33.139200000,96 days 15:43:26.860800000,78 days 15:43:26.860800000,-18 days +00:00:00.000000000
8232,2013-05-06 00:00:00.000000000,2013-04-29 00:00:00.000000000,2013-04-29 00:00:00.000000000,2012-11-16 00:00:00.000000000,1910-01-01 00:00:00.000000000,2012-10-30 08:43:38.150400000,2012-05-12 08:43:38.150400000,187 days 15:16:21.849600000,180 days 15:16:21.849600000,-7 days +00:00:00.000000000
8233,2013-07-21 00:00:00.000000000,2013-07-26 00:00:00.000000000,2013-07-26 00:00:00.000000000,2012-11-12 00:00:00.000000000,1910-01-01 00:00:00.000000000,2013-03-03 16:00:00.028800000,2012-06-25 16:00:00.028800000,139 days 07:59:59.971200000,144 days 07:59:59.971200000,5 days 00:00:00.000000000
8234,2013-09-30 00:00:00.000000000,2013-08-29 00:00:00.000000000,2013-08-29 00:00:00.000000000,2013-03-19 00:00:00.000000000,1910-01-01 00:00:00.000000000,2013-05-13 16:00:00.028800000,2012-10-30 16:00:00.028800000,139 days 07:59:59.971200000,107 days 07:59:59.971200000,-32 days +00:00:00.000000000
8235,2013-08-01 00:00:00.000000000,2013-08-01 00:00:00.000000000,2013-08-01 00:00:00.000000000,2012-11-12 00:00:00.000000000,1910-01-01 00:00:00.000000000,2013-03-14 16:00:00.028800000,2012-06-25 16:00:00.028800000,139 days 07:59:59.971200000,139 days 07:59:59.971200000,0 days 00:00:00.000000000
8236,2013-08-01 00:00:00.000000000,2013-08-01 00:00:00.000000000,2013-08-01 00:00:00.000000000,2012-11-12 00:00:00.000000000,1910-01-01 00:00:00.000000000,2013-03-14 16:00:00.028800000,2012-06-25 16:00:00.028800000,139 days 07:59:59.971200000,139 days 07:59:59.971200000,0 days 00:00:00.000000000
8237,2013-05-30 00:00:00.000000000,2013-04-29 00:00:00.000000000,2013-04-29 00:00:00.000000000,2012-11-16 00:00:00.000000000,1910-01-01 00:00:00.000000000,2012-11-23 08:43:38.150400000,2012-05-12 08:43:38.150400000,187 days 15:16:21.849600000,156 days 15:16:21.849600000,-31 days +00:00:00.000000000
8238,2013-05-21 00:00:00.000000000,2013-05-06 00:00:00.000000000,2013-05-06 00:00:00.000000000,2012-11-15 00:00:00.000000000,1910-01-01 00:00:00.000000000,2013-02-13 08:16:33.139200000,2012-08-10 08:16:33.139200000,96 days 15:43:26.860800000,81 days 15:43:26.860800000,-15 days +00:00:00.000000000
8239,2013-08-23 00:00:00.000000000,2013-05-14 00:00:00.000000000,2013-05-14 00:00:00.000000000,2013-04-02 00:00:00.000000000,1910-01-01 00:00:00.000000000,2013-05-13 04:16:00.019200000,2012-12-21 04:16:00.019200000,101 days 19:43:59.980800000,0 days 19:43:59.980800000,-101 days +00:00:00.000000000
8240,2013-05-21 00:00:00.000000000,2013-05-10 00:00:00.000000000,2013-05-10 00:00:00.000000000,2012-11-15 00:00:00.000000000,1910-01-01 00:00:00.000000000,2013-02-13 08:16:33.139200000,2012-08-10 08:16:33.139200000,96 days 15:43:26.860800000,85 days 15:43:26.860800000,-11 days +00:00:00.000000000
8241,2013-08-21 00:00:00.000000000,2013-05-10 00:00:00.000000000,2013-05-10 00:00:00.000000000,2013-02-28 00:00:00.000000000,1910-01-01 00:00:00.000000000,2013-05-16 08:16:33.139200000,2012-11-23 08:16:33.139200000,96 days 15:43:26.860800000,-7 days +15:43:26.860800000,-103 days +00:00:00.000000000
8242,2013-06-28 00:00:00.000000000,2013-07-10 00:00:00.000000000,2013-07-10 00:00:00.000000000,2012-06-28 00:00:00.000000000,1910-01-01 00:00:00.000000000,2013-02-08 16:00:00.028800000,2012-02-09 16:00:00.028800000,139 days 07:59:59.971200000,151 days 07:59:59.971200000,12 days 00:00:00.000000000
8243,2013-07-26 00:00:00.000000000,2013-07-26 00:00:00.000000000,2013-07-26 00:00:00.000000000,2012-11-12 00:00:00.000000000,1910-01-01 00:00:00.000000000,2013-03-08 16:00:00.028800000,2012-06-25 16:00:00.028800000,139 days 07:59:59.971200000,139 days 07:59:59.971200000,0 days 00:00:00.000000000
8244,2013-05-21 00:00:00.000000000,2013-05-29 00:00:00.000000000,2013-05-29 00:00:00.000000000,2012-11-15 00:00:00.000000000,1910-01-01 00:00:00.000000000,2013-02-13 08:16:33.139200000,2012-08-10 08:16:33.139200000,96 days 15:43:26.860800000,104 days 15:43:26.860800000,8 days 00:00:00.000000000
8245,2013-06-04 00:00:00.000000000,2013-05-29 00:00:00.000000000,2013-05-29 00:00:00.000000000,2012-11-15 00:00:00.000000000,1910-01-01 00:00:00.000000000,2013-02-27 08:16:33.139200000,2012-08-10 08:16:33.139200000,96 days 15:43:26.860800000,90 days 15:43:26.860800000,-6 days +00:00:00.000000000
8246,2013-05-31 00:00:00.000000000,2013-05-28 00:00:00.000000000,2013-05-28 00:00:00.000000000,2012-11-15 00:00:00.000000000,1910-01-01 00:00:00.000000000,2013-02-23 08:16:33.139200000,2012-08-10 08:16:33.139200000,96 days 15:43:26.860800000,93 days 15:43:26.860800000,-3 days +00:00:00.000000000
8247,2013-07-18 00:00:00.000000000,2013-07-23 00:00:00.000000000,2013-07-23 00:00:00.000000000,2012-11-28 00:00:00.000000000,1910-01-01 00:00:00.000000000,2013-04-22 04:10:26.083200000,2012-09-02 04:10:26.083200000,86 days 19:49:33.916800000,91 days 19:49:33.916800000,5 days 00:00:00.000000000
8248,2013-07-31 00:00:00.000000000,2013-08-06 00:00:00.000000000,2013-08-06 00:00:00.000000000,2012-10-25 00:00:00.000000000,1910-01-01 00:00:00.000000000,2013-01-24 08:43:38.150400000,2012-04-20 08:43:38.150400000,187 days 15:16:21.849600000,193 days 15:16:21.849600000,6 days 00:00:00.000000000
8249,2013-07-31 00:00:00.000000000,2013-07-23 00:00:00.000000000,2013-07-23 00:00:00.000000000,2012-11-06 00:00:00.000000000,1910-01-01 00:00:00.000000000,2013-04-29 18:00:00.000000000,2012-08-05 18:00:00.000000000,92 days 06:00:00.000000000,84 days 06:00:00.000000000,-8 days +00:00:00.000000000
8250,2013-07-31 00:00:00.000000000,2013-08-26 00:00:00.000000000,2013-08-26 00:00:00.000000000,2012-12-13 00:00:00.000000000,1910-01-01 00:00:00.000000000,2013-04-29 18:00:00.000000000,2012-09-11 18:00:00.000000000,92 days 06:00:00.000000000,118 days 06:00:00.000000000,26 days 00:00:00.000000000
8251,2013-07-22 00:00:00.000000000,2013-07-23 00:00:00.000000000,2013-07-23 00:00:00.000000000,2012-11-15 00:00:00.000000000,1910-01-01 00:00:00.000000000,2013-04-16 08:16:33.139200000,2012-08-10 08:16:33.139200000,96 days 15:43:26.860800000,97 days 15:43:26.860800000,1 days 00:00:00.000000000
8252,2013-10-31 00:00:00.000000000,2013-07-23 00:00:00.000000000,2013-07-23 00:00:00.000000000,2012-12-14 00:00:00.000000000,1910-01-01 00:00:00.000000000,2013-07-05 23:13:32.908800000,2012-08-18 23:13:32.908800000,117 days 00:46:27.091200000,17 days 00:46:27.091200000,-100 days +00:00:00.000000000
8253,2013-08-28 00:00:00.000000000,2014-02-08 00:00:00.000000000,2014-03-11 00:00:00.000000000,2013-04-12 00:00:00.000000000,1910-01-01 00:00:00.000000000,2013-03-08 09:13:50.736000000,2012-10-21 09:13:50.736000000,172 days 14:46:09.264000000,336 days 14:46:09.264000000,164 days 00:00:00.000000000
8254,2013-08-06 00:00:00.000000000,2013-08-22 00:00:00.000000000,2013-08-22 00:00:00.000000000,2013-05-08 00:00:00.000000000,1910-01-01 00:00:00.000000000,2013-05-05 18:00:00.000000000,2013-02-04 18:00:00.000000000,92 days 06:00:00.000000000,108 days 06:00:00.000000000,16 days 00:00:00.000000000
8255,2013-09-20 00:00:00.000000000,2013-09-20 00:00:00.000000000,2013-09-20 00:00:00.000000000,2013-01-16 00:00:00.000000000,1910-01-01 00:00:00.000000000,2013-03-16 08:43:38.150400000,2012-07-12 08:43:38.150400000,187 days 15:16:21.849600000,187 days 15:16:21.849600000,0 days 00:00:00.000000000
8256,2013-09-30 00:00:00.000000000,2013-08-28 00:00:00.000000000,2013-08-28 00:00:00.000000000,2012-09-11 00:00:00.000000000,1910-01-01 00:00:00.000000000,2013-06-04 23:13:32.908800000,2012-05-16 23:13:32.908800000,117 days 00:46:27.091200000,84 days 00:46:27.091200000,-33 days +00:00:00.000000000
8257,2013-10-22 00:00:00.000000000,2013-10-22 00:00:00.000000000,2013-11-11 00:00:00.000000000,2013-01-28 00:00:00.000000000,1910-01-01 00:00:00.000000000,2013-07-27 04:10:26.083200000,2012-11-02 04:10:26.083200000,86 days 19:49:33.916800000,86 days 19:49:33.916800000,0 days 00:00:00.000000000
8258,2013-10-22 00:00:00.000000000,2013-10-22 00:00:00.000000000,2013-11-11 00:00:00.000000000,2012-10-05 00:00:00.000000000,1910-01-01 00:00:00.000000000,2013-07-27 04:10:26.083200000,2012-07-10 04:10:26.083200000,86 days 19:49:33.916800000,86 days 19:49:33.916800000,0 days 00:00:00.000000000
8259,2013-09-16 00:00:00.000000000,2013-09-23 00:00:00.000000000,2013-09-23 00:00:00.000000000,2013-01-28 00:00:00.000000000,1910-01-01 00:00:00.000000000,2013-06-21 04:10:26.083200000,2012-11-02 04:10:26.083200000,86 days 19:49:33.916800000,93 days 19:49:33.916800000,7 days 00:00:00.000000000
8260,2014-01-21 00:00:00.000000000,2014-01-21 00:00:00.000000000,2014-01-29 00:00:00.000000000,2013-04-12 00:00:00.000000000,1910-01-01 00:00:00.000000000,2013-10-18 19:59:59.971200000,2013-01-07 19:59:59.971200000,94 days 04:00:00.028800000,94 days 04:00:00.028800000,0 days 00:00:00.000000000
8261,2013-10-31 00:00:00.000000000,2013-10-31 00:00:00.000000000,2013-11-12 00:00:00.000000000,2013-03-19 00:00:00.000000000,1910-01-01 00:00:00.000000000,2013-06-13 16:00:00.028800000,2012-10-30 16:00:00.028800000,139 days 07:59:59.971200000,139 days 07:59:59.971200000,0 days 00:00:00.000000000
8262,2013-11-20 00:00:00.000000000,2013-09-10 00:00:00.000000000,2013-09-10 00:00:00.000000000,2013-07-04 00:00:00.000000000,1910-01-01 00:00:00.000000000,2013-08-10 04:16:00.019200000,2013-03-24 04:16:00.019200000,101 days 19:43:59.980800000,30 days 19:43:59.980800000,-71 days +00:00:00.000000000
8263,2013-09-30 00:00:00.000000000,2013-10-29 00:00:00.000000000,2013-11-19 00:00:00.000000000,2013-05-08 00:00:00.000000000,1910-01-01 00:00:00.000000000,2013-06-29 18:00:00.000000000,2013-02-04 18:00:00.000000000,92 days 06:00:00.000000000,121 days 06:00:00.000000000,29 days 00:00:00.000000000
8264,2013-09-30 00:00:00.000000000,2013-10-09 00:00:00.000000000,2013-11-01 00:00:00.000000000,2013-01-24 00:00:00.000000000,1910-01-01 00:00:00.000000000,2013-03-26 08:43:38.150400000,2012-07-20 08:43:38.150400000,187 days 15:16:21.849600000,196 days 15:16:21.849600000,9 days 00:00:00.000000000
8265,2013-10-15 00:00:00.000000000,2013-10-15 00:00:00.000000000,2013-10-29 00:00:00.000000000,2013-05-06 00:00:00.000000000,1910-01-01 00:00:00.000000000,2013-06-18 00:00:00.000000000,2013-01-07 00:00:00.000000000,119 days 00:00:00.000000000,119 days 00:00:00.000000000,0 days 00:00:00.000000000
8266,2013-10-15 00:00:00.000000000,2013-11-08 00:00:00.000000000,2013-11-27 00:00:00.000000000,2013-08-19 00:00:00.000000000,1910-01-01 00:00:00.000000000,2013-07-14 18:00:00.000000000,2013-05-18 18:00:00.000000000,92 days 06:00:00.000000000,116 days 06:00:00.000000000,24 days 00:00:00.000000000
8267,2013-10-29 00:00:00.000000000,2013-10-16 00:00:00.000000000,2013-10-29 00:00:00.000000000,2013-03-18 00:00:00.000000000,1910-01-01 00:00:00.000000000,2013-07-01 03:25:42.844800000,2012-11-18 03:25:42.844800000,119 days 20:34:17.155200000,106 days 20:34:17.155200000,-13 days +00:00:00.000000000
8268,2013-11-15 00:00:00.000000000,2013-10-08 00:00:00.000000000,2013-10-18 00:00:00.000000000,2013-03-19 00:00:00.000000000,1910-01-01 00:00:00.000000000,2013-06-28 16:00:00.028800000,2012-10-30 16:00:00.028800000,139 days 07:59:59.971200000,101 days 07:59:59.971200000,-38 days +00:00:00.000000000
8269,2013-11-26 00:00:00.000000000,2013-10-10 00:00:00.000000000,2013-10-29 00:00:00.000000000,2013-03-18 00:00:00.000000000,1910-01-01 00:00:00.000000000,2013-07-29 03:25:42.844800000,2012-11-18 03:25:42.844800000,119 days 20:34:17.155200000,72 days 20:34:17.155200000,-47 days +00:00:00.000000000
8270,2013-10-31 00:00:00.000000000,2013-11-04 00:00:00.000000000,2013-11-06 00:00:00.000000000,2013-04-02 00:00:00.000000000,1910-01-01 00:00:00.000000000,2013-07-21 04:16:00.019200000,2012-12-21 04:16:00.019200000,101 days 19:43:59.980800000,105 days 19:43:59.980800000,4 days 00:00:00.000000000
8271,2013-11-29 00:00:00.000000000,2013-11-29 00:00:00.000000000,2013-12-12 00:00:00.000000000,2013-04-19 00:00:00.000000000,1910-01-01 00:00:00.000000000,2013-09-03 04:10:26.083200000,2013-01-22 04:10:26.083200000,86 days 19:49:33.916800000,86 days 19:49:33.916800000,0 days 00:00:00.000000000
8272,2013-10-31 00:00:00.000000000,2013-10-22 00:00:00.000000000,2013-11-19 00:00:00.000000000,2012-12-14 00:00:00.000000000,1910-01-01 00:00:00.000000000,2013-07-05 23:13:32.908800000,2012-08-18 23:13:32.908800000,117 days 00:46:27.091200000,108 days 00:46:27.091200000,-9 days +00:00:00.000000000
8273,2013-10-31 00:00:00.000000000,2013-10-22 00:00:00.000000000,2013-11-19 00:00:00.000000000,2012-12-14 00:00:00.000000000,1910-01-01 00:00:00.000000000,2013-07-05 23:13:32.908800000,2012-08-18 23:13:32.908800000,117 days 00:46:27.091200000,108 days 00:46:27.091200000,-9 days +00:00:00.000000000
8274,2014-01-24 00:00:00.000000000,2014-01-24 00:00:00.000000000,2014-03-17 00:00:00.000000000,2013-04-19 00:00:00.000000000,1910-01-01 00:00:00.000000000,2013-10-22 12:00:00.000000000,2013-01-15 12:00:00.000000000,93 days 12:00:00.000000000,93 days 12:00:00.000000000,0 days 00:00:00.000000000
8275,2013-11-29 00:00:00.000000000,2013-11-29 00:00:00.000000000,2013-12-23 00:00:00.000000000,2013-05-06 00:00:00.000000000,1910-01-01 00:00:00.000000000,2013-08-02 00:00:00.000000000,2013-01-07 00:00:00.000000000,119 days 00:00:00.000000000,119 days 00:00:00.000000000,0 days 00:00:00.000000000
8276,2013-12-26 00:00:00.000000000,2013-12-16 00:00:00.000000000,2014-01-17 00:00:00.000000000,2013-10-01 00:00:00.000000000,1910-01-01 00:00:00.000000000,2013-09-15 04:16:00.019200000,2013-06-21 04:16:00.019200000,101 days 19:43:59.980800000,91 days 19:43:59.980800000,-10 days +00:00:00.000000000
8277,2013-12-16 00:00:00.000000000,2013-12-02 00:00:00.000000000,2013-12-20 00:00:00.000000000,2013-08-09 00:00:00.000000000,1910-01-01 00:00:00.000000000,2013-08-20 23:13:32.908800000,2013-04-13 23:13:32.908800000,117 days 00:46:27.091200000,103 days 00:46:27.091200000,-14 days +00:00:00.000000000
8278,2013-12-31 00:00:00.000000000,2013-11-30 00:00:00.000000000,2013-12-23 00:00:00.000000000,2013-07-16 00:00:00.000000000,1910-01-01 00:00:00.000000000,2013-10-19 22:09:13.852800000,2013-05-04 22:09:13.852800000,72 days 01:50:46.147200000,41 days 01:50:46.147200000,-31 days +00:00:00.000000000
8279,2013-11-29 00:00:00.000000000,2014-02-05 00:00:00.000000000,2014-02-24 00:00:00.000000000,2013-05-06 00:00:00.000000000,1910-01-01 00:00:00.000000000,2013-08-02 00:00:00.000000000,2013-01-07 00:00:00.000000000,119 days 00:00:00.000000000,187 days 00:00:00.000000000,68 days 00:00:00.000000000
8280,2013-12-31 00:00:00.000000000,2013-12-02 00:00:00.000000000,2013-12-20 00:00:00.000000000,2013-07-16 00:00:00.000000000,1910-01-01 00:00:00.000000000,2013-10-19 22:09:13.852800000,2013-05-04 22:09:13.852800000,72 days 01:50:46.147200000,43 days 01:50:46.147200000,-29 days +00:00:00.000000000
8281,2013-12-31 00:00:00.000000000,2013-11-26 00:00:00.000000000,2013-12-05 00:00:00.000000000,2013-03-14 00:00:00.000000000,1910-01-01 00:00:00.000000000,2013-09-25 08:16:33.139200000,2012-12-07 08:16:33.139200000,96 days 15:43:26.860800000,61 days 15:43:26.860800000,-35 days +00:00:00.000000000
8282,2013-12-31 00:00:00.000000000,2014-01-13 00:00:00.000000000,2014-01-29 00:00:00.000000000,2013-01-24 00:00:00.000000000,1910-01-01 00:00:00.000000000,2013-06-26 08:43:38.150400000,2012-07-20 08:43:38.150400000,187 days 15:16:21.849600000,200 days 15:16:21.849600000,13 days 00:00:00.000000000
8283,2013-12-16 00:00:00.000000000,2013-12-16 00:00:00.000000000,2014-01-20 00:00:00.000000000,2013-08-09 00:00:00.000000000,1910-01-01 00:00:00.000000000,2013-08-20 23:13:32.908800000,2013-04-13 23:13:32.908800000,117 days 00:46:27.091200000,117 days 00:46:27.091200000,0 days 00:00:00.000000000
8284,2013-12-24 00:00:00.000000000,2013-12-27 00:00:00.000000000,2014-01-17 00:00:00.000000000,2013-11-22 00:00:00.000000000,1910-01-01 00:00:00.000000000,2013-08-28 03:45:52.963200000,2013-07-27 03:45:52.963200000,117 days 20:14:07.036800000,120 days 20:14:07.036800000,3 days 00:00:00.000000000
8285,2014-01-22 00:00:00.000000000,2013-12-16 00:00:00.000000000,2014-01-20 00:00:00.000000000,2013-08-09 00:00:00.000000000,1910-01-01 00:00:00.000000000,2013-08-28 07:01:27.811200000,2013-03-15 07:01:27.811200000,146 days 16:58:32.188800000,109 days 16:58:32.188800000,-37 days +00:00:00.000000000
8286,2013-11-15 00:00:00.000000000,2013-11-22 00:00:00.000000000,2014-01-21 00:00:00.000000000,2013-07-09 00:00:00.000000000,1910-01-01 00:00:00.000000000,2013-08-29 06:00:00.000000000,2013-04-22 06:00:00.000000000,77 days 18:00:00.000000000,84 days 18:00:00.000000000,7 days 00:00:00.000000000
8287,2014-01-31 00:00:00.000000000,2014-01-10 00:00:00.000000000,2014-01-15 00:00:00.000000000,2013-08-06 00:00:00.000000000,1910-01-01 00:00:00.000000000,2013-10-31 00:00:00.000000000,2013-05-06 00:00:00.000000000,92 days 00:00:00.000000000,71 days 00:00:00.000000000,-21 days +00:00:00.000000000
8288,2014-02-28 00:00:00.000000000,2014-02-25 00:00:00.000000000,2014-03-07 00:00:00.000000000,2013-12-18 00:00:00.000000000,1910-01-01 00:00:00.000000000,2013-11-13 00:00:00.000000000,2013-09-02 00:00:00.000000000,107 days 00:00:00.000000000,104 days 00:00:00.000000000,-3 days +00:00:00.000000000
8289,2014-01-22 00:00:00.000000000,2014-02-11 00:00:00.000000000,2014-02-13 00:00:00.000000000,2013-10-28 00:00:00.000000000,1910-01-01 00:00:00.000000000,2013-09-06 02:17:08.563200000,2013-06-12 02:17:08.563200000,137 days 21:42:51.436800000,157 days 21:42:51.436800000,20 days 00:00:00.000000000
8290,2014-01-31 00:00:00.000000000,2014-02-03 00:00:00.000000000,2014-02-24 00:00:00.000000000,2013-08-02 00:00:00.000000000,1910-01-01 00:00:00.000000000,2013-10-16 00:00:00.000000000,2013-04-17 00:00:00.000000000,107 days 00:00:00.000000000,110 days 00:00:00.000000000,3 days 00:00:00.000000000
8291,2014-01-31 00:00:00.000000000,2014-02-18 00:00:00.000000000,2014-03-04 00:00:00.000000000,2013-08-09 00:00:00.000000000,1910-01-01 00:00:00.000000000,2013-09-06 07:01:27.811200000,2013-03-15 07:01:27.811200000,146 days 16:58:32.188800000,164 days 16:58:32.188800000,18 days 00:00:00.000000000
8292,2014-01-31 00:00:00.000000000,2014-02-17 00:00:00.000000000,2014-03-04 00:00:00.000000000,2013-05-08 00:00:00.000000000,1910-01-01 00:00:00.000000000,2013-10-24 01:15:47.404800000,2013-01-29 01:15:47.404800000,98 days 22:44:12.595200000,115 days 22:44:12.595200000,17 days 00:00:00.000000000
8293,2014-01-31 00:00:00.000000000,2014-02-19 00:00:00.000000000,2014-02-24 00:00:00.000000000,2013-07-04 00:00:00.000000000,1910-01-01 00:00:00.000000000,2013-10-02 01:36:00.028800000,2013-03-05 01:36:00.028800000,120 days 22:23:59.971200000,139 days 22:23:59.971200000,19 days 00:00:00.000000000
8294,2014-02-28 00:00:00.000000000,2014-02-19 00:00:00.000000000,2014-03-19 00:00:00.000000000,2013-06-28 00:00:00.000000000,1910-01-01 00:00:00.000000000,2013-11-03 22:04:48.000000000,2013-03-03 22:04:48.000000000,116 days 01:55:12.000000000,107 days 01:55:12.000000000,-9 days +00:00:00.000000000
8295,2014-02-28 00:00:00.000000000,2014-02-10 00:00:00.000000000,2014-02-19 00:00:00.000000000,2013-03-14 00:00:00.000000000,1910-01-01 00:00:00.000000000,2013-11-28 00:00:00.000000000,2012-12-12 00:00:00.000000000,92 days 00:00:00.000000000,74 days 00:00:00.000000000,-18 days +00:00:00.000000000
8296,2014-02-28 00:00:00.000000000,2014-02-10 00:00:00.000000000,2014-02-19 00:00:00.000000000,2013-05-06 00:00:00.000000000,1910-01-01 00:00:00.000000000,2013-11-28 00:00:00.000000000,2013-02-03 00:00:00.000000000,92 days 00:00:00.000000000,74 days 00:00:00.000000000,-18 days +00:00:00.000000000
8297,2014-04-15 00:00:00.000000000,2014-03-28 00:00:00.000000000,2014-04-04 00:00:00.000000000,2013-10-21 00:00:00.000000000,1910-01-01 00:00:00.000000000,2013-12-19 22:04:48.000000000,2013-06-26 22:04:48.000000000,116 days 01:55:12.000000000,98 days 01:55:12.000000000,-18 days +00:00:00.000000000
8298,2014-05-30 00:00:00.000000000,2014-05-19 00:00:00.000000000,2014-06-26 00:00:00.000000000,2014-01-15 00:00:00.000000000,1910-01-01 00:00:00.000000000,2014-02-24 19:59:59.971200000,2013-10-12 19:59:59.971200000,94 days 04:00:00.028800000,83 days 04:00:00.028800000,-11 days +00:00:00.000000000
8299,2014-03-28 00:00:00.000000000,2014-03-28 00:00:00.000000000,2014-04-04 00:00:00.000000000,2013-06-28 00:00:00.000000000,1910-01-01 00:00:00.000000000,2013-12-01 22:04:48.000000000,2013-03-03 22:04:48.000000000,116 days 01:55:12.000000000,116 days 01:55:12.000000000,0 days 00:00:00.000000000
8300,2014-04-11 00:00:00.000000000,2014-04-11 00:00:00.000000000,2014-04-28 00:00:00.000000000,2012-12-14 00:00:00.000000000,1910-01-01 00:00:00.000000000,2013-11-15 07:01:27.811200000,2012-07-20 07:01:27.811200000,146 days 16:58:32.188800000,146 days 16:58:32.188800000,0 days 00:00:00.000000000
8301,2014-03-28 00:00:00.000000000,2014-03-26 00:00:00.000000000,2014-04-28 00:00:00.000000000,2013-08-09 00:00:00.000000000,1910-01-01 00:00:00.000000000,2013-11-01 07:01:27.811200000,2013-03-15 07:01:27.811200000,146 days 16:58:32.188800000,144 days 16:58:32.188800000,-2 days +00:00:00.000000000
8302,2014-03-31 00:00:00.000000000,2014-03-24 00:00:00.000000000,2014-04-04 00:00:00.000000000,2013-10-17 00:00:00.000000000,1910-01-01 00:00:00.000000000,2013-12-21 12:37:53.702400000,2013-07-09 12:37:53.702400000,99 days 11:22:06.297600000,92 days 11:22:06.297600000,-7 days +00:00:00.000000000
8303,2014-03-28 00:00:00.000000000,2014-04-02 00:00:00.000000000,2014-04-14 00:00:00.000000000,2013-08-02 00:00:00.000000000,1910-01-01 00:00:00.000000000,2013-12-11 00:00:00.000000000,2013-04-17 00:00:00.000000000,107 days 00:00:00.000000000,112 days 00:00:00.000000000,5 days 00:00:00.000000000
8304,2014-04-15 00:00:00.000000000,2014-04-14 00:00:00.000000000,2014-04-17 00:00:00.000000000,2013-10-21 00:00:00.000000000,1910-01-01 00:00:00.000000000,2013-12-19 22:04:48.000000000,2013-06-26 22:04:48.000000000,116 days 01:55:12.000000000,115 days 01:55:12.000000000,-1 days +00:00:00.000000000
8305,2014-04-15 00:00:00.000000000,2014-04-14 00:00:00.000000000,2014-04-17 00:00:00.000000000,2013-10-21 00:00:00.000000000,1910-01-01 00:00:00.000000000,2013-12-19 22:04:48.000000000,2013-06-26 22:04:48.000000000,116 days 01:55:12.000000000,115 days 01:55:12.000000000,-1 days +00:00:00.000000000
8306,2014-03-31 00:00:00.000000000,2014-03-21 00:00:00.000000000,2014-03-26 00:00:00.000000000,2013-10-28 00:00:00.000000000,1910-01-01 00:00:00.000000000,2013-11-13 02:17:08.563200000,2013-06-12 02:17:08.563200000,137 days 21:42:51.436800000,127 days 21:42:51.436800000,-10 days +00:00:00.000000000
8307,2014-03-31 00:00:00.000000000,2014-04-03 00:00:00.000000000,2014-06-06 00:00:00.000000000,2013-10-09 00:00:00.000000000,1910-01-01 00:00:00.000000000,2014-01-12 12:00:00.000000000,2013-07-23 12:00:00.000000000,77 days 12:00:00.000000000,80 days 12:00:00.000000000,3 days 00:00:00.000000000
8308,2014-03-31 00:00:00.000000000,2014-04-03 00:00:00.000000000,2014-06-06 00:00:00.000000000,2013-10-09 00:00:00.000000000,1910-01-01 00:00:00.000000000,2014-01-12 12:00:00.000000000,2013-07-23 12:00:00.000000000,77 days 12:00:00.000000000,80 days 12:00:00.000000000,3 days 00:00:00.000000000
8309,2014-04-07 00:00:00.000000000,2014-04-07 00:00:00.000000000,2014-04-17 00:00:00.000000000,2014-02-19 00:00:00.000000000,1910-01-01 00:00:00.000000000,2013-12-14 14:24:00.000000000,2013-10-28 14:24:00.000000000,113 days 09:36:00.000000000,113 days 09:36:00.000000000,0 days 00:00:00.000000000
8310,2014-04-30 00:00:00.000000000,2014-04-14 00:00:00.000000000,2014-05-22 00:00:00.000000000,2013-08-09 00:00:00.000000000,1910-01-01 00:00:00.000000000,2013-12-04 07:01:27.811200000,2013-03-15 07:01:27.811200000,146 days 16:58:32.188800000,130 days 16:58:32.188800000,-16 days +00:00:00.000000000
8311,2014-05-06 00:00:00.000000000,2014-04-17 00:00:00.000000000,2014-05-02 00:00:00.000000000,2013-11-19 00:00:00.000000000,1910-01-01 00:00:00.000000000,2014-02-03 00:00:00.000000000,2013-08-19 00:00:00.000000000,92 days 00:00:00.000000000,73 days 00:00:00.000000000,-19 days +00:00:00.000000000
8312,2014-06-30 00:00:00.000000000,2014-04-14 00:00:00.000000000,2014-06-06 00:00:00.000000000,2014-01-16 00:00:00.000000000,1910-01-01 00:00:00.000000000,2014-04-13 12:00:00.000000000,2013-10-30 12:00:00.000000000,77 days 12:00:00.000000000,0 days 12:00:00.000000000,-77 days +00:00:00.000000000
8313,2014-06-03 00:00:00.000000000,2014-06-03 00:00:00.000000000,2014-06-11 00:00:00.000000000,2013-10-21 00:00:00.000000000,1910-01-01 00:00:00.000000000,2014-02-06 22:04:48.000000000,2013-06-26 22:04:48.000000000,116 days 01:55:12.000000000,116 days 01:55:12.000000000,0 days 00:00:00.000000000
8314,2014-06-14 00:00:00.000000000,2014-06-24 00:00:00.000000000,2014-07-14 00:00:00.000000000,2013-10-21 00:00:00.000000000,1910-01-01 00:00:00.000000000,2014-02-17 22:04:48.000000000,2013-06-26 22:04:48.000000000,116 days 01:55:12.000000000,126 days 01:55:12.000000000,10 days 00:00:00.000000000
8315,2014-06-30 00:00:00.000000000,2014-04-25 00:00:00.000000000,2014-05-13 00:00:00.000000000,2014-01-16 00:00:00.000000000,1910-01-01 00:00:00.000000000,2014-04-13 12:00:00.000000000,2013-10-30 12:00:00.000000000,77 days 12:00:00.000000000,11 days 12:00:00.000000000,-66 days +00:00:00.000000000
8316,2014-05-05 00:00:00.000000000,2014-05-06 00:00:00.000000000,2014-06-20 00:00:00.000000000,2013-08-02 00:00:00.000000000,1910-01-01 00:00:00.000000000,2014-01-18 00:00:00.000000000,2013-04-17 00:00:00.000000000,107 days 00:00:00.000000000,108 days 00:00:00.000000000,1 days 00:00:00.000000000
8317,2014-05-05 00:00:00.000000000,2014-06-06 00:00:00.000000000,2014-06-20 00:00:00.000000000,2013-08-02 00:00:00.000000000,1910-01-01 00:00:00.000000000,2014-01-18 00:00:00.000000000,2013-04-17 00:00:00.000000000,107 days 00:00:00.000000000,139 days 00:00:00.000000000,32 days 00:00:00.000000000
8318,2014-05-06 00:00:00.000000000,2014-05-19 00:00:00.000000000,2014-06-12 00:00:00.000000000,2013-10-31 00:00:00.000000000,1910-01-01 00:00:00.000000000,2014-02-01 12:00:00.000000000,2013-07-29 12:00:00.000000000,93 days 12:00:00.000000000,106 days 12:00:00.000000000,13 days 00:00:00.000000000
8319,2014-08-15 00:00:00.000000000,2014-08-15 00:00:00.000000000,2014-09-05 00:00:00.000000000,2014-01-15 00:00:00.000000000,1910-01-01 00:00:00.000000000,2014-05-12 19:59:59.971200000,2013-10-12 19:59:59.971200000,94 days 04:00:00.028800000,94 days 04:00:00.028800000,0 days 00:00:00.000000000
8320,2014-04-21 00:00:00.000000000,2014-05-01 00:00:00.000000000,2014-06-11 00:00:00.000000000,2013-10-22 00:00:00.000000000,1910-01-01 00:00:00.000000000,2013-11-25 07:01:27.811200000,2013-05-28 07:01:27.811200000,146 days 16:58:32.188800000,156 days 16:58:32.188800000,10 days 00:00:00.000000000
8321,2014-07-31 00:00:00.000000000,2014-07-25 00:00:00.000000000,2014-09-05 00:00:00.000000000,2013-10-21 00:00:00.000000000,1910-01-01 00:00:00.000000000,2014-04-05 22:04:48.000000000,2013-06-26 22:04:48.000000000,116 days 01:55:12.000000000,110 days 01:55:12.000000000,-6 days +00:00:00.000000000
8322,2014-06-27 00:00:00.000000000,2014-07-06 00:00:00.000000000,2014-08-05 00:00:00.000000000,2013-08-02 00:00:00.000000000,1910-01-01 00:00:00.000000000,2014-03-12 00:00:00.000000000,2013-04-17 00:00:00.000000000,107 days 00:00:00.000000000,116 days 00:00:00.000000000,9 days 00:00:00.000000000
8323,2014-06-04 00:00:00.000000000,2014-06-03 00:00:00.000000000,2014-06-11 00:00:00.000000000,2013-10-22 00:00:00.000000000,1910-01-01 00:00:00.000000000,2014-01-08 07:01:27.811200000,2013-05-28 07:01:27.811200000,146 days 16:58:32.188800000,145 days 16:58:32.188800000,-1 days +00:00:00.000000000
8324,2014-06-30 00:00:00.000000000,2014-06-10 00:00:00.000000000,2014-06-12 00:00:00.000000000,2013-07-04 00:00:00.000000000,1910-01-01 00:00:00.000000000,2014-03-01 01:36:00.028800000,2013-03-05 01:36:00.028800000,120 days 22:23:59.971200000,100 days 22:23:59.971200000,-20 days +00:00:00.000000000
8325,2014-06-30 00:00:00.000000000,2014-06-06 00:00:00.000000000,2014-06-20 00:00:00.000000000,2014-01-15 00:00:00.000000000,1910-01-01 00:00:00.000000000,2014-03-01 01:36:00.028800000,2013-09-16 01:36:00.028800000,120 days 22:23:59.971200000,96 days 22:23:59.971200000,-24 days +00:00:00.000000000
8326,2014-05-30 00:00:00.000000000,2014-06-25 00:00:00.000000000,2014-07-01 00:00:00.000000000,2014-01-24 00:00:00.000000000,1910-01-01 00:00:00.000000000,2014-04-01 13:42:51.465600000,2013-11-26 13:42:51.465600000,58 days 10:17:08.534400000,84 days 10:17:08.534400000,26 days 00:00:00.000000000
8327,2014-06-16 00:00:00.000000000,2014-06-04 00:00:00.000000000,2014-07-09 00:00:00.000000000,2013-07-09 00:00:00.000000000,1910-01-01 00:00:00.000000000,2014-04-18 13:42:51.465600000,2013-05-11 13:42:51.465600000,58 days 10:17:08.534400000,46 days 10:17:08.534400000,-12 days +00:00:00.000000000
8328,2014-07-31 00:00:00.000000000,2014-07-25 00:00:00.000000000,2014-09-05 00:00:00.000000000,2013-10-21 00:00:00.000000000,1910-01-01 00:00:00.000000000,2014-04-05 22:04:48.000000000,2013-06-26 22:04:48.000000000,116 days 01:55:12.000000000,110 days 01:55:12.000000000,-6 days +00:00:00.000000000
8329,2014-07-31 00:00:00.000000000,2014-09-25 00:00:00.000000000,2014-10-06 00:00:00.000000000,2013-10-01 00:00:00.000000000,1910-01-01 00:00:00.000000000,2014-04-01 01:36:00.028800000,2013-06-02 01:36:00.028800000,120 days 22:23:59.971200000,176 days 22:23:59.971200000,56 days 00:00:00.000000000
8330,2014-08-29 00:00:00.000000000,2014-09-23 00:00:00.000000000,2014-10-17 00:00:00.000000000,2013-10-31 00:00:00.000000000,1910-01-01 00:00:00.000000000,2014-05-27 12:00:00.000000000,2013-07-29 12:00:00.000000000,93 days 12:00:00.000000000,118 days 12:00:00.000000000,25 days 00:00:00.000000000
8331,2014-09-30 00:00:00.000000000,2014-09-08 00:00:00.000000000,2014-09-19 00:00:00.000000000,2014-01-29 00:00:00.000000000,1910-01-01 00:00:00.000000000,2014-05-06 07:01:27.811200000,2013-09-04 07:01:27.811200000,146 days 16:58:32.188800000,124 days 16:58:32.188800000,-22 days +00:00:00.000000000
8332,2014-09-04 00:00:00.000000000,2014-09-23 00:00:00.000000000,2014-10-17 00:00:00.000000000,2014-04-16 00:00:00.000000000,1910-01-01 00:00:00.000000000,2014-06-02 12:00:00.000000000,2014-01-12 12:00:00.000000000,93 days 12:00:00.000000000,112 days 12:00:00.000000000,19 days 00:00:00.000000000
8333,2014-06-30 00:00:00.000000000,2014-06-20 00:00:00.000000000,2014-06-25 00:00:00.000000000,2013-08-06 00:00:00.000000000,1910-01-01 00:00:00.000000000,2014-03-30 00:00:00.000000000,2013-05-06 00:00:00.000000000,92 days 00:00:00.000000000,82 days 00:00:00.000000000,-10 days +00:00:00.000000000
8334,2014-07-09 00:00:00.000000000,2014-07-09 00:00:00.000000000,2014-08-07 00:00:00.000000000,2013-10-22 00:00:00.000000000,1910-01-01 00:00:00.000000000,2014-02-12 07:01:27.811200000,2013-05-28 07:01:27.811200000,146 days 16:58:32.188800000,146 days 16:58:32.188800000,0 days 00:00:00.000000000
8335,2014-07-15 00:00:00.000000000,2014-07-09 00:00:00.000000000,2014-08-07 00:00:00.000000000,2014-01-29 00:00:00.000000000,1910-01-01 00:00:00.000000000,2014-02-18 07:01:27.811200000,2013-09-04 07:01:27.811200000,146 days 16:58:32.188800000,140 days 16:58:32.188800000,-6 days +00:00:00.000000000
8336,2014-07-31 00:00:00.000000000,2014-07-25 00:00:00.000000000,2014-08-01 00:00:00.000000000,2014-04-18 00:00:00.000000000,1910-01-01 00:00:00.000000000,2014-06-02 13:42:51.465600000,2014-02-18 13:42:51.465600000,58 days 10:17:08.534400000,52 days 10:17:08.534400000,-6 days +00:00:00.000000000
8337,2014-12-31 00:00:00.000000000,2014-08-14 00:00:00.000000000,2014-08-15 00:00:00.000000000,2014-04-22 00:00:00.000000000,1910-01-01 00:00:00.000000000,2014-09-15 00:00:00.000000000,2014-01-05 00:00:00.000000000,107 days 00:00:00.000000000,-32 days +00:00:00.000000000,-139 days +00:00:00.000000000
8338,2014-09-30 00:00:00.000000000,2014-08-29 00:00:00.000000000,2014-09-08 00:00:00.000000000,2014-04-09 00:00:00.000000000,1910-01-01 00:00:00.000000000,2014-07-14 12:00:00.000000000,2014-01-21 12:00:00.000000000,77 days 12:00:00.000000000,45 days 12:00:00.000000000,-32 days +00:00:00.000000000
8339,2014-07-14 00:00:00.000000000,2014-09-03 00:00:00.000000000,2014-10-06 00:00:00.000000000,2014-02-06 00:00:00.000000000,1910-01-01 00:00:00.000000000,2014-04-11 12:00:00.000000000,2013-11-04 12:00:00.000000000,93 days 12:00:00.000000000,144 days 12:00:00.000000000,51 days 00:00:00.000000000
8340,2014-11-30 00:00:00.000000000,2014-06-29 00:00:00.000000000,2014-08-04 00:00:00.000000000,2014-04-02 00:00:00.000000000,1910-01-01 00:00:00.000000000,2014-08-22 12:37:53.702400000,2013-12-23 12:37:53.702400000,99 days 11:22:06.297600000,-55 days +11:22:06.297600000,-154 days +00:00:00.000000000
8341,2014-09-30 00:00:00.000000000,2014-06-29 00:00:00.000000000,2014-08-04 00:00:00.000000000,2013-12-24 00:00:00.000000000,1910-01-01 00:00:00.000000000,2014-06-22 12:37:53.702400000,2013-09-15 12:37:53.702400000,99 days 11:22:06.297600000,6 days 11:22:06.297600000,-93 days +00:00:00.000000000
8342,2014-09-24 00:00:00.000000000,2014-10-28 00:00:00.000000000,2014-12-04 00:00:00.000000000,2014-05-07 00:00:00.000000000,1910-01-01 00:00:00.000000000,2014-06-21 19:59:59.971200000,2014-02-01 19:59:59.971200000,94 days 04:00:00.028800000,128 days 04:00:00.028800000,34 days 00:00:00.000000000
8343,2014-07-31 00:00:00.000000000,2014-07-15 00:00:00.000000000,2014-07-17 00:00:00.000000000,2014-02-07 00:00:00.000000000,1910-01-01 00:00:00.000000000,2014-04-23 01:15:47.404800000,2013-10-31 01:15:47.404800000,98 days 22:44:12.595200000,82 days 22:44:12.595200000,-16 days +00:00:00.000000000
8344,2014-09-30 00:00:00.000000000,2014-07-30 00:00:00.000000000,2014-09-05 00:00:00.000000000,2014-04-09 00:00:00.000000000,1910-01-01 00:00:00.000000000,2014-07-14 12:00:00.000000000,2014-01-21 12:00:00.000000000,77 days 12:00:00.000000000,15 days 12:00:00.000000000,-62 days +00:00:00.000000000
8345,2014-08-29 00:00:00.000000000,2014-11-05 00:00:00.000000000,2014-11-07 00:00:00.000000000,2013-10-21 00:00:00.000000000,1910-01-01 00:00:00.000000000,2014-05-04 22:04:48.000000000,2013-06-26 22:04:48.000000000,116 days 01:55:12.000000000,184 days 01:55:12.000000000,68 days 00:00:00.000000000
8346,2014-07-31 00:00:00.000000000,2014-09-23 00:00:00.000000000,2014-10-06 00:00:00.000000000,2014-02-02 00:00:00.000000000,1910-01-01 00:00:00.000000000,2014-04-28 12:00:00.000000000,2013-10-31 12:00:00.000000000,93 days 12:00:00.000000000,147 days 12:00:00.000000000,54 days 00:00:00.000000000
8347,2014-08-29 00:00:00.000000000,2014-09-23 00:00:00.000000000,2014-10-06 00:00:00.000000000,2013-10-31 00:00:00.000000000,1910-01-01 00:00:00.000000000,2014-05-27 12:00:00.000000000,2013-07-29 12:00:00.000000000,93 days 12:00:00.000000000,118 days 12:00:00.000000000,25 days 00:00:00.000000000
8348,2014-09-30 00:00:00.000000000,2014-09-03 00:00:00.000000000,2014-09-05 00:00:00.000000000,2013-11-19 00:00:00.000000000,1910-01-01 00:00:00.000000000,2014-06-30 00:00:00.000000000,2013-08-19 00:00:00.000000000,92 days 00:00:00.000000000,65 days 00:00:00.000000000,-27 days +00:00:00.000000000
8349,2014-09-30 00:00:00.000000000,2014-09-03 00:00:00.000000000,2014-09-05 00:00:00.000000000,2013-11-19 00:00:00.000000000,1910-01-01 00:00:00.000000000,2014-06-30 00:00:00.000000000,2013-08-19 00:00:00.000000000,92 days 00:00:00.000000000,65 days 00:00:00.000000000,-27 days +00:00:00.000000000
8350,2014-10-31 00:00:00.000000000,2014-10-10 00:00:00.000000000,2014-10-29 00:00:00.000000000,2014-02-06 00:00:00.000000000,1910-01-01 00:00:00.000000000,2014-07-29 12:00:00.000000000,2013-11-04 12:00:00.000000000,93 days 12:00:00.000000000,72 days 12:00:00.000000000,-21 days +00:00:00.000000000
8351,2014-12-31 00:00:00.000000000,2014-10-28 00:00:00.000000000,2014-11-13 00:00:00.000000000,2014-05-02 00:00:00.000000000,1910-01-01 00:00:00.000000000,2014-09-05 22:04:48.000000000,2014-01-05 22:04:48.000000000,116 days 01:55:12.000000000,52 days 01:55:12.000000000,-64 days +00:00:00.000000000
8352,2014-10-15 00:00:00.000000000,2014-10-14 00:00:00.000000000,2014-10-20 00:00:00.000000000,2014-04-22 00:00:00.000000000,1910-01-01 00:00:00.000000000,2014-06-30 00:00:00.000000000,2014-01-05 00:00:00.000000000,107 days 00:00:00.000000000,106 days 00:00:00.000000000,-1 days +00:00:00.000000000
8353,2014-10-31 00:00:00.000000000,2014-10-02 00:00:00.000000000,2014-10-22 00:00:00.000000000,2014-04-24 00:00:00.000000000,1910-01-01 00:00:00.000000000,2014-07-29 12:00:00.000000000,2014-01-20 12:00:00.000000000,93 days 12:00:00.000000000,64 days 12:00:00.000000000,-29 days +00:00:00.000000000
8354,2014-10-31 00:00:00.000000000,2014-10-02 00:00:00.000000000,2014-10-22 00:00:00.000000000,2014-02-06 00:00:00.000000000,1910-01-01 00:00:00.000000000,2014-07-29 12:00:00.000000000,2013-11-04 12:00:00.000000000,93 days 12:00:00.000000000,64 days 12:00:00.000000000,-29 days +00:00:00.000000000
8355,2014-12-31 00:00:00.000000000,2014-12-01 00:00:00.000000000,2014-12-01 00:00:00.000000000,2014-05-02 00:00:00.000000000,1910-01-01 00:00:00.000000000,2014-09-05 22:04:48.000000000,2014-01-05 22:04:48.000000000,116 days 01:55:12.000000000,86 days 01:55:12.000000000,-30 days +00:00:00.000000000
8356,2014-10-01 00:00:00.000000000,2014-11-12 00:00:00.000000000,2014-11-13 00:00:00.000000000,2014-03-04 00:00:00.000000000,1910-01-01 00:00:00.000000000,2014-06-16 00:00:00.000000000,2013-11-17 00:00:00.000000000,107 days 00:00:00.000000000,149 days 00:00:00.000000000,42 days 00:00:00.000000000
8357,2015-01-30 00:00:00.000000000,2015-02-18 00:00:00.000000000,2015-02-23 00:00:00.000000000,2014-07-14 00:00:00.000000000,1910-01-01 00:00:00.000000000,2014-09-27 07:45:52.905600000,2014-03-11 07:45:52.905600000,124 days 16:14:07.094400000,143 days 16:14:07.094400000,19 days 00:00:00.000000000
8358,2014-10-31 00:00:00.000000000,2014-10-30 00:00:00.000000000,2014-11-03 00:00:00.000000000,2014-04-25 00:00:00.000000000,1910-01-01 00:00:00.000000000,2014-07-31 00:00:00.000000000,2014-01-23 00:00:00.000000000,92 days 00:00:00.000000000,91 days 00:00:00.000000000,-1 days +00:00:00.000000000
8359,2014-11-28 00:00:00.000000000,2014-10-30 00:00:00.000000000,2014-11-03 00:00:00.000000000,2014-04-25 00:00:00.000000000,1910-01-01 00:00:00.000000000,2014-08-28 00:00:00.000000000,2014-01-23 00:00:00.000000000,92 days 00:00:00.000000000,63 days 00:00:00.000000000,-29 days +00:00:00.000000000
8360,2014-11-20 00:00:00.000000000,2014-11-20 00:00:00.000000000,2014-11-24 00:00:00.000000000,2014-04-18 00:00:00.000000000,1910-01-01 00:00:00.000000000,2014-09-22 13:42:51.465600000,2014-02-18 13:42:51.465600000,58 days 10:17:08.534400000,58 days 10:17:08.534400000,0 days 00:00:00.000000000
8361,2015-01-14 00:00:00.000000000,2014-11-13 00:00:00.000000000,2014-11-14 00:00:00.000000000,2014-10-15 00:00:00.000000000,1910-01-01 00:00:00.000000000,2014-10-01 05:42:51.408000000,2014-07-02 05:42:51.408000000,104 days 18:17:08.592000000,42 days 18:17:08.592000000,-62 days +00:00:00.000000000
8362,2015-02-16 00:00:00.000000000,2015-01-14 00:00:00.000000000,2015-01-19 00:00:00.000000000,2014-04-22 00:00:00.000000000,1910-01-01 00:00:00.000000000,2014-11-03 05:42:51.408000000,2014-01-07 05:42:51.408000000,104 days 18:17:08.592000000,71 days 18:17:08.592000000,-33 days +00:00:00.000000000
8363,2015-01-15 00:00:00.000000000,2014-12-17 00:00:00.000000000,2014-12-22 00:00:00.000000000,2014-06-04 00:00:00.000000000,1910-01-01 00:00:00.000000000,2014-08-13 12:42:21.196800000,2013-12-31 12:42:21.196800000,154 days 11:17:38.803200000,125 days 11:17:38.803200000,-29 days +00:00:00.000000000
8364,2015-01-30 00:00:00.000000000,2015-02-11 00:00:00.000000000,2015-02-16 00:00:00.000000000,2014-01-29 00:00:00.000000000,1910-01-01 00:00:00.000000000,2014-06-20 12:00:00.000000000,2013-06-19 12:00:00.000000000,223 days 12:00:00.000000000,235 days 12:00:00.000000000,12 days 00:00:00.000000000
8365,2015-01-14 00:00:00.000000000,2014-12-24 00:00:00.000000000,2015-01-05 00:00:00.000000000,2014-10-15 00:00:00.000000000,1910-01-01 00:00:00.000000000,2014-10-01 05:42:51.408000000,2014-07-02 05:42:51.408000000,104 days 18:17:08.592000000,83 days 18:17:08.592000000,-21 days +00:00:00.000000000
8366,2015-02-16 00:00:00.000000000,2015-01-24 00:00:00.000000000,2015-02-03 00:00:00.000000000,2014-06-04 00:00:00.000000000,1910-01-01 00:00:00.000000000,2014-09-14 12:42:21.196800000,2013-12-31 12:42:21.196800000,154 days 11:17:38.803200000,131 days 11:17:38.803200000,-23 days +00:00:00.000000000
8367,2015-01-27 00:00:00.000000000,2015-01-09 00:00:00.000000000,2015-01-19 00:00:00.000000000,2014-10-15 00:00:00.000000000,1910-01-01 00:00:00.000000000,2014-10-14 05:42:51.408000000,2014-07-02 05:42:51.408000000,104 days 18:17:08.592000000,86 days 18:17:08.592000000,-18 days +00:00:00.000000000
8368,2015-01-31 00:00:00.000000000,2014-12-24 00:00:00.000000000,2014-12-31 00:00:00.000000000,2014-10-15 00:00:00.000000000,1910-01-01 00:00:00.000000000,2014-10-18 05:42:51.408000000,2014-07-02 05:42:51.408000000,104 days 18:17:08.592000000,66 days 18:17:08.592000000,-38 days +00:00:00.000000000
8369,2015-01-30 00:00:00.000000000,2015-01-19 00:00:00.000000000,2015-01-27 00:00:00.000000000,2014-01-29 00:00:00.000000000,1910-01-01 00:00:00.000000000,2014-06-20 12:00:00.000000000,2013-06-19 12:00:00.000000000,223 days 12:00:00.000000000,212 days 12:00:00.000000000,-11 days +00:00:00.000000000
8370,2015-01-30 00:00:00.000000000,2015-02-13 00:00:00.000000000,2015-02-16 00:00:00.000000000,2014-12-17 00:00:00.000000000,1910-01-01 00:00:00.000000000,2014-09-12 09:00:00.000000000,2014-07-30 09:00:00.000000000,139 days 15:00:00.000000000,153 days 15:00:00.000000000,14 days 00:00:00.000000000
8371,2015-02-28 00:00:00.000000000,2015-03-13 00:00:00.000000000,2015-03-17 00:00:00.000000000,2014-08-21 00:00:00.000000000,1910-01-01 00:00:00.000000000,2014-10-22 12:55:23.116800000,2014-04-14 12:55:23.116800000,128 days 11:04:36.883200000,141 days 11:04:36.883200000,13 days 00:00:00.000000000
8372,2015-01-30 00:00:00.000000000,2015-01-14 00:00:00.000000000,2015-01-20 00:00:00.000000000,2014-04-25 00:00:00.000000000,1910-01-01 00:00:00.000000000,2014-10-22 19:34:44.169600000,2014-01-15 19:34:44.169600000,99 days 04:25:15.830400000,83 days 04:25:15.830400000,-16 days +00:00:00.000000000
8373,2015-01-30 00:00:00.000000000,2015-01-14 00:00:00.000000000,2015-01-20 00:00:00.000000000,2014-04-25 00:00:00.000000000,1910-01-01 00:00:00.000000000,2014-10-22 19:34:44.169600000,2014-01-15 19:34:44.169600000,99 days 04:25:15.830400000,83 days 04:25:15.830400000,-16 days +00:00:00.000000000
8374,2015-02-17 00:00:00.000000000,2015-02-09 00:00:00.000000000,2015-02-17 00:00:00.000000000,2014-12-22 00:00:00.000000000,1910-01-01 00:00:00.000000000,2014-09-15 12:42:21.196800000,2014-07-20 12:42:21.196800000,154 days 11:17:38.803200000,146 days 11:17:38.803200000,-8 days +00:00:00.000000000
8375,2015-02-28 00:00:00.000000000,2015-02-19 00:00:00.000000000,2015-02-20 00:00:00.000000000,2014-08-12 00:00:00.000000000,1910-01-01 00:00:00.000000000,2014-08-12 09:20:00.009600000,2014-01-24 09:20:00.009600000,199 days 14:39:59.990400000,190 days 14:39:59.990400000,-9 days +00:00:00.000000000
8376,2015-03-31 00:00:00.000000000,2015-02-19 00:00:00.000000000,2015-02-20 00:00:00.000000000,2014-08-12 00:00:00.000000000,1910-01-01 00:00:00.000000000,2014-09-12 09:20:00.009600000,2014-01-24 09:20:00.009600000,199 days 14:39:59.990400000,159 days 14:39:59.990400000,-40 days +00:00:00.000000000
8377,2015-03-06 00:00:00.000000000,2015-02-06 00:00:00.000000000,2015-02-06 00:00:00.000000000,2014-06-13 00:00:00.000000000,1910-01-01 00:00:00.000000000,2014-10-23 12:00:00.000000000,2014-01-30 12:00:00.000000000,133 days 12:00:00.000000000,105 days 12:00:00.000000000,-28 days +00:00:00.000000000
8378,2015-02-27 00:00:00.000000000,2015-02-19 00:00:00.000000000,2015-02-20 00:00:00.000000000,2014-07-11 00:00:00.000000000,1910-01-01 00:00:00.000000000,2014-08-11 09:20:00.009600000,2013-12-23 09:20:00.009600000,199 days 14:39:59.990400000,191 days 14:39:59.990400000,-8 days +00:00:00.000000000
8379,2015-02-27 00:00:00.000000000,2015-03-11 00:00:00.000000000,2015-03-30 00:00:00.000000000,2014-05-23 00:00:00.000000000,1910-01-01 00:00:00.000000000,2014-07-18 12:00:00.000000000,2013-10-11 12:00:00.000000000,223 days 12:00:00.000000000,235 days 12:00:00.000000000,12 days 00:00:00.000000000
8380,2015-03-10 00:00:00.000000000,2015-03-27 00:00:00.000000000,2015-03-30 00:00:00.000000000,2014-12-23 00:00:00.000000000,1910-01-01 00:00:00.000000000,2014-11-25 05:42:51.408000000,2014-09-09 05:42:51.408000000,104 days 18:17:08.592000000,121 days 18:17:08.592000000,17 days 00:00:00.000000000
8381,2015-02-27 00:00:00.000000000,2015-03-25 00:00:00.000000000,2015-03-26 00:00:00.000000000,2014-07-11 00:00:00.000000000,1910-01-01 00:00:00.000000000,2014-08-11 09:20:00.009600000,2013-12-23 09:20:00.009600000,199 days 14:39:59.990400000,225 days 14:39:59.990400000,26 days 00:00:00.000000000
8382,2015-04-30 00:00:00.000000000,2015-03-17 00:00:00.000000000,2015-03-18 00:00:00.000000000,2014-10-16 00:00:00.000000000,1910-01-01 00:00:00.000000000,2014-12-17 12:00:00.000000000,2014-06-04 12:00:00.000000000,133 days 12:00:00.000000000,89 days 12:00:00.000000000,-44 days +00:00:00.000000000
8383,2015-03-31 00:00:00.000000000,2015-03-17 00:00:00.000000000,2015-03-19 00:00:00.000000000,2014-04-02 00:00:00.000000000,1910-01-01 00:00:00.000000000,2014-11-17 12:00:00.000000000,2013-11-19 12:00:00.000000000,133 days 12:00:00.000000000,119 days 12:00:00.000000000,-14 days +00:00:00.000000000
8384,2015-05-29 00:00:00.000000000,2015-03-25 00:00:00.000000000,2015-03-30 00:00:00.000000000,2014-11-19 00:00:00.000000000,1910-01-01 00:00:00.000000000,2014-12-04 03:00:00.000000000,2014-05-27 03:00:00.000000000,175 days 21:00:00.000000000,110 days 21:00:00.000000000,-65 days +00:00:00.000000000
8385,2015-04-30 00:00:00.000000000,2015-03-18 00:00:00.000000000,2015-03-20 00:00:00.000000000,2014-08-13 00:00:00.000000000,1910-01-01 00:00:00.000000000,2015-01-20 19:34:44.169600000,2014-05-05 19:34:44.169600000,99 days 04:25:15.830400000,56 days 04:25:15.830400000,-43 days +00:00:00.000000000
8386,2015-06-15 00:00:00.000000000,2015-05-14 00:00:00.000000000,2015-05-15 00:00:00.000000000,2014-11-03 00:00:00.000000000,1910-01-01 00:00:00.000000000,2015-01-11 12:42:21.196800000,2014-06-01 12:42:21.196800000,154 days 11:17:38.803200000,122 days 11:17:38.803200000,-32 days +00:00:00.000000000
8387,2015-06-30 00:00:00.000000000,2015-06-09 00:00:00.000000000,2015-06-15 00:00:00.000000000,2014-10-17 00:00:00.000000000,1910-01-01 00:00:00.000000000,2015-02-21 12:55:23.116800000,2014-06-10 12:55:23.116800000,128 days 11:04:36.883200000,107 days 11:04:36.883200000,-21 days +00:00:00.000000000
8388,2015-06-19 00:00:00.000000000,2015-06-08 00:00:00.000000000,2015-06-19 00:00:00.000000000,2014-10-24 00:00:00.000000000,1910-01-01 00:00:00.000000000,2014-11-07 12:00:00.000000000,2014-03-14 12:00:00.000000000,223 days 12:00:00.000000000,212 days 12:00:00.000000000,-11 days +00:00:00.000000000
8389,2015-05-29 00:00:00.000000000,2015-05-15 00:00:00.000000000,2015-05-15 00:00:00.000000000,2014-08-12 00:00:00.000000000,1910-01-01 00:00:00.000000000,2014-11-10 09:20:00.009600000,2014-01-24 09:20:00.009600000,199 days 14:39:59.990400000,185 days 14:39:59.990400000,-14 days +00:00:00.000000000
8390,2015-06-30 00:00:00.000000000,2015-04-29 00:00:00.000000000,2015-04-29 00:00:00.000000000,2014-09-19 00:00:00.000000000,1910-01-01 00:00:00.000000000,2015-03-22 19:34:44.169600000,2014-06-11 19:34:44.169600000,99 days 04:25:15.830400000,37 days 04:25:15.830400000,-62 days +00:00:00.000000000
8391,2015-06-30 00:00:00.000000000,2015-06-22 00:00:00.000000000,2015-06-25 00:00:00.000000000,2014-10-17 00:00:00.000000000,1910-01-01 00:00:00.000000000,2015-02-21 12:55:23.116800000,2014-06-10 12:55:23.116800000,128 days 11:04:36.883200000,120 days 11:04:36.883200000,-8 days +00:00:00.000000000
8392,2015-06-30 00:00:00.000000000,2015-04-28 00:00:00.000000000,2015-04-29 00:00:00.000000000,2014-09-19 00:00:00.000000000,1910-01-01 00:00:00.000000000,2015-03-22 19:34:44.169600000,2014-06-11 19:34:44.169600000,99 days 04:25:15.830400000,36 days 04:25:15.830400000,-63 days +00:00:00.000000000
8393,2015-06-30 00:00:00.000000000,2015-05-15 00:00:00.000000000,2015-05-22 00:00:00.000000000,2014-09-19 00:00:00.000000000,1910-01-01 00:00:00.000000000,2015-03-22 19:34:44.169600000,2014-06-11 19:34:44.169600000,99 days 04:25:15.830400000,53 days 04:25:15.830400000,-46 days +00:00:00.000000000
8394,2015-06-30 00:00:00.000000000,2015-05-15 00:00:00.000000000,2015-05-22 00:00:00.000000000,2014-09-19 00:00:00.000000000,1910-01-01 00:00:00.000000000,2015-03-22 19:34:44.169600000,2014-06-11 19:34:44.169600000,99 days 04:25:15.830400000,53 days 04:25:15.830400000,-46 days +00:00:00.000000000
8395,2015-06-30 00:00:00.000000000,2015-05-15 00:00:00.000000000,2015-05-22 00:00:00.000000000,2014-09-19 00:00:00.000000000,1910-01-01 00:00:00.000000000,2015-03-22 19:34:44.169600000,2014-06-11 19:34:44.169600000,99 days 04:25:15.830400000,53 days 04:25:15.830400000,-46 days +00:00:00.000000000
8396,2015-07-08 00:00:00.000000000,2015-08-07 00:00:00.000000000,2015-08-27 00:00:00.000000000,2015-03-31 00:00:00.000000000,1910-01-01 00:00:00.000000000,2015-03-05 07:45:52.905600000,2014-11-26 07:45:52.905600000,124 days 16:14:07.094400000,154 days 16:14:07.094400000,30 days 00:00:00.000000000
8397,2015-06-30 00:00:00.000000000,2015-06-02 00:00:00.000000000,2015-06-17 00:00:00.000000000,2014-09-19 00:00:00.000000000,1910-01-01 00:00:00.000000000,2015-03-22 19:34:44.169600000,2014-06-11 19:34:44.169600000,99 days 04:25:15.830400000,71 days 04:25:15.830400000,-28 days +00:00:00.000000000
8398,2015-06-30 00:00:00.000000000,2015-06-17 00:00:00.000000000,2015-06-29 00:00:00.000000000,2014-12-22 00:00:00.000000000,1910-01-01 00:00:00.000000000,2015-03-17 05:42:51.408000000,2014-09-08 05:42:51.408000000,104 days 18:17:08.592000000,91 days 18:17:08.592000000,-13 days +00:00:00.000000000
8399,2015-07-31 00:00:00.000000000,2015-08-06 00:00:00.000000000,2015-08-07 00:00:00.000000000,2014-10-24 00:00:00.000000000,1910-01-01 00:00:00.000000000,2014-12-19 12:00:00.000000000,2014-03-14 12:00:00.000000000,223 days 12:00:00.000000000,229 days 12:00:00.000000000,6 days 00:00:00.000000000
8400,2015-08-31 00:00:00.000000000,2015-08-25 00:00:00.000000000,2015-09-03 00:00:00.000000000,2014-08-12 00:00:00.000000000,1910-01-01 00:00:00.000000000,2015-02-12 09:20:00.009600000,2014-01-24 09:20:00.009600000,199 days 14:39:59.990400000,193 days 14:39:59.990400000,-6 days +00:00:00.000000000
8401,2015-08-17 00:00:00.000000000,2015-08-25 00:00:00.000000000,2015-09-03 00:00:00.000000000,2014-08-12 00:00:00.000000000,1910-01-01 00:00:00.000000000,2015-01-29 09:20:00.009600000,2014-01-24 09:20:00.009600000,199 days 14:39:59.990400000,207 days 14:39:59.990400000,8 days 00:00:00.000000000
8402,2009-07-30 00:00:00.000000000,2009-08-04 00:00:00.000000000,2009-08-04 00:00:00.000000000,2009-05-26 00:00:00.000000000,1910-01-01 00:00:00.000000000,2009-04-12 14:36:31.334400000,2009-02-06 14:36:31.334400000,108 days 09:23:28.665600000,113 days 09:23:28.665600000,5 days 00:00:00.000000000
8403,2009-09-17 00:00:00.000000000,2009-09-14 00:00:00.000000000,2009-09-14 00:00:00.000000000,2009-05-26 00:00:00.000000000,1910-01-01 00:00:00.000000000,2009-05-31 14:36:31.334400000,2009-02-06 14:36:31.334400000,108 days 09:23:28.665600000,105 days 09:23:28.665600000,-3 days +00:00:00.000000000
8404,2009-09-17 00:00:00.000000000,2009-09-14 00:00:00.000000000,2009-09-14 00:00:00.000000000,2009-05-26 00:00:00.000000000,1910-01-01 00:00:00.000000000,2009-05-31 14:36:31.334400000,2009-02-06 14:36:31.334400000,108 days 09:23:28.665600000,105 days 09:23:28.665600000,-3 days +00:00:00.000000000
8405,2009-08-31 00:00:00.000000000,2009-08-04 00:00:00.000000000,2009-08-04 00:00:00.000000000,2009-05-26 00:00:00.000000000,1910-01-01 00:00:00.000000000,2009-05-14 14:36:31.334400000,2009-02-06 14:36:31.334400000,108 days 09:23:28.665600000,81 days 09:23:28.665600000,-27 days +00:00:00.000000000
8406,2009-10-15 00:00:00.000000000,2009-10-20 00:00:00.000000000,2009-10-20 00:00:00.000000000,2009-07-29 00:00:00.000000000,1910-01-01 00:00:00.000000000,2009-06-28 14:36:31.334400000,2009-04-11 14:36:31.334400000,108 days 09:23:28.665600000,113 days 09:23:28.665600000,5 days 00:00:00.000000000
8407,2009-10-23 00:00:00.000000000,2009-10-16 00:00:00.000000000,2009-10-16 00:00:00.000000000,2009-09-09 00:00:00.000000000,1910-01-01 00:00:00.000000000,2009-07-04 04:55:23.059200000,2009-05-21 04:55:23.059200000,110 days 19:04:36.940800000,103 days 19:04:36.940800000,-7 days +00:00:00.000000000
8408,2009-11-20 00:00:00.000000000,2009-11-10 00:00:00.000000000,2009-11-10 00:00:00.000000000,2009-09-02 00:00:00.000000000,1910-01-01 00:00:00.000000000,2009-09-30 07:12:00.000000000,2009-07-13 07:12:00.000000000,50 days 16:48:00.000000000,40 days 16:48:00.000000000,-10 days +00:00:00.000000000
8409,2009-11-23 00:00:00.000000000,2009-11-03 00:00:00.000000000,2009-11-03 00:00:00.000000000,2009-10-15 00:00:00.000000000,1910-01-01 00:00:00.000000000,2009-09-17 20:48:00.028800000,2009-08-09 20:48:00.028800000,66 days 03:11:59.971200000,46 days 03:11:59.971200000,-20 days +00:00:00.000000000
8410,2009-11-23 00:00:00.000000000,2009-11-03 00:00:00.000000000,2009-11-03 00:00:00.000000000,2009-10-15 00:00:00.000000000,1910-01-01 00:00:00.000000000,2009-09-17 20:48:00.028800000,2009-08-09 20:48:00.028800000,66 days 03:11:59.971200000,46 days 03:11:59.971200000,-20 days +00:00:00.000000000
8411,2009-12-01 00:00:00.000000000,2009-11-05 00:00:00.000000000,2009-11-05 00:00:00.000000000,2009-07-24 00:00:00.000000000,1910-01-01 00:00:00.000000000,2009-08-12 04:55:23.059200000,2009-04-04 04:55:23.059200000,110 days 19:04:36.940800000,84 days 19:04:36.940800000,-26 days +00:00:00.000000000
8412,2009-12-18 00:00:00.000000000,2009-12-18 00:00:00.000000000,2009-12-18 00:00:00.000000000,2009-07-27 00:00:00.000000000,1910-01-01 00:00:00.000000000,2009-08-31 14:36:31.334400000,2009-04-09 14:36:31.334400000,108 days 09:23:28.665600000,108 days 09:23:28.665600000,0 days 00:00:00.000000000
8413,2009-11-27 00:00:00.000000000,2009-12-02 00:00:00.000000000,2009-12-02 00:00:00.000000000,2009-09-17 00:00:00.000000000,1910-01-01 00:00:00.000000000,2009-10-07 07:12:00.000000000,2009-07-28 07:12:00.000000000,50 days 16:48:00.000000000,55 days 16:48:00.000000000,5 days 00:00:00.000000000
8414,2009-11-30 00:00:00.000000000,2009-11-30 00:00:00.000000000,2009-11-30 00:00:00.000000000,2009-09-23 00:00:00.000000000,1910-01-01 00:00:00.000000000,2009-09-14 23:06:40.003200000,2009-07-08 23:06:40.003200000,76 days 00:53:19.996800000,76 days 00:53:19.996800000,0 days 00:00:00.000000000
8415,2009-12-04 00:00:00.000000000,2009-12-02 00:00:00.000000000,2009-12-02 00:00:00.000000000,2009-09-09 00:00:00.000000000,1910-01-01 00:00:00.000000000,2009-08-15 04:55:23.059200000,2009-05-21 04:55:23.059200000,110 days 19:04:36.940800000,108 days 19:04:36.940800000,-2 days +00:00:00.000000000
8416,2009-12-04 00:00:00.000000000,2009-12-02 00:00:00.000000000,2009-12-02 00:00:00.000000000,2009-10-15 00:00:00.000000000,1910-01-01 00:00:00.000000000,2009-08-15 04:55:23.059200000,2009-06-26 04:55:23.059200000,110 days 19:04:36.940800000,108 days 19:04:36.940800000,-2 days +00:00:00.000000000
8417,2009-12-07 00:00:00.000000000,2009-12-02 00:00:00.000000000,2009-12-02 00:00:00.000000000,2009-09-25 00:00:00.000000000,1910-01-01 00:00:00.000000000,2009-10-17 07:12:00.000000000,2009-08-05 07:12:00.000000000,50 days 16:48:00.000000000,45 days 16:48:00.000000000,-5 days +00:00:00.000000000
8418,2009-12-10 00:00:00.000000000,2009-12-02 00:00:00.000000000,2009-12-02 00:00:00.000000000,2009-07-24 00:00:00.000000000,1910-01-01 00:00:00.000000000,2009-08-21 04:55:23.059200000,2009-04-04 04:55:23.059200000,110 days 19:04:36.940800000,102 days 19:04:36.940800000,-8 days +00:00:00.000000000
8419,2009-12-18 00:00:00.000000000,2009-12-07 00:00:00.000000000,2009-12-07 00:00:00.000000000,2009-03-17 00:00:00.000000000,1910-01-01 00:00:00.000000000,2009-08-13 14:24:00.000000000,2008-11-10 14:24:00.000000000,126 days 09:36:00.000000000,115 days 09:36:00.000000000,-11 days +00:00:00.000000000
8420,2009-12-18 00:00:00.000000000,2009-12-18 00:00:00.000000000,2009-12-18 00:00:00.000000000,2009-08-13 00:00:00.000000000,1910-01-01 00:00:00.000000000,2009-08-31 14:36:31.334400000,2009-04-26 14:36:31.334400000,108 days 09:23:28.665600000,108 days 09:23:28.665600000,0 days 00:00:00.000000000
8421,2009-12-09 00:00:00.000000000,2009-12-01 00:00:00.000000000,2009-12-01 00:00:00.000000000,2009-10-23 00:00:00.000000000,1910-01-01 00:00:00.000000000,2009-09-23 23:06:40.003200000,2009-08-07 23:06:40.003200000,76 days 00:53:19.996800000,68 days 00:53:19.996800000,-8 days +00:00:00.000000000
8422,2009-12-09 00:00:00.000000000,2009-12-01 00:00:00.000000000,2009-12-01 00:00:00.000000000,2009-10-23 00:00:00.000000000,1910-01-01 00:00:00.000000000,2009-09-23 23:06:40.003200000,2009-08-07 23:06:40.003200000,76 days 00:53:19.996800000,68 days 00:53:19.996800000,-8 days +00:00:00.000000000
8423,2009-12-18 00:00:00.000000000,2009-12-18 00:00:00.000000000,2009-12-18 00:00:00.000000000,2009-08-13 00:00:00.000000000,1910-01-01 00:00:00.000000000,2009-08-31 14:36:31.334400000,2009-04-26 14:36:31.334400000,108 days 09:23:28.665600000,108 days 09:23:28.665600000,0 days 00:00:00.000000000
8424,2009-12-18 00:00:00.000000000,2009-12-18 00:00:00.000000000,2009-12-18 00:00:00.000000000,2009-08-13 00:00:00.000000000,1910-01-01 00:00:00.000000000,2009-08-31 14:36:31.334400000,2009-04-26 14:36:31.334400000,108 days 09:23:28.665600000,108 days 09:23:28.665600000,0 days 00:00:00.000000000
8425,2009-12-09 00:00:00.000000000,2009-12-05 00:00:00.000000000,2009-12-05 00:00:00.000000000,2009-10-23 00:00:00.000000000,1910-01-01 00:00:00.000000000,2009-09-23 23:06:40.003200000,2009-08-07 23:06:40.003200000,76 days 00:53:19.996800000,72 days 00:53:19.996800000,-4 days +00:00:00.000000000
8426,2010-01-15 00:00:00.000000000,2009-12-08 00:00:00.000000000,2009-12-08 00:00:00.000000000,2009-07-14 00:00:00.000000000,1910-01-01 00:00:00.000000000,2009-09-29 09:49:05.462400000,2009-03-28 09:49:05.462400000,107 days 14:10:54.537600000,69 days 14:10:54.537600000,-38 days +00:00:00.000000000
8427,2010-01-15 00:00:00.000000000,2009-12-14 00:00:00.000000000,2009-12-14 00:00:00.000000000,2009-08-05 00:00:00.000000000,1910-01-01 00:00:00.000000000,2009-09-29 09:49:05.462400000,2009-04-19 09:49:05.462400000,107 days 14:10:54.537600000,75 days 14:10:54.537600000,-32 days +00:00:00.000000000
8428,2010-01-18 00:00:00.000000000,2010-01-27 00:00:00.000000000,2010-01-27 00:00:00.000000000,2009-10-23 00:00:00.000000000,1910-01-01 00:00:00.000000000,2009-10-10 18:40:00.019200000,2009-07-15 18:40:00.019200000,99 days 05:19:59.980800000,108 days 05:19:59.980800000,9 days 00:00:00.000000000
8429,2010-02-26 00:00:00.000000000,2010-02-09 00:00:00.000000000,2010-02-09 00:00:00.000000000,2010-01-14 00:00:00.000000000,1910-01-01 00:00:00.000000000,2010-01-04 17:08:34.310400000,2009-11-22 17:08:34.310400000,52 days 06:51:25.689600000,35 days 06:51:25.689600000,-17 days +00:00:00.000000000
8430,2010-02-26 00:00:00.000000000,2010-02-09 00:00:00.000000000,2010-02-09 00:00:00.000000000,2010-01-14 00:00:00.000000000,1910-01-01 00:00:00.000000000,2010-01-04 17:08:34.310400000,2009-11-22 17:08:34.310400000,52 days 06:51:25.689600000,35 days 06:51:25.689600000,-17 days +00:00:00.000000000
8431,2010-02-25 00:00:00.000000000,2010-02-18 00:00:00.000000000,2010-02-18 00:00:00.000000000,2009-09-17 00:00:00.000000000,1910-01-01 00:00:00.000000000,2009-12-21 09:52:56.496000001,2009-07-13 09:52:56.496000001,65 days 14:07:03.503999999,58 days 14:07:03.503999999,-7 days +00:00:00.000000000
8432,2010-03-09 00:00:00.000000000,2010-03-02 00:00:00.000000000,2010-03-02 00:00:00.000000000,2009-10-15 00:00:00.000000000,1910-01-01 00:00:00.000000000,2009-12-01 07:36:35.107200001,2009-07-09 07:36:35.107200001,97 days 16:23:24.892799999,90 days 16:23:24.892799999,-7 days +00:00:00.000000000
8433,2010-03-09 00:00:00.000000000,2010-03-01 00:00:00.000000000,2010-03-01 00:00:00.000000000,2009-10-15 00:00:00.000000000,1910-01-01 00:00:00.000000000,2009-12-01 07:36:35.107200001,2009-07-09 07:36:35.107200001,97 days 16:23:24.892799999,89 days 16:23:24.892799999,-8 days +00:00:00.000000000
8434,2010-03-24 00:00:00.000000000,2010-03-03 00:00:00.000000000,2010-03-03 00:00:00.000000000,2009-10-23 00:00:00.000000000,1910-01-01 00:00:00.000000000,2009-12-14 18:40:00.019200000,2009-07-15 18:40:00.019200000,99 days 05:19:59.980800000,78 days 05:19:59.980800000,-21 days +00:00:00.000000000
8435,2010-03-09 00:00:00.000000000,2010-03-01 00:00:00.000000000,2010-03-01 00:00:00.000000000,2009-10-15 00:00:00.000000000,1910-01-01 00:00:00.000000000,2009-12-01 07:36:35.107200001,2009-07-09 07:36:35.107200001,97 days 16:23:24.892799999,89 days 16:23:24.892799999,-8 days +00:00:00.000000000
8436,2010-03-09 00:00:00.000000000,2010-03-01 00:00:00.000000000,2010-03-01 00:00:00.000000000,2009-10-15 00:00:00.000000000,1910-01-01 00:00:00.000000000,2009-12-01 07:36:35.107200001,2009-07-09 07:36:35.107200001,97 days 16:23:24.892799999,89 days 16:23:24.892799999,-8 days +00:00:00.000000000
8437,2010-03-09 00:00:00.000000000,2010-03-01 00:00:00.000000000,2010-03-01 00:00:00.000000000,2009-10-15 00:00:00.000000000,1910-01-01 00:00:00.000000000,2009-12-01 07:36:35.107200001,2009-07-09 07:36:35.107200001,97 days 16:23:24.892799999,89 days 16:23:24.892799999,-8 days +00:00:00.000000000
8438,2010-03-10 00:00:00.000000000,2010-03-03 00:00:00.000000000,2010-03-03 00:00:00.000000000,2009-10-23 00:00:00.000000000,1910-01-01 00:00:00.000000000,2009-11-30 18:40:00.019200000,2009-07-15 18:40:00.019200000,99 days 05:19:59.980800000,92 days 05:19:59.980800000,-7 days +00:00:00.000000000
8439,2010-04-07 00:00:00.000000000,2010-03-03 00:00:00.000000000,2010-03-03 00:00:00.000000000,2009-10-23 00:00:00.000000000,1910-01-01 00:00:00.000000000,2009-12-28 18:40:00.019200000,2009-07-15 18:40:00.019200000,99 days 05:19:59.980800000,64 days 05:19:59.980800000,-35 days +00:00:00.000000000
8440,2010-03-16 00:00:00.000000000,2010-03-10 00:00:00.000000000,2010-03-10 00:00:00.000000000,2009-10-15 00:00:00.000000000,1910-01-01 00:00:00.000000000,2009-12-08 07:36:35.107200001,2009-07-09 07:36:35.107200001,97 days 16:23:24.892799999,91 days 16:23:24.892799999,-6 days +00:00:00.000000000
8441,2010-03-16 00:00:00.000000000,2010-03-15 00:00:00.000000000,2010-03-15 00:00:00.000000000,2009-09-23 00:00:00.000000000,1910-01-01 00:00:00.000000000,2009-12-06 18:40:00.019200000,2009-06-15 18:40:00.019200000,99 days 05:19:59.980800000,98 days 05:19:59.980800000,-1 days +00:00:00.000000000
8442,2010-04-19 00:00:00.000000000,2010-03-31 00:00:00.000000000,2010-03-31 00:00:00.000000000,2009-11-06 00:00:00.000000000,1910-01-01 00:00:00.000000000,2010-01-24 01:59:59.971200000,2009-08-13 01:59:59.971200000,84 days 22:00:00.028800000,65 days 22:00:00.028800000,-19 days +00:00:00.000000000
8443,2010-04-19 00:00:00.000000000,2010-03-31 00:00:00.000000000,2010-03-31 00:00:00.000000000,2009-11-06 00:00:00.000000000,1910-01-01 00:00:00.000000000,2010-01-24 01:59:59.971200000,2009-08-13 01:59:59.971200000,84 days 22:00:00.028800000,65 days 22:00:00.028800000,-19 days +00:00:00.000000000
8444,2010-04-19 00:00:00.000000000,2010-03-31 00:00:00.000000000,2010-03-31 00:00:00.000000000,2009-11-06 00:00:00.000000000,1910-01-01 00:00:00.000000000,2010-01-24 01:59:59.971200000,2009-08-13 01:59:59.971200000,84 days 22:00:00.028800000,65 days 22:00:00.028800000,-19 days +00:00:00.000000000
8445,2010-04-19 00:00:00.000000000,2010-05-18 00:00:00.000000000,2010-05-18 00:00:00.000000000,2009-11-06 00:00:00.000000000,1910-01-01 00:00:00.000000000,2010-01-24 01:59:59.971200000,2009-08-13 01:59:59.971200000,84 days 22:00:00.028800000,113 days 22:00:00.028800000,29 days 00:00:00.000000000
8446,2010-04-19 00:00:00.000000000,2010-03-30 00:00:00.000000000,2010-03-30 00:00:00.000000000,2009-11-06 00:00:00.000000000,1910-01-01 00:00:00.000000000,2010-01-24 01:59:59.971200000,2009-08-13 01:59:59.971200000,84 days 22:00:00.028800000,64 days 22:00:00.028800000,-20 days +00:00:00.000000000
8447,2010-04-30 00:00:00.000000000,2010-03-25 00:00:00.000000000,2010-03-25 00:00:00.000000000,2009-10-28 00:00:00.000000000,1910-01-01 00:00:00.000000000,2010-02-23 09:52:56.496000001,2009-08-23 09:52:56.496000001,65 days 14:07:03.503999999,29 days 14:07:03.503999999,-36 days +00:00:00.000000000
8448,2010-04-01 00:00:00.000000000,2010-03-25 00:00:00.000000000,2010-03-25 00:00:00.000000000,2009-10-28 00:00:00.000000000,1910-01-01 00:00:00.000000000,2010-01-25 09:52:56.496000001,2009-08-23 09:52:56.496000001,65 days 14:07:03.503999999,58 days 14:07:03.503999999,-7 days +00:00:00.000000000
8449,2010-04-07 00:00:00.000000000,2010-03-25 00:00:00.000000000,2010-03-25 00:00:00.000000000,2010-01-29 00:00:00.000000000,1910-01-01 00:00:00.000000000,2010-01-31 09:52:56.496000001,2009-11-24 09:52:56.496000001,65 days 14:07:03.503999999,52 days 14:07:03.503999999,-13 days +00:00:00.000000000
8450,2010-04-28 00:00:00.000000000,2010-03-25 00:00:00.000000000,2010-03-25 00:00:00.000000000,2009-10-28 00:00:00.000000000,1910-01-01 00:00:00.000000000,2010-02-21 09:52:56.496000001,2009-08-23 09:52:56.496000001,65 days 14:07:03.503999999,31 days 14:07:03.503999999,-34 days +00:00:00.000000000
8451,2010-05-26 00:00:00.000000000,2010-04-08 00:00:00.000000000,2010-04-08 00:00:00.000000000,2010-03-02 00:00:00.000000000,1910-01-01 00:00:00.000000000,2010-03-21 09:52:56.496000001,2009-12-26 09:52:56.496000001,65 days 14:07:03.503999999,17 days 14:07:03.503999999,-48 days +00:00:00.000000000
8452,2010-05-26 00:00:00.000000000,2010-04-12 00:00:00.000000000,2010-04-12 00:00:00.000000000,2010-03-02 00:00:00.000000000,1910-01-01 00:00:00.000000000,2010-03-21 09:52:56.496000001,2009-12-26 09:52:56.496000001,65 days 14:07:03.503999999,21 days 14:07:03.503999999,-44 days +00:00:00.000000000
8453,2010-07-21 00:00:00.000000000,2010-03-31 00:00:00.000000000,2010-03-31 00:00:00.000000000,2010-03-01 00:00:00.000000000,1910-01-01 00:00:00.000000000,2010-03-29 10:30:00.000000000,2009-11-07 10:30:00.000000000,113 days 13:30:00.000000000,1 days 13:30:00.000000000,-112 days +00:00:00.000000000
8454,2010-04-30 00:00:00.000000000,2010-04-16 00:00:00.000000000,2010-04-16 00:00:00.000000000,2009-09-17 00:00:00.000000000,1910-01-01 00:00:00.000000000,2010-01-12 09:49:05.462400000,2009-06-01 09:49:05.462400000,107 days 14:10:54.537600000,93 days 14:10:54.537600000,-14 days +00:00:00.000000000
8455,2010-05-31 00:00:00.000000000,2010-05-18 00:00:00.000000000,2010-05-18 00:00:00.000000000,2009-11-06 00:00:00.000000000,1910-01-01 00:00:00.000000000,2010-03-07 01:59:59.971200000,2009-08-13 01:59:59.971200000,84 days 22:00:00.028800000,71 days 22:00:00.028800000,-13 days +00:00:00.000000000
8456,2010-05-31 00:00:00.000000000,2010-05-18 00:00:00.000000000,2010-05-18 00:00:00.000000000,2009-11-06 00:00:00.000000000,1910-01-01 00:00:00.000000000,2010-03-07 01:59:59.971200000,2009-08-13 01:59:59.971200000,84 days 22:00:00.028800000,71 days 22:00:00.028800000,-13 days +00:00:00.000000000
8457,2010-05-31 00:00:00.000000000,2010-05-18 00:00:00.000000000,2010-05-18 00:00:00.000000000,2009-11-06 00:00:00.000000000,1910-01-01 00:00:00.000000000,2010-03-07 01:59:59.971200000,2009-08-13 01:59:59.971200000,84 days 22:00:00.028800000,71 days 22:00:00.028800000,-13 days +00:00:00.000000000
8458,2010-05-31 00:00:00.000000000,2010-05-18 00:00:00.000000000,2010-05-18 00:00:00.000000000,2009-11-06 00:00:00.000000000,1910-01-01 00:00:00.000000000,2010-03-07 01:59:59.971200000,2009-08-13 01:59:59.971200000,84 days 22:00:00.028800000,71 days 22:00:00.028800000,-13 days +00:00:00.000000000
8459,2010-05-07 00:00:00.000000000,2010-05-19 00:00:00.000000000,2010-05-19 00:00:00.000000000,2010-02-09 00:00:00.000000000,1910-01-01 00:00:00.000000000,2010-03-02 09:52:56.496000001,2009-12-05 09:52:56.496000001,65 days 14:07:03.503999999,77 days 14:07:03.503999999,12 days 00:00:00.000000000
8460,2010-05-03 00:00:00.000000000,2010-05-03 00:00:00.000000000,2010-05-03 00:00:00.000000000,2009-10-28 00:00:00.000000000,1910-01-01 00:00:00.000000000,2010-02-26 09:52:56.496000001,2009-08-23 09:52:56.496000001,65 days 14:07:03.503999999,65 days 14:07:03.503999999,0 days 00:00:00.000000000
8461,2010-05-31 00:00:00.000000000,2010-05-18 00:00:00.000000000,2010-05-18 00:00:00.000000000,2009-11-06 00:00:00.000000000,1910-01-01 00:00:00.000000000,2010-03-07 01:59:59.971200000,2009-08-13 01:59:59.971200000,84 days 22:00:00.028800000,71 days 22:00:00.028800000,-13 days +00:00:00.000000000
8462,2010-05-31 00:00:00.000000000,2010-05-18 00:00:00.000000000,2010-05-18 00:00:00.000000000,2009-11-06 00:00:00.000000000,1910-01-01 00:00:00.000000000,2010-03-07 01:59:59.971200000,2009-08-13 01:59:59.971200000,84 days 22:00:00.028800000,71 days 22:00:00.028800000,-13 days +00:00:00.000000000
8463,2010-07-09 00:00:00.000000000,2010-05-03 00:00:00.000000000,2010-05-03 00:00:00.000000000,2010-03-04 00:00:00.000000000,1910-01-01 00:00:00.000000000,2010-05-04 09:52:56.496000001,2009-12-28 09:52:56.496000001,65 days 14:07:03.503999999,-2 days +14:07:03.503999999,-67 days +00:00:00.000000000
8464,2010-05-10 00:00:00.000000000,2010-05-07 00:00:00.000000000,2010-05-07 00:00:00.000000000,2009-12-08 00:00:00.000000000,1910-01-01 00:00:00.000000000,2010-02-01 07:36:35.107200001,2009-09-01 07:36:35.107200001,97 days 16:23:24.892799999,94 days 16:23:24.892799999,-3 days +00:00:00.000000000
8465,2010-05-10 00:00:00.000000000,2010-05-07 00:00:00.000000000,2010-05-07 00:00:00.000000000,2009-12-08 00:00:00.000000000,1910-01-01 00:00:00.000000000,2010-02-01 07:36:35.107200001,2009-09-01 07:36:35.107200001,97 days 16:23:24.892799999,94 days 16:23:24.892799999,-3 days +00:00:00.000000000
8466,2010-05-31 00:00:00.000000000,2010-05-20 00:00:00.000000000,2010-05-20 00:00:00.000000000,2009-12-08 00:00:00.000000000,1910-01-01 00:00:00.000000000,2010-02-22 07:36:35.107200001,2009-09-01 07:36:35.107200001,97 days 16:23:24.892799999,86 days 16:23:24.892799999,-11 days +00:00:00.000000000
8467,2010-05-31 00:00:00.000000000,2010-05-31 00:00:00.000000000,2010-05-31 00:00:00.000000000,2009-12-08 00:00:00.000000000,1910-01-01 00:00:00.000000000,2010-03-08 00:00:00.000000000,2009-09-15 00:00:00.000000000,84 days 00:00:00.000000000,84 days 00:00:00.000000000,0 days 00:00:00.000000000
8468,2010-05-28 00:00:00.000000000,2010-05-31 00:00:00.000000000,2010-05-31 00:00:00.000000000,2009-03-17 00:00:00.000000000,1910-01-01 00:00:00.000000000,2010-03-05 00:00:00.000000000,2008-12-23 00:00:00.000000000,84 days 00:00:00.000000000,87 days 00:00:00.000000000,3 days 00:00:00.000000000
8469,2010-05-19 00:00:00.000000000,2010-05-19 00:00:00.000000000,2010-05-19 00:00:00.000000000,2009-10-23 00:00:00.000000000,1910-01-01 00:00:00.000000000,2010-02-08 18:40:00.019200000,2009-07-15 18:40:00.019200000,99 days 05:19:59.980800000,99 days 05:19:59.980800000,0 days 00:00:00.000000000
8470,2010-05-31 00:00:00.000000000,2010-06-01 00:00:00.000000000,2010-06-01 00:00:00.000000000,2009-10-23 00:00:00.000000000,1910-01-01 00:00:00.000000000,2010-02-20 18:40:00.019200000,2009-07-15 18:40:00.019200000,99 days 05:19:59.980800000,100 days 05:19:59.980800000,1 days 00:00:00.000000000
8471,2010-05-26 00:00:00.000000000,2010-05-27 00:00:00.000000000,2010-05-27 00:00:00.000000000,2010-03-02 00:00:00.000000000,1910-01-01 00:00:00.000000000,2010-03-21 09:52:56.496000001,2009-12-26 09:52:56.496000001,65 days 14:07:03.503999999,66 days 14:07:03.503999999,1 days 00:00:00.000000000
8472,2010-06-02 00:00:00.000000000,2010-06-09 00:00:00.000000000,2010-06-09 00:00:00.000000000,2009-10-23 00:00:00.000000000,1910-01-01 00:00:00.000000000,2010-02-22 18:40:00.019200000,2009-07-15 18:40:00.019200000,99 days 05:19:59.980800000,106 days 05:19:59.980800000,7 days 00:00:00.000000000
8473,2010-06-30 00:00:00.000000000,2010-06-22 00:00:00.000000000,2010-06-22 00:00:00.000000000,2010-03-02 00:00:00.000000000,1910-01-01 00:00:00.000000000,2010-04-25 09:52:56.496000001,2009-12-26 09:52:56.496000001,65 days 14:07:03.503999999,57 days 14:07:03.503999999,-8 days +00:00:00.000000000
8474,2010-06-30 00:00:00.000000000,2010-06-22 00:00:00.000000000,2010-06-22 00:00:00.000000000,2010-05-07 00:00:00.000000000,1910-01-01 00:00:00.000000000,2010-04-25 09:52:56.496000001,2010-03-02 09:52:56.496000001,65 days 14:07:03.503999999,57 days 14:07:03.503999999,-8 days +00:00:00.000000000
8475,2010-06-30 00:00:00.000000000,2010-06-21 00:00:00.000000000,2010-06-21 00:00:00.000000000,2009-12-08 00:00:00.000000000,1910-01-01 00:00:00.000000000,2010-03-24 07:36:35.107200001,2009-09-01 07:36:35.107200001,97 days 16:23:24.892799999,88 days 16:23:24.892799999,-9 days +00:00:00.000000000
8476,2010-07-09 00:00:00.000000000,2010-07-05 00:00:00.000000000,2010-07-05 00:00:00.000000000,2010-03-03 00:00:00.000000000,1910-01-01 00:00:00.000000000,2010-04-02 07:36:35.107200001,2009-11-25 07:36:35.107200001,97 days 16:23:24.892799999,93 days 16:23:24.892799999,-4 days +00:00:00.000000000
8477,2010-07-15 00:00:00.000000000,2010-06-28 00:00:00.000000000,2010-06-28 00:00:00.000000000,2010-02-10 00:00:00.000000000,1910-01-01 00:00:00.000000000,2010-04-21 01:59:59.971200000,2009-11-17 01:59:59.971200000,84 days 22:00:00.028800000,67 days 22:00:00.028800000,-17 days +00:00:00.000000000
8478,2010-07-15 00:00:00.000000000,2010-06-28 00:00:00.000000000,2010-06-28 00:00:00.000000000,2010-02-10 00:00:00.000000000,1910-01-01 00:00:00.000000000,2010-04-21 01:59:59.971200000,2009-11-17 01:59:59.971200000,84 days 22:00:00.028800000,67 days 22:00:00.028800000,-17 days +00:00:00.000000000
8479,2010-07-15 00:00:00.000000000,2010-06-28 00:00:00.000000000,2010-06-28 00:00:00.000000000,2010-02-10 00:00:00.000000000,1910-01-01 00:00:00.000000000,2010-04-21 01:59:59.971200000,2009-11-17 01:59:59.971200000,84 days 22:00:00.028800000,67 days 22:00:00.028800000,-17 days +00:00:00.000000000
8480,2010-07-15 00:00:00.000000000,2010-06-28 00:00:00.000000000,2010-06-28 00:00:00.000000000,2010-02-10 00:00:00.000000000,1910-01-01 00:00:00.000000000,2010-04-21 01:59:59.971200000,2009-11-17 01:59:59.971200000,84 days 22:00:00.028800000,67 days 22:00:00.028800000,-17 days +00:00:00.000000000
8481,2010-07-21 00:00:00.000000000,2010-06-28 00:00:00.000000000,2010-06-28 00:00:00.000000000,2009-11-06 00:00:00.000000000,1910-01-01 00:00:00.000000000,2010-04-27 01:59:59.971200000,2009-08-13 01:59:59.971200000,84 days 22:00:00.028800000,61 days 22:00:00.028800000,-23 days +00:00:00.000000000
8482,2010-07-15 00:00:00.000000000,2010-06-28 00:00:00.000000000,2010-06-28 00:00:00.000000000,2010-02-10 00:00:00.000000000,1910-01-01 00:00:00.000000000,2010-04-21 01:59:59.971200000,2009-11-17 01:59:59.971200000,84 days 22:00:00.028800000,67 days 22:00:00.028800000,-17 days +00:00:00.000000000
8483,2010-08-01 00:00:00.000000000,2010-07-21 00:00:00.000000000,2010-07-21 00:00:00.000000000,2009-10-23 00:00:00.000000000,1910-01-01 00:00:00.000000000,2010-04-23 18:40:00.019200000,2009-07-15 18:40:00.019200000,99 days 05:19:59.980800000,88 days 05:19:59.980800000,-11 days +00:00:00.000000000
8484,2010-08-31 00:00:00.000000000,2010-08-18 00:00:00.000000000,2010-08-18 00:00:00.000000000,2009-12-23 00:00:00.000000000,1910-01-01 00:00:00.000000000,2010-05-27 22:00:00.028800000,2009-09-18 22:00:00.028800000,95 days 01:59:59.971200000,82 days 01:59:59.971200000,-13 days +00:00:00.000000000
8485,2010-08-10 00:00:00.000000000,2010-08-23 00:00:00.000000000,2010-08-23 00:00:00.000000000,2010-04-19 00:00:00.000000000,1910-01-01 00:00:00.000000000,2010-05-02 18:40:00.019200000,2010-01-09 18:40:00.019200000,99 days 05:19:59.980800000,112 days 05:19:59.980800000,13 days 00:00:00.000000000
8486,2010-08-31 00:00:00.000000000,2010-08-17 00:00:00.000000000,2010-08-17 00:00:00.000000000,2010-05-27 00:00:00.000000000,1910-01-01 00:00:00.000000000,2010-06-07 01:59:59.971200000,2010-03-03 01:59:59.971200000,84 days 22:00:00.028800000,70 days 22:00:00.028800000,-14 days +00:00:00.000000000
8487,2010-08-23 00:00:00.000000000,2010-08-23 00:00:00.000000000,2010-08-23 00:00:00.000000000,2010-03-03 00:00:00.000000000,1910-01-01 00:00:00.000000000,2010-05-17 07:36:35.107200001,2009-11-25 07:36:35.107200001,97 days 16:23:24.892799999,97 days 16:23:24.892799999,0 days 00:00:00.000000000
8488,2010-08-23 00:00:00.000000000,2010-08-23 00:00:00.000000000,2010-08-23 00:00:00.000000000,2010-03-03 00:00:00.000000000,1910-01-01 00:00:00.000000000,2010-05-17 07:36:35.107200001,2009-11-25 07:36:35.107200001,97 days 16:23:24.892799999,97 days 16:23:24.892799999,0 days 00:00:00.000000000
8489,2010-08-31 00:00:00.000000000,2010-08-23 00:00:00.000000000,2010-08-23 00:00:00.000000000,2010-05-07 00:00:00.000000000,1910-01-01 00:00:00.000000000,2010-05-25 07:36:35.107200001,2010-01-29 07:36:35.107200001,97 days 16:23:24.892799999,89 days 16:23:24.892799999,-8 days +00:00:00.000000000
8490,2010-10-29 00:00:00.000000000,2010-09-27 00:00:00.000000000,2010-09-27 00:00:00.000000000,2010-08-06 00:00:00.000000000,1910-01-01 00:00:00.000000000,2010-08-24 09:52:56.496000001,2010-06-01 09:52:56.496000001,65 days 14:07:03.503999999,33 days 14:07:03.503999999,-32 days +00:00:00.000000000
8491,2010-09-30 00:00:00.000000000,2010-08-23 00:00:00.000000000,2010-08-23 00:00:00.000000000,2010-08-06 00:00:00.000000000,1910-01-01 00:00:00.000000000,2010-07-26 09:52:56.496000001,2010-06-01 09:52:56.496000001,65 days 14:07:03.503999999,27 days 14:07:03.503999999,-38 days +00:00:00.000000000
8492,2010-09-30 00:00:00.000000000,2010-08-23 00:00:00.000000000,2010-08-23 00:00:00.000000000,2010-08-06 00:00:00.000000000,1910-01-01 00:00:00.000000000,2010-07-26 09:52:56.496000001,2010-06-01 09:52:56.496000001,65 days 14:07:03.503999999,27 days 14:07:03.503999999,-38 days +00:00:00.000000000
8493,2010-09-30 00:00:00.000000000,2010-09-25 00:00:00.000000000,2010-09-25 00:00:00.000000000,2010-05-07 00:00:00.000000000,1910-01-01 00:00:00.000000000,2010-06-24 07:36:35.107200001,2010-01-29 07:36:35.107200001,97 days 16:23:24.892799999,92 days 16:23:24.892799999,-5 days +00:00:00.000000000
8494,2010-09-30 00:00:00.000000000,2010-09-25 00:00:00.000000000,2010-09-25 00:00:00.000000000,2010-05-07 00:00:00.000000000,1910-01-01 00:00:00.000000000,2010-06-24 07:36:35.107200001,2010-01-29 07:36:35.107200001,97 days 16:23:24.892799999,92 days 16:23:24.892799999,-5 days +00:00:00.000000000
8495,2010-10-19 00:00:00.000000000,2010-09-25 00:00:00.000000000,2010-09-25 00:00:00.000000000,2010-05-07 00:00:00.000000000,1910-01-01 00:00:00.000000000,2010-07-13 07:36:35.107200001,2010-01-29 07:36:35.107200001,97 days 16:23:24.892799999,73 days 16:23:24.892799999,-24 days +00:00:00.000000000
8496,2010-11-23 00:00:00.000000000,2010-09-19 00:00:00.000000000,2010-09-19 00:00:00.000000000,2010-08-30 00:00:00.000000000,1910-01-01 00:00:00.000000000,2010-10-01 17:08:34.310400000,2010-07-08 17:08:34.310400000,52 days 06:51:25.689600000,-13 days +06:51:25.689600000,-65 days +00:00:00.000000000
8497,2010-10-20 00:00:00.000000000,2010-10-25 00:00:00.000000000,2010-10-25 00:00:00.000000000,2010-09-16 00:00:00.000000000,1910-01-01 00:00:00.000000000,2010-08-15 09:52:56.496000001,2010-07-12 09:52:56.496000001,65 days 14:07:03.503999999,70 days 14:07:03.503999999,5 days 00:00:00.000000000
8498,2010-12-03 00:00:00.000000000,2010-12-03 00:00:00.000000000,2010-12-03 00:00:00.000000000,2010-04-01 00:00:00.000000000,1910-01-01 00:00:00.000000000,2010-08-11 10:30:00.000000000,2009-12-08 10:30:00.000000000,113 days 13:30:00.000000000,113 days 13:30:00.000000000,0 days 00:00:00.000000000
8499,2010-10-30 00:00:00.000000000,2010-11-23 00:00:00.000000000,2010-11-23 00:00:00.000000000,2010-03-03 00:00:00.000000000,1910-01-01 00:00:00.000000000,2010-07-24 07:36:35.107200001,2009-11-25 07:36:35.107200001,97 days 16:23:24.892799999,121 days 16:23:24.892799999,24 days 00:00:00.000000000
8500,2010-11-30 00:00:00.000000000,2010-11-26 00:00:00.000000000,2010-11-26 00:00:00.000000000,2010-06-23 00:00:00.000000000,1910-01-01 00:00:00.000000000,2010-08-24 07:36:35.107200001,2010-03-17 07:36:35.107200001,97 days 16:23:24.892799999,93 days 16:23:24.892799999,-4 days +00:00:00.000000000
8501,2010-11-30 00:00:00.000000000,2010-11-26 00:00:00.000000000,2010-11-26 00:00:00.000000000,2010-06-23 00:00:00.000000000,1910-01-01 00:00:00.000000000,2010-08-24 07:36:35.107200001,2010-03-17 07:36:35.107200001,97 days 16:23:24.892799999,93 days 16:23:24.892799999,-4 days +00:00:00.000000000
8502,2010-11-18 00:00:00.000000000,2010-11-10 00:00:00.000000000,2010-11-10 00:00:00.000000000,2010-05-27 00:00:00.000000000,1910-01-01 00:00:00.000000000,2010-08-25 01:59:59.971200000,2010-03-03 01:59:59.971200000,84 days 22:00:00.028800000,76 days 22:00:00.028800000,-8 days +00:00:00.000000000
8503,2010-12-20 00:00:00.000000000,2010-12-23 00:00:00.000000000,2010-12-23 00:00:00.000000000,2010-09-23 00:00:00.000000000,1910-01-01 00:00:00.000000000,2010-09-15 22:00:00.028800000,2010-06-19 22:00:00.028800000,95 days 01:59:59.971200000,98 days 01:59:59.971200000,3 days 00:00:00.000000000
8504,2010-12-20 00:00:00.000000000,2010-12-23 00:00:00.000000000,2010-12-23 00:00:00.000000000,2010-09-23 00:00:00.000000000,1910-01-01 00:00:00.000000000,2010-09-15 22:00:00.028800000,2010-06-19 22:00:00.028800000,95 days 01:59:59.971200000,98 days 01:59:59.971200000,3 days 00:00:00.000000000
8505,2010-12-31 00:00:00.000000000,2010-11-25 00:00:00.000000000,2010-11-25 00:00:00.000000000,2010-08-20 00:00:00.000000000,1910-01-01 00:00:00.000000000,2010-09-14 09:49:05.462400000,2010-05-04 09:49:05.462400000,107 days 14:10:54.537600000,71 days 14:10:54.537600000,-36 days +00:00:00.000000000
8506,2010-12-02 00:00:00.000000000,2010-11-29 00:00:00.000000000,2010-11-29 00:00:00.000000000,2010-09-16 00:00:00.000000000,1910-01-01 00:00:00.000000000,2010-09-27 09:52:56.496000001,2010-07-12 09:52:56.496000001,65 days 14:07:03.503999999,62 days 14:07:03.503999999,-3 days +00:00:00.000000000
8507,2010-12-02 00:00:00.000000000,2010-11-29 00:00:00.000000000,2010-11-29 00:00:00.000000000,2010-09-29 00:00:00.000000000,1910-01-01 00:00:00.000000000,2010-09-27 09:52:56.496000001,2010-07-25 09:52:56.496000001,65 days 14:07:03.503999999,62 days 14:07:03.503999999,-3 days +00:00:00.000000000
8508,2010-11-26 00:00:00.000000000,2010-12-15 00:00:00.000000000,2010-12-15 00:00:00.000000000,2010-04-19 00:00:00.000000000,1910-01-01 00:00:00.000000000,2010-08-18 18:40:00.019200000,2010-01-09 18:40:00.019200000,99 days 05:19:59.980800000,118 days 05:19:59.980800000,19 days 00:00:00.000000000
8509,2010-11-26 00:00:00.000000000,2010-12-15 00:00:00.000000000,2010-12-15 00:00:00.000000000,2010-04-19 00:00:00.000000000,1910-01-01 00:00:00.000000000,2010-08-18 18:40:00.019200000,2010-01-09 18:40:00.019200000,99 days 05:19:59.980800000,118 days 05:19:59.980800000,19 days 00:00:00.000000000
8510,2010-11-30 00:00:00.000000000,2010-12-09 00:00:00.000000000,2010-12-09 00:00:00.000000000,2010-06-23 00:00:00.000000000,1910-01-01 00:00:00.000000000,2010-08-24 07:36:35.107200001,2010-03-17 07:36:35.107200001,97 days 16:23:24.892799999,106 days 16:23:24.892799999,9 days 00:00:00.000000000
8511,2010-11-30 00:00:00.000000000,2010-12-09 00:00:00.000000000,2010-12-09 00:00:00.000000000,2010-06-23 00:00:00.000000000,1910-01-01 00:00:00.000000000,2010-08-24 07:36:35.107200001,2010-03-17 07:36:35.107200001,97 days 16:23:24.892799999,106 days 16:23:24.892799999,9 days 00:00:00.000000000
8512,2010-12-20 00:00:00.000000000,2011-01-05 00:00:00.000000000,2011-01-05 00:00:00.000000000,2010-10-13 00:00:00.000000000,1910-01-01 00:00:00.000000000,2010-09-11 18:40:00.019200000,2010-07-05 18:40:00.019200000,99 days 05:19:59.980800000,115 days 05:19:59.980800000,16 days 00:00:00.000000000
8513,2011-04-01 00:00:00.000000000,2011-01-13 00:00:00.000000000,2011-01-13 00:00:00.000000000,2010-08-20 00:00:00.000000000,1910-01-01 00:00:00.000000000,2011-01-04 10:54:32.688000000,2010-05-25 10:54:32.688000000,86 days 13:05:27.312000000,8 days 13:05:27.312000000,-78 days +00:00:00.000000000
8514,2011-01-31 00:00:00.000000000,2011-01-24 00:00:00.000000000,2011-01-24 00:00:00.000000000,2010-12-29 00:00:00.000000000,1910-01-01 00:00:00.000000000,2010-09-27 07:59:59.971200000,2010-08-25 07:59:59.971200000,125 days 16:00:00.028800000,118 days 16:00:00.028800000,-7 days +00:00:00.000000000
8515,2011-01-31 00:00:00.000000000,2011-01-24 00:00:00.000000000,2011-01-24 00:00:00.000000000,2010-12-29 00:00:00.000000000,1910-01-01 00:00:00.000000000,2010-09-27 07:59:59.971200000,2010-08-25 07:59:59.971200000,125 days 16:00:00.028800000,118 days 16:00:00.028800000,-7 days +00:00:00.000000000
8516,2011-01-31 00:00:00.000000000,2011-01-18 00:00:00.000000000,2011-01-18 00:00:00.000000000,2010-08-20 00:00:00.000000000,1910-01-01 00:00:00.000000000,2010-11-05 10:54:32.688000000,2010-05-25 10:54:32.688000000,86 days 13:05:27.312000000,73 days 13:05:27.312000000,-13 days +00:00:00.000000000
8517,2011-01-31 00:00:00.000000000,2011-02-22 00:00:00.000000000,2011-02-22 00:00:00.000000000,2010-10-04 00:00:00.000000000,1910-01-01 00:00:00.000000000,2010-08-21 16:33:06.192000000,2010-04-24 16:33:06.192000000,162 days 07:26:53.808000000,184 days 07:26:53.808000000,22 days 00:00:00.000000000
8518,2011-02-28 00:00:00.000000000,2011-02-14 00:00:00.000000000,2011-02-14 00:00:00.000000000,2010-10-13 00:00:00.000000000,1910-01-01 00:00:00.000000000,2010-11-22 01:36:00.028800000,2010-07-07 01:36:00.028800000,97 days 22:23:59.971200000,83 days 22:23:59.971200000,-14 days +00:00:00.000000000
8519,2011-02-28 00:00:00.000000000,2011-02-14 00:00:00.000000000,2011-02-14 00:00:00.000000000,2010-12-14 00:00:00.000000000,1910-01-01 00:00:00.000000000,2010-11-22 01:36:00.028800000,2010-09-07 01:36:00.028800000,97 days 22:23:59.971200000,83 days 22:23:59.971200000,-14 days +00:00:00.000000000
8520,2011-02-11 00:00:00.000000000,2011-02-15 00:00:00.000000000,2011-02-15 00:00:00.000000000,2010-08-20 00:00:00.000000000,1910-01-01 00:00:00.000000000,2010-11-16 10:54:32.688000000,2010-05-25 10:54:32.688000000,86 days 13:05:27.312000000,90 days 13:05:27.312000000,4 days 00:00:00.000000000
8521,2011-02-28 00:00:00.000000000,2011-03-22 00:00:00.000000000,2011-03-22 00:00:00.000000000,2010-09-29 00:00:00.000000000,1910-01-01 00:00:00.000000000,2010-11-28 13:42:51.465600000,2010-06-29 13:42:51.465600000,91 days 10:17:08.534400000,113 days 10:17:08.534400000,22 days 00:00:00.000000000
8522,2011-03-31 00:00:00.000000000,2011-03-15 00:00:00.000000000,2011-03-15 00:00:00.000000000,2010-10-04 00:00:00.000000000,1910-01-01 00:00:00.000000000,2010-10-19 16:33:06.192000000,2010-04-24 16:33:06.192000000,162 days 07:26:53.808000000,146 days 07:26:53.808000000,-16 days +00:00:00.000000000
8523,2011-03-31 00:00:00.000000000,2011-03-17 00:00:00.000000000,2011-03-17 00:00:00.000000000,2010-10-13 00:00:00.000000000,1910-01-01 00:00:00.000000000,2010-09-21 12:00:00.000000000,2010-04-05 12:00:00.000000000,190 days 12:00:00.000000000,176 days 12:00:00.000000000,-14 days +00:00:00.000000000
8524,2011-03-31 00:00:00.000000000,2011-03-18 00:00:00.000000000,2011-03-18 00:00:00.000000000,2010-10-13 00:00:00.000000000,1910-01-01 00:00:00.000000000,2010-09-21 12:00:00.000000000,2010-04-05 12:00:00.000000000,190 days 12:00:00.000000000,177 days 12:00:00.000000000,-13 days +00:00:00.000000000
8525,2011-03-31 00:00:00.000000000,2011-03-18 00:00:00.000000000,2011-03-18 00:00:00.000000000,2010-10-13 00:00:00.000000000,1910-01-01 00:00:00.000000000,2010-09-21 12:00:00.000000000,2010-04-05 12:00:00.000000000,190 days 12:00:00.000000000,177 days 12:00:00.000000000,-13 days +00:00:00.000000000
8526,2011-03-10 00:00:00.000000000,2011-03-11 00:00:00.000000000,2011-03-11 00:00:00.000000000,2010-09-24 00:00:00.000000000,1910-01-01 00:00:00.000000000,2010-09-30 13:05:27.312000000,2010-04-16 13:05:27.312000000,160 days 10:54:32.688000000,161 days 10:54:32.688000000,1 days 00:00:00.000000000
8527,2011-04-18 00:00:00.000000000,2011-03-15 00:00:00.000000000,2011-03-15 00:00:00.000000000,2011-02-11 00:00:00.000000000,1910-01-01 00:00:00.000000000,2011-01-16 13:42:51.465600000,2010-11-11 13:42:51.465600000,91 days 10:17:08.534400000,57 days 10:17:08.534400000,-34 days +00:00:00.000000000
8528,2011-03-14 00:00:00.000000000,2011-04-20 00:00:00.000000000,2011-04-20 00:00:00.000000000,2010-10-13 00:00:00.000000000,1910-01-01 00:00:00.000000000,2010-12-06 01:36:00.028800000,2010-07-07 01:36:00.028800000,97 days 22:23:59.971200000,134 days 22:23:59.971200000,37 days 00:00:00.000000000
8529,2011-03-31 00:00:00.000000000,2011-03-29 00:00:00.000000000,2011-03-29 00:00:00.000000000,2010-10-04 00:00:00.000000000,1910-01-01 00:00:00.000000000,2010-10-19 16:33:06.192000000,2010-04-24 16:33:06.192000000,162 days 07:26:53.808000000,160 days 07:26:53.808000000,-2 days +00:00:00.000000000
8530,2011-03-15 00:00:00.000000000,2011-03-29 00:00:00.000000000,2011-03-29 00:00:00.000000000,2010-08-03 00:00:00.000000000,1910-01-01 00:00:00.000000000,2010-10-03 16:33:06.192000000,2010-02-21 16:33:06.192000000,162 days 07:26:53.808000000,176 days 07:26:53.808000000,14 days 00:00:00.000000000
8531,2011-03-15 00:00:00.000000000,2011-03-29 00:00:00.000000000,2011-03-29 00:00:00.000000000,2010-08-03 00:00:00.000000000,1910-01-01 00:00:00.000000000,2010-10-03 16:33:06.192000000,2010-02-21 16:33:06.192000000,162 days 07:26:53.808000000,176 days 07:26:53.808000000,14 days 00:00:00.000000000
8532,2011-04-15 00:00:00.000000000,2011-04-05 00:00:00.000000000,2011-04-05 00:00:00.000000000,2010-11-08 00:00:00.000000000,1910-01-01 00:00:00.000000000,2011-01-18 10:54:32.688000000,2010-08-13 10:54:32.688000000,86 days 13:05:27.312000000,76 days 13:05:27.312000000,-10 days +00:00:00.000000000
8533,2011-04-20 00:00:00.000000000,2011-06-10 00:00:00.000000000,2011-06-10 00:00:00.000000000,2010-12-21 00:00:00.000000000,1910-01-01 00:00:00.000000000,2010-11-08 16:33:06.192000000,2010-07-11 16:33:06.192000000,162 days 07:26:53.808000000,213 days 07:26:53.808000000,51 days 00:00:00.000000000
8534,2011-04-07 00:00:00.000000000,2011-03-31 00:00:00.000000000,2011-03-31 00:00:00.000000000,2011-03-07 00:00:00.000000000,1910-01-01 00:00:00.000000000,2011-01-07 21:40:38.726400000,2010-12-07 21:40:38.726400000,89 days 02:19:21.273600000,82 days 02:19:21.273600000,-7 days +00:00:00.000000000
8535,2011-03-31 00:00:00.000000000,2011-06-07 00:00:00.000000000,2011-06-07 00:00:00.000000000,2010-08-03 00:00:00.000000000,1910-01-01 00:00:00.000000000,2010-10-19 16:33:06.192000000,2010-02-21 16:33:06.192000000,162 days 07:26:53.808000000,230 days 07:26:53.808000000,68 days 00:00:00.000000000
8536,2011-06-30 00:00:00.000000000,2011-06-07 00:00:00.000000000,2011-06-07 00:00:00.000000000,2010-12-21 00:00:00.000000000,1910-01-01 00:00:00.000000000,2011-01-18 16:33:06.192000000,2010-07-11 16:33:06.192000000,162 days 07:26:53.808000000,139 days 07:26:53.808000000,-23 days +00:00:00.000000000
8537,2011-03-31 00:00:00.000000000,2011-05-20 00:00:00.000000000,2011-05-20 00:00:00.000000000,2010-10-13 00:00:00.000000000,1910-01-01 00:00:00.000000000,2010-09-21 12:00:00.000000000,2010-04-05 12:00:00.000000000,190 days 12:00:00.000000000,240 days 12:00:00.000000000,50 days 00:00:00.000000000
8538,2011-03-31 00:00:00.000000000,2011-05-20 00:00:00.000000000,2011-05-20 00:00:00.000000000,2010-10-13 00:00:00.000000000,1910-01-01 00:00:00.000000000,2010-09-21 12:00:00.000000000,2010-04-05 12:00:00.000000000,190 days 12:00:00.000000000,240 days 12:00:00.000000000,50 days 00:00:00.000000000
8539,2011-03-23 00:00:00.000000000,2011-06-07 00:00:00.000000000,2011-06-07 00:00:00.000000000,2010-08-03 00:00:00.000000000,1910-01-01 00:00:00.000000000,2010-10-11 16:33:06.192000000,2010-02-21 16:33:06.192000000,162 days 07:26:53.808000000,238 days 07:26:53.808000000,76 days 00:00:00.000000000
8540,2011-04-20 00:00:00.000000000,2011-05-03 00:00:00.000000000,2011-05-03 00:00:00.000000000,2010-12-22 00:00:00.000000000,1910-01-01 00:00:00.000000000,2011-01-18 13:42:51.465600000,2010-09-21 13:42:51.465600000,91 days 10:17:08.534400000,104 days 10:17:08.534400000,13 days 00:00:00.000000000
8541,2011-06-06 00:00:00.000000000,2011-06-01 00:00:00.000000000,2011-06-01 00:00:00.000000000,2011-03-11 00:00:00.000000000,1910-01-01 00:00:00.000000000,2011-03-06 13:42:51.465600000,2010-12-09 13:42:51.465600000,91 days 10:17:08.534400000,86 days 10:17:08.534400000,-5 days +00:00:00.000000000
8542,2011-05-31 00:00:00.000000000,2011-06-13 00:00:00.000000000,2011-06-13 00:00:00.000000000,2010-10-13 00:00:00.000000000,1910-01-01 00:00:00.000000000,2010-11-21 12:00:00.000000000,2010-04-05 12:00:00.000000000,190 days 12:00:00.000000000,203 days 12:00:00.000000000,13 days 00:00:00.000000000
8543,2011-06-20 00:00:00.000000000,2011-05-16 00:00:00.000000000,2011-05-16 00:00:00.000000000,2011-03-22 00:00:00.000000000,1910-01-01 00:00:00.000000000,2011-04-05 14:24:00.000000000,2011-01-05 14:24:00.000000000,75 days 09:36:00.000000000,40 days 09:36:00.000000000,-35 days +00:00:00.000000000
8544,2011-05-31 00:00:00.000000000,2011-06-15 00:00:00.000000000,2011-06-15 00:00:00.000000000,2010-10-13 00:00:00.000000000,1910-01-01 00:00:00.000000000,2010-11-21 12:00:00.000000000,2010-04-05 12:00:00.000000000,190 days 12:00:00.000000000,205 days 12:00:00.000000000,15 days 00:00:00.000000000
8545,2011-05-31 00:00:00.000000000,2011-06-15 00:00:00.000000000,2011-06-15 00:00:00.000000000,2010-10-13 00:00:00.000000000,1910-01-01 00:00:00.000000000,2010-11-21 12:00:00.000000000,2010-04-05 12:00:00.000000000,190 days 12:00:00.000000000,205 days 12:00:00.000000000,15 days 00:00:00.000000000
8546,2011-06-21 00:00:00.000000000,2011-05-11 00:00:00.000000000,2011-05-11 00:00:00.000000000,2010-12-07 00:00:00.000000000,1910-01-01 00:00:00.000000000,2011-03-18 01:00:00.028800000,2010-09-03 01:00:00.028800000,94 days 22:59:59.971200000,53 days 22:59:59.971200000,-41 days +00:00:00.000000000
8547,2011-06-15 00:00:00.000000000,2011-07-06 00:00:00.000000000,2011-07-06 00:00:00.000000000,2011-02-21 00:00:00.000000000,1910-01-01 00:00:00.000000000,2011-03-12 01:00:00.028800000,2010-11-18 01:00:00.028800000,94 days 22:59:59.971200000,115 days 22:59:59.971200000,21 days 00:00:00.000000000
8548,2011-06-13 00:00:00.000000000,2011-06-09 00:00:00.000000000,2011-06-09 00:00:00.000000000,2011-05-15 00:00:00.000000000,1910-01-01 00:00:00.000000000,2011-04-28 00:00:00.000000000,2011-03-30 00:00:00.000000000,46 days 00:00:00.000000000,42 days 00:00:00.000000000,-4 days +00:00:00.000000000
8549,2011-06-13 00:00:00.000000000,2011-06-09 00:00:00.000000000,2011-06-09 00:00:00.000000000,2011-05-15 00:00:00.000000000,1910-01-01 00:00:00.000000000,2011-04-28 00:00:00.000000000,2011-03-30 00:00:00.000000000,46 days 00:00:00.000000000,42 days 00:00:00.000000000,-4 days +00:00:00.000000000
8550,2011-06-13 00:00:00.000000000,2011-06-09 00:00:00.000000000,2011-06-09 00:00:00.000000000,2011-05-15 00:00:00.000000000,1910-01-01 00:00:00.000000000,2011-04-28 00:00:00.000000000,2011-03-30 00:00:00.000000000,46 days 00:00:00.000000000,42 days 00:00:00.000000000,-4 days +00:00:00.000000000
8551,2011-08-10 00:00:00.000000000,2011-08-04 00:00:00.000000000,2011-08-04 00:00:00.000000000,2011-01-24 00:00:00.000000000,1910-01-01 00:00:00.000000000,2011-03-18 14:07:03.504000000,2010-09-01 14:07:03.504000000,144 days 09:52:56.496000000,138 days 09:52:56.496000000,-6 days +00:00:00.000000000
8552,2011-07-15 00:00:00.000000000,2011-07-11 00:00:00.000000000,2011-07-11 00:00:00.000000000,2011-03-01 00:00:00.000000000,1910-01-01 00:00:00.000000000,2011-04-19 10:54:32.688000000,2010-12-04 10:54:32.688000000,86 days 13:05:27.312000000,82 days 13:05:27.312000000,-4 days +00:00:00.000000000
8553,2011-08-01 00:00:00.000000000,2011-06-28 00:00:00.000000000,2011-06-28 00:00:00.000000000,2011-04-29 00:00:00.000000000,1910-01-01 00:00:00.000000000,2011-05-01 13:42:51.465600000,2011-01-27 13:42:51.465600000,91 days 10:17:08.534400000,57 days 10:17:08.534400000,-34 days +00:00:00.000000000
8554,2011-04-28 00:00:00.000000000,2011-07-15 00:00:00.000000000,2011-07-15 00:00:00.000000000,2010-12-02 00:00:00.000000000,1910-01-01 00:00:00.000000000,2011-01-28 21:40:38.726400000,2010-09-03 21:40:38.726400000,89 days 02:19:21.273600000,167 days 02:19:21.273600000,78 days 00:00:00.000000000
8555,2011-07-04 00:00:00.000000000,2011-06-09 00:00:00.000000000,2011-06-09 00:00:00.000000000,2011-06-06 00:00:00.000000000,1910-01-01 00:00:00.000000000,2011-02-10 13:25:06.153600000,2011-01-13 13:25:06.153600000,143 days 10:34:53.846400000,118 days 10:34:53.846400000,-25 days +00:00:00.000000000
8556,2011-08-15 00:00:00.000000000,2011-08-11 00:00:00.000000000,2011-08-11 00:00:00.000000000,2011-04-29 00:00:00.000000000,1910-01-01 00:00:00.000000000,2011-02-05 12:00:00.000000000,2010-10-20 12:00:00.000000000,190 days 12:00:00.000000000,186 days 12:00:00.000000000,-4 days +00:00:00.000000000
8557,2011-08-31 00:00:00.000000000,2011-09-01 00:00:00.000000000,2011-09-01 00:00:00.000000000,2011-01-24 00:00:00.000000000,1910-01-01 00:00:00.000000000,2011-04-08 14:07:03.504000000,2010-09-01 14:07:03.504000000,144 days 09:52:56.496000000,145 days 09:52:56.496000000,1 days 00:00:00.000000000
8558,2011-07-19 00:00:00.000000000,2011-07-17 00:00:00.000000000,2011-07-17 00:00:00.000000000,2010-12-14 00:00:00.000000000,1910-01-01 00:00:00.000000000,2011-04-12 01:36:00.028800000,2010-09-07 01:36:00.028800000,97 days 22:23:59.971200000,95 days 22:23:59.971200000,-2 days +00:00:00.000000000
8559,2011-08-05 00:00:00.000000000,2011-08-16 00:00:00.000000000,2011-08-16 00:00:00.000000000,2011-07-04 00:00:00.000000000,1910-01-01 00:00:00.000000000,2011-05-07 21:40:38.726400000,2011-04-05 21:40:38.726400000,89 days 02:19:21.273600000,100 days 02:19:21.273600000,11 days 00:00:00.000000000
8560,2011-09-30 00:00:00.000000000,2011-09-15 00:00:00.000000000,2011-09-15 00:00:00.000000000,2011-01-24 00:00:00.000000000,1910-01-01 00:00:00.000000000,2011-05-08 14:07:03.504000000,2010-09-01 14:07:03.504000000,144 days 09:52:56.496000000,129 days 09:52:56.496000000,-15 days +00:00:00.000000000
8561,2011-07-19 00:00:00.000000000,2011-08-11 00:00:00.000000000,2011-08-11 00:00:00.000000000,2010-12-14 00:00:00.000000000,1910-01-01 00:00:00.000000000,2011-04-12 01:36:00.028800000,2010-09-07 01:36:00.028800000,97 days 22:23:59.971200000,120 days 22:23:59.971200000,23 days 00:00:00.000000000
8562,2011-10-25 00:00:00.000000000,2011-08-05 00:00:00.000000000,2011-08-05 00:00:00.000000000,2011-05-03 00:00:00.000000000,1910-01-01 00:00:00.000000000,2011-05-15 16:33:06.192000000,2010-11-21 16:33:06.192000000,162 days 07:26:53.808000000,81 days 07:26:53.808000000,-81 days +00:00:00.000000000
8563,2011-09-26 00:00:00.000000000,2011-09-26 00:00:00.000000000,2011-09-26 00:00:00.000000000,2011-03-01 00:00:00.000000000,1910-01-01 00:00:00.000000000,2011-07-01 10:54:32.688000000,2010-12-04 10:54:32.688000000,86 days 13:05:27.312000000,86 days 13:05:27.312000000,0 days 00:00:00.000000000
8564,2011-09-29 00:00:00.000000000,2011-09-26 00:00:00.000000000,2011-09-26 00:00:00.000000000,2011-02-03 00:00:00.000000000,1910-01-01 00:00:00.000000000,2011-07-04 10:54:32.688000000,2010-11-08 10:54:32.688000000,86 days 13:05:27.312000000,83 days 13:05:27.312000000,-3 days +00:00:00.000000000
8565,2011-11-03 00:00:00.000000000,2011-09-28 00:00:00.000000000,2011-09-28 00:00:00.000000000,2011-06-06 00:00:00.000000000,1910-01-01 00:00:00.000000000,2011-07-31 01:00:00.028800000,2011-03-03 01:00:00.028800000,94 days 22:59:59.971200000,58 days 22:59:59.971200000,-36 days +00:00:00.000000000
8566,2011-09-30 00:00:00.000000000,2011-10-06 00:00:00.000000000,2011-10-06 00:00:00.000000000,2011-09-02 00:00:00.000000000,1910-01-01 00:00:00.000000000,2011-07-29 16:00:00.028800000,2011-07-01 16:00:00.028800000,62 days 07:59:59.971200000,68 days 07:59:59.971200000,6 days 00:00:00.000000000
8567,2011-12-15 00:00:00.000000000,2011-09-28 00:00:00.000000000,2011-09-28 00:00:00.000000000,2011-08-19 00:00:00.000000000,1910-01-01 00:00:00.000000000,2011-09-30 14:24:00.000000000,2011-06-04 14:24:00.000000000,75 days 09:36:00.000000000,-3 days +09:36:00.000000000,-78 days +00:00:00.000000000
8568,2011-10-14 00:00:00.000000000,2011-10-08 00:00:00.000000000,2011-10-08 00:00:00.000000000,2011-05-03 00:00:00.000000000,1910-01-01 00:00:00.000000000,2011-05-04 16:33:06.192000000,2010-11-21 16:33:06.192000000,162 days 07:26:53.808000000,156 days 07:26:53.808000000,-6 days +00:00:00.000000000
8569,2011-09-30 00:00:00.000000000,2011-09-29 00:00:00.000000000,2011-09-29 00:00:00.000000000,2011-09-02 00:00:00.000000000,1910-01-01 00:00:00.000000000,2011-07-29 16:00:00.028800000,2011-07-01 16:00:00.028800000,62 days 07:59:59.971200000,61 days 07:59:59.971200000,-1 days +00:00:00.000000000
8570,2011-09-29 00:00:00.000000000,2011-09-23 00:00:00.000000000,2011-09-23 00:00:00.000000000,2010-12-02 00:00:00.000000000,1910-01-01 00:00:00.000000000,2011-07-01 21:40:38.726400000,2010-09-03 21:40:38.726400000,89 days 02:19:21.273600000,83 days 02:19:21.273600000,-6 days +00:00:00.000000000
8571,2011-10-31 00:00:00.000000000,2011-11-04 00:00:00.000000000,2011-11-04 00:00:00.000000000,2011-02-03 00:00:00.000000000,1910-01-01 00:00:00.000000000,2011-08-05 10:54:32.688000000,2010-11-08 10:54:32.688000000,86 days 13:05:27.312000000,90 days 13:05:27.312000000,4 days 00:00:00.000000000
8572,2011-11-14 00:00:00.000000000,2011-11-21 00:00:00.000000000,2011-11-21 00:00:00.000000000,2011-01-19 00:00:00.000000000,1910-01-01 00:00:00.000000000,2011-05-07 12:00:00.000000000,2010-07-12 12:00:00.000000000,190 days 12:00:00.000000000,197 days 12:00:00.000000000,7 days 00:00:00.000000000
8573,2012-03-16 00:00:00.000000000,2011-10-13 00:00:00.000000000,2011-10-13 00:00:00.000000000,2011-08-29 00:00:00.000000000,1910-01-01 00:00:00.000000000,2011-12-06 02:05:13.084800000,2011-05-20 02:05:13.084800000,100 days 21:54:46.915200000,-55 days +21:54:46.915200000,-155 days +00:00:00.000000000
8574,2011-11-30 00:00:00.000000000,2011-11-21 00:00:00.000000000,2011-11-21 00:00:00.000000000,2010-10-13 00:00:00.000000000,1910-01-01 00:00:00.000000000,2011-05-23 12:00:00.000000000,2010-04-05 12:00:00.000000000,190 days 12:00:00.000000000,181 days 12:00:00.000000000,-9 days +00:00:00.000000000
8575,2011-12-20 00:00:00.000000000,2011-11-19 00:00:00.000000000,2011-11-19 00:00:00.000000000,2011-05-03 00:00:00.000000000,1910-01-01 00:00:00.000000000,2011-07-10 16:33:06.192000000,2010-11-21 16:33:06.192000000,162 days 07:26:53.808000000,131 days 07:26:53.808000000,-31 days +00:00:00.000000000
8576,2011-12-09 00:00:00.000000000,2011-11-19 00:00:00.000000000,2011-11-19 00:00:00.000000000,2011-08-25 00:00:00.000000000,1910-01-01 00:00:00.000000000,2011-06-29 16:33:06.192000000,2011-03-15 16:33:06.192000000,162 days 07:26:53.808000000,142 days 07:26:53.808000000,-20 days +00:00:00.000000000
8577,2011-11-17 00:00:00.000000000,2011-11-07 00:00:00.000000000,2011-11-07 00:00:00.000000000,2011-09-14 00:00:00.000000000,1910-01-01 00:00:00.000000000,2011-09-15 16:00:00.028800000,2011-07-13 16:00:00.028800000,62 days 07:59:59.971200000,52 days 07:59:59.971200000,-10 days +00:00:00.000000000
8578,2012-02-28 00:00:00.000000000,2011-11-28 00:00:00.000000000,2011-11-28 00:00:00.000000000,2011-07-26 00:00:00.000000000,1910-01-01 00:00:00.000000000,2011-10-14 04:48:00.000000000,2011-03-11 04:48:00.000000000,136 days 19:12:00.000000000,44 days 19:12:00.000000000,-92 days +00:00:00.000000000
8579,2012-01-09 00:00:00.000000000,2011-12-01 00:00:00.000000000,2011-12-01 00:00:00.000000000,2011-10-05 00:00:00.000000000,1910-01-01 00:00:00.000000000,2011-11-16 01:59:59.971200000,2011-08-12 01:59:59.971200000,53 days 22:00:00.028800000,14 days 22:00:00.028800000,-39 days +00:00:00.000000000
8580,2011-12-20 00:00:00.000000000,2011-12-18 00:00:00.000000000,2011-12-18 00:00:00.000000000,2011-06-06 00:00:00.000000000,1910-01-01 00:00:00.000000000,2011-09-16 01:00:00.028800000,2011-03-03 01:00:00.028800000,94 days 22:59:59.971200000,92 days 22:59:59.971200000,-2 days +00:00:00.000000000
8581,2012-03-16 00:00:00.000000000,2011-12-18 00:00:00.000000000,2011-12-18 00:00:00.000000000,2011-08-29 00:00:00.000000000,1910-01-01 00:00:00.000000000,2011-12-06 02:05:13.084800000,2011-05-20 02:05:13.084800000,100 days 21:54:46.915200000,11 days 21:54:46.915200000,-89 days +00:00:00.000000000
8582,2012-04-27 00:00:00.000000000,2012-02-08 00:00:00.000000000,2012-02-08 00:00:00.000000000,2011-08-29 00:00:00.000000000,1910-01-01 00:00:00.000000000,2011-12-18 03:00:00.000000000,2011-04-20 03:00:00.000000000,130 days 21:00:00.000000000,51 days 21:00:00.000000000,-79 days +00:00:00.000000000
8583,2012-01-19 00:00:00.000000000,2011-12-23 00:00:00.000000000,2011-12-23 00:00:00.000000000,2011-09-11 00:00:00.000000000,1910-01-01 00:00:00.000000000,2011-09-04 04:48:00.000000000,2011-04-27 04:48:00.000000000,136 days 19:12:00.000000000,109 days 19:12:00.000000000,-27 days +00:00:00.000000000
8584,2012-03-12 00:00:00.000000000,2012-03-12 00:00:00.000000000,2012-03-12 00:00:00.000000000,2011-08-22 00:00:00.000000000,1910-01-01 00:00:00.000000000,2011-12-03 19:41:32.323200000,2011-05-14 19:41:32.323200000,99 days 04:18:27.676800000,99 days 04:18:27.676800000,0 days 00:00:00.000000000
8585,2012-03-16 00:00:00.000000000,2012-02-14 00:00:00.000000000,2012-02-14 00:00:00.000000000,2011-11-21 00:00:00.000000000,1910-01-01 00:00:00.000000000,2011-09-02 19:59:59.971200000,2011-05-09 19:59:59.971200000,195 days 04:00:00.028800000,164 days 04:00:00.028800000,-31 days +00:00:00.000000000
8586,2012-03-16 00:00:00.000000000,2012-02-14 00:00:00.000000000,2012-02-14 00:00:00.000000000,2011-11-21 00:00:00.000000000,1910-01-01 00:00:00.000000000,2011-09-02 19:59:59.971200000,2011-05-09 19:59:59.971200000,195 days 04:00:00.028800000,164 days 04:00:00.028800000,-31 days +00:00:00.000000000
8587,2012-03-16 00:00:00.000000000,2012-02-14 00:00:00.000000000,2012-02-14 00:00:00.000000000,2011-11-21 00:00:00.000000000,1910-01-01 00:00:00.000000000,2011-09-02 19:59:59.971200000,2011-05-09 19:59:59.971200000,195 days 04:00:00.028800000,164 days 04:00:00.028800000,-31 days +00:00:00.000000000
8588,2012-03-16 00:00:00.000000000,2012-02-14 00:00:00.000000000,2012-02-14 00:00:00.000000000,2011-11-21 00:00:00.000000000,1910-01-01 00:00:00.000000000,2011-09-02 19:59:59.971200000,2011-05-09 19:59:59.971200000,195 days 04:00:00.028800000,164 days 04:00:00.028800000,-31 days +00:00:00.000000000
8589,2012-03-16 00:00:00.000000000,2012-02-14 00:00:00.000000000,2012-02-14 00:00:00.000000000,2011-11-21 00:00:00.000000000,1910-01-01 00:00:00.000000000,2011-09-02 19:59:59.971200000,2011-05-09 19:59:59.971200000,195 days 04:00:00.028800000,164 days 04:00:00.028800000,-31 days +00:00:00.000000000
8590,2012-03-16 00:00:00.000000000,2012-02-14 00:00:00.000000000,2012-02-14 00:00:00.000000000,2011-11-21 00:00:00.000000000,1910-01-01 00:00:00.000000000,2011-09-02 19:59:59.971200000,2011-05-09 19:59:59.971200000,195 days 04:00:00.028800000,164 days 04:00:00.028800000,-31 days +00:00:00.000000000
8591,2012-03-16 00:00:00.000000000,2012-02-14 00:00:00.000000000,2012-02-14 00:00:00.000000000,2011-11-21 00:00:00.000000000,1910-01-01 00:00:00.000000000,2011-09-02 19:59:59.971200000,2011-05-09 19:59:59.971200000,195 days 04:00:00.028800000,164 days 04:00:00.028800000,-31 days +00:00:00.000000000
8592,2012-03-16 00:00:00.000000000,2012-02-14 00:00:00.000000000,2012-02-14 00:00:00.000000000,2011-11-21 00:00:00.000000000,1910-01-01 00:00:00.000000000,2011-09-02 19:59:59.971200000,2011-05-09 19:59:59.971200000,195 days 04:00:00.028800000,164 days 04:00:00.028800000,-31 days +00:00:00.000000000
8593,2012-03-16 00:00:00.000000000,2012-02-14 00:00:00.000000000,2012-02-14 00:00:00.000000000,2011-11-21 00:00:00.000000000,1910-01-01 00:00:00.000000000,2011-09-02 19:59:59.971200000,2011-05-09 19:59:59.971200000,195 days 04:00:00.028800000,164 days 04:00:00.028800000,-31 days +00:00:00.000000000
8594,2012-03-16 00:00:00.000000000,2012-02-14 00:00:00.000000000,2012-02-14 00:00:00.000000000,2011-11-21 00:00:00.000000000,1910-01-01 00:00:00.000000000,2011-09-02 19:59:59.971200000,2011-05-09 19:59:59.971200000,195 days 04:00:00.028800000,164 days 04:00:00.028800000,-31 days +00:00:00.000000000
8595,2012-03-16 00:00:00.000000000,2012-02-14 00:00:00.000000000,2012-02-14 00:00:00.000000000,2011-11-21 00:00:00.000000000,1910-01-01 00:00:00.000000000,2011-09-02 19:59:59.971200000,2011-05-09 19:59:59.971200000,195 days 04:00:00.028800000,164 days 04:00:00.028800000,-31 days +00:00:00.000000000
8596,2012-03-16 00:00:00.000000000,2012-03-14 00:00:00.000000000,2012-03-14 00:00:00.000000000,2011-11-21 00:00:00.000000000,1910-01-01 00:00:00.000000000,2011-09-02 19:59:59.971200000,2011-05-09 19:59:59.971200000,195 days 04:00:00.028800000,193 days 04:00:00.028800000,-2 days +00:00:00.000000000
8597,2012-03-30 00:00:00.000000000,2012-02-13 00:00:00.000000000,2012-02-13 00:00:00.000000000,2011-12-20 00:00:00.000000000,1910-01-01 00:00:00.000000000,2011-12-29 22:02:26.908800000,2011-09-19 22:02:26.908800000,91 days 01:57:33.091200000,45 days 01:57:33.091200000,-46 days +00:00:00.000000000
8598,2012-03-22 00:00:00.000000000,2012-03-22 00:00:00.000000000,2012-03-22 00:00:00.000000000,2011-11-21 00:00:00.000000000,1910-01-01 00:00:00.000000000,2011-09-08 19:59:59.971200000,2011-05-09 19:59:59.971200000,195 days 04:00:00.028800000,195 days 04:00:00.028800000,0 days 00:00:00.000000000
8599,2012-03-22 00:00:00.000000000,2012-03-22 00:00:00.000000000,2012-03-22 00:00:00.000000000,2011-11-21 00:00:00.000000000,1910-01-01 00:00:00.000000000,2011-09-08 19:59:59.971200000,2011-05-09 19:59:59.971200000,195 days 04:00:00.028800000,195 days 04:00:00.028800000,0 days 00:00:00.000000000
8600,2012-03-22 00:00:00.000000000,2012-03-22 00:00:00.000000000,2012-03-22 00:00:00.000000000,2011-11-21 00:00:00.000000000,1910-01-01 00:00:00.000000000,2011-09-08 19:59:59.971200000,2011-05-09 19:59:59.971200000,195 days 04:00:00.028800000,195 days 04:00:00.028800000,0 days 00:00:00.000000000
8601,2012-03-02 00:00:00.000000000,2012-03-12 00:00:00.000000000,2012-03-12 00:00:00.000000000,2011-12-20 00:00:00.000000000,1910-01-01 00:00:00.000000000,2011-12-01 22:02:26.908800000,2011-09-19 22:02:26.908800000,91 days 01:57:33.091200000,101 days 01:57:33.091200000,10 days 00:00:00.000000000
8602,2012-03-30 00:00:00.000000000,2012-02-17 00:00:00.000000000,2012-02-17 00:00:00.000000000,2011-10-05 00:00:00.000000000,1910-01-01 00:00:00.000000000,2012-02-05 01:59:59.971200000,2011-08-12 01:59:59.971200000,53 days 22:00:00.028800000,11 days 22:00:00.028800000,-42 days +00:00:00.000000000
8603,2012-03-02 00:00:00.000000000,2012-02-24 00:00:00.000000000,2012-02-24 00:00:00.000000000,2011-08-29 00:00:00.000000000,1910-01-01 00:00:00.000000000,2011-10-23 03:00:00.000000000,2011-04-20 03:00:00.000000000,130 days 21:00:00.000000000,123 days 21:00:00.000000000,-7 days +00:00:00.000000000
8604,2012-04-11 00:00:00.000000000,2012-04-11 00:00:00.000000000,2012-04-11 00:00:00.000000000,2011-08-22 00:00:00.000000000,1910-01-01 00:00:00.000000000,2012-01-02 19:41:32.323200000,2011-05-14 19:41:32.323200000,99 days 04:18:27.676800000,99 days 04:18:27.676800000,0 days 00:00:00.000000000
8605,2012-04-26 00:00:00.000000000,2012-05-04 00:00:00.000000000,2012-05-04 00:00:00.000000000,2012-01-25 00:00:00.000000000,1910-01-01 00:00:00.000000000,2012-03-01 07:59:59.971200000,2011-11-30 07:59:59.971200000,55 days 16:00:00.028800000,63 days 16:00:00.028800000,8 days 00:00:00.000000000
8606,2012-04-26 00:00:00.000000000,2012-04-09 00:00:00.000000000,2012-04-09 00:00:00.000000000,2012-01-25 00:00:00.000000000,1910-01-01 00:00:00.000000000,2012-03-01 07:59:59.971200000,2011-11-30 07:59:59.971200000,55 days 16:00:00.028800000,38 days 16:00:00.028800000,-17 days +00:00:00.000000000
8607,2012-05-04 00:00:00.000000000,2012-04-11 00:00:00.000000000,2012-04-11 00:00:00.000000000,2011-08-22 00:00:00.000000000,1910-01-01 00:00:00.000000000,2012-01-25 19:41:32.323200000,2011-05-14 19:41:32.323200000,99 days 04:18:27.676800000,76 days 04:18:27.676800000,-23 days +00:00:00.000000000
8608,2012-04-16 00:00:00.000000000,2012-03-27 00:00:00.000000000,2012-03-27 00:00:00.000000000,2011-10-05 00:00:00.000000000,1910-01-01 00:00:00.000000000,2012-02-22 01:59:59.971200000,2011-08-12 01:59:59.971200000,53 days 22:00:00.028800000,33 days 22:00:00.028800000,-20 days +00:00:00.000000000
8609,2012-06-21 00:00:00.000000000,2012-03-27 00:00:00.000000000,2012-03-27 00:00:00.000000000,2012-02-20 00:00:00.000000000,1910-01-01 00:00:00.000000000,2012-04-28 01:59:59.971200000,2011-12-28 01:59:59.971200000,53 days 22:00:00.028800000,-33 days +22:00:00.028800000,-86 days +00:00:00.000000000
8610,2012-04-17 00:00:00.000000000,2012-05-07 00:00:00.000000000,2012-05-07 00:00:00.000000000,2011-10-04 00:00:00.000000000,1910-01-01 00:00:00.000000000,2011-09-09 17:08:34.310400000,2011-02-25 17:08:34.310400000,220 days 06:51:25.689600000,240 days 06:51:25.689600000,20 days 00:00:00.000000000
8611,2012-04-16 00:00:00.000000000,2012-04-11 00:00:00.000000000,2012-04-11 00:00:00.000000000,2011-11-11 00:00:00.000000000,1910-01-01 00:00:00.000000000,2011-12-07 03:00:00.000000000,2011-07-03 03:00:00.000000000,130 days 21:00:00.000000000,125 days 21:00:00.000000000,-5 days +00:00:00.000000000
8612,2012-06-29 00:00:00.000000000,2012-04-17 00:00:00.000000000,2012-04-17 00:00:00.000000000,2012-01-27 00:00:00.000000000,1910-01-01 00:00:00.000000000,2012-04-04 00:00:00.000000000,2011-11-02 00:00:00.000000000,86 days 00:00:00.000000000,13 days 00:00:00.000000000,-73 days +00:00:00.000000000
8613,2012-05-21 00:00:00.000000000,2012-05-16 00:00:00.000000000,2012-05-16 00:00:00.000000000,2012-04-09 00:00:00.000000000,1910-01-01 00:00:00.000000000,2012-01-31 15:30:54.576000000,2011-12-20 15:30:54.576000000,110 days 08:29:05.424000000,105 days 08:29:05.424000000,-5 days +00:00:00.000000000
8614,2012-06-06 00:00:00.000000000,2012-05-08 00:00:00.000000000,2012-05-08 00:00:00.000000000,2012-04-04 00:00:00.000000000,1910-01-01 00:00:00.000000000,2012-02-16 15:30:54.576000000,2011-12-15 15:30:54.576000000,110 days 08:29:05.424000000,81 days 08:29:05.424000000,-29 days +00:00:00.000000000
8615,2012-06-20 00:00:00.000000000,2012-04-30 00:00:00.000000000,2012-04-30 00:00:00.000000000,2011-12-08 00:00:00.000000000,1910-01-01 00:00:00.000000000,2012-03-11 02:05:13.084800000,2011-08-29 02:05:13.084800000,100 days 21:54:46.915200000,49 days 21:54:46.915200000,-51 days +00:00:00.000000000
8616,2012-06-29 00:00:00.000000000,2012-05-15 00:00:00.000000000,2012-05-15 00:00:00.000000000,2012-03-28 00:00:00.000000000,1910-01-01 00:00:00.000000000,2012-04-04 00:00:00.000000000,2012-01-02 00:00:00.000000000,86 days 00:00:00.000000000,41 days 00:00:00.000000000,-45 days +00:00:00.000000000
8617,2012-06-08 00:00:00.000000000,2012-06-01 00:00:00.000000000,2012-06-01 00:00:00.000000000,2012-05-11 00:00:00.000000000,1910-01-01 00:00:00.000000000,2012-03-14 00:00:00.000000000,2012-02-15 00:00:00.000000000,86 days 00:00:00.000000000,79 days 00:00:00.000000000,-7 days +00:00:00.000000000
8618,2012-08-14 00:00:00.000000000,2012-05-10 00:00:00.000000000,2012-05-10 00:00:00.000000000,2011-10-04 00:00:00.000000000,1910-01-01 00:00:00.000000000,2012-01-06 17:08:34.310400000,2011-02-25 17:08:34.310400000,220 days 06:51:25.689600000,124 days 06:51:25.689600000,-96 days +00:00:00.000000000
8619,2012-06-29 00:00:00.000000000,2012-06-01 00:00:00.000000000,2012-06-01 00:00:00.000000000,2012-05-11 00:00:00.000000000,1910-01-01 00:00:00.000000000,2012-04-04 00:00:00.000000000,2012-02-15 00:00:00.000000000,86 days 00:00:00.000000000,58 days 00:00:00.000000000,-28 days +00:00:00.000000000
8620,2012-07-04 00:00:00.000000000,2012-06-12 00:00:00.000000000,2012-06-12 00:00:00.000000000,2012-05-09 00:00:00.000000000,1910-01-01 00:00:00.000000000,2012-05-11 01:59:59.971200000,2012-03-16 01:59:59.971200000,53 days 22:00:00.028800000,31 days 22:00:00.028800000,-22 days +00:00:00.000000000
8621,2012-05-16 00:00:00.000000000,2012-05-10 00:00:00.000000000,2012-05-10 00:00:00.000000000,2011-08-04 00:00:00.000000000,1910-01-01 00:00:00.000000000,2012-02-14 01:30:00.000000000,2011-05-04 01:30:00.000000000,91 days 22:30:00.000000000,85 days 22:30:00.000000000,-6 days +00:00:00.000000000
8622,2012-06-15 00:00:00.000000000,2012-06-01 00:00:00.000000000,2012-06-01 00:00:00.000000000,2012-05-11 00:00:00.000000000,1910-01-01 00:00:00.000000000,2012-03-21 00:00:00.000000000,2012-02-15 00:00:00.000000000,86 days 00:00:00.000000000,72 days 00:00:00.000000000,-14 days +00:00:00.000000000
8623,2012-07-10 00:00:00.000000000,2012-06-18 00:00:00.000000000,2012-06-18 00:00:00.000000000,2012-05-04 00:00:00.000000000,1910-01-01 00:00:00.000000000,2012-04-19 13:20:00.038400000,2012-02-12 13:20:00.038400000,81 days 10:39:59.961600000,59 days 10:39:59.961600000,-22 days +00:00:00.000000000
8624,2012-10-16 00:00:00.000000000,2012-06-27 00:00:00.000000000,2012-06-27 00:00:00.000000000,2011-10-04 00:00:00.000000000,1910-01-01 00:00:00.000000000,2012-03-09 17:08:34.310400000,2011-02-25 17:08:34.310400000,220 days 06:51:25.689600000,109 days 06:51:25.689600000,-111 days +00:00:00.000000000
8625,2012-08-02 00:00:00.000000000,2012-07-10 00:00:00.000000000,2012-07-10 00:00:00.000000000,2012-03-01 00:00:00.000000000,1910-01-01 00:00:00.000000000,2012-04-23 02:05:13.084800000,2011-11-21 02:05:13.084800000,100 days 21:54:46.915200000,77 days 21:54:46.915200000,-23 days +00:00:00.000000000
8626,2012-10-16 00:00:00.000000000,2012-07-23 00:00:00.000000000,2012-07-23 00:00:00.000000000,2011-10-04 00:00:00.000000000,1910-01-01 00:00:00.000000000,2012-03-09 17:08:34.310400000,2011-02-25 17:08:34.310400000,220 days 06:51:25.689600000,135 days 06:51:25.689600000,-85 days +00:00:00.000000000
8627,2012-09-05 00:00:00.000000000,2012-07-26 00:00:00.000000000,2012-07-26 00:00:00.000000000,2012-02-20 00:00:00.000000000,1910-01-01 00:00:00.000000000,2012-07-13 01:59:59.971200000,2011-12-28 01:59:59.971200000,53 days 22:00:00.028800000,12 days 22:00:00.028800000,-41 days +00:00:00.000000000
8628,2012-09-05 00:00:00.000000000,2012-07-26 00:00:00.000000000,2012-07-26 00:00:00.000000000,2012-02-20 00:00:00.000000000,1910-01-01 00:00:00.000000000,2012-07-13 01:59:59.971200000,2011-12-28 01:59:59.971200000,53 days 22:00:00.028800000,12 days 22:00:00.028800000,-41 days +00:00:00.000000000
8629,2012-07-31 00:00:00.000000000,2012-07-30 00:00:00.000000000,2012-07-30 00:00:00.000000000,2011-12-22 00:00:00.000000000,1910-01-01 00:00:00.000000000,2012-03-16 04:48:00.000000000,2011-08-07 04:48:00.000000000,136 days 19:12:00.000000000,135 days 19:12:00.000000000,-1 days +00:00:00.000000000
8630,2012-07-31 00:00:00.000000000,2012-07-31 00:00:00.000000000,2012-07-31 00:00:00.000000000,2011-11-11 00:00:00.000000000,1910-01-01 00:00:00.000000000,2012-03-22 03:00:00.000000000,2011-07-03 03:00:00.000000000,130 days 21:00:00.000000000,130 days 21:00:00.000000000,0 days 00:00:00.000000000
8631,2012-08-20 00:00:00.000000000,2012-08-14 00:00:00.000000000,2012-08-14 00:00:00.000000000,2012-03-01 00:00:00.000000000,1910-01-01 00:00:00.000000000,2012-05-11 02:05:13.084800000,2011-11-21 02:05:13.084800000,100 days 21:54:46.915200000,94 days 21:54:46.915200000,-6 days +00:00:00.000000000
8632,2012-08-20 00:00:00.000000000,2012-08-14 00:00:00.000000000,2012-08-14 00:00:00.000000000,2012-03-01 00:00:00.000000000,1910-01-01 00:00:00.000000000,2012-05-11 02:05:13.084800000,2011-11-21 02:05:13.084800000,100 days 21:54:46.915200000,94 days 21:54:46.915200000,-6 days +00:00:00.000000000
8633,2012-08-31 00:00:00.000000000,2012-08-23 00:00:00.000000000,2012-08-23 00:00:00.000000000,2012-05-11 00:00:00.000000000,1910-01-01 00:00:00.000000000,2012-06-06 00:00:00.000000000,2012-02-15 00:00:00.000000000,86 days 00:00:00.000000000,78 days 00:00:00.000000000,-8 days +00:00:00.000000000
8634,2012-08-31 00:00:00.000000000,2012-08-23 00:00:00.000000000,2012-08-23 00:00:00.000000000,2012-06-04 00:00:00.000000000,1910-01-01 00:00:00.000000000,2012-06-06 00:00:00.000000000,2012-03-10 00:00:00.000000000,86 days 00:00:00.000000000,78 days 00:00:00.000000000,-8 days +00:00:00.000000000
8635,2012-10-01 00:00:00.000000000,2012-08-27 00:00:00.000000000,2012-08-27 00:00:00.000000000,2012-04-19 00:00:00.000000000,1910-01-01 00:00:00.000000000,2012-05-23 03:00:00.000000000,2011-12-10 03:00:00.000000000,130 days 21:00:00.000000000,95 days 21:00:00.000000000,-35 days +00:00:00.000000000
8636,2012-09-17 00:00:00.000000000,2012-08-27 00:00:00.000000000,2012-08-27 00:00:00.000000000,2012-01-30 00:00:00.000000000,1910-01-01 00:00:00.000000000,2012-05-09 03:00:00.000000000,2011-09-21 03:00:00.000000000,130 days 21:00:00.000000000,109 days 21:00:00.000000000,-21 days +00:00:00.000000000
8637,2013-02-14 00:00:00.000000000,2013-02-14 00:00:00.000000000,2013-02-14 00:00:00.000000000,2012-05-15 00:00:00.000000000,1910-01-01 00:00:00.000000000,2012-08-25 09:13:50.736000000,2011-11-24 09:13:50.736000000,172 days 14:46:09.264000000,172 days 14:46:09.264000000,0 days 00:00:00.000000000
8638,2012-10-30 00:00:00.000000000,2012-08-27 00:00:00.000000000,2012-08-27 00:00:00.000000000,2012-04-19 00:00:00.000000000,1910-01-01 00:00:00.000000000,2012-06-21 03:00:00.000000000,2011-12-10 03:00:00.000000000,130 days 21:00:00.000000000,66 days 21:00:00.000000000,-64 days +00:00:00.000000000
8639,2012-10-30 00:00:00.000000000,2012-10-30 00:00:00.000000000,2012-10-30 00:00:00.000000000,2012-02-20 00:00:00.000000000,1910-01-01 00:00:00.000000000,2012-09-06 01:59:59.971200000,2011-12-28 01:59:59.971200000,53 days 22:00:00.028800000,53 days 22:00:00.028800000,0 days 00:00:00.000000000
8640,2012-10-02 00:00:00.000000000,2012-08-27 00:00:00.000000000,2012-08-27 00:00:00.000000000,2011-12-21 00:00:00.000000000,1910-01-01 00:00:00.000000000,2012-05-24 03:00:00.000000000,2011-08-12 03:00:00.000000000,130 days 21:00:00.000000000,94 days 21:00:00.000000000,-36 days +00:00:00.000000000
8641,2012-10-26 00:00:00.000000000,2012-10-26 00:00:00.000000000,2012-10-26 00:00:00.000000000,2012-07-26 00:00:00.000000000,1910-01-01 00:00:00.000000000,2012-07-18 19:41:32.323200000,2012-04-17 19:41:32.323200000,99 days 04:18:27.676800000,99 days 04:18:27.676800000,0 days 00:00:00.000000000
8642,2012-10-26 00:00:00.000000000,2012-10-26 00:00:00.000000000,2012-10-26 00:00:00.000000000,2012-07-26 00:00:00.000000000,1910-01-01 00:00:00.000000000,2012-07-18 19:41:32.323200000,2012-04-17 19:41:32.323200000,99 days 04:18:27.676800000,99 days 04:18:27.676800000,0 days 00:00:00.000000000
8643,2012-10-30 00:00:00.000000000,2012-10-30 00:00:00.000000000,2012-10-30 00:00:00.000000000,2012-06-06 00:00:00.000000000,1910-01-01 00:00:00.000000000,2012-09-06 01:59:59.971200000,2012-04-13 01:59:59.971200000,53 days 22:00:00.028800000,53 days 22:00:00.028800000,0 days 00:00:00.000000000
8644,2012-10-18 00:00:00.000000000,2012-10-18 00:00:00.000000000,2012-10-18 00:00:00.000000000,2012-05-09 00:00:00.000000000,1910-01-01 00:00:00.000000000,2012-08-25 01:59:59.971200000,2012-03-16 01:59:59.971200000,53 days 22:00:00.028800000,53 days 22:00:00.028800000,0 days 00:00:00.000000000
8645,2012-09-25 00:00:00.000000000,2012-09-03 00:00:00.000000000,2012-09-03 00:00:00.000000000,2012-05-15 00:00:00.000000000,1910-01-01 00:00:00.000000000,2012-02-17 17:08:34.310400000,2011-10-07 17:08:34.310400000,220 days 06:51:25.689600000,198 days 06:51:25.689600000,-22 days +00:00:00.000000000
8646,2012-09-28 00:00:00.000000000,2012-09-10 00:00:00.000000000,2012-09-10 00:00:00.000000000,2011-12-21 00:00:00.000000000,1910-01-01 00:00:00.000000000,2012-05-20 03:00:00.000000000,2011-08-12 03:00:00.000000000,130 days 21:00:00.000000000,112 days 21:00:00.000000000,-18 days +00:00:00.000000000
8647,2012-09-28 00:00:00.000000000,2012-09-10 00:00:00.000000000,2012-09-10 00:00:00.000000000,2011-12-21 00:00:00.000000000,1910-01-01 00:00:00.000000000,2012-05-20 03:00:00.000000000,2011-08-12 03:00:00.000000000,130 days 21:00:00.000000000,112 days 21:00:00.000000000,-18 days +00:00:00.000000000
8648,2012-10-26 00:00:00.000000000,2012-10-26 00:00:00.000000000,2012-10-26 00:00:00.000000000,2012-05-11 00:00:00.000000000,1910-01-01 00:00:00.000000000,2012-08-01 00:00:00.000000000,2012-02-15 00:00:00.000000000,86 days 00:00:00.000000000,86 days 00:00:00.000000000,0 days 00:00:00.000000000
8649,2012-11-30 00:00:00.000000000,2012-10-10 00:00:00.000000000,2012-10-10 00:00:00.000000000,2012-06-28 00:00:00.000000000,1910-01-01 00:00:00.000000000,2012-08-30 01:30:00.000000000,2012-03-28 01:30:00.000000000,91 days 22:30:00.000000000,40 days 22:30:00.000000000,-51 days +00:00:00.000000000
8650,2012-10-10 00:00:00.000000000,2012-10-05 00:00:00.000000000,2012-10-05 00:00:00.000000000,2012-04-27 00:00:00.000000000,1910-01-01 00:00:00.000000000,2012-05-26 04:48:00.000000000,2011-12-12 04:48:00.000000000,136 days 19:12:00.000000000,131 days 19:12:00.000000000,-5 days +00:00:00.000000000
8651,2012-10-25 00:00:00.000000000,2012-10-22 00:00:00.000000000,2012-10-22 00:00:00.000000000,2012-08-15 00:00:00.000000000,1910-01-01 00:00:00.000000000,2012-09-01 01:59:59.971200000,2012-06-22 01:59:59.971200000,53 days 22:00:00.028800000,50 days 22:00:00.028800000,-3 days +00:00:00.000000000
8652,2012-11-30 00:00:00.000000000,2012-10-31 00:00:00.000000000,2012-10-31 00:00:00.000000000,2012-05-02 00:00:00.000000000,1910-01-01 00:00:00.000000000,2012-08-22 19:41:32.323200000,2012-01-23 19:41:32.323200000,99 days 04:18:27.676800000,69 days 04:18:27.676800000,-30 days +00:00:00.000000000
8653,2012-11-30 00:00:00.000000000,2012-11-06 00:00:00.000000000,2012-11-06 00:00:00.000000000,2012-02-15 00:00:00.000000000,1910-01-01 00:00:00.000000000,2012-08-22 19:41:32.323200000,2011-11-07 19:41:32.323200000,99 days 04:18:27.676800000,75 days 04:18:27.676800000,-24 days +00:00:00.000000000
8654,2012-11-06 00:00:00.000000000,2012-11-06 00:00:00.000000000,2012-11-06 00:00:00.000000000,2012-05-23 00:00:00.000000000,1910-01-01 00:00:00.000000000,2012-07-28 02:05:13.084800000,2012-02-12 02:05:13.084800000,100 days 21:54:46.915200000,100 days 21:54:46.915200000,0 days 00:00:00.000000000
8655,2012-11-06 00:00:00.000000000,2012-11-06 00:00:00.000000000,2012-11-06 00:00:00.000000000,2012-05-23 00:00:00.000000000,1910-01-01 00:00:00.000000000,2012-07-28 02:05:13.084800000,2012-02-12 02:05:13.084800000,100 days 21:54:46.915200000,100 days 21:54:46.915200000,0 days 00:00:00.000000000
8656,2012-11-06 00:00:00.000000000,2012-11-06 00:00:00.000000000,2012-11-06 00:00:00.000000000,2012-05-23 00:00:00.000000000,1910-01-01 00:00:00.000000000,2012-07-28 02:05:13.084800000,2012-02-12 02:05:13.084800000,100 days 21:54:46.915200000,100 days 21:54:46.915200000,0 days 00:00:00.000000000
8657,2012-11-19 00:00:00.000000000,2012-11-19 00:00:00.000000000,2012-11-19 00:00:00.000000000,2012-05-15 00:00:00.000000000,1910-01-01 00:00:00.000000000,2012-04-12 17:08:34.310400000,2011-10-07 17:08:34.310400000,220 days 06:51:25.689600000,220 days 06:51:25.689600000,0 days 00:00:00.000000000
8658,2012-12-10 00:00:00.000000000,2012-11-19 00:00:00.000000000,2012-11-19 00:00:00.000000000,2012-07-18 00:00:00.000000000,1910-01-01 00:00:00.000000000,2012-10-17 01:59:59.971200000,2012-05-25 01:59:59.971200000,53 days 22:00:00.028800000,32 days 22:00:00.028800000,-21 days +00:00:00.000000000
8659,2012-12-20 00:00:00.000000000,2012-11-28 00:00:00.000000000,2012-11-28 00:00:00.000000000,2012-10-10 00:00:00.000000000,1910-01-01 00:00:00.000000000,2012-10-27 01:59:59.971200000,2012-08-17 01:59:59.971200000,53 days 22:00:00.028800000,31 days 22:00:00.028800000,-22 days +00:00:00.000000000
8660,2012-12-19 00:00:00.000000000,2012-12-13 00:00:00.000000000,2012-12-13 00:00:00.000000000,2011-04-26 00:00:00.000000000,1910-01-01 00:00:00.000000000,2012-05-12 17:08:34.310400000,2010-09-17 17:08:34.310400000,220 days 06:51:25.689600000,214 days 06:51:25.689600000,-6 days +00:00:00.000000000
8661,2012-12-03 00:00:00.000000000,2012-11-14 00:00:00.000000000,2012-11-14 00:00:00.000000000,2012-10-30 00:00:00.000000000,1910-01-01 00:00:00.000000000,2012-09-02 22:02:26.908800000,2012-07-30 22:02:26.908800000,91 days 01:57:33.091200000,72 days 01:57:33.091200000,-19 days +00:00:00.000000000
8662,2012-12-03 00:00:00.000000000,2012-11-14 00:00:00.000000000,2012-11-14 00:00:00.000000000,2012-10-30 00:00:00.000000000,1910-01-01 00:00:00.000000000,2012-09-02 22:02:26.908800000,2012-07-30 22:02:26.908800000,91 days 01:57:33.091200000,72 days 01:57:33.091200000,-19 days +00:00:00.000000000
8663,2012-12-13 00:00:00.000000000,2012-12-03 00:00:00.000000000,2012-12-03 00:00:00.000000000,2012-07-24 00:00:00.000000000,1910-01-01 00:00:00.000000000,2012-08-04 03:00:00.000000000,2012-03-15 03:00:00.000000000,130 days 21:00:00.000000000,120 days 21:00:00.000000000,-10 days +00:00:00.000000000
8664,2012-12-04 00:00:00.000000000,2012-12-04 00:00:00.000000000,2012-12-04 00:00:00.000000000,2012-05-23 00:00:00.000000000,1910-01-01 00:00:00.000000000,2012-08-25 02:05:13.084800000,2012-02-12 02:05:13.084800000,100 days 21:54:46.915200000,100 days 21:54:46.915200000,0 days 00:00:00.000000000
8665,2012-12-04 00:00:00.000000000,2012-12-04 00:00:00.000000000,2012-12-04 00:00:00.000000000,2012-05-23 00:00:00.000000000,1910-01-01 00:00:00.000000000,2012-08-25 02:05:13.084800000,2012-02-12 02:05:13.084800000,100 days 21:54:46.915200000,100 days 21:54:46.915200000,0 days 00:00:00.000000000
8666,2013-02-01 00:00:00.000000000,2013-02-01 00:00:00.000000000,2013-02-01 00:00:00.000000000,2012-08-30 00:00:00.000000000,1910-01-01 00:00:00.000000000,2012-10-31 18:00:00.000000000,2012-05-29 18:00:00.000000000,92 days 06:00:00.000000000,92 days 06:00:00.000000000,0 days 00:00:00.000000000
8667,2012-11-30 00:00:00.000000000,2012-12-04 00:00:00.000000000,2012-12-04 00:00:00.000000000,2012-05-23 00:00:00.000000000,1910-01-01 00:00:00.000000000,2012-08-21 02:05:13.084800000,2012-02-12 02:05:13.084800000,100 days 21:54:46.915200000,104 days 21:54:46.915200000,4 days 00:00:00.000000000
8668,2012-12-31 00:00:00.000000000,2012-12-06 00:00:00.000000000,2012-12-06 00:00:00.000000000,2012-04-19 00:00:00.000000000,1910-01-01 00:00:00.000000000,2012-08-22 03:00:00.000000000,2011-12-10 03:00:00.000000000,130 days 21:00:00.000000000,105 days 21:00:00.000000000,-25 days +00:00:00.000000000
8669,2013-02-28 00:00:00.000000000,2013-02-18 00:00:00.000000000,2013-02-18 00:00:00.000000000,2012-08-24 00:00:00.000000000,1910-01-01 00:00:00.000000000,2012-11-18 04:16:00.019200000,2012-05-14 04:16:00.019200000,101 days 19:43:59.980800000,91 days 19:43:59.980800000,-10 days +00:00:00.000000000
8670,2013-01-09 00:00:00.000000000,2013-01-07 00:00:00.000000000,2013-01-07 00:00:00.000000000,2012-08-21 00:00:00.000000000,1910-01-01 00:00:00.000000000,2012-10-14 04:10:26.083200000,2012-05-26 04:10:26.083200000,86 days 19:49:33.916800000,84 days 19:49:33.916800000,-2 days +00:00:00.000000000
8671,2013-01-31 00:00:00.000000000,2013-01-14 00:00:00.000000000,2013-01-14 00:00:00.000000000,2012-04-19 00:00:00.000000000,1910-01-01 00:00:00.000000000,2012-10-05 23:13:32.908800000,2011-12-23 23:13:32.908800000,117 days 00:46:27.091200000,100 days 00:46:27.091200000,-17 days +00:00:00.000000000
8672,2013-02-02 00:00:00.000000000,2013-02-02 00:00:00.000000000,2013-02-02 00:00:00.000000000,2012-08-30 00:00:00.000000000,1910-01-01 00:00:00.000000000,2012-11-01 18:00:00.000000000,2012-05-29 18:00:00.000000000,92 days 06:00:00.000000000,92 days 06:00:00.000000000,0 days 00:00:00.000000000
8673,2013-02-11 00:00:00.000000000,2013-02-11 00:00:00.000000000,2013-02-11 00:00:00.000000000,2012-09-11 00:00:00.000000000,1910-01-01 00:00:00.000000000,2012-08-07 08:43:38.150400000,2012-03-07 08:43:38.150400000,187 days 15:16:21.849600000,187 days 15:16:21.849600000,0 days 00:00:00.000000000
8674,2013-02-11 00:00:00.000000000,2013-02-11 00:00:00.000000000,2013-02-11 00:00:00.000000000,2012-09-11 00:00:00.000000000,1910-01-01 00:00:00.000000000,2012-08-07 08:43:38.150400000,2012-03-07 08:43:38.150400000,187 days 15:16:21.849600000,187 days 15:16:21.849600000,0 days 00:00:00.000000000
8675,2013-02-11 00:00:00.000000000,2013-02-11 00:00:00.000000000,2013-02-11 00:00:00.000000000,2012-09-11 00:00:00.000000000,1910-01-01 00:00:00.000000000,2012-08-07 08:43:38.150400000,2012-03-07 08:43:38.150400000,187 days 15:16:21.849600000,187 days 15:16:21.849600000,0 days 00:00:00.000000000
8676,2013-02-11 00:00:00.000000000,2013-02-11 00:00:00.000000000,2013-02-11 00:00:00.000000000,2012-08-09 00:00:00.000000000,1910-01-01 00:00:00.000000000,2012-11-06 08:16:33.139200000,2012-05-04 08:16:33.139200000,96 days 15:43:26.860800000,96 days 15:43:26.860800000,0 days 00:00:00.000000000
8677,2013-02-11 00:00:00.000000000,2013-02-11 00:00:00.000000000,2013-02-11 00:00:00.000000000,2012-08-09 00:00:00.000000000,1910-01-01 00:00:00.000000000,2012-11-06 08:16:33.139200000,2012-05-04 08:16:33.139200000,96 days 15:43:26.860800000,96 days 15:43:26.860800000,0 days 00:00:00.000000000
8678,2013-02-22 00:00:00.000000000,2013-02-20 00:00:00.000000000,2013-02-20 00:00:00.000000000,2012-12-13 00:00:00.000000000,1910-01-01 00:00:00.000000000,2012-11-21 18:00:00.000000000,2012-09-11 18:00:00.000000000,92 days 06:00:00.000000000,90 days 06:00:00.000000000,-2 days +00:00:00.000000000
8679,2013-02-22 00:00:00.000000000,2013-02-20 00:00:00.000000000,2013-02-20 00:00:00.000000000,2012-12-13 00:00:00.000000000,1910-01-01 00:00:00.000000000,2012-11-21 18:00:00.000000000,2012-09-11 18:00:00.000000000,92 days 06:00:00.000000000,90 days 06:00:00.000000000,-2 days +00:00:00.000000000
8680,2013-04-09 00:00:00.000000000,2013-01-03 00:00:00.000000000,2013-01-03 00:00:00.000000000,2013-01-16 00:00:00.000000000,1910-01-01 00:00:00.000000000,2012-12-12 03:45:52.963200000,2012-09-20 03:45:52.963200000,117 days 20:14:07.036800000,21 days 20:14:07.036800000,-96 days +00:00:00.000000000
8681,2013-03-27 00:00:00.000000000,2013-02-28 00:00:00.000000000,2013-02-28 00:00:00.000000000,2012-07-24 00:00:00.000000000,1910-01-01 00:00:00.000000000,2012-11-29 23:13:32.908800000,2012-03-28 23:13:32.908800000,117 days 00:46:27.091200000,90 days 00:46:27.091200000,-27 days +00:00:00.000000000
8682,2013-03-14 00:00:00.000000000,2013-03-14 00:00:00.000000000,2013-03-14 00:00:00.000000000,2012-09-11 00:00:00.000000000,1910-01-01 00:00:00.000000000,2012-09-07 08:43:38.150400000,2012-03-07 08:43:38.150400000,187 days 15:16:21.849600000,187 days 15:16:21.849600000,0 days 00:00:00.000000000
8683,2013-03-14 00:00:00.000000000,2013-03-14 00:00:00.000000000,2013-03-14 00:00:00.000000000,2012-09-11 00:00:00.000000000,1910-01-01 00:00:00.000000000,2012-09-07 08:43:38.150400000,2012-03-07 08:43:38.150400000,187 days 15:16:21.849600000,187 days 15:16:21.849600000,0 days 00:00:00.000000000
8684,2013-03-29 00:00:00.000000000,2013-03-01 00:00:00.000000000,2013-03-01 00:00:00.000000000,2012-12-13 00:00:00.000000000,1910-01-01 00:00:00.000000000,2012-12-26 18:00:00.000000000,2012-09-11 18:00:00.000000000,92 days 06:00:00.000000000,64 days 06:00:00.000000000,-28 days +00:00:00.000000000
8685,2013-04-30 00:00:00.000000000,2013-03-15 00:00:00.000000000,2013-03-15 00:00:00.000000000,2013-01-30 00:00:00.000000000,1910-01-01 00:00:00.000000000,2013-01-02 03:45:52.963200000,2012-10-04 03:45:52.963200000,117 days 20:14:07.036800000,71 days 20:14:07.036800000,-46 days +00:00:00.000000000
8686,2013-04-09 00:00:00.000000000,2013-03-14 00:00:00.000000000,2013-03-14 00:00:00.000000000,2013-01-16 00:00:00.000000000,1910-01-01 00:00:00.000000000,2012-12-12 03:45:52.963200000,2012-09-20 03:45:52.963200000,117 days 20:14:07.036800000,91 days 20:14:07.036800000,-26 days +00:00:00.000000000
8687,2013-04-09 00:00:00.000000000,2013-03-14 00:00:00.000000000,2013-03-14 00:00:00.000000000,2013-01-16 00:00:00.000000000,1910-01-01 00:00:00.000000000,2012-12-12 03:45:52.963200000,2012-09-20 03:45:52.963200000,117 days 20:14:07.036800000,91 days 20:14:07.036800000,-26 days +00:00:00.000000000
8688,2013-04-30 00:00:00.000000000,2013-03-08 00:00:00.000000000,2013-03-08 00:00:00.000000000,2012-09-11 00:00:00.000000000,1910-01-01 00:00:00.000000000,2013-01-02 23:13:32.908800000,2012-05-16 23:13:32.908800000,117 days 00:46:27.091200000,64 days 00:46:27.091200000,-53 days +00:00:00.000000000
8689,2013-04-30 00:00:00.000000000,2013-03-23 00:00:00.000000000,2013-03-23 00:00:00.000000000,2012-11-16 00:00:00.000000000,1910-01-01 00:00:00.000000000,2012-10-24 08:43:38.150400000,2012-05-12 08:43:38.150400000,187 days 15:16:21.849600000,149 days 15:16:21.849600000,-38 days +00:00:00.000000000
8690,2013-06-25 00:00:00.000000000,2013-03-22 00:00:00.000000000,2013-03-22 00:00:00.000000000,2013-01-28 00:00:00.000000000,1910-01-01 00:00:00.000000000,2013-03-30 04:10:26.083200000,2012-11-02 04:10:26.083200000,86 days 19:49:33.916800000,-9 days +19:49:33.916800000,-95 days +00:00:00.000000000
8691,2013-05-31 00:00:00.000000000,2013-03-14 00:00:00.000000000,2013-03-14 00:00:00.000000000,2012-10-25 00:00:00.000000000,1910-01-01 00:00:00.000000000,2012-11-24 08:43:38.150400000,2012-04-20 08:43:38.150400000,187 days 15:16:21.849600000,109 days 15:16:21.849600000,-78 days +00:00:00.000000000
8692,2013-04-08 00:00:00.000000000,2013-04-16 00:00:00.000000000,2013-04-16 00:00:00.000000000,2012-06-28 00:00:00.000000000,1910-01-01 00:00:00.000000000,2012-11-19 16:00:00.028800000,2012-02-09 16:00:00.028800000,139 days 07:59:59.971200000,147 days 07:59:59.971200000,8 days 00:00:00.000000000
8693,2013-04-25 00:00:00.000000000,2013-04-25 00:00:00.000000000,2013-04-25 00:00:00.000000000,2012-12-13 00:00:00.000000000,1910-01-01 00:00:00.000000000,2013-01-22 18:00:00.000000000,2012-09-11 18:00:00.000000000,92 days 06:00:00.000000000,92 days 06:00:00.000000000,0 days 00:00:00.000000000
8694,2013-04-17 00:00:00.000000000,2013-04-23 00:00:00.000000000,2013-04-23 00:00:00.000000000,2013-01-16 00:00:00.000000000,1910-01-01 00:00:00.000000000,2012-12-11 20:07:44.544000000,2012-09-11 20:07:44.544000000,126 days 03:52:15.456000000,132 days 03:52:15.456000000,6 days 00:00:00.000000000
8695,2013-05-31 00:00:00.000000000,2013-04-08 00:00:00.000000000,2013-04-08 00:00:00.000000000,2013-01-16 00:00:00.000000000,1910-01-01 00:00:00.000000000,2012-11-24 08:43:38.150400000,2012-07-12 08:43:38.150400000,187 days 15:16:21.849600000,134 days 15:16:21.849600000,-53 days +00:00:00.000000000
8696,2013-05-02 00:00:00.000000000,2013-05-10 00:00:00.000000000,2013-05-10 00:00:00.000000000,2013-02-20 00:00:00.000000000,1910-01-01 00:00:00.000000000,2013-02-13 06:00:00.000000000,2012-12-04 06:00:00.000000000,77 days 18:00:00.000000000,85 days 18:00:00.000000000,8 days 00:00:00.000000000
8697,2013-04-24 00:00:00.000000000,2013-04-02 00:00:00.000000000,2013-04-02 00:00:00.000000000,2013-03-04 00:00:00.000000000,1910-01-01 00:00:00.000000000,2012-12-25 03:25:42.844800000,2012-11-04 03:25:42.844800000,119 days 20:34:17.155200000,97 days 20:34:17.155200000,-22 days +00:00:00.000000000
8698,2013-03-28 00:00:00.000000000,2013-03-30 00:00:00.000000000,2013-03-30 00:00:00.000000000,2012-09-11 00:00:00.000000000,1910-01-01 00:00:00.000000000,2012-11-30 23:13:32.908800000,2012-05-16 23:13:32.908800000,117 days 00:46:27.091200000,119 days 00:46:27.091200000,2 days 00:00:00.000000000
8699,2013-04-18 00:00:00.000000000,2013-04-19 00:00:00.000000000,2013-04-19 00:00:00.000000000,2013-01-28 00:00:00.000000000,1910-01-01 00:00:00.000000000,2013-02-04 22:09:13.852800000,2012-11-16 22:09:13.852800000,72 days 01:50:46.147200000,73 days 01:50:46.147200000,1 days 00:00:00.000000000
8700,2013-07-04 00:00:00.000000000,2013-07-04 00:00:00.000000000,2013-07-04 00:00:00.000000000,2013-03-19 00:00:00.000000000,1910-01-01 00:00:00.000000000,2013-02-14 16:00:00.028800000,2012-10-30 16:00:00.028800000,139 days 07:59:59.971200000,139 days 07:59:59.971200000,0 days 00:00:00.000000000
8701,2013-06-06 00:00:00.000000000,2013-06-20 00:00:00.000000000,2013-06-20 00:00:00.000000000,2013-03-19 00:00:00.000000000,1910-01-01 00:00:00.000000000,2013-01-17 16:00:00.028800000,2012-10-30 16:00:00.028800000,139 days 07:59:59.971200000,153 days 07:59:59.971200000,14 days 00:00:00.000000000
8702,2013-06-07 00:00:00.000000000,2013-06-07 00:00:00.000000000,2013-06-07 00:00:00.000000000,2012-12-13 00:00:00.000000000,1910-01-01 00:00:00.000000000,2013-03-06 18:00:00.000000000,2012-09-11 18:00:00.000000000,92 days 06:00:00.000000000,92 days 06:00:00.000000000,0 days 00:00:00.000000000
8703,2013-08-09 00:00:00.000000000,2013-08-09 00:00:00.000000000,2013-08-09 00:00:00.000000000,2012-11-01 00:00:00.000000000,1910-01-01 00:00:00.000000000,2013-05-08 18:00:00.000000000,2012-07-31 18:00:00.000000000,92 days 06:00:00.000000000,92 days 06:00:00.000000000,0 days 00:00:00.000000000
8704,2013-05-06 00:00:00.000000000,2013-04-29 00:00:00.000000000,2013-04-29 00:00:00.000000000,2012-11-16 00:00:00.000000000,1910-01-01 00:00:00.000000000,2012-10-30 08:43:38.150400000,2012-05-12 08:43:38.150400000,187 days 15:16:21.849600000,180 days 15:16:21.849600000,-7 days +00:00:00.000000000
8705,2013-06-28 00:00:00.000000000,2013-05-17 00:00:00.000000000,2013-05-17 00:00:00.000000000,2013-02-27 00:00:00.000000000,1910-01-01 00:00:00.000000000,2013-02-21 20:07:44.544000000,2012-10-23 20:07:44.544000000,126 days 03:52:15.456000000,84 days 03:52:15.456000000,-42 days +00:00:00.000000000
8706,2013-06-04 00:00:00.000000000,2013-05-03 00:00:00.000000000,2013-05-03 00:00:00.000000000,2012-11-15 00:00:00.000000000,1910-01-01 00:00:00.000000000,2013-02-27 08:16:33.139200000,2012-08-10 08:16:33.139200000,96 days 15:43:26.860800000,64 days 15:43:26.860800000,-32 days +00:00:00.000000000
8707,2013-06-28 00:00:00.000000000,2013-06-07 00:00:00.000000000,2013-06-07 00:00:00.000000000,2012-12-13 00:00:00.000000000,1910-01-01 00:00:00.000000000,2013-03-27 18:00:00.000000000,2012-09-11 18:00:00.000000000,92 days 06:00:00.000000000,71 days 06:00:00.000000000,-21 days +00:00:00.000000000
8708,2013-08-23 00:00:00.000000000,2013-05-14 00:00:00.000000000,2013-05-14 00:00:00.000000000,2013-04-02 00:00:00.000000000,1910-01-01 00:00:00.000000000,2013-05-13 04:16:00.019200000,2012-12-21 04:16:00.019200000,101 days 19:43:59.980800000,0 days 19:43:59.980800000,-101 days +00:00:00.000000000
8709,2013-05-31 00:00:00.000000000,2013-05-28 00:00:00.000000000,2013-05-28 00:00:00.000000000,2012-10-05 00:00:00.000000000,1910-01-01 00:00:00.000000000,2013-03-05 04:10:26.083200000,2012-07-10 04:10:26.083200000,86 days 19:49:33.916800000,83 days 19:49:33.916800000,-3 days +00:00:00.000000000
8710,2013-05-28 00:00:00.000000000,2013-05-03 00:00:00.000000000,2013-05-03 00:00:00.000000000,2012-11-15 00:00:00.000000000,1910-01-01 00:00:00.000000000,2013-02-20 08:16:33.139200000,2012-08-10 08:16:33.139200000,96 days 15:43:26.860800000,71 days 15:43:26.860800000,-25 days +00:00:00.000000000
8711,2013-06-28 00:00:00.000000000,2013-06-07 00:00:00.000000000,2013-06-07 00:00:00.000000000,2012-10-05 00:00:00.000000000,1910-01-01 00:00:00.000000000,2013-04-02 04:10:26.083200000,2012-07-10 04:10:26.083200000,86 days 19:49:33.916800000,65 days 19:49:33.916800000,-21 days +00:00:00.000000000
8712,2013-07-26 00:00:00.000000000,2013-07-26 00:00:00.000000000,2013-07-26 00:00:00.000000000,2012-11-12 00:00:00.000000000,1910-01-01 00:00:00.000000000,2013-03-08 16:00:00.028800000,2012-06-25 16:00:00.028800000,139 days 07:59:59.971200000,139 days 07:59:59.971200000,0 days 00:00:00.000000000
8713,2013-06-04 00:00:00.000000000,2013-05-29 00:00:00.000000000,2013-05-29 00:00:00.000000000,2012-11-15 00:00:00.000000000,1910-01-01 00:00:00.000000000,2013-02-27 08:16:33.139200000,2012-08-10 08:16:33.139200000,96 days 15:43:26.860800000,90 days 15:43:26.860800000,-6 days +00:00:00.000000000
8714,2013-07-06 00:00:00.000000000,2013-07-19 00:00:00.000000000,2013-07-19 00:00:00.000000000,2012-09-11 00:00:00.000000000,1910-01-01 00:00:00.000000000,2013-03-10 23:13:32.908800000,2012-05-16 23:13:32.908800000,117 days 00:46:27.091200000,130 days 00:46:27.091200000,13 days 00:00:00.000000000
8715,2013-06-25 00:00:00.000000000,2013-06-07 00:00:00.000000000,2013-06-07 00:00:00.000000000,2013-01-28 00:00:00.000000000,1910-01-01 00:00:00.000000000,2013-03-30 04:10:26.083200000,2012-11-02 04:10:26.083200000,86 days 19:49:33.916800000,68 days 19:49:33.916800000,-18 days +00:00:00.000000000
8716,2013-05-31 00:00:00.000000000,2013-05-30 00:00:00.000000000,2013-05-30 00:00:00.000000000,2012-11-15 00:00:00.000000000,1910-01-01 00:00:00.000000000,2013-02-23 08:16:33.139200000,2012-08-10 08:16:33.139200000,96 days 15:43:26.860800000,95 days 15:43:26.860800000,-1 days +00:00:00.000000000
8717,2013-07-31 00:00:00.000000000,2013-07-18 00:00:00.000000000,2013-07-18 00:00:00.000000000,2012-11-06 00:00:00.000000000,1910-01-01 00:00:00.000000000,2013-04-29 18:00:00.000000000,2012-08-05 18:00:00.000000000,92 days 06:00:00.000000000,79 days 06:00:00.000000000,-13 days +00:00:00.000000000
8718,2013-07-22 00:00:00.000000000,2013-07-14 00:00:00.000000000,2013-07-14 00:00:00.000000000,2013-06-21 00:00:00.000000000,1910-01-01 00:00:00.000000000,2013-05-15 18:54:32.745600000,2013-04-14 18:54:32.745600000,67 days 05:05:27.254400000,59 days 05:05:27.254400000,-8 days +00:00:00.000000000
8719,2013-07-22 00:00:00.000000000,2013-07-31 00:00:00.000000000,2013-07-31 00:00:00.000000000,2013-06-21 00:00:00.000000000,1910-01-01 00:00:00.000000000,2013-05-15 18:54:32.745600000,2013-04-14 18:54:32.745600000,67 days 05:05:27.254400000,76 days 05:05:27.254400000,9 days 00:00:00.000000000
8720,2013-07-31 00:00:00.000000000,2013-08-06 00:00:00.000000000,2013-08-06 00:00:00.000000000,2013-01-24 00:00:00.000000000,1910-01-01 00:00:00.000000000,2013-01-24 08:43:38.150400000,2012-07-20 08:43:38.150400000,187 days 15:16:21.849600000,193 days 15:16:21.849600000,6 days 00:00:00.000000000
8721,2013-08-01 00:00:00.000000000,2013-07-23 00:00:00.000000000,2013-07-23 00:00:00.000000000,2012-12-14 00:00:00.000000000,1910-01-01 00:00:00.000000000,2013-04-05 23:13:32.908800000,2012-08-18 23:13:32.908800000,117 days 00:46:27.091200000,108 days 00:46:27.091200000,-9 days +00:00:00.000000000
8722,2013-10-31 00:00:00.000000000,2013-08-21 00:00:00.000000000,2013-08-21 00:00:00.000000000,2012-12-14 00:00:00.000000000,1910-01-01 00:00:00.000000000,2013-07-05 23:13:32.908800000,2012-08-18 23:13:32.908800000,117 days 00:46:27.091200000,46 days 00:46:27.091200000,-71 days +00:00:00.000000000
8723,2013-08-21 00:00:00.000000000,2013-07-30 00:00:00.000000000,2013-07-30 00:00:00.000000000,2013-02-28 00:00:00.000000000,1910-01-01 00:00:00.000000000,2013-05-16 08:16:33.139200000,2012-11-23 08:16:33.139200000,96 days 15:43:26.860800000,74 days 15:43:26.860800000,-22 days +00:00:00.000000000
8724,2013-08-21 00:00:00.000000000,2013-07-30 00:00:00.000000000,2013-07-30 00:00:00.000000000,2013-02-28 00:00:00.000000000,1910-01-01 00:00:00.000000000,2013-05-16 08:16:33.139200000,2012-11-23 08:16:33.139200000,96 days 15:43:26.860800000,74 days 15:43:26.860800000,-22 days +00:00:00.000000000
8725,2013-08-21 00:00:00.000000000,2013-07-30 00:00:00.000000000,2013-07-30 00:00:00.000000000,2013-02-28 00:00:00.000000000,1910-01-01 00:00:00.000000000,2013-05-16 08:16:33.139200000,2012-11-23 08:16:33.139200000,96 days 15:43:26.860800000,74 days 15:43:26.860800000,-22 days +00:00:00.000000000
8726,2013-08-26 00:00:00.000000000,2013-08-26 00:00:00.000000000,2013-08-26 00:00:00.000000000,2013-02-27 00:00:00.000000000,1910-01-01 00:00:00.000000000,2013-04-21 20:07:44.544000000,2012-10-23 20:07:44.544000000,126 days 03:52:15.456000000,126 days 03:52:15.456000000,0 days 00:00:00.000000000
8727,2013-08-16 00:00:00.000000000,2013-08-22 00:00:00.000000000,2013-08-22 00:00:00.000000000,2013-04-22 00:00:00.000000000,1910-01-01 00:00:00.000000000,2013-05-30 06:00:00.000000000,2013-02-03 06:00:00.000000000,77 days 18:00:00.000000000,83 days 18:00:00.000000000,6 days 00:00:00.000000000
8728,2013-08-29 00:00:00.000000000,2013-09-13 00:00:00.000000000,2013-09-13 00:00:00.000000000,2013-06-11 00:00:00.000000000,1910-01-01 00:00:00.000000000,2013-05-28 18:00:00.000000000,2013-03-10 18:00:00.000000000,92 days 06:00:00.000000000,107 days 06:00:00.000000000,15 days 00:00:00.000000000
8729,2013-08-27 00:00:00.000000000,2014-02-08 00:00:00.000000000,2014-03-11 00:00:00.000000000,2013-04-08 00:00:00.000000000,1910-01-01 00:00:00.000000000,2013-03-07 09:13:50.736000000,2012-10-17 09:13:50.736000000,172 days 14:46:09.264000000,337 days 14:46:09.264000000,165 days 00:00:00.000000000
8730,2013-08-15 00:00:00.000000000,2013-08-14 00:00:00.000000000,2013-08-14 00:00:00.000000000,2012-09-11 00:00:00.000000000,1910-01-01 00:00:00.000000000,2013-04-19 23:13:32.908800000,2012-05-16 23:13:32.908800000,117 days 00:46:27.091200000,116 days 00:46:27.091200000,-1 days +00:00:00.000000000
8731,2013-11-13 00:00:00.000000000,2013-11-13 00:00:00.000000000,2013-12-02 00:00:00.000000000,2013-03-19 00:00:00.000000000,1910-01-01 00:00:00.000000000,2013-06-26 16:00:00.028800000,2012-10-30 16:00:00.028800000,139 days 07:59:59.971200000,139 days 07:59:59.971200000,0 days 00:00:00.000000000
8732,2013-10-15 00:00:00.000000000,2013-09-10 00:00:00.000000000,2013-09-10 00:00:00.000000000,2013-04-02 00:00:00.000000000,1910-01-01 00:00:00.000000000,2013-07-05 04:16:00.019200000,2012-12-21 04:16:00.019200000,101 days 19:43:59.980800000,66 days 19:43:59.980800000,-35 days +00:00:00.000000000
8733,2013-10-15 00:00:00.000000000,2013-09-10 00:00:00.000000000,2013-09-10 00:00:00.000000000,2013-04-02 00:00:00.000000000,1910-01-01 00:00:00.000000000,2013-07-05 04:16:00.019200000,2012-12-21 04:16:00.019200000,101 days 19:43:59.980800000,66 days 19:43:59.980800000,-35 days +00:00:00.000000000
8734,2013-09-12 00:00:00.000000000,2013-10-16 00:00:00.000000000,2013-10-29 00:00:00.000000000,2013-05-08 00:00:00.000000000,1910-01-01 00:00:00.000000000,2013-06-11 18:00:00.000000000,2013-02-04 18:00:00.000000000,92 days 06:00:00.000000000,126 days 06:00:00.000000000,34 days 00:00:00.000000000
8735,2013-09-30 00:00:00.000000000,2013-09-20 00:00:00.000000000,2013-09-20 00:00:00.000000000,2013-04-19 00:00:00.000000000,1910-01-01 00:00:00.000000000,2013-03-26 08:43:38.150400000,2012-10-13 08:43:38.150400000,187 days 15:16:21.849600000,177 days 15:16:21.849600000,-10 days +00:00:00.000000000
8736,2013-10-31 00:00:00.000000000,2013-09-27 00:00:00.000000000,2013-09-27 00:00:00.000000000,2013-04-02 00:00:00.000000000,1910-01-01 00:00:00.000000000,2013-07-21 04:16:00.019200000,2012-12-21 04:16:00.019200000,101 days 19:43:59.980800000,67 days 19:43:59.980800000,-34 days +00:00:00.000000000
8737,2013-10-22 00:00:00.000000000,2013-10-22 00:00:00.000000000,2013-11-18 00:00:00.000000000,2013-04-19 00:00:00.000000000,1910-01-01 00:00:00.000000000,2013-07-27 04:10:26.083200000,2013-01-22 04:10:26.083200000,86 days 19:49:33.916800000,86 days 19:49:33.916800000,0 days 00:00:00.000000000
8738,2013-10-22 00:00:00.000000000,2013-10-22 00:00:00.000000000,2013-11-18 00:00:00.000000000,2013-04-19 00:00:00.000000000,1910-01-01 00:00:00.000000000,2013-07-27 04:10:26.083200000,2013-01-22 04:10:26.083200000,86 days 19:49:33.916800000,86 days 19:49:33.916800000,0 days 00:00:00.000000000
8739,2013-10-31 00:00:00.000000000,2013-10-31 00:00:00.000000000,2013-11-12 00:00:00.000000000,2013-03-19 00:00:00.000000000,1910-01-01 00:00:00.000000000,2013-06-13 16:00:00.028800000,2012-10-30 16:00:00.028800000,139 days 07:59:59.971200000,139 days 07:59:59.971200000,0 days 00:00:00.000000000
8740,2013-09-18 00:00:00.000000000,2013-09-12 00:00:00.000000000,2013-09-12 00:00:00.000000000,2013-03-14 00:00:00.000000000,1910-01-01 00:00:00.000000000,2013-06-13 08:16:33.139200000,2012-12-07 08:16:33.139200000,96 days 15:43:26.860800000,90 days 15:43:26.860800000,-6 days +00:00:00.000000000
8741,2013-09-30 00:00:00.000000000,2013-09-20 00:00:00.000000000,2013-09-20 00:00:00.000000000,2012-12-14 00:00:00.000000000,1910-01-01 00:00:00.000000000,2013-06-04 23:13:32.908800000,2012-08-18 23:13:32.908800000,117 days 00:46:27.091200000,107 days 00:46:27.091200000,-10 days +00:00:00.000000000
8742,2013-10-14 00:00:00.000000000,2013-10-07 00:00:00.000000000,2013-10-22 00:00:00.000000000,2013-07-16 00:00:00.000000000,1910-01-01 00:00:00.000000000,2013-08-02 22:09:13.852800000,2013-05-04 22:09:13.852800000,72 days 01:50:46.147200000,65 days 01:50:46.147200000,-7 days +00:00:00.000000000
8743,2013-09-30 00:00:00.000000000,2013-10-09 00:00:00.000000000,2013-11-01 00:00:00.000000000,2013-01-24 00:00:00.000000000,1910-01-01 00:00:00.000000000,2013-03-26 08:43:38.150400000,2012-07-20 08:43:38.150400000,187 days 15:16:21.849600000,196 days 15:16:21.849600000,9 days 00:00:00.000000000
8744,2013-10-31 00:00:00.000000000,2013-11-13 00:00:00.000000000,2013-12-02 00:00:00.000000000,2013-03-19 00:00:00.000000000,1910-01-01 00:00:00.000000000,2013-06-13 16:00:00.028800000,2012-10-30 16:00:00.028800000,139 days 07:59:59.971200000,152 days 07:59:59.971200000,13 days 00:00:00.000000000
8745,2013-09-30 00:00:00.000000000,2013-10-11 00:00:00.000000000,2013-10-11 00:00:00.000000000,2013-04-15 00:00:00.000000000,1910-01-01 00:00:00.000000000,2013-07-19 22:09:13.852800000,2013-02-01 22:09:13.852800000,72 days 01:50:46.147200000,83 days 01:50:46.147200000,11 days 00:00:00.000000000
8746,2013-10-28 00:00:00.000000000,2013-11-01 00:00:00.000000000,2013-11-06 00:00:00.000000000,2013-04-02 00:00:00.000000000,1910-01-01 00:00:00.000000000,2013-07-18 04:16:00.019200000,2012-12-21 04:16:00.019200000,101 days 19:43:59.980800000,105 days 19:43:59.980800000,4 days 00:00:00.000000000
8747,2013-11-24 00:00:00.000000000,2013-11-29 00:00:00.000000000,2013-12-12 00:00:00.000000000,2013-06-20 00:00:00.000000000,1910-01-01 00:00:00.000000000,2013-08-29 04:10:26.083200000,2013-03-25 04:10:26.083200000,86 days 19:49:33.916800000,91 days 19:49:33.916800000,5 days 00:00:00.000000000
8748,2014-01-24 00:00:00.000000000,2014-01-24 00:00:00.000000000,2014-03-17 00:00:00.000000000,2013-04-19 00:00:00.000000000,1910-01-01 00:00:00.000000000,2013-10-22 12:00:00.000000000,2013-01-15 12:00:00.000000000,93 days 12:00:00.000000000,93 days 12:00:00.000000000,0 days 00:00:00.000000000
8749,2013-11-18 00:00:00.000000000,2013-10-14 00:00:00.000000000,2013-10-24 00:00:00.000000000,2013-05-06 00:00:00.000000000,1910-01-01 00:00:00.000000000,2013-08-13 08:16:33.139200000,2013-01-29 08:16:33.139200000,96 days 15:43:26.860800000,61 days 15:43:26.860800000,-35 days +00:00:00.000000000
8750,2013-11-20 00:00:00.000000000,2013-11-29 00:00:00.000000000,2013-12-12 00:00:00.000000000,2013-04-19 00:00:00.000000000,1910-01-01 00:00:00.000000000,2013-08-25 04:10:26.083200000,2013-01-22 04:10:26.083200000,86 days 19:49:33.916800000,95 days 19:49:33.916800000,9 days 00:00:00.000000000
8751,2013-11-07 00:00:00.000000000,2013-10-21 00:00:00.000000000,2013-10-29 00:00:00.000000000,2013-10-10 00:00:00.000000000,1910-01-01 00:00:00.000000000,2013-08-02 08:16:33.139200000,2013-07-05 08:16:33.139200000,96 days 15:43:26.860800000,79 days 15:43:26.860800000,-17 days +00:00:00.000000000
8752,2014-01-31 00:00:00.000000000,2013-12-23 00:00:00.000000000,2014-01-17 00:00:00.000000000,2013-05-06 00:00:00.000000000,1910-01-01 00:00:00.000000000,2013-10-16 00:00:00.000000000,2013-01-19 00:00:00.000000000,107 days 00:00:00.000000000,68 days 00:00:00.000000000,-39 days +00:00:00.000000000
8753,2013-12-31 00:00:00.000000000,2013-12-02 00:00:00.000000000,2013-12-20 00:00:00.000000000,2013-07-16 00:00:00.000000000,1910-01-01 00:00:00.000000000,2013-10-19 22:09:13.852800000,2013-05-04 22:09:13.852800000,72 days 01:50:46.147200000,43 days 01:50:46.147200000,-29 days +00:00:00.000000000
8754,2013-11-29 00:00:00.000000000,2014-01-30 00:00:00.000000000,2014-02-17 00:00:00.000000000,2013-06-28 00:00:00.000000000,1910-01-01 00:00:00.000000000,2013-07-12 16:00:00.028800000,2013-02-08 16:00:00.028800000,139 days 07:59:59.971200000,201 days 07:59:59.971200000,62 days 00:00:00.000000000
8755,2014-01-17 00:00:00.000000000,2014-01-17 00:00:00.000000000,2014-01-27 00:00:00.000000000,2013-05-06 00:00:00.000000000,1910-01-01 00:00:00.000000000,2013-10-02 00:00:00.000000000,2013-01-19 00:00:00.000000000,107 days 00:00:00.000000000,107 days 00:00:00.000000000,0 days 00:00:00.000000000
8756,2013-12-31 00:00:00.000000000,2014-02-25 00:00:00.000000000,2014-03-13 00:00:00.000000000,2013-07-04 00:00:00.000000000,1910-01-01 00:00:00.000000000,2013-09-20 04:16:00.019200000,2013-03-24 04:16:00.019200000,101 days 19:43:59.980800000,157 days 19:43:59.980800000,56 days 00:00:00.000000000
8757,2013-12-31 00:00:00.000000000,2014-02-25 00:00:00.000000000,2014-03-13 00:00:00.000000000,2013-07-04 00:00:00.000000000,1910-01-01 00:00:00.000000000,2013-09-20 04:16:00.019200000,2013-03-24 04:16:00.019200000,101 days 19:43:59.980800000,157 days 19:43:59.980800000,56 days 00:00:00.000000000
8758,2014-01-31 00:00:00.000000000,2014-01-10 00:00:00.000000000,2014-01-15 00:00:00.000000000,2013-08-09 00:00:00.000000000,1910-01-01 00:00:00.000000000,2013-09-06 07:01:27.811200000,2013-03-15 07:01:27.811200000,146 days 16:58:32.188800000,125 days 16:58:32.188800000,-21 days +00:00:00.000000000
8759,2013-11-15 00:00:00.000000000,2013-11-22 00:00:00.000000000,2014-01-21 00:00:00.000000000,2013-07-09 00:00:00.000000000,1910-01-01 00:00:00.000000000,2013-08-29 06:00:00.000000000,2013-04-22 06:00:00.000000000,77 days 18:00:00.000000000,84 days 18:00:00.000000000,7 days 00:00:00.000000000
8760,2014-03-20 00:00:00.000000000,2014-03-28 00:00:00.000000000,2014-04-04 00:00:00.000000000,2013-03-19 00:00:00.000000000,1910-01-01 00:00:00.000000000,2013-11-23 22:04:48.000000000,2012-11-22 22:04:48.000000000,116 days 01:55:12.000000000,124 days 01:55:12.000000000,8 days 00:00:00.000000000
8761,2014-02-14 00:00:00.000000000,2014-02-10 00:00:00.000000000,2014-03-19 00:00:00.000000000,2013-04-19 00:00:00.000000000,1910-01-01 00:00:00.000000000,2013-11-06 12:37:53.702400000,2013-01-09 12:37:53.702400000,99 days 11:22:06.297600000,95 days 11:22:06.297600000,-4 days +00:00:00.000000000
8762,2014-01-17 00:00:00.000000000,2014-01-10 00:00:00.000000000,2014-01-15 00:00:00.000000000,2013-05-06 00:00:00.000000000,1910-01-01 00:00:00.000000000,2013-10-17 00:00:00.000000000,2013-02-03 00:00:00.000000000,92 days 00:00:00.000000000,85 days 00:00:00.000000000,-7 days +00:00:00.000000000
8763,2014-01-31 00:00:00.000000000,2014-01-18 00:00:00.000000000,2014-03-04 00:00:00.000000000,2013-08-09 00:00:00.000000000,1910-01-01 00:00:00.000000000,2013-09-06 07:01:27.811200000,2013-03-15 07:01:27.811200000,146 days 16:58:32.188800000,133 days 16:58:32.188800000,-13 days +00:00:00.000000000
8764,2014-03-26 00:00:00.000000000,2014-03-26 00:00:00.000000000,2014-04-28 00:00:00.000000000,2013-08-09 00:00:00.000000000,1910-01-01 00:00:00.000000000,2013-12-21 19:59:59.971200000,2013-05-06 19:59:59.971200000,94 days 04:00:00.028800000,94 days 04:00:00.028800000,0 days 00:00:00.000000000
8765,2014-05-29 00:00:00.000000000,2014-05-07 00:00:00.000000000,2014-06-13 00:00:00.000000000,2013-07-04 00:00:00.000000000,1910-01-01 00:00:00.000000000,2014-01-28 01:36:00.028800000,2013-03-05 01:36:00.028800000,120 days 22:23:59.971200000,98 days 22:23:59.971200000,-22 days +00:00:00.000000000
8766,2014-02-14 00:00:00.000000000,2014-02-21 00:00:00.000000000,2014-03-07 00:00:00.000000000,2013-10-01 00:00:00.000000000,1910-01-01 00:00:00.000000000,2013-10-16 01:36:00.028800000,2013-06-02 01:36:00.028800000,120 days 22:23:59.971200000,127 days 22:23:59.971200000,7 days 00:00:00.000000000
8767,2014-01-31 00:00:00.000000000,2014-03-19 00:00:00.000000000,2014-03-20 00:00:00.000000000,2013-05-08 00:00:00.000000000,1910-01-01 00:00:00.000000000,2013-10-24 01:15:47.404800000,2013-01-29 01:15:47.404800000,98 days 22:44:12.595200000,145 days 22:44:12.595200000,47 days 00:00:00.000000000
8768,2014-02-28 00:00:00.000000000,2014-02-18 00:00:00.000000000,2014-03-04 00:00:00.000000000,2013-08-09 00:00:00.000000000,1910-01-01 00:00:00.000000000,2013-10-04 07:01:27.811200000,2013-03-15 07:01:27.811200000,146 days 16:58:32.188800000,136 days 16:58:32.188800000,-10 days +00:00:00.000000000
8769,2014-02-28 00:00:00.000000000,2014-01-18 00:00:00.000000000,2014-03-04 00:00:00.000000000,2013-04-22 00:00:00.000000000,1910-01-01 00:00:00.000000000,2013-10-04 07:01:27.811200000,2012-11-26 07:01:27.811200000,146 days 16:58:32.188800000,105 days 16:58:32.188800000,-41 days +00:00:00.000000000
8770,2014-02-28 00:00:00.000000000,2014-02-10 00:00:00.000000000,2014-02-19 00:00:00.000000000,2013-05-06 00:00:00.000000000,1910-01-01 00:00:00.000000000,2013-11-28 00:00:00.000000000,2013-02-03 00:00:00.000000000,92 days 00:00:00.000000000,74 days 00:00:00.000000000,-18 days +00:00:00.000000000
8771,2014-03-03 00:00:00.000000000,2014-02-11 00:00:00.000000000,2014-03-04 00:00:00.000000000,2013-10-17 00:00:00.000000000,1910-01-01 00:00:00.000000000,2013-11-23 12:37:53.702400000,2013-07-09 12:37:53.702400000,99 days 11:22:06.297600000,79 days 11:22:06.297600000,-20 days +00:00:00.000000000
8772,2014-06-03 00:00:00.000000000,2014-06-03 00:00:00.000000000,2014-06-11 00:00:00.000000000,2013-06-28 00:00:00.000000000,1910-01-01 00:00:00.000000000,2014-02-06 22:04:48.000000000,2013-03-03 22:04:48.000000000,116 days 01:55:12.000000000,116 days 01:55:12.000000000,0 days 00:00:00.000000000
8773,2014-05-30 00:00:00.000000000,2014-05-19 00:00:00.000000000,2014-06-26 00:00:00.000000000,2014-01-15 00:00:00.000000000,1910-01-01 00:00:00.000000000,2014-02-24 19:59:59.971200000,2013-10-12 19:59:59.971200000,94 days 04:00:00.028800000,83 days 04:00:00.028800000,-11 days +00:00:00.000000000
8774,2014-05-30 00:00:00.000000000,2014-05-19 00:00:00.000000000,2014-06-26 00:00:00.000000000,2014-01-15 00:00:00.000000000,1910-01-01 00:00:00.000000000,2014-02-24 19:59:59.971200000,2013-10-12 19:59:59.971200000,94 days 04:00:00.028800000,83 days 04:00:00.028800000,-11 days +00:00:00.000000000
8775,2014-05-30 00:00:00.000000000,2014-05-19 00:00:00.000000000,2014-06-26 00:00:00.000000000,2014-01-15 00:00:00.000000000,1910-01-01 00:00:00.000000000,2014-02-24 19:59:59.971200000,2013-10-12 19:59:59.971200000,94 days 04:00:00.028800000,83 days 04:00:00.028800000,-11 days +00:00:00.000000000
8776,2014-03-25 00:00:00.000000000,2014-03-25 00:00:00.000000000,2014-04-04 00:00:00.000000000,2013-06-20 00:00:00.000000000,1910-01-01 00:00:00.000000000,2013-12-21 12:00:00.000000000,2013-03-18 12:00:00.000000000,93 days 12:00:00.000000000,93 days 12:00:00.000000000,0 days 00:00:00.000000000
8777,2014-03-28 00:00:00.000000000,2014-03-26 00:00:00.000000000,2014-04-28 00:00:00.000000000,2013-08-09 00:00:00.000000000,1910-01-01 00:00:00.000000000,2013-11-01 07:01:27.811200000,2013-03-15 07:01:27.811200000,146 days 16:58:32.188800000,144 days 16:58:32.188800000,-2 days +00:00:00.000000000
8778,2014-03-31 00:00:00.000000000,2014-03-21 00:00:00.000000000,2014-03-26 00:00:00.000000000,2013-10-28 00:00:00.000000000,1910-01-01 00:00:00.000000000,2013-11-13 02:17:08.563200000,2013-06-12 02:17:08.563200000,137 days 21:42:51.436800000,127 days 21:42:51.436800000,-10 days +00:00:00.000000000
8779,2014-03-31 00:00:00.000000000,2014-04-03 00:00:00.000000000,2014-06-06 00:00:00.000000000,2013-10-09 00:00:00.000000000,1910-01-01 00:00:00.000000000,2014-01-12 12:00:00.000000000,2013-07-23 12:00:00.000000000,77 days 12:00:00.000000000,80 days 12:00:00.000000000,3 days 00:00:00.000000000
8780,2014-03-31 00:00:00.000000000,2014-04-03 00:00:00.000000000,2014-06-06 00:00:00.000000000,2013-10-09 00:00:00.000000000,1910-01-01 00:00:00.000000000,2014-01-12 12:00:00.000000000,2013-07-23 12:00:00.000000000,77 days 12:00:00.000000000,80 days 12:00:00.000000000,3 days 00:00:00.000000000
8781,2014-03-30 00:00:00.000000000,2014-03-24 00:00:00.000000000,2014-05-06 00:00:00.000000000,2014-01-22 00:00:00.000000000,1910-01-01 00:00:00.000000000,2013-11-14 01:41:24.547200000,2013-09-08 01:41:24.547200000,135 days 22:18:35.452800000,129 days 22:18:35.452800000,-6 days +00:00:00.000000000
8782,2014-04-20 00:00:00.000000000,2014-04-18 00:00:00.000000000,2014-04-28 00:00:00.000000000,2013-10-16 00:00:00.000000000,1910-01-01 00:00:00.000000000,2014-01-11 01:15:47.404800000,2013-07-09 01:15:47.404800000,98 days 22:44:12.595200000,96 days 22:44:12.595200000,-2 days +00:00:00.000000000
8783,2014-05-15 00:00:00.000000000,2014-05-07 00:00:00.000000000,2014-06-13 00:00:00.000000000,2013-10-01 00:00:00.000000000,1910-01-01 00:00:00.000000000,2014-01-14 01:36:00.028800000,2013-06-02 01:36:00.028800000,120 days 22:23:59.971200000,112 days 22:23:59.971200000,-8 days +00:00:00.000000000
8784,2014-04-30 00:00:00.000000000,2014-04-14 00:00:00.000000000,2014-05-22 00:00:00.000000000,2013-08-09 00:00:00.000000000,1910-01-01 00:00:00.000000000,2013-12-04 07:01:27.811200000,2013-03-15 07:01:27.811200000,146 days 16:58:32.188800000,130 days 16:58:32.188800000,-16 days +00:00:00.000000000
8785,2014-04-15 00:00:00.000000000,2014-04-17 00:00:00.000000000,2014-05-02 00:00:00.000000000,2013-02-28 00:00:00.000000000,1910-01-01 00:00:00.000000000,2014-01-13 00:00:00.000000000,2012-11-28 00:00:00.000000000,92 days 00:00:00.000000000,94 days 00:00:00.000000000,2 days 00:00:00.000000000
8786,2014-06-30 00:00:00.000000000,2014-04-14 00:00:00.000000000,2014-06-06 00:00:00.000000000,2014-01-16 00:00:00.000000000,1910-01-01 00:00:00.000000000,2014-04-13 12:00:00.000000000,2013-10-30 12:00:00.000000000,77 days 12:00:00.000000000,0 days 12:00:00.000000000,-77 days +00:00:00.000000000
8787,2014-06-30 00:00:00.000000000,2014-04-14 00:00:00.000000000,2014-06-06 00:00:00.000000000,2014-01-16 00:00:00.000000000,1910-01-01 00:00:00.000000000,2014-04-13 12:00:00.000000000,2013-10-30 12:00:00.000000000,77 days 12:00:00.000000000,0 days 12:00:00.000000000,-77 days +00:00:00.000000000
8788,2014-04-30 00:00:00.000000000,2014-04-25 00:00:00.000000000,2014-06-06 00:00:00.000000000,2013-08-09 00:00:00.000000000,1910-01-01 00:00:00.000000000,2013-12-04 07:01:27.811200000,2013-03-15 07:01:27.811200000,146 days 16:58:32.188800000,141 days 16:58:32.188800000,-5 days +00:00:00.000000000
8789,2014-04-30 00:00:00.000000000,2014-04-25 00:00:00.000000000,2014-06-11 00:00:00.000000000,2013-10-22 00:00:00.000000000,1910-01-01 00:00:00.000000000,2013-12-04 07:01:27.811200000,2013-05-28 07:01:27.811200000,146 days 16:58:32.188800000,141 days 16:58:32.188800000,-5 days +00:00:00.000000000
8790,2014-05-05 00:00:00.000000000,2014-04-25 00:00:00.000000000,2014-05-13 00:00:00.000000000,2013-10-09 00:00:00.000000000,1910-01-01 00:00:00.000000000,2014-02-16 12:00:00.000000000,2013-07-23 12:00:00.000000000,77 days 12:00:00.000000000,67 days 12:00:00.000000000,-10 days +00:00:00.000000000
8791,2014-05-06 00:00:00.000000000,2014-05-19 00:00:00.000000000,2014-06-12 00:00:00.000000000,2013-10-31 00:00:00.000000000,1910-01-01 00:00:00.000000000,2014-02-01 12:00:00.000000000,2013-07-29 12:00:00.000000000,93 days 12:00:00.000000000,106 days 12:00:00.000000000,13 days 00:00:00.000000000
8792,2014-04-21 00:00:00.000000000,2014-05-01 00:00:00.000000000,2014-06-11 00:00:00.000000000,2013-10-22 00:00:00.000000000,1910-01-01 00:00:00.000000000,2013-11-25 07:01:27.811200000,2013-05-28 07:01:27.811200000,146 days 16:58:32.188800000,156 days 16:58:32.188800000,10 days 00:00:00.000000000
8793,2014-04-21 00:00:00.000000000,2014-05-01 00:00:00.000000000,2014-06-11 00:00:00.000000000,2013-10-22 00:00:00.000000000,1910-01-01 00:00:00.000000000,2013-11-25 07:01:27.811200000,2013-05-28 07:01:27.811200000,146 days 16:58:32.188800000,156 days 16:58:32.188800000,10 days 00:00:00.000000000
8794,2014-04-30 00:00:00.000000000,2014-04-22 00:00:00.000000000,2014-06-11 00:00:00.000000000,2013-10-22 00:00:00.000000000,1910-01-01 00:00:00.000000000,2013-12-04 07:01:27.811200000,2013-05-28 07:01:27.811200000,146 days 16:58:32.188800000,138 days 16:58:32.188800000,-8 days +00:00:00.000000000
8795,2014-04-30 00:00:00.000000000,2014-05-12 00:00:00.000000000,2014-06-24 00:00:00.000000000,2014-02-03 00:00:00.000000000,1910-01-01 00:00:00.000000000,2013-12-15 01:41:24.547200000,2013-09-20 01:41:24.547200000,135 days 22:18:35.452800000,147 days 22:18:35.452800000,12 days 00:00:00.000000000
8796,2014-06-16 00:00:00.000000000,2014-05-17 00:00:00.000000000,2014-06-23 00:00:00.000000000,2013-08-30 00:00:00.000000000,1910-01-01 00:00:00.000000000,2014-03-01 00:00:00.000000000,2013-05-15 00:00:00.000000000,107 days 00:00:00.000000000,77 days 00:00:00.000000000,-30 days +00:00:00.000000000
8797,2014-06-30 00:00:00.000000000,2014-05-16 00:00:00.000000000,2014-06-30 00:00:00.000000000,2013-08-09 00:00:00.000000000,1910-01-01 00:00:00.000000000,2014-02-03 07:01:27.811200000,2013-03-15 07:01:27.811200000,146 days 16:58:32.188800000,101 days 16:58:32.188800000,-45 days +00:00:00.000000000
8798,2014-05-30 00:00:00.000000000,2014-05-30 00:00:00.000000000,2014-06-23 00:00:00.000000000,2013-09-10 00:00:00.000000000,1910-01-01 00:00:00.000000000,2014-02-19 12:37:53.702400000,2013-06-02 12:37:53.702400000,99 days 11:22:06.297600000,99 days 11:22:06.297600000,0 days 00:00:00.000000000
8799,2014-05-30 00:00:00.000000000,2014-07-03 00:00:00.000000000,2014-07-09 00:00:00.000000000,2013-05-06 00:00:00.000000000,1910-01-01 00:00:00.000000000,2014-02-12 00:00:00.000000000,2013-01-19 00:00:00.000000000,107 days 00:00:00.000000000,141 days 00:00:00.000000000,34 days 00:00:00.000000000
8800,2014-06-30 00:00:00.000000000,2014-05-09 00:00:00.000000000,2014-05-23 00:00:00.000000000,2013-11-19 00:00:00.000000000,1910-01-01 00:00:00.000000000,2014-03-30 00:00:00.000000000,2013-08-19 00:00:00.000000000,92 days 00:00:00.000000000,40 days 00:00:00.000000000,-52 days +00:00:00.000000000
8801,2014-06-30 00:00:00.000000000,2014-05-09 00:00:00.000000000,2014-05-23 00:00:00.000000000,2013-11-19 00:00:00.000000000,1910-01-01 00:00:00.000000000,2014-03-30 00:00:00.000000000,2013-08-19 00:00:00.000000000,92 days 00:00:00.000000000,40 days 00:00:00.000000000,-52 days +00:00:00.000000000
8802,2014-06-30 00:00:00.000000000,2014-06-03 00:00:00.000000000,2014-07-18 00:00:00.000000000,2014-04-09 00:00:00.000000000,1910-01-01 00:00:00.000000000,2014-04-13 12:00:00.000000000,2014-01-21 12:00:00.000000000,77 days 12:00:00.000000000,50 days 12:00:00.000000000,-27 days +00:00:00.000000000
8803,2014-06-16 00:00:00.000000000,2014-06-04 00:00:00.000000000,2014-07-09 00:00:00.000000000,2013-07-09 00:00:00.000000000,1910-01-01 00:00:00.000000000,2014-04-18 13:42:51.465600000,2013-05-11 13:42:51.465600000,58 days 10:17:08.534400000,46 days 10:17:08.534400000,-12 days +00:00:00.000000000
8804,2014-06-16 00:00:00.000000000,2014-06-17 00:00:00.000000000,2014-07-17 00:00:00.000000000,2014-01-16 00:00:00.000000000,1910-01-01 00:00:00.000000000,2014-03-14 12:00:00.000000000,2013-10-14 12:00:00.000000000,93 days 12:00:00.000000000,94 days 12:00:00.000000000,1 days 00:00:00.000000000
8805,2014-07-31 00:00:00.000000000,2014-07-25 00:00:00.000000000,2014-09-05 00:00:00.000000000,2013-10-21 00:00:00.000000000,1910-01-01 00:00:00.000000000,2014-04-05 22:04:48.000000000,2013-06-26 22:04:48.000000000,116 days 01:55:12.000000000,110 days 01:55:12.000000000,-6 days +00:00:00.000000000
8806,2014-07-09 00:00:00.000000000,2014-07-18 00:00:00.000000000,2014-08-07 00:00:00.000000000,2013-10-21 00:00:00.000000000,1910-01-01 00:00:00.000000000,2014-03-14 22:04:48.000000000,2013-06-26 22:04:48.000000000,116 days 01:55:12.000000000,125 days 01:55:12.000000000,9 days 00:00:00.000000000
8807,2014-07-31 00:00:00.000000000,2014-10-06 00:00:00.000000000,2014-10-13 00:00:00.000000000,2013-10-21 00:00:00.000000000,1910-01-01 00:00:00.000000000,2014-04-05 22:04:48.000000000,2013-06-26 22:04:48.000000000,116 days 01:55:12.000000000,183 days 01:55:12.000000000,67 days 00:00:00.000000000
8808,2014-06-30 00:00:00.000000000,2014-06-24 00:00:00.000000000,2014-07-01 00:00:00.000000000,2013-10-01 00:00:00.000000000,1910-01-01 00:00:00.000000000,2014-03-01 01:36:00.028800000,2013-06-02 01:36:00.028800000,120 days 22:23:59.971200000,114 days 22:23:59.971200000,-6 days +00:00:00.000000000
8809,2014-07-31 00:00:00.000000000,2014-09-25 00:00:00.000000000,2014-10-06 00:00:00.000000000,2013-10-01 00:00:00.000000000,1910-01-01 00:00:00.000000000,2014-04-01 01:36:00.028800000,2013-06-02 01:36:00.028800000,120 days 22:23:59.971200000,176 days 22:23:59.971200000,56 days 00:00:00.000000000
8810,2014-09-30 00:00:00.000000000,2014-06-20 00:00:00.000000000,2014-07-07 00:00:00.000000000,2013-12-24 00:00:00.000000000,1910-01-01 00:00:00.000000000,2014-06-22 12:37:53.702400000,2013-09-15 12:37:53.702400000,99 days 11:22:06.297600000,-3 days +11:22:06.297600000,-102 days +00:00:00.000000000
8811,2014-07-30 00:00:00.000000000,2014-07-11 00:00:00.000000000,2014-08-04 00:00:00.000000000,2013-12-24 00:00:00.000000000,1910-01-01 00:00:00.000000000,2014-04-21 12:37:53.702400000,2013-09-15 12:37:53.702400000,99 days 11:22:06.297600000,80 days 11:22:06.297600000,-19 days +00:00:00.000000000
8812,2014-08-25 00:00:00.000000000,2014-09-12 00:00:00.000000000,2014-10-13 00:00:00.000000000,2014-07-02 00:00:00.000000000,1910-01-01 00:00:00.000000000,2014-05-17 12:37:53.702400000,2014-03-24 12:37:53.702400000,99 days 11:22:06.297600000,117 days 11:22:06.297600000,18 days 00:00:00.000000000
8813,2014-12-31 00:00:00.000000000,2014-10-30 00:00:00.000000000,2014-11-07 00:00:00.000000000,2014-05-02 00:00:00.000000000,1910-01-01 00:00:00.000000000,2014-09-05 22:04:48.000000000,2014-01-05 22:04:48.000000000,116 days 01:55:12.000000000,54 days 01:55:12.000000000,-62 days +00:00:00.000000000
8814,2014-09-30 00:00:00.000000000,2014-09-05 00:00:00.000000000,2014-09-08 00:00:00.000000000,2014-05-02 00:00:00.000000000,1910-01-01 00:00:00.000000000,2014-06-05 22:04:48.000000000,2014-01-05 22:04:48.000000000,116 days 01:55:12.000000000,91 days 01:55:12.000000000,-25 days +00:00:00.000000000
8815,2014-08-15 00:00:00.000000000,2014-08-15 00:00:00.000000000,2014-08-25 00:00:00.000000000,2013-10-21 00:00:00.000000000,1910-01-01 00:00:00.000000000,2014-04-20 22:04:48.000000000,2013-06-26 22:04:48.000000000,116 days 01:55:12.000000000,116 days 01:55:12.000000000,0 days 00:00:00.000000000
8816,2014-09-30 00:00:00.000000000,2014-06-29 00:00:00.000000000,2014-08-04 00:00:00.000000000,2013-12-24 00:00:00.000000000,1910-01-01 00:00:00.000000000,2014-06-22 12:37:53.702400000,2013-09-15 12:37:53.702400000,99 days 11:22:06.297600000,6 days 11:22:06.297600000,-93 days +00:00:00.000000000
8817,2014-08-29 00:00:00.000000000,2014-11-05 00:00:00.000000000,2014-11-07 00:00:00.000000000,2013-10-21 00:00:00.000000000,1910-01-01 00:00:00.000000000,2014-05-04 22:04:48.000000000,2013-06-26 22:04:48.000000000,116 days 01:55:12.000000000,184 days 01:55:12.000000000,68 days 00:00:00.000000000
8818,2014-07-31 00:00:00.000000000,2014-07-25 00:00:00.000000000,2014-07-31 00:00:00.000000000,2014-04-16 00:00:00.000000000,1910-01-01 00:00:00.000000000,2014-04-28 12:00:00.000000000,2014-01-12 12:00:00.000000000,93 days 12:00:00.000000000,87 days 12:00:00.000000000,-6 days +00:00:00.000000000
8819,2014-08-30 00:00:00.000000000,2014-07-25 00:00:00.000000000,2014-07-31 00:00:00.000000000,2014-04-24 00:00:00.000000000,1910-01-01 00:00:00.000000000,2014-05-28 12:00:00.000000000,2014-01-20 12:00:00.000000000,93 days 12:00:00.000000000,57 days 12:00:00.000000000,-36 days +00:00:00.000000000
8820,2014-09-01 00:00:00.000000000,2014-09-01 00:00:00.000000000,2014-09-02 00:00:00.000000000,2014-06-05 00:00:00.000000000,1910-01-01 00:00:00.000000000,2014-04-16 02:17:08.563200000,2014-01-18 02:17:08.563200000,137 days 21:42:51.436800000,137 days 21:42:51.436800000,0 days 00:00:00.000000000
8821,2014-08-13 00:00:00.000000000,2014-09-24 00:00:00.000000000,2014-11-06 00:00:00.000000000,2014-05-07 00:00:00.000000000,1910-01-01 00:00:00.000000000,2014-05-10 19:59:59.971200000,2014-02-01 19:59:59.971200000,94 days 04:00:00.028800000,136 days 04:00:00.028800000,42 days 00:00:00.000000000
8822,2014-07-30 00:00:00.000000000,2014-08-01 00:00:00.000000000,2014-08-22 00:00:00.000000000,2014-04-22 00:00:00.000000000,1910-01-01 00:00:00.000000000,2014-04-14 00:00:00.000000000,2014-01-05 00:00:00.000000000,107 days 00:00:00.000000000,109 days 00:00:00.000000000,2 days 00:00:00.000000000
8823,2014-08-31 00:00:00.000000000,2014-10-30 00:00:00.000000000,2014-11-13 00:00:00.000000000,2014-01-17 00:00:00.000000000,1910-01-01 00:00:00.000000000,2014-05-06 22:04:48.000000000,2013-09-22 22:04:48.000000000,116 days 01:55:12.000000000,176 days 01:55:12.000000000,60 days 00:00:00.000000000
8824,2014-08-29 00:00:00.000000000,2014-09-29 00:00:00.000000000,2014-10-06 00:00:00.000000000,2013-10-01 00:00:00.000000000,1910-01-01 00:00:00.000000000,2014-04-30 01:36:00.028800000,2013-06-02 01:36:00.028800000,120 days 22:23:59.971200000,151 days 22:23:59.971200000,31 days 00:00:00.000000000
8825,2014-08-29 00:00:00.000000000,2014-09-02 00:00:00.000000000,2014-10-17 00:00:00.000000000,2013-10-31 00:00:00.000000000,1910-01-01 00:00:00.000000000,2014-05-27 12:00:00.000000000,2013-07-29 12:00:00.000000000,93 days 12:00:00.000000000,97 days 12:00:00.000000000,4 days 00:00:00.000000000
8826,2014-08-31 00:00:00.000000000,2014-10-27 00:00:00.000000000,2014-11-07 00:00:00.000000000,2014-01-17 00:00:00.000000000,1910-01-01 00:00:00.000000000,2014-05-06 22:04:48.000000000,2013-09-22 22:04:48.000000000,116 days 01:55:12.000000000,173 days 01:55:12.000000000,57 days 00:00:00.000000000
8827,2014-09-30 00:00:00.000000000,2014-10-24 00:00:00.000000000,2014-11-10 00:00:00.000000000,2014-05-07 00:00:00.000000000,1910-01-01 00:00:00.000000000,2014-06-27 19:59:59.971200000,2014-02-01 19:59:59.971200000,94 days 04:00:00.028800000,118 days 04:00:00.028800000,24 days 00:00:00.000000000
8828,2014-09-15 00:00:00.000000000,2014-09-19 00:00:00.000000000,2014-09-19 00:00:00.000000000,2013-05-06 00:00:00.000000000,1910-01-01 00:00:00.000000000,2014-05-31 00:00:00.000000000,2013-01-19 00:00:00.000000000,107 days 00:00:00.000000000,111 days 00:00:00.000000000,4 days 00:00:00.000000000
8829,2014-11-27 00:00:00.000000000,2014-11-27 00:00:00.000000000,2014-12-23 00:00:00.000000000,2014-05-07 00:00:00.000000000,1910-01-01 00:00:00.000000000,2014-08-24 19:59:59.971200000,2014-02-01 19:59:59.971200000,94 days 04:00:00.028800000,94 days 04:00:00.028800000,0 days 00:00:00.000000000
8830,2014-09-30 00:00:00.000000000,2014-09-03 00:00:00.000000000,2014-09-05 00:00:00.000000000,2013-11-19 00:00:00.000000000,1910-01-01 00:00:00.000000000,2014-06-30 00:00:00.000000000,2013-08-19 00:00:00.000000000,92 days 00:00:00.000000000,65 days 00:00:00.000000000,-27 days +00:00:00.000000000
8831,2014-10-31 00:00:00.000000000,2014-09-25 00:00:00.000000000,2014-09-26 00:00:00.000000000,2014-02-07 00:00:00.000000000,1910-01-01 00:00:00.000000000,2014-07-24 01:15:47.404800000,2013-10-31 01:15:47.404800000,98 days 22:44:12.595200000,62 days 22:44:12.595200000,-36 days +00:00:00.000000000
8832,2014-10-31 00:00:00.000000000,2014-10-30 00:00:00.000000000,2014-11-13 00:00:00.000000000,2014-01-17 00:00:00.000000000,1910-01-01 00:00:00.000000000,2014-07-06 22:04:48.000000000,2013-09-22 22:04:48.000000000,116 days 01:55:12.000000000,115 days 01:55:12.000000000,-1 days +00:00:00.000000000
8833,2014-09-30 00:00:00.000000000,2014-10-02 00:00:00.000000000,2014-10-22 00:00:00.000000000,2013-10-31 00:00:00.000000000,1910-01-01 00:00:00.000000000,2014-06-28 12:00:00.000000000,2013-07-29 12:00:00.000000000,93 days 12:00:00.000000000,95 days 12:00:00.000000000,2 days 00:00:00.000000000
8834,2014-11-30 00:00:00.000000000,2014-09-23 00:00:00.000000000,2014-10-17 00:00:00.000000000,2014-07-11 00:00:00.000000000,1910-01-01 00:00:00.000000000,2014-08-28 12:00:00.000000000,2014-04-08 12:00:00.000000000,93 days 12:00:00.000000000,25 days 12:00:00.000000000,-68 days +00:00:00.000000000
8835,2014-09-30 00:00:00.000000000,2014-10-31 00:00:00.000000000,2014-11-14 00:00:00.000000000,2014-04-09 00:00:00.000000000,1910-01-01 00:00:00.000000000,2014-07-14 12:00:00.000000000,2014-01-21 12:00:00.000000000,77 days 12:00:00.000000000,108 days 12:00:00.000000000,31 days 00:00:00.000000000
8836,2014-10-31 00:00:00.000000000,2014-10-15 00:00:00.000000000,2014-10-28 00:00:00.000000000,2014-04-18 00:00:00.000000000,1910-01-01 00:00:00.000000000,2014-09-02 13:42:51.465600000,2014-02-18 13:42:51.465600000,58 days 10:17:08.534400000,42 days 10:17:08.534400000,-16 days +00:00:00.000000000
8837,2014-11-24 00:00:00.000000000,2014-10-30 00:00:00.000000000,2014-11-07 00:00:00.000000000,2014-06-13 00:00:00.000000000,1910-01-01 00:00:00.000000000,2014-08-16 12:37:53.702400000,2014-03-05 12:37:53.702400000,99 days 11:22:06.297600000,74 days 11:22:06.297600000,-25 days +00:00:00.000000000
8838,2015-04-14 00:00:00.000000000,2015-04-14 00:00:00.000000000,2015-04-14 00:00:00.000000000,2014-07-14 00:00:00.000000000,1910-01-01 00:00:00.000000000,2014-12-10 07:45:52.905600000,2014-03-11 07:45:52.905600000,124 days 16:14:07.094400000,124 days 16:14:07.094400000,0 days 00:00:00.000000000
8839,2015-01-30 00:00:00.000000000,2015-02-18 00:00:00.000000000,2015-02-23 00:00:00.000000000,2014-07-14 00:00:00.000000000,1910-01-01 00:00:00.000000000,2014-09-27 07:45:52.905600000,2014-03-11 07:45:52.905600000,124 days 16:14:07.094400000,143 days 16:14:07.094400000,19 days 00:00:00.000000000
8840,2014-11-30 00:00:00.000000000,2014-10-30 00:00:00.000000000,2014-11-03 00:00:00.000000000,2014-04-25 00:00:00.000000000,1910-01-01 00:00:00.000000000,2014-08-30 00:00:00.000000000,2014-01-23 00:00:00.000000000,92 days 00:00:00.000000000,61 days 00:00:00.000000000,-31 days +00:00:00.000000000
8841,2015-01-30 00:00:00.000000000,2015-01-23 00:00:00.000000000,2015-01-28 00:00:00.000000000,2014-01-15 00:00:00.000000000,1910-01-01 00:00:00.000000000,2014-05-25 07:59:59.971200000,2013-05-10 07:59:59.971200000,249 days 16:00:00.028800000,242 days 16:00:00.028800000,-7 days +00:00:00.000000000
8842,2014-11-28 00:00:00.000000000,2014-12-02 00:00:00.000000000,2014-12-08 00:00:00.000000000,2014-01-29 00:00:00.000000000,1910-01-01 00:00:00.000000000,2014-07-04 07:01:27.811200000,2013-09-04 07:01:27.811200000,146 days 16:58:32.188800000,150 days 16:58:32.188800000,4 days 00:00:00.000000000
8843,2014-11-28 00:00:00.000000000,2014-12-02 00:00:00.000000000,2014-12-08 00:00:00.000000000,2014-05-23 00:00:00.000000000,1910-01-01 00:00:00.000000000,2014-07-04 07:01:27.811200000,2013-12-27 07:01:27.811200000,146 days 16:58:32.188800000,150 days 16:58:32.188800000,4 days 00:00:00.000000000
8844,2015-01-30 00:00:00.000000000,2014-12-19 00:00:00.000000000,2014-12-23 00:00:00.000000000,2014-01-29 00:00:00.000000000,1910-01-01 00:00:00.000000000,2014-06-20 12:00:00.000000000,2013-06-19 12:00:00.000000000,223 days 12:00:00.000000000,181 days 12:00:00.000000000,-42 days +00:00:00.000000000
8845,2015-03-02 00:00:00.000000000,2015-03-02 00:00:00.000000000,2015-03-09 00:00:00.000000000,2014-05-02 00:00:00.000000000,1910-01-01 00:00:00.000000000,2014-10-24 12:55:23.116800000,2013-12-24 12:55:23.116800000,128 days 11:04:36.883200000,128 days 11:04:36.883200000,0 days 00:00:00.000000000
8846,2015-03-02 00:00:00.000000000,2015-03-02 00:00:00.000000000,2015-03-09 00:00:00.000000000,2014-05-02 00:00:00.000000000,1910-01-01 00:00:00.000000000,2014-10-24 12:55:23.116800000,2013-12-24 12:55:23.116800000,128 days 11:04:36.883200000,128 days 11:04:36.883200000,0 days 00:00:00.000000000
8847,2015-01-30 00:00:00.000000000,2015-01-05 00:00:00.000000000,2015-01-06 00:00:00.000000000,2014-06-04 00:00:00.000000000,1910-01-01 00:00:00.000000000,2014-08-28 12:42:21.196800000,2013-12-31 12:42:21.196800000,154 days 11:17:38.803200000,129 days 11:17:38.803200000,-25 days +00:00:00.000000000
8848,2015-02-16 00:00:00.000000000,2015-01-24 00:00:00.000000000,2015-02-03 00:00:00.000000000,2014-06-04 00:00:00.000000000,1910-01-01 00:00:00.000000000,2014-09-14 12:42:21.196800000,2013-12-31 12:42:21.196800000,154 days 11:17:38.803200000,131 days 11:17:38.803200000,-23 days +00:00:00.000000000
8849,2015-01-30 00:00:00.000000000,2014-12-29 00:00:00.000000000,2015-01-06 00:00:00.000000000,2014-04-25 00:00:00.000000000,1910-01-01 00:00:00.000000000,2014-10-22 19:34:44.169600000,2014-01-15 19:34:44.169600000,99 days 04:25:15.830400000,67 days 04:25:15.830400000,-32 days +00:00:00.000000000
8850,2015-01-30 00:00:00.000000000,2014-12-29 00:00:00.000000000,2015-01-06 00:00:00.000000000,2014-04-25 00:00:00.000000000,1910-01-01 00:00:00.000000000,2014-10-22 19:34:44.169600000,2014-01-15 19:34:44.169600000,99 days 04:25:15.830400000,67 days 04:25:15.830400000,-32 days +00:00:00.000000000
8851,2015-02-16 00:00:00.000000000,2015-01-19 00:00:00.000000000,2015-01-27 00:00:00.000000000,2014-05-23 00:00:00.000000000,1910-01-01 00:00:00.000000000,2014-07-07 12:00:00.000000000,2013-10-11 12:00:00.000000000,223 days 12:00:00.000000000,195 days 12:00:00.000000000,-28 days +00:00:00.000000000
8852,2015-01-30 00:00:00.000000000,2015-02-19 00:00:00.000000000,2015-02-20 00:00:00.000000000,2014-04-24 00:00:00.000000000,1910-01-01 00:00:00.000000000,2014-07-14 09:20:00.009600000,2013-10-06 09:20:00.009600000,199 days 14:39:59.990400000,219 days 14:39:59.990400000,20 days 00:00:00.000000000
8853,2015-01-30 00:00:00.000000000,2015-01-14 00:00:00.000000000,2015-01-20 00:00:00.000000000,2014-04-25 00:00:00.000000000,1910-01-01 00:00:00.000000000,2014-10-22 19:34:44.169600000,2014-01-15 19:34:44.169600000,99 days 04:25:15.830400000,83 days 04:25:15.830400000,-16 days +00:00:00.000000000
8854,2015-02-16 00:00:00.000000000,2015-01-30 00:00:00.000000000,2015-02-02 00:00:00.000000000,2014-11-03 00:00:00.000000000,1910-01-01 00:00:00.000000000,2014-09-14 12:42:21.196800000,2014-06-01 12:42:21.196800000,154 days 11:17:38.803200000,137 days 11:17:38.803200000,-17 days +00:00:00.000000000
8855,2015-02-16 00:00:00.000000000,2015-03-12 00:00:00.000000000,2015-03-16 00:00:00.000000000,2014-04-24 00:00:00.000000000,1910-01-01 00:00:00.000000000,2014-06-11 07:59:59.971200000,2013-08-17 07:59:59.971200000,249 days 16:00:00.028800000,273 days 16:00:00.028800000,24 days 00:00:00.000000000
8856,2015-02-28 00:00:00.000000000,2015-02-05 00:00:00.000000000,2015-02-10 00:00:00.000000000,2014-08-13 00:00:00.000000000,1910-01-01 00:00:00.000000000,2014-11-20 19:34:44.169600000,2014-05-05 19:34:44.169600000,99 days 04:25:15.830400000,76 days 04:25:15.830400000,-23 days +00:00:00.000000000
8857,2015-02-03 00:00:00.000000000,2015-02-10 00:00:00.000000000,2015-02-16 00:00:00.000000000,2014-12-22 00:00:00.000000000,1910-01-01 00:00:00.000000000,2014-09-01 12:42:21.196800000,2014-07-20 12:42:21.196800000,154 days 11:17:38.803200000,161 days 11:17:38.803200000,7 days 00:00:00.000000000
8858,2015-02-27 00:00:00.000000000,2015-02-28 00:00:00.000000000,2015-03-05 00:00:00.000000000,2014-11-19 00:00:00.000000000,1910-01-01 00:00:00.000000000,2014-09-04 03:00:00.000000000,2014-05-27 03:00:00.000000000,175 days 21:00:00.000000000,176 days 21:00:00.000000000,1 days 00:00:00.000000000
8859,2015-03-31 00:00:00.000000000,2015-03-20 00:00:00.000000000,2015-03-23 00:00:00.000000000,2014-12-23 00:00:00.000000000,1910-01-01 00:00:00.000000000,2014-12-16 05:42:51.408000000,2014-09-09 05:42:51.408000000,104 days 18:17:08.592000000,93 days 18:17:08.592000000,-11 days +00:00:00.000000000
8860,2015-03-02 00:00:00.000000000,2015-03-10 00:00:00.000000000,2015-03-17 00:00:00.000000000,2014-04-25 00:00:00.000000000,1910-01-01 00:00:00.000000000,2014-11-22 19:34:44.169600000,2014-01-15 19:34:44.169600000,99 days 04:25:15.830400000,107 days 04:25:15.830400000,8 days 00:00:00.000000000
8861,2015-05-15 00:00:00.000000000,2015-05-25 00:00:00.000000000,2015-06-22 00:00:00.000000000,2014-11-25 00:00:00.000000000,1910-01-01 00:00:00.000000000,2014-10-27 09:20:00.009600000,2014-05-09 09:20:00.009600000,199 days 14:39:59.990400000,209 days 14:39:59.990400000,10 days 00:00:00.000000000
8862,2015-04-30 00:00:00.000000000,2015-03-18 00:00:00.000000000,2015-03-20 00:00:00.000000000,2014-08-13 00:00:00.000000000,1910-01-01 00:00:00.000000000,2015-01-20 19:34:44.169600000,2014-05-05 19:34:44.169600000,99 days 04:25:15.830400000,56 days 04:25:15.830400000,-43 days +00:00:00.000000000
8863,2015-06-16 00:00:00.000000000,2015-05-25 00:00:00.000000000,2015-06-15 00:00:00.000000000,2015-01-26 00:00:00.000000000,1910-01-01 00:00:00.000000000,2015-02-11 07:45:52.905600000,2014-09-23 07:45:52.905600000,124 days 16:14:07.094400000,102 days 16:14:07.094400000,-22 days +00:00:00.000000000
8864,2015-04-30 00:00:00.000000000,2015-04-22 00:00:00.000000000,2015-04-24 00:00:00.000000000,2014-06-04 00:00:00.000000000,1910-01-01 00:00:00.000000000,2014-11-26 12:42:21.196800000,2013-12-31 12:42:21.196800000,154 days 11:17:38.803200000,146 days 11:17:38.803200000,-8 days +00:00:00.000000000
8865,2015-06-30 00:00:00.000000000,2015-04-15 00:00:00.000000000,2015-04-20 00:00:00.000000000,2014-09-19 00:00:00.000000000,1910-01-01 00:00:00.000000000,2015-03-22 19:34:44.169600000,2014-06-11 19:34:44.169600000,99 days 04:25:15.830400000,23 days 04:25:15.830400000,-76 days +00:00:00.000000000
8866,2015-06-19 00:00:00.000000000,2015-06-08 00:00:00.000000000,2015-06-19 00:00:00.000000000,2014-10-24 00:00:00.000000000,1910-01-01 00:00:00.000000000,2014-11-07 12:00:00.000000000,2014-03-14 12:00:00.000000000,223 days 12:00:00.000000000,212 days 12:00:00.000000000,-11 days +00:00:00.000000000
8867,2015-06-08 00:00:00.000000000,2015-06-08 00:00:00.000000000,2015-06-19 00:00:00.000000000,2014-05-23 00:00:00.000000000,1910-01-01 00:00:00.000000000,2014-10-27 12:00:00.000000000,2013-10-11 12:00:00.000000000,223 days 12:00:00.000000000,223 days 12:00:00.000000000,0 days 00:00:00.000000000
8868,2015-06-08 00:00:00.000000000,2015-06-08 00:00:00.000000000,2015-06-19 00:00:00.000000000,2014-05-23 00:00:00.000000000,1910-01-01 00:00:00.000000000,2014-10-27 12:00:00.000000000,2013-10-11 12:00:00.000000000,223 days 12:00:00.000000000,223 days 12:00:00.000000000,0 days 00:00:00.000000000
8869,2015-06-30 00:00:00.000000000,2015-04-29 00:00:00.000000000,2015-04-29 00:00:00.000000000,2014-09-19 00:00:00.000000000,1910-01-01 00:00:00.000000000,2015-03-22 19:34:44.169600000,2014-06-11 19:34:44.169600000,99 days 04:25:15.830400000,37 days 04:25:15.830400000,-62 days +00:00:00.000000000
8870,2015-05-29 00:00:00.000000000,2015-05-29 00:00:00.000000000,2015-06-18 00:00:00.000000000,2014-05-23 00:00:00.000000000,1910-01-01 00:00:00.000000000,2014-10-17 12:00:00.000000000,2013-10-11 12:00:00.000000000,223 days 12:00:00.000000000,223 days 12:00:00.000000000,0 days 00:00:00.000000000
8871,2015-06-30 00:00:00.000000000,2015-06-02 00:00:00.000000000,2015-06-17 00:00:00.000000000,2014-09-19 00:00:00.000000000,1910-01-01 00:00:00.000000000,2015-03-22 19:34:44.169600000,2014-06-11 19:34:44.169600000,99 days 04:25:15.830400000,71 days 04:25:15.830400000,-28 days +00:00:00.000000000
8872,2015-06-30 00:00:00.000000000,2015-06-02 00:00:00.000000000,2015-06-17 00:00:00.000000000,2014-09-19 00:00:00.000000000,1910-01-01 00:00:00.000000000,2015-03-22 19:34:44.169600000,2014-06-11 19:34:44.169600000,99 days 04:25:15.830400000,71 days 04:25:15.830400000,-28 days +00:00:00.000000000
8873,2015-07-15 00:00:00.000000000,2015-07-09 00:00:00.000000000,2015-07-13 00:00:00.000000000,2014-11-03 00:00:00.000000000,1910-01-01 00:00:00.000000000,2015-02-10 12:42:21.196800000,2014-06-01 12:42:21.196800000,154 days 11:17:38.803200000,148 days 11:17:38.803200000,-6 days +00:00:00.000000000
8874,2015-07-16 00:00:00.000000000,2015-06-28 00:00:00.000000000,2015-06-29 00:00:00.000000000,2015-04-16 00:00:00.000000000,1910-01-01 00:00:00.000000000,2015-05-24 13:42:51.465600000,2015-02-22 13:42:51.465600000,52 days 10:17:08.534400000,34 days 10:17:08.534400000,-18 days +00:00:00.000000000
8875,2015-07-31 00:00:00.000000000,2015-07-15 00:00:00.000000000,2015-07-20 00:00:00.000000000,2014-10-16 00:00:00.000000000,1910-01-01 00:00:00.000000000,2015-03-19 12:00:00.000000000,2014-06-04 12:00:00.000000000,133 days 12:00:00.000000000,117 days 12:00:00.000000000,-16 days +00:00:00.000000000
8876,2015-07-31 00:00:00.000000000,2015-07-15 00:00:00.000000000,2015-07-20 00:00:00.000000000,2014-10-16 00:00:00.000000000,1910-01-01 00:00:00.000000000,2015-03-19 12:00:00.000000000,2014-06-04 12:00:00.000000000,133 days 12:00:00.000000000,117 days 12:00:00.000000000,-16 days +00:00:00.000000000
8877,2015-07-31 00:00:00.000000000,2015-07-23 00:00:00.000000000,2015-07-23 00:00:00.000000000,2014-11-03 00:00:00.000000000,1910-01-01 00:00:00.000000000,2015-02-26 12:42:21.196800000,2014-06-01 12:42:21.196800000,154 days 11:17:38.803200000,146 days 11:17:38.803200000,-8 days +00:00:00.000000000
8878,2015-08-15 00:00:00.000000000,2015-08-25 00:00:00.000000000,2015-09-03 00:00:00.000000000,2014-08-12 00:00:00.000000000,1910-01-01 00:00:00.000000000,2015-01-27 09:20:00.009600000,2014-01-24 09:20:00.009600000,199 days 14:39:59.990400000,209 days 14:39:59.990400000,10 days 00:00:00.000000000
8879,2015-08-15 00:00:00.000000000,2015-08-25 00:00:00.000000000,2015-09-03 00:00:00.000000000,2014-08-12 00:00:00.000000000,1910-01-01 00:00:00.000000000,2015-01-27 09:20:00.009600000,2014-01-24 09:20:00.009600000,199 days 14:39:59.990400000,209 days 14:39:59.990400000,10 days 00:00:00.000000000
8880,2015-08-14 00:00:00.000000000,2015-08-08 00:00:00.000000000,2015-08-10 00:00:00.000000000,2014-11-03 00:00:00.000000000,1910-01-01 00:00:00.000000000,2015-03-12 12:42:21.196800000,2014-06-01 12:42:21.196800000,154 days 11:17:38.803200000,148 days 11:17:38.803200000,-6 days +00:00:00.000000000
8881,2015-08-14 00:00:00.000000000,2015-08-25 00:00:00.000000000,2015-09-03 00:00:00.000000000,2014-07-11 00:00:00.000000000,1910-01-01 00:00:00.000000000,2015-01-26 09:20:00.009600000,2013-12-23 09:20:00.009600000,199 days 14:39:59.990400000,210 days 14:39:59.990400000,11 days 00:00:00.000000000
8882,2015-10-22 00:00:00.000000000,2015-08-20 00:00:00.000000000,2015-09-03 00:00:00.000000000,2015-04-23 00:00:00.000000000,1910-01-01 00:00:00.000000000,2015-06-15 12:55:23.116800000,2014-12-15 12:55:23.116800000,128 days 11:04:36.883200000,65 days 11:04:36.883200000,-63 days +00:00:00.000000000
8883,2009-08-31 00:00:00.000000000,2009-08-04 00:00:00.000000000,2009-08-04 00:00:00.000000000,2009-05-26 00:00:00.000000000,1910-01-01 00:00:00.000000000,2009-05-14 14:36:31.334400000,2009-02-06 14:36:31.334400000,108 days 09:23:28.665600000,81 days 09:23:28.665600000,-27 days +00:00:00.000000000
8884,2009-10-08 00:00:00.000000000,2009-10-08 00:00:00.000000000,2009-10-08 00:00:00.000000000,2009-08-06 00:00:00.000000000,1910-01-01 00:00:00.000000000,2009-08-18 07:12:00.000000000,2009-06-16 07:12:00.000000000,50 days 16:48:00.000000000,50 days 16:48:00.000000000,0 days 00:00:00.000000000
8885,2009-10-30 00:00:00.000000000,2009-10-20 00:00:00.000000000,2009-10-20 00:00:00.000000000,2009-05-26 00:00:00.000000000,1910-01-01 00:00:00.000000000,2009-07-13 14:36:31.334400000,2009-02-06 14:36:31.334400000,108 days 09:23:28.665600000,98 days 09:23:28.665600000,-10 days +00:00:00.000000000
8886,2009-10-30 00:00:00.000000000,2009-10-20 00:00:00.000000000,2009-10-20 00:00:00.000000000,2009-05-26 00:00:00.000000000,1910-01-01 00:00:00.000000000,2009-07-13 14:36:31.334400000,2009-02-06 14:36:31.334400000,108 days 09:23:28.665600000,98 days 09:23:28.665600000,-10 days +00:00:00.000000000
8887,2009-10-15 00:00:00.000000000,2009-10-20 00:00:00.000000000,2009-10-20 00:00:00.000000000,2009-07-29 00:00:00.000000000,1910-01-01 00:00:00.000000000,2009-06-28 14:36:31.334400000,2009-04-11 14:36:31.334400000,108 days 09:23:28.665600000,113 days 09:23:28.665600000,5 days 00:00:00.000000000
8888,2009-11-18 00:00:00.000000000,2009-10-18 00:00:00.000000000,2009-10-18 00:00:00.000000000,2009-09-22 00:00:00.000000000,1910-01-01 00:00:00.000000000,2009-09-02 23:06:40.003200000,2009-07-07 23:06:40.003200000,76 days 00:53:19.996800000,45 days 00:53:19.996800000,-31 days +00:00:00.000000000
8889,2009-12-01 00:00:00.000000000,2009-11-05 00:00:00.000000000,2009-11-05 00:00:00.000000000,2009-07-24 00:00:00.000000000,1910-01-01 00:00:00.000000000,2009-08-12 04:55:23.059200000,2009-04-04 04:55:23.059200000,110 days 19:04:36.940800000,84 days 19:04:36.940800000,-26 days +00:00:00.000000000
8890,2009-12-01 00:00:00.000000000,2009-12-02 00:00:00.000000000,2009-12-02 00:00:00.000000000,2009-07-24 00:00:00.000000000,1910-01-01 00:00:00.000000000,2009-08-12 04:55:23.059200000,2009-04-04 04:55:23.059200000,110 days 19:04:36.940800000,111 days 19:04:36.940800000,1 days 00:00:00.000000000
8891,2009-12-04 00:00:00.000000000,2009-12-02 00:00:00.000000000,2009-12-02 00:00:00.000000000,2009-09-09 00:00:00.000000000,1910-01-01 00:00:00.000000000,2009-08-15 04:55:23.059200000,2009-05-21 04:55:23.059200000,110 days 19:04:36.940800000,108 days 19:04:36.940800000,-2 days +00:00:00.000000000
8892,2009-11-30 00:00:00.000000000,2009-11-30 00:00:00.000000000,2009-11-30 00:00:00.000000000,2009-09-23 00:00:00.000000000,1910-01-01 00:00:00.000000000,2009-09-14 23:06:40.003200000,2009-07-08 23:06:40.003200000,76 days 00:53:19.996800000,76 days 00:53:19.996800000,0 days 00:00:00.000000000
8893,2009-12-01 00:00:00.000000000,2009-12-02 00:00:00.000000000,2009-12-02 00:00:00.000000000,2009-09-09 00:00:00.000000000,1910-01-01 00:00:00.000000000,2009-08-12 04:55:23.059200000,2009-05-21 04:55:23.059200000,110 days 19:04:36.940800000,111 days 19:04:36.940800000,1 days 00:00:00.000000000
8894,2009-11-24 00:00:00.000000000,2009-11-20 00:00:00.000000000,2009-11-20 00:00:00.000000000,2009-08-12 00:00:00.000000000,1910-01-01 00:00:00.000000000,2009-08-07 14:36:31.334400000,2009-04-25 14:36:31.334400000,108 days 09:23:28.665600000,104 days 09:23:28.665600000,-4 days +00:00:00.000000000
8895,2009-11-30 00:00:00.000000000,2009-12-02 00:00:00.000000000,2009-12-02 00:00:00.000000000,2009-08-17 00:00:00.000000000,1910-01-01 00:00:00.000000000,2009-10-10 07:12:00.000000000,2009-06-27 07:12:00.000000000,50 days 16:48:00.000000000,52 days 16:48:00.000000000,2 days 00:00:00.000000000
8896,2009-12-18 00:00:00.000000000,2009-12-18 00:00:00.000000000,2009-12-18 00:00:00.000000000,2009-07-27 00:00:00.000000000,1910-01-01 00:00:00.000000000,2009-08-31 14:36:31.334400000,2009-04-09 14:36:31.334400000,108 days 09:23:28.665600000,108 days 09:23:28.665600000,0 days 00:00:00.000000000
8897,2009-12-18 00:00:00.000000000,2009-12-18 00:00:00.000000000,2009-12-18 00:00:00.000000000,2009-07-29 00:00:00.000000000,1910-01-01 00:00:00.000000000,2009-08-31 14:36:31.334400000,2009-04-11 14:36:31.334400000,108 days 09:23:28.665600000,108 days 09:23:28.665600000,0 days 00:00:00.000000000
8898,2009-12-25 00:00:00.000000000,2009-12-21 00:00:00.000000000,2009-12-21 00:00:00.000000000,2009-09-23 00:00:00.000000000,1910-01-01 00:00:00.000000000,2009-10-09 23:06:40.003200000,2009-07-08 23:06:40.003200000,76 days 00:53:19.996800000,72 days 00:53:19.996800000,-4 days +00:00:00.000000000
8899,2010-02-15 00:00:00.000000000,2010-01-15 00:00:00.000000000,2010-01-15 00:00:00.000000000,2009-10-28 00:00:00.000000000,1910-01-01 00:00:00.000000000,2009-12-11 09:52:56.496000001,2009-08-23 09:52:56.496000001,65 days 14:07:03.503999999,34 days 14:07:03.503999999,-31 days +00:00:00.000000000
8900,2010-01-29 00:00:00.000000000,2010-01-22 00:00:00.000000000,2010-01-22 00:00:00.000000000,2009-08-13 00:00:00.000000000,1910-01-01 00:00:00.000000000,2009-11-05 01:59:59.971200000,2009-05-20 01:59:59.971200000,84 days 22:00:00.028800000,77 days 22:00:00.028800000,-7 days +00:00:00.000000000
8901,2009-11-30 00:00:00.000000000,2009-11-22 00:00:00.000000000,2009-11-22 00:00:00.000000000,2009-06-03 00:00:00.000000000,1910-01-01 00:00:00.000000000,2009-09-13 05:11:48.624000000,2009-03-17 05:11:48.624000000,77 days 18:48:11.376000000,69 days 18:48:11.376000000,-8 days +00:00:00.000000000
8902,2010-03-05 00:00:00.000000000,2010-03-03 00:00:00.000000000,2010-03-03 00:00:00.000000000,2009-10-23 00:00:00.000000000,1910-01-01 00:00:00.000000000,2009-11-25 18:40:00.019200000,2009-07-15 18:40:00.019200000,99 days 05:19:59.980800000,97 days 05:19:59.980800000,-2 days +00:00:00.000000000
8903,2010-02-11 00:00:00.000000000,2010-01-29 00:00:00.000000000,2010-01-29 00:00:00.000000000,2009-10-28 00:00:00.000000000,1910-01-01 00:00:00.000000000,2009-12-07 09:52:56.496000001,2009-08-23 09:52:56.496000001,65 days 14:07:03.503999999,52 days 14:07:03.503999999,-13 days +00:00:00.000000000
8904,2010-02-25 00:00:00.000000000,2010-02-18 00:00:00.000000000,2010-02-18 00:00:00.000000000,2009-09-17 00:00:00.000000000,1910-01-01 00:00:00.000000000,2009-12-21 09:52:56.496000001,2009-07-13 09:52:56.496000001,65 days 14:07:03.503999999,58 days 14:07:03.503999999,-7 days +00:00:00.000000000
8905,2010-02-25 00:00:00.000000000,2010-02-18 00:00:00.000000000,2010-02-18 00:00:00.000000000,2009-09-17 00:00:00.000000000,1910-01-01 00:00:00.000000000,2009-12-21 09:52:56.496000001,2009-07-13 09:52:56.496000001,65 days 14:07:03.503999999,58 days 14:07:03.503999999,-7 days +00:00:00.000000000
8906,2010-05-10 00:00:00.000000000,2010-02-19 00:00:00.000000000,2010-02-19 00:00:00.000000000,2009-12-08 00:00:00.000000000,1910-01-01 00:00:00.000000000,2010-02-01 07:36:35.107200001,2009-09-01 07:36:35.107200001,97 days 16:23:24.892799999,17 days 16:23:24.892799999,-80 days +00:00:00.000000000
8907,2010-03-10 00:00:00.000000000,2010-03-02 00:00:00.000000000,2010-03-02 00:00:00.000000000,2009-09-09 00:00:00.000000000,1910-01-01 00:00:00.000000000,2009-12-02 07:36:35.107200001,2009-06-03 07:36:35.107200001,97 days 16:23:24.892799999,89 days 16:23:24.892799999,-8 days +00:00:00.000000000
8908,2010-03-31 00:00:00.000000000,2010-03-12 00:00:00.000000000,2010-03-12 00:00:00.000000000,2009-12-08 00:00:00.000000000,1910-01-01 00:00:00.000000000,2010-01-06 00:00:00.000000000,2009-09-15 00:00:00.000000000,84 days 00:00:00.000000000,65 days 00:00:00.000000000,-19 days +00:00:00.000000000
8909,2010-03-31 00:00:00.000000000,2010-03-12 00:00:00.000000000,2010-03-12 00:00:00.000000000,2009-12-08 00:00:00.000000000,1910-01-01 00:00:00.000000000,2010-01-06 00:00:00.000000000,2009-09-15 00:00:00.000000000,84 days 00:00:00.000000000,65 days 00:00:00.000000000,-19 days +00:00:00.000000000
8910,2010-03-10 00:00:00.000000000,2010-03-03 00:00:00.000000000,2010-03-03 00:00:00.000000000,2009-10-23 00:00:00.000000000,1910-01-01 00:00:00.000000000,2009-11-30 18:40:00.019200000,2009-07-15 18:40:00.019200000,99 days 05:19:59.980800000,92 days 05:19:59.980800000,-7 days +00:00:00.000000000
8911,2010-03-10 00:00:00.000000000,2010-03-03 00:00:00.000000000,2010-03-03 00:00:00.000000000,2009-10-23 00:00:00.000000000,1910-01-01 00:00:00.000000000,2009-11-30 18:40:00.019200000,2009-07-15 18:40:00.019200000,99 days 05:19:59.980800000,92 days 05:19:59.980800000,-7 days +00:00:00.000000000
8912,2010-03-19 00:00:00.000000000,2010-03-17 00:00:00.000000000,2010-03-17 00:00:00.000000000,2009-09-23 00:00:00.000000000,1910-01-01 00:00:00.000000000,2010-01-12 09:52:56.496000001,2009-07-19 09:52:56.496000001,65 days 14:07:03.503999999,63 days 14:07:03.503999999,-2 days +00:00:00.000000000
8913,2010-04-19 00:00:00.000000000,2010-03-31 00:00:00.000000000,2010-03-31 00:00:00.000000000,2009-11-06 00:00:00.000000000,1910-01-01 00:00:00.000000000,2010-01-24 01:59:59.971200000,2009-08-13 01:59:59.971200000,84 days 22:00:00.028800000,65 days 22:00:00.028800000,-19 days +00:00:00.000000000
8914,2010-04-19 00:00:00.000000000,2010-03-31 00:00:00.000000000,2010-03-31 00:00:00.000000000,2009-11-06 00:00:00.000000000,1910-01-01 00:00:00.000000000,2010-01-24 01:59:59.971200000,2009-08-13 01:59:59.971200000,84 days 22:00:00.028800000,65 days 22:00:00.028800000,-19 days +00:00:00.000000000
8915,2010-05-17 00:00:00.000000000,2010-04-14 00:00:00.000000000,2010-04-14 00:00:00.000000000,2009-09-14 00:00:00.000000000,1910-01-01 00:00:00.000000000,2010-02-10 22:00:00.028800000,2009-06-10 22:00:00.028800000,95 days 01:59:59.971200000,62 days 01:59:59.971200000,-33 days +00:00:00.000000000
8916,2010-04-19 00:00:00.000000000,2010-03-31 00:00:00.000000000,2010-03-31 00:00:00.000000000,2009-11-06 00:00:00.000000000,1910-01-01 00:00:00.000000000,2010-01-24 01:59:59.971200000,2009-08-13 01:59:59.971200000,84 days 22:00:00.028800000,65 days 22:00:00.028800000,-19 days +00:00:00.000000000
8917,2010-04-19 00:00:00.000000000,2010-03-31 00:00:00.000000000,2010-03-31 00:00:00.000000000,2009-11-06 00:00:00.000000000,1910-01-01 00:00:00.000000000,2010-01-24 01:59:59.971200000,2009-08-13 01:59:59.971200000,84 days 22:00:00.028800000,65 days 22:00:00.028800000,-19 days +00:00:00.000000000
8918,2010-04-19 00:00:00.000000000,2010-03-31 00:00:00.000000000,2010-03-31 00:00:00.000000000,2009-11-06 00:00:00.000000000,1910-01-01 00:00:00.000000000,2010-01-24 01:59:59.971200000,2009-08-13 01:59:59.971200000,84 days 22:00:00.028800000,65 days 22:00:00.028800000,-19 days +00:00:00.000000000
8919,2010-03-26 00:00:00.000000000,2010-03-25 00:00:00.000000000,2010-03-25 00:00:00.000000000,2009-10-28 00:00:00.000000000,1910-01-01 00:00:00.000000000,2010-01-19 09:52:56.496000001,2009-08-23 09:52:56.496000001,65 days 14:07:03.503999999,64 days 14:07:03.503999999,-1 days +00:00:00.000000000
8920,2010-06-23 00:00:00.000000000,2010-04-08 00:00:00.000000000,2010-04-08 00:00:00.000000000,2010-03-02 00:00:00.000000000,1910-01-01 00:00:00.000000000,2010-04-18 09:52:56.496000001,2009-12-26 09:52:56.496000001,65 days 14:07:03.503999999,-11 days +14:07:03.503999999,-76 days +00:00:00.000000000
8921,2010-06-02 00:00:00.000000000,2010-04-22 00:00:00.000000000,2010-04-22 00:00:00.000000000,2010-03-02 00:00:00.000000000,1910-01-01 00:00:00.000000000,2010-03-28 09:52:56.496000001,2009-12-26 09:52:56.496000001,65 days 14:07:03.503999999,24 days 14:07:03.503999999,-41 days +00:00:00.000000000
8922,2010-05-31 00:00:00.000000000,2010-05-18 00:00:00.000000000,2010-05-18 00:00:00.000000000,2009-11-06 00:00:00.000000000,1910-01-01 00:00:00.000000000,2010-03-07 01:59:59.971200000,2009-08-13 01:59:59.971200000,84 days 22:00:00.028800000,71 days 22:00:00.028800000,-13 days +00:00:00.000000000
8923,2010-05-31 00:00:00.000000000,2010-05-18 00:00:00.000000000,2010-05-18 00:00:00.000000000,2009-11-06 00:00:00.000000000,1910-01-01 00:00:00.000000000,2010-03-07 01:59:59.971200000,2009-08-13 01:59:59.971200000,84 days 22:00:00.028800000,71 days 22:00:00.028800000,-13 days +00:00:00.000000000
8924,2010-05-31 00:00:00.000000000,2010-05-18 00:00:00.000000000,2010-05-18 00:00:00.000000000,2009-11-06 00:00:00.000000000,1910-01-01 00:00:00.000000000,2010-03-07 01:59:59.971200000,2009-08-13 01:59:59.971200000,84 days 22:00:00.028800000,71 days 22:00:00.028800000,-13 days +00:00:00.000000000
8925,2010-05-31 00:00:00.000000000,2010-05-18 00:00:00.000000000,2010-05-18 00:00:00.000000000,2009-11-06 00:00:00.000000000,1910-01-01 00:00:00.000000000,2010-03-07 01:59:59.971200000,2009-08-13 01:59:59.971200000,84 days 22:00:00.028800000,71 days 22:00:00.028800000,-13 days +00:00:00.000000000
8926,2010-05-31 00:00:00.000000000,2010-05-18 00:00:00.000000000,2010-05-18 00:00:00.000000000,2009-11-06 00:00:00.000000000,1910-01-01 00:00:00.000000000,2010-03-07 01:59:59.971200000,2009-08-13 01:59:59.971200000,84 days 22:00:00.028800000,71 days 22:00:00.028800000,-13 days +00:00:00.000000000
8927,2010-06-30 00:00:00.000000000,2010-05-25 00:00:00.000000000,2010-05-25 00:00:00.000000000,2010-04-07 00:00:00.000000000,1910-01-01 00:00:00.000000000,2010-05-08 17:08:34.310400000,2010-02-13 17:08:34.310400000,52 days 06:51:25.689600000,16 days 06:51:25.689600000,-36 days +00:00:00.000000000
8928,2010-05-03 00:00:00.000000000,2010-05-03 00:00:00.000000000,2010-05-03 00:00:00.000000000,2009-10-28 00:00:00.000000000,1910-01-01 00:00:00.000000000,2010-02-26 09:52:56.496000001,2009-08-23 09:52:56.496000001,65 days 14:07:03.503999999,65 days 14:07:03.503999999,0 days 00:00:00.000000000
8929,2010-06-11 00:00:00.000000000,2010-05-03 00:00:00.000000000,2010-05-03 00:00:00.000000000,2010-03-04 00:00:00.000000000,1910-01-01 00:00:00.000000000,2010-04-06 09:52:56.496000001,2009-12-28 09:52:56.496000001,65 days 14:07:03.503999999,26 days 14:07:03.503999999,-39 days +00:00:00.000000000
8930,2010-07-29 00:00:00.000000000,2010-05-25 00:00:00.000000000,2010-05-25 00:00:00.000000000,2010-04-01 00:00:00.000000000,1910-01-01 00:00:00.000000000,2010-04-06 10:30:00.000000000,2009-12-08 10:30:00.000000000,113 days 13:30:00.000000000,48 days 13:30:00.000000000,-65 days +00:00:00.000000000
8931,2010-05-10 00:00:00.000000000,2010-05-07 00:00:00.000000000,2010-05-07 00:00:00.000000000,2009-12-08 00:00:00.000000000,1910-01-01 00:00:00.000000000,2010-02-01 07:36:35.107200001,2009-09-01 07:36:35.107200001,97 days 16:23:24.892799999,94 days 16:23:24.892799999,-3 days +00:00:00.000000000
8932,2010-05-10 00:00:00.000000000,2010-05-07 00:00:00.000000000,2010-05-07 00:00:00.000000000,2009-12-08 00:00:00.000000000,1910-01-01 00:00:00.000000000,2010-02-01 07:36:35.107200001,2009-09-01 07:36:35.107200001,97 days 16:23:24.892799999,94 days 16:23:24.892799999,-3 days +00:00:00.000000000
8933,2010-05-10 00:00:00.000000000,2010-05-07 00:00:00.000000000,2010-05-07 00:00:00.000000000,2009-12-08 00:00:00.000000000,1910-01-01 00:00:00.000000000,2010-02-01 07:36:35.107200001,2009-09-01 07:36:35.107200001,97 days 16:23:24.892799999,94 days 16:23:24.892799999,-3 days +00:00:00.000000000
8934,2010-05-10 00:00:00.000000000,2010-05-07 00:00:00.000000000,2010-05-07 00:00:00.000000000,2009-12-08 00:00:00.000000000,1910-01-01 00:00:00.000000000,2010-02-01 07:36:35.107200001,2009-09-01 07:36:35.107200001,97 days 16:23:24.892799999,94 days 16:23:24.892799999,-3 days +00:00:00.000000000
8935,2010-06-07 00:00:00.000000000,2010-05-27 00:00:00.000000000,2010-05-27 00:00:00.000000000,2010-04-28 00:00:00.000000000,1910-01-01 00:00:00.000000000,2010-04-15 17:08:34.310400000,2010-03-06 17:08:34.310400000,52 days 06:51:25.689600000,41 days 06:51:25.689600000,-11 days +00:00:00.000000000
8936,2010-06-02 00:00:00.000000000,2010-06-09 00:00:00.000000000,2010-06-09 00:00:00.000000000,2009-10-23 00:00:00.000000000,1910-01-01 00:00:00.000000000,2010-02-22 18:40:00.019200000,2009-07-15 18:40:00.019200000,99 days 05:19:59.980800000,106 days 05:19:59.980800000,7 days 00:00:00.000000000
8937,2010-06-30 00:00:00.000000000,2010-06-09 00:00:00.000000000,2010-06-09 00:00:00.000000000,2010-04-19 00:00:00.000000000,1910-01-01 00:00:00.000000000,2010-03-22 18:40:00.019200000,2010-01-09 18:40:00.019200000,99 days 05:19:59.980800000,78 days 05:19:59.980800000,-21 days +00:00:00.000000000
8938,2010-06-30 00:00:00.000000000,2010-06-09 00:00:00.000000000,2010-06-09 00:00:00.000000000,2010-04-19 00:00:00.000000000,1910-01-01 00:00:00.000000000,2010-03-22 18:40:00.019200000,2010-01-09 18:40:00.019200000,99 days 05:19:59.980800000,78 days 05:19:59.980800000,-21 days +00:00:00.000000000
8939,2010-06-30 00:00:00.000000000,2010-06-22 00:00:00.000000000,2010-06-22 00:00:00.000000000,2010-03-02 00:00:00.000000000,1910-01-01 00:00:00.000000000,2010-04-25 09:52:56.496000001,2009-12-26 09:52:56.496000001,65 days 14:07:03.503999999,57 days 14:07:03.503999999,-8 days +00:00:00.000000000
8940,2010-05-31 00:00:00.000000000,2010-05-18 00:00:00.000000000,2010-05-18 00:00:00.000000000,2009-11-06 00:00:00.000000000,1910-01-01 00:00:00.000000000,2010-03-07 01:59:59.971200000,2009-08-13 01:59:59.971200000,84 days 22:00:00.028800000,71 days 22:00:00.028800000,-13 days +00:00:00.000000000
8941,2010-06-30 00:00:00.000000000,2010-06-15 00:00:00.000000000,2010-06-15 00:00:00.000000000,2010-03-02 00:00:00.000000000,1910-01-01 00:00:00.000000000,2010-04-25 09:52:56.496000001,2009-12-26 09:52:56.496000001,65 days 14:07:03.503999999,50 days 14:07:03.503999999,-15 days +00:00:00.000000000
8942,2010-07-15 00:00:00.000000000,2010-06-28 00:00:00.000000000,2010-06-28 00:00:00.000000000,2010-02-10 00:00:00.000000000,1910-01-01 00:00:00.000000000,2010-04-21 01:59:59.971200000,2009-11-17 01:59:59.971200000,84 days 22:00:00.028800000,67 days 22:00:00.028800000,-17 days +00:00:00.000000000
8943,2010-07-15 00:00:00.000000000,2010-06-28 00:00:00.000000000,2010-06-28 00:00:00.000000000,2010-02-10 00:00:00.000000000,1910-01-01 00:00:00.000000000,2010-04-21 01:59:59.971200000,2009-11-17 01:59:59.971200000,84 days 22:00:00.028800000,67 days 22:00:00.028800000,-17 days +00:00:00.000000000
8944,2010-07-15 00:00:00.000000000,2010-06-28 00:00:00.000000000,2010-06-28 00:00:00.000000000,2010-02-10 00:00:00.000000000,1910-01-01 00:00:00.000000000,2010-04-21 01:59:59.971200000,2009-11-17 01:59:59.971200000,84 days 22:00:00.028800000,67 days 22:00:00.028800000,-17 days +00:00:00.000000000
8945,2010-07-15 00:00:00.000000000,2010-06-28 00:00:00.000000000,2010-06-28 00:00:00.000000000,2010-05-27 00:00:00.000000000,1910-01-01 00:00:00.000000000,2010-04-21 01:59:59.971200000,2010-03-03 01:59:59.971200000,84 days 22:00:00.028800000,67 days 22:00:00.028800000,-17 days +00:00:00.000000000
8946,2010-07-15 00:00:00.000000000,2010-06-28 00:00:00.000000000,2010-06-28 00:00:00.000000000,2010-02-10 00:00:00.000000000,1910-01-01 00:00:00.000000000,2010-04-21 01:59:59.971200000,2009-11-17 01:59:59.971200000,84 days 22:00:00.028800000,67 days 22:00:00.028800000,-17 days +00:00:00.000000000
8947,2010-07-15 00:00:00.000000000,2010-06-28 00:00:00.000000000,2010-06-28 00:00:00.000000000,2010-02-10 00:00:00.000000000,1910-01-01 00:00:00.000000000,2010-04-21 01:59:59.971200000,2009-11-17 01:59:59.971200000,84 days 22:00:00.028800000,67 days 22:00:00.028800000,-17 days +00:00:00.000000000
8948,2010-08-04 00:00:00.000000000,2010-07-19 00:00:00.000000000,2010-07-19 00:00:00.000000000,2010-03-02 00:00:00.000000000,1910-01-01 00:00:00.000000000,2010-05-30 09:52:56.496000001,2009-12-26 09:52:56.496000001,65 days 14:07:03.503999999,49 days 14:07:03.503999999,-16 days +00:00:00.000000000
8949,2010-07-15 00:00:00.000000000,2010-06-28 00:00:00.000000000,2010-06-28 00:00:00.000000000,2010-02-10 00:00:00.000000000,1910-01-01 00:00:00.000000000,2010-04-21 01:59:59.971200000,2009-11-17 01:59:59.971200000,84 days 22:00:00.028800000,67 days 22:00:00.028800000,-17 days +00:00:00.000000000
8950,2010-07-30 00:00:00.000000000,2010-07-22 00:00:00.000000000,2010-07-22 00:00:00.000000000,2009-12-08 00:00:00.000000000,1910-01-01 00:00:00.000000000,2010-05-07 00:00:00.000000000,2009-09-15 00:00:00.000000000,84 days 00:00:00.000000000,76 days 00:00:00.000000000,-8 days +00:00:00.000000000
8951,2010-08-04 00:00:00.000000000,2010-08-02 00:00:00.000000000,2010-08-02 00:00:00.000000000,2010-03-02 00:00:00.000000000,1910-01-01 00:00:00.000000000,2010-05-30 09:52:56.496000001,2009-12-26 09:52:56.496000001,65 days 14:07:03.503999999,63 days 14:07:03.503999999,-2 days +00:00:00.000000000
8952,2010-08-04 00:00:00.000000000,2010-08-02 00:00:00.000000000,2010-08-02 00:00:00.000000000,2010-03-02 00:00:00.000000000,1910-01-01 00:00:00.000000000,2010-05-30 09:52:56.496000001,2009-12-26 09:52:56.496000001,65 days 14:07:03.503999999,63 days 14:07:03.503999999,-2 days +00:00:00.000000000
8953,2010-08-16 00:00:00.000000000,2010-08-17 00:00:00.000000000,2010-08-17 00:00:00.000000000,2010-02-10 00:00:00.000000000,1910-01-01 00:00:00.000000000,2010-05-23 01:59:59.971200000,2009-11-17 01:59:59.971200000,84 days 22:00:00.028800000,85 days 22:00:00.028800000,1 days 00:00:00.000000000
8954,2010-08-09 00:00:00.000000000,2010-08-17 00:00:00.000000000,2010-08-17 00:00:00.000000000,2010-02-10 00:00:00.000000000,1910-01-01 00:00:00.000000000,2010-05-16 01:59:59.971200000,2009-11-17 01:59:59.971200000,84 days 22:00:00.028800000,92 days 22:00:00.028800000,8 days 00:00:00.000000000
8955,2010-08-31 00:00:00.000000000,2010-08-23 00:00:00.000000000,2010-08-23 00:00:00.000000000,2010-05-07 00:00:00.000000000,1910-01-01 00:00:00.000000000,2010-05-25 07:36:35.107200001,2010-01-29 07:36:35.107200001,97 days 16:23:24.892799999,89 days 16:23:24.892799999,-8 days +00:00:00.000000000
8956,2010-08-31 00:00:00.000000000,2010-08-23 00:00:00.000000000,2010-08-23 00:00:00.000000000,2010-05-07 00:00:00.000000000,1910-01-01 00:00:00.000000000,2010-05-25 07:36:35.107200001,2010-01-29 07:36:35.107200001,97 days 16:23:24.892799999,89 days 16:23:24.892799999,-8 days +00:00:00.000000000
8957,2010-08-29 00:00:00.000000000,2010-08-27 00:00:00.000000000,2010-08-27 00:00:00.000000000,2010-03-02 00:00:00.000000000,1910-01-01 00:00:00.000000000,2010-06-24 09:52:56.496000001,2009-12-26 09:52:56.496000001,65 days 14:07:03.503999999,63 days 14:07:03.503999999,-2 days +00:00:00.000000000
8958,2010-08-12 00:00:00.000000000,2010-08-17 00:00:00.000000000,2010-08-17 00:00:00.000000000,2010-02-10 00:00:00.000000000,1910-01-01 00:00:00.000000000,2010-05-19 01:59:59.971200000,2009-11-17 01:59:59.971200000,84 days 22:00:00.028800000,89 days 22:00:00.028800000,5 days 00:00:00.000000000
8959,2010-08-12 00:00:00.000000000,2010-08-17 00:00:00.000000000,2010-08-17 00:00:00.000000000,2010-02-10 00:00:00.000000000,1910-01-01 00:00:00.000000000,2010-05-19 01:59:59.971200000,2009-11-17 01:59:59.971200000,84 days 22:00:00.028800000,89 days 22:00:00.028800000,5 days 00:00:00.000000000
8960,2010-10-29 00:00:00.000000000,2010-09-27 00:00:00.000000000,2010-09-27 00:00:00.000000000,2010-08-06 00:00:00.000000000,1910-01-01 00:00:00.000000000,2010-08-24 09:52:56.496000001,2010-06-01 09:52:56.496000001,65 days 14:07:03.503999999,33 days 14:07:03.503999999,-32 days +00:00:00.000000000
8961,2010-09-30 00:00:00.000000000,2010-08-23 00:00:00.000000000,2010-08-23 00:00:00.000000000,2010-08-06 00:00:00.000000000,1910-01-01 00:00:00.000000000,2010-07-26 09:52:56.496000001,2010-06-01 09:52:56.496000001,65 days 14:07:03.503999999,27 days 14:07:03.503999999,-38 days +00:00:00.000000000
8962,2010-09-14 00:00:00.000000000,2010-09-06 00:00:00.000000000,2010-09-06 00:00:00.000000000,2010-03-03 00:00:00.000000000,1910-01-01 00:00:00.000000000,2010-06-08 07:36:35.107200001,2009-11-25 07:36:35.107200001,97 days 16:23:24.892799999,89 days 16:23:24.892799999,-8 days +00:00:00.000000000
8963,2010-09-30 00:00:00.000000000,2010-09-02 00:00:00.000000000,2010-09-02 00:00:00.000000000,2010-08-06 00:00:00.000000000,1910-01-01 00:00:00.000000000,2010-07-26 09:52:56.496000001,2010-06-01 09:52:56.496000001,65 days 14:07:03.503999999,37 days 14:07:03.503999999,-28 days +00:00:00.000000000
8964,2010-09-22 00:00:00.000000000,2010-09-01 00:00:00.000000000,2010-09-01 00:00:00.000000000,2010-05-20 00:00:00.000000000,1910-01-01 00:00:00.000000000,2010-06-06 09:49:05.462400000,2010-02-01 09:49:05.462400000,107 days 14:10:54.537600000,86 days 14:10:54.537600000,-21 days +00:00:00.000000000
8965,2010-09-27 00:00:00.000000000,2010-09-08 00:00:00.000000000,2010-09-08 00:00:00.000000000,2010-05-20 00:00:00.000000000,1910-01-01 00:00:00.000000000,2010-06-11 09:49:05.462400000,2010-02-01 09:49:05.462400000,107 days 14:10:54.537600000,88 days 14:10:54.537600000,-19 days +00:00:00.000000000
8966,2010-09-30 00:00:00.000000000,2010-09-25 00:00:00.000000000,2010-09-25 00:00:00.000000000,2010-05-07 00:00:00.000000000,1910-01-01 00:00:00.000000000,2010-06-24 07:36:35.107200001,2010-01-29 07:36:35.107200001,97 days 16:23:24.892799999,92 days 16:23:24.892799999,-5 days +00:00:00.000000000
8967,2010-10-19 00:00:00.000000000,2010-09-25 00:00:00.000000000,2010-09-25 00:00:00.000000000,2010-05-07 00:00:00.000000000,1910-01-01 00:00:00.000000000,2010-07-13 07:36:35.107200001,2010-01-29 07:36:35.107200001,97 days 16:23:24.892799999,73 days 16:23:24.892799999,-24 days +00:00:00.000000000
8968,2010-09-30 00:00:00.000000000,2010-10-07 00:00:00.000000000,2010-10-07 00:00:00.000000000,2010-04-19 00:00:00.000000000,1910-01-01 00:00:00.000000000,2010-06-22 18:40:00.019200000,2010-01-09 18:40:00.019200000,99 days 05:19:59.980800000,106 days 05:19:59.980800000,7 days 00:00:00.000000000
8969,2010-11-04 00:00:00.000000000,2010-10-12 00:00:00.000000000,2010-10-12 00:00:00.000000000,2010-05-20 00:00:00.000000000,1910-01-01 00:00:00.000000000,2010-07-19 09:49:05.462400000,2010-02-01 09:49:05.462400000,107 days 14:10:54.537600000,84 days 14:10:54.537600000,-23 days +00:00:00.000000000
8970,2010-09-30 00:00:00.000000000,2010-10-04 00:00:00.000000000,2010-10-04 00:00:00.000000000,2009-12-08 00:00:00.000000000,1910-01-01 00:00:00.000000000,2010-07-08 00:00:00.000000000,2009-09-15 00:00:00.000000000,84 days 00:00:00.000000000,88 days 00:00:00.000000000,4 days 00:00:00.000000000
8971,2010-10-08 00:00:00.000000000,2010-10-21 00:00:00.000000000,2010-10-21 00:00:00.000000000,2010-09-10 00:00:00.000000000,1910-01-01 00:00:00.000000000,2010-06-30 18:40:00.019200000,2010-06-02 18:40:00.019200000,99 days 05:19:59.980800000,112 days 05:19:59.980800000,13 days 00:00:00.000000000
8972,2010-10-20 00:00:00.000000000,2010-10-25 00:00:00.000000000,2010-10-25 00:00:00.000000000,2010-09-16 00:00:00.000000000,1910-01-01 00:00:00.000000000,2010-08-15 09:52:56.496000001,2010-07-12 09:52:56.496000001,65 days 14:07:03.503999999,70 days 14:07:03.503999999,5 days 00:00:00.000000000
8973,2010-10-20 00:00:00.000000000,2010-10-25 00:00:00.000000000,2010-10-25 00:00:00.000000000,2010-09-16 00:00:00.000000000,1910-01-01 00:00:00.000000000,2010-08-15 09:52:56.496000001,2010-07-12 09:52:56.496000001,65 days 14:07:03.503999999,70 days 14:07:03.503999999,5 days 00:00:00.000000000
8974,2010-11-04 00:00:00.000000000,2010-10-22 00:00:00.000000000,2010-10-22 00:00:00.000000000,2010-05-20 00:00:00.000000000,1910-01-01 00:00:00.000000000,2010-07-19 09:49:05.462400000,2010-02-01 09:49:05.462400000,107 days 14:10:54.537600000,94 days 14:10:54.537600000,-13 days +00:00:00.000000000
8975,2010-10-22 00:00:00.000000000,2010-11-10 00:00:00.000000000,2010-11-10 00:00:00.000000000,2010-05-27 00:00:00.000000000,1910-01-01 00:00:00.000000000,2010-07-29 01:59:59.971200000,2010-03-03 01:59:59.971200000,84 days 22:00:00.028800000,103 days 22:00:00.028800000,19 days 00:00:00.000000000
8976,2010-10-22 00:00:00.000000000,2010-11-10 00:00:00.000000000,2010-11-10 00:00:00.000000000,2010-05-27 00:00:00.000000000,1910-01-01 00:00:00.000000000,2010-07-29 01:59:59.971200000,2010-03-03 01:59:59.971200000,84 days 22:00:00.028800000,103 days 22:00:00.028800000,19 days 00:00:00.000000000
8977,2010-11-04 00:00:00.000000000,2010-11-08 00:00:00.000000000,2010-11-08 00:00:00.000000000,2010-05-20 00:00:00.000000000,1910-01-01 00:00:00.000000000,2010-07-19 09:49:05.462400000,2010-02-01 09:49:05.462400000,107 days 14:10:54.537600000,111 days 14:10:54.537600000,4 days 00:00:00.000000000
8978,2010-11-30 00:00:00.000000000,2010-11-26 00:00:00.000000000,2010-11-26 00:00:00.000000000,2010-06-23 00:00:00.000000000,1910-01-01 00:00:00.000000000,2010-08-24 07:36:35.107200001,2010-03-17 07:36:35.107200001,97 days 16:23:24.892799999,93 days 16:23:24.892799999,-4 days +00:00:00.000000000
8979,2010-11-30 00:00:00.000000000,2010-12-13 00:00:00.000000000,2010-12-13 00:00:00.000000000,2010-09-23 00:00:00.000000000,1910-01-01 00:00:00.000000000,2010-08-26 22:00:00.028800000,2010-06-19 22:00:00.028800000,95 days 01:59:59.971200000,108 days 01:59:59.971200000,13 days 00:00:00.000000000
8980,2010-10-28 00:00:00.000000000,2010-11-23 00:00:00.000000000,2010-11-23 00:00:00.000000000,2010-06-23 00:00:00.000000000,1910-01-01 00:00:00.000000000,2010-07-22 07:36:35.107200001,2010-03-17 07:36:35.107200001,97 days 16:23:24.892799999,123 days 16:23:24.892799999,26 days 00:00:00.000000000
8981,2010-11-30 00:00:00.000000000,2010-11-25 00:00:00.000000000,2010-11-25 00:00:00.000000000,2009-12-08 00:00:00.000000000,1910-01-01 00:00:00.000000000,2010-09-07 00:00:00.000000000,2009-09-15 00:00:00.000000000,84 days 00:00:00.000000000,79 days 00:00:00.000000000,-5 days +00:00:00.000000000
8982,2010-11-26 00:00:00.000000000,2010-12-03 00:00:00.000000000,2010-12-03 00:00:00.000000000,2010-05-20 00:00:00.000000000,1910-01-01 00:00:00.000000000,2010-08-10 09:49:05.462400000,2010-02-01 09:49:05.462400000,107 days 14:10:54.537600000,114 days 14:10:54.537600000,7 days 00:00:00.000000000
8983,2010-11-30 00:00:00.000000000,2010-12-09 00:00:00.000000000,2010-12-09 00:00:00.000000000,2010-06-23 00:00:00.000000000,1910-01-01 00:00:00.000000000,2010-08-24 07:36:35.107200001,2010-03-17 07:36:35.107200001,97 days 16:23:24.892799999,106 days 16:23:24.892799999,9 days 00:00:00.000000000
8984,2010-12-20 00:00:00.000000000,2011-01-05 00:00:00.000000000,2011-01-05 00:00:00.000000000,2010-10-13 00:00:00.000000000,1910-01-01 00:00:00.000000000,2010-09-11 18:40:00.019200000,2010-07-05 18:40:00.019200000,99 days 05:19:59.980800000,115 days 05:19:59.980800000,16 days 00:00:00.000000000
8985,2010-12-15 00:00:00.000000000,2010-12-15 00:00:00.000000000,2010-12-15 00:00:00.000000000,2010-08-03 00:00:00.000000000,1910-01-01 00:00:00.000000000,2010-09-08 07:36:35.107200001,2010-04-27 07:36:35.107200001,97 days 16:23:24.892799999,97 days 16:23:24.892799999,0 days 00:00:00.000000000
8986,2011-01-14 00:00:00.000000000,2011-01-14 00:00:00.000000000,2011-01-14 00:00:00.000000000,2010-08-06 00:00:00.000000000,1910-01-01 00:00:00.000000000,2010-10-14 13:42:51.465600000,2010-05-06 13:42:51.465600000,91 days 10:17:08.534400000,91 days 10:17:08.534400000,0 days 00:00:00.000000000
8987,2011-01-31 00:00:00.000000000,2011-01-24 00:00:00.000000000,2011-01-24 00:00:00.000000000,2010-12-29 00:00:00.000000000,1910-01-01 00:00:00.000000000,2010-09-27 07:59:59.971200000,2010-08-25 07:59:59.971200000,125 days 16:00:00.028800000,118 days 16:00:00.028800000,-7 days +00:00:00.000000000
8988,2011-02-22 00:00:00.000000000,2011-02-16 00:00:00.000000000,2011-02-16 00:00:00.000000000,2010-08-25 00:00:00.000000000,1910-01-01 00:00:00.000000000,2010-11-19 01:00:00.028800000,2010-05-22 01:00:00.028800000,94 days 22:59:59.971200000,88 days 22:59:59.971200000,-6 days +00:00:00.000000000
8989,2011-02-22 00:00:00.000000000,2011-02-16 00:00:00.000000000,2011-02-16 00:00:00.000000000,2010-08-25 00:00:00.000000000,1910-01-01 00:00:00.000000000,2010-11-19 01:00:00.028800000,2010-05-22 01:00:00.028800000,94 days 22:59:59.971200000,88 days 22:59:59.971200000,-6 days +00:00:00.000000000
8990,2011-01-31 00:00:00.000000000,2011-02-10 00:00:00.000000000,2011-02-10 00:00:00.000000000,2010-12-29 00:00:00.000000000,1910-01-01 00:00:00.000000000,2010-09-27 07:59:59.971200000,2010-08-25 07:59:59.971200000,125 days 16:00:00.028800000,135 days 16:00:00.028800000,10 days 00:00:00.000000000
8991,2011-01-31 00:00:00.000000000,2011-02-10 00:00:00.000000000,2011-02-10 00:00:00.000000000,2010-12-29 00:00:00.000000000,1910-01-01 00:00:00.000000000,2010-09-27 07:59:59.971200000,2010-08-25 07:59:59.971200000,125 days 16:00:00.028800000,135 days 16:00:00.028800000,10 days 00:00:00.000000000
8992,2011-02-28 00:00:00.000000000,2011-02-28 00:00:00.000000000,2011-02-28 00:00:00.000000000,2010-04-01 00:00:00.000000000,1910-01-01 00:00:00.000000000,2010-11-30 21:40:38.726400000,2010-01-01 21:40:38.726400000,89 days 02:19:21.273600000,89 days 02:19:21.273600000,0 days 00:00:00.000000000
8993,2011-01-31 00:00:00.000000000,2011-02-22 00:00:00.000000000,2011-02-22 00:00:00.000000000,2010-08-03 00:00:00.000000000,1910-01-01 00:00:00.000000000,2010-08-21 16:33:06.192000000,2010-02-21 16:33:06.192000000,162 days 07:26:53.808000000,184 days 07:26:53.808000000,22 days 00:00:00.000000000
8994,2011-01-31 00:00:00.000000000,2011-02-22 00:00:00.000000000,2011-02-22 00:00:00.000000000,2010-08-03 00:00:00.000000000,1910-01-01 00:00:00.000000000,2010-08-21 16:33:06.192000000,2010-02-21 16:33:06.192000000,162 days 07:26:53.808000000,184 days 07:26:53.808000000,22 days 00:00:00.000000000
8995,2011-02-28 00:00:00.000000000,2011-03-22 00:00:00.000000000,2011-03-22 00:00:00.000000000,2010-09-29 00:00:00.000000000,1910-01-01 00:00:00.000000000,2010-11-28 13:42:51.465600000,2010-06-29 13:42:51.465600000,91 days 10:17:08.534400000,113 days 10:17:08.534400000,22 days 00:00:00.000000000
8996,2011-03-31 00:00:00.000000000,2011-03-29 00:00:00.000000000,2011-03-29 00:00:00.000000000,2010-12-21 00:00:00.000000000,1910-01-01 00:00:00.000000000,2010-10-19 16:33:06.192000000,2010-07-11 16:33:06.192000000,162 days 07:26:53.808000000,160 days 07:26:53.808000000,-2 days +00:00:00.000000000
8997,2011-03-31 00:00:00.000000000,2011-04-01 00:00:00.000000000,2011-04-01 00:00:00.000000000,2010-09-29 00:00:00.000000000,1910-01-01 00:00:00.000000000,2010-12-29 13:42:51.465600000,2010-06-29 13:42:51.465600000,91 days 10:17:08.534400000,92 days 10:17:08.534400000,1 days 00:00:00.000000000
8998,2011-03-30 00:00:00.000000000,2011-05-11 00:00:00.000000000,2011-05-11 00:00:00.000000000,2010-08-25 00:00:00.000000000,1910-01-01 00:00:00.000000000,2010-12-25 01:00:00.028800000,2010-05-22 01:00:00.028800000,94 days 22:59:59.971200000,136 days 22:59:59.971200000,42 days 00:00:00.000000000
8999,2011-05-11 00:00:00.000000000,2011-05-24 00:00:00.000000000,2011-05-24 00:00:00.000000000,2011-02-14 00:00:00.000000000,1910-01-01 00:00:00.000000000,2011-02-08 13:42:51.465600000,2010-11-14 13:42:51.465600000,91 days 10:17:08.534400000,104 days 10:17:08.534400000,13 days 00:00:00.000000000
9000,2011-05-31 00:00:00.000000000,2011-06-09 00:00:00.000000000,2011-06-09 00:00:00.000000000,2010-10-13 00:00:00.000000000,1910-01-01 00:00:00.000000000,2010-11-21 12:00:00.000000000,2010-04-05 12:00:00.000000000,190 days 12:00:00.000000000,199 days 12:00:00.000000000,9 days 00:00:00.000000000
9001,2011-06-06 00:00:00.000000000,2011-06-01 00:00:00.000000000,2011-06-01 00:00:00.000000000,2011-03-11 00:00:00.000000000,1910-01-01 00:00:00.000000000,2011-03-06 13:42:51.465600000,2010-12-09 13:42:51.465600000,91 days 10:17:08.534400000,86 days 10:17:08.534400000,-5 days +00:00:00.000000000
9002,2011-03-30 00:00:00.000000000,2011-06-13 00:00:00.000000000,2011-06-13 00:00:00.000000000,2010-10-13 00:00:00.000000000,1910-01-01 00:00:00.000000000,2010-09-20 12:00:00.000000000,2010-04-05 12:00:00.000000000,190 days 12:00:00.000000000,265 days 12:00:00.000000000,75 days 00:00:00.000000000
9003,2011-04-28 00:00:00.000000000,2011-06-01 00:00:00.000000000,2011-06-01 00:00:00.000000000,2010-12-02 00:00:00.000000000,1910-01-01 00:00:00.000000000,2011-01-28 21:40:38.726400000,2010-09-03 21:40:38.726400000,89 days 02:19:21.273600000,123 days 02:19:21.273600000,34 days 00:00:00.000000000
9004,2011-06-15 00:00:00.000000000,2011-07-06 00:00:00.000000000,2011-07-06 00:00:00.000000000,2011-02-21 00:00:00.000000000,1910-01-01 00:00:00.000000000,2011-03-12 01:00:00.028800000,2010-11-18 01:00:00.028800000,94 days 22:59:59.971200000,115 days 22:59:59.971200000,21 days 00:00:00.000000000
9005,2011-06-21 00:00:00.000000000,2011-06-01 00:00:00.000000000,2011-06-01 00:00:00.000000000,2011-05-23 00:00:00.000000000,1910-01-01 00:00:00.000000000,2011-01-11 13:05:27.312000000,2010-12-13 13:05:27.312000000,160 days 10:54:32.688000000,140 days 10:54:32.688000000,-20 days +00:00:00.000000000
9006,2011-06-21 00:00:00.000000000,2011-06-01 00:00:00.000000000,2011-06-01 00:00:00.000000000,2011-05-23 00:00:00.000000000,1910-01-01 00:00:00.000000000,2011-01-11 13:05:27.312000000,2010-12-13 13:05:27.312000000,160 days 10:54:32.688000000,140 days 10:54:32.688000000,-20 days +00:00:00.000000000
9007,2011-07-15 00:00:00.000000000,2011-07-01 00:00:00.000000000,2011-07-01 00:00:00.000000000,2011-06-17 00:00:00.000000000,1910-01-01 00:00:00.000000000,2011-02-21 13:25:06.153600000,2011-01-24 13:25:06.153600000,143 days 10:34:53.846400000,129 days 10:34:53.846400000,-14 days +00:00:00.000000000
9008,2011-07-04 00:00:00.000000000,2011-07-20 00:00:00.000000000,2011-07-20 00:00:00.000000000,2011-06-06 00:00:00.000000000,1910-01-01 00:00:00.000000000,2011-02-10 13:25:06.153600000,2011-01-13 13:25:06.153600000,143 days 10:34:53.846400000,159 days 10:34:53.846400000,16 days 00:00:00.000000000
9009,2011-08-31 00:00:00.000000000,2011-08-30 00:00:00.000000000,2011-08-30 00:00:00.000000000,2011-01-24 00:00:00.000000000,1910-01-01 00:00:00.000000000,2011-04-08 14:07:03.504000000,2010-09-01 14:07:03.504000000,144 days 09:52:56.496000000,143 days 09:52:56.496000000,-1 days +00:00:00.000000000
9010,2011-09-30 00:00:00.000000000,2011-08-04 00:00:00.000000000,2011-08-04 00:00:00.000000000,2010-10-13 00:00:00.000000000,1910-01-01 00:00:00.000000000,2011-03-23 12:00:00.000000000,2010-04-05 12:00:00.000000000,190 days 12:00:00.000000000,133 days 12:00:00.000000000,-57 days +00:00:00.000000000
9011,2011-07-22 00:00:00.000000000,2011-07-17 00:00:00.000000000,2011-07-17 00:00:00.000000000,2010-10-13 00:00:00.000000000,1910-01-01 00:00:00.000000000,2011-04-15 01:36:00.028800000,2010-07-07 01:36:00.028800000,97 days 22:23:59.971200000,92 days 22:23:59.971200000,-5 days +00:00:00.000000000
9012,2011-09-27 00:00:00.000000000,2011-09-12 00:00:00.000000000,2011-09-12 00:00:00.000000000,2011-05-03 00:00:00.000000000,1910-01-01 00:00:00.000000000,2011-04-17 16:33:06.192000000,2010-11-21 16:33:06.192000000,162 days 07:26:53.808000000,147 days 07:26:53.808000000,-15 days +00:00:00.000000000
9013,2011-09-30 00:00:00.000000000,2011-10-07 00:00:00.000000000,2011-10-07 00:00:00.000000000,2011-01-19 00:00:00.000000000,1910-01-01 00:00:00.000000000,2011-03-23 12:00:00.000000000,2010-07-12 12:00:00.000000000,190 days 12:00:00.000000000,197 days 12:00:00.000000000,7 days 00:00:00.000000000
9014,2011-12-15 00:00:00.000000000,2011-09-28 00:00:00.000000000,2011-09-28 00:00:00.000000000,2011-08-19 00:00:00.000000000,1910-01-01 00:00:00.000000000,2011-09-30 14:24:00.000000000,2011-06-04 14:24:00.000000000,75 days 09:36:00.000000000,-3 days +09:36:00.000000000,-78 days +00:00:00.000000000
9015,2011-10-03 00:00:00.000000000,2011-09-23 00:00:00.000000000,2011-09-23 00:00:00.000000000,2010-12-02 00:00:00.000000000,1910-01-01 00:00:00.000000000,2011-07-05 21:40:38.726400000,2010-09-03 21:40:38.726400000,89 days 02:19:21.273600000,79 days 02:19:21.273600000,-10 days +00:00:00.000000000
9016,2011-10-14 00:00:00.000000000,2011-10-21 00:00:00.000000000,2011-10-21 00:00:00.000000000,2010-10-13 00:00:00.000000000,1910-01-01 00:00:00.000000000,2011-04-06 12:00:00.000000000,2010-04-05 12:00:00.000000000,190 days 12:00:00.000000000,197 days 12:00:00.000000000,7 days 00:00:00.000000000
9017,2011-10-27 00:00:00.000000000,2011-10-21 00:00:00.000000000,2011-10-21 00:00:00.000000000,2011-04-29 00:00:00.000000000,1910-01-01 00:00:00.000000000,2011-04-19 12:00:00.000000000,2010-10-20 12:00:00.000000000,190 days 12:00:00.000000000,184 days 12:00:00.000000000,-6 days +00:00:00.000000000
9018,2011-12-12 00:00:00.000000000,2011-10-18 00:00:00.000000000,2011-10-18 00:00:00.000000000,2011-09-14 00:00:00.000000000,1910-01-01 00:00:00.000000000,2011-10-10 16:00:00.028800000,2011-07-13 16:00:00.028800000,62 days 07:59:59.971200000,7 days 07:59:59.971200000,-55 days +00:00:00.000000000
9019,2011-11-22 00:00:00.000000000,2011-10-31 00:00:00.000000000,2011-10-31 00:00:00.000000000,2011-05-03 00:00:00.000000000,1910-01-01 00:00:00.000000000,2011-06-12 16:33:06.192000000,2010-11-21 16:33:06.192000000,162 days 07:26:53.808000000,140 days 07:26:53.808000000,-22 days +00:00:00.000000000
9020,2012-01-25 00:00:00.000000000,2012-01-25 00:00:00.000000000,2012-01-25 00:00:00.000000000,2011-08-04 00:00:00.000000000,1910-01-01 00:00:00.000000000,2011-10-25 01:30:00.000000000,2011-05-04 01:30:00.000000000,91 days 22:30:00.000000000,91 days 22:30:00.000000000,0 days 00:00:00.000000000
9021,2011-12-20 00:00:00.000000000,2011-12-12 00:00:00.000000000,2011-12-12 00:00:00.000000000,2011-08-22 00:00:00.000000000,1910-01-01 00:00:00.000000000,2011-09-21 21:40:38.726400000,2011-05-24 21:40:38.726400000,89 days 02:19:21.273600000,81 days 02:19:21.273600000,-8 days +00:00:00.000000000
9022,2011-12-31 00:00:00.000000000,2011-12-20 00:00:00.000000000,2011-12-20 00:00:00.000000000,2011-05-11 00:00:00.000000000,1910-01-01 00:00:00.000000000,2011-09-24 01:36:00.028800000,2011-02-02 01:36:00.028800000,97 days 22:23:59.971200000,86 days 22:23:59.971200000,-11 days +00:00:00.000000000
9023,2011-12-08 00:00:00.000000000,2011-11-25 00:00:00.000000000,2011-11-25 00:00:00.000000000,2011-10-19 00:00:00.000000000,1910-01-01 00:00:00.000000000,2011-06-04 07:59:59.971200000,2011-04-15 07:59:59.971200000,186 days 16:00:00.028800000,173 days 16:00:00.028800000,-13 days +00:00:00.000000000
9024,2012-02-28 00:00:00.000000000,2011-11-28 00:00:00.000000000,2011-11-28 00:00:00.000000000,2011-07-26 00:00:00.000000000,1910-01-01 00:00:00.000000000,2011-10-14 04:48:00.000000000,2011-03-11 04:48:00.000000000,136 days 19:12:00.000000000,44 days 19:12:00.000000000,-92 days +00:00:00.000000000
9025,2011-11-30 00:00:00.000000000,2011-11-11 00:00:00.000000000,2011-11-11 00:00:00.000000000,2011-11-01 00:00:00.000000000,1910-01-01 00:00:00.000000000,2011-09-13 15:31:45.897600000,2011-08-15 15:31:45.897600000,77 days 08:28:14.102400000,58 days 08:28:14.102400000,-19 days +00:00:00.000000000
9026,2011-12-05 00:00:00.000000000,2011-12-02 00:00:00.000000000,2011-12-02 00:00:00.000000000,2011-08-12 00:00:00.000000000,1910-01-01 00:00:00.000000000,2011-06-01 07:59:59.971200000,2011-02-06 07:59:59.971200000,186 days 16:00:00.028800000,183 days 16:00:00.028800000,-3 days +00:00:00.000000000
9027,2011-12-07 00:00:00.000000000,2011-12-09 00:00:00.000000000,2011-12-09 00:00:00.000000000,2011-01-19 00:00:00.000000000,1910-01-01 00:00:00.000000000,2011-05-30 12:00:00.000000000,2010-07-12 12:00:00.000000000,190 days 12:00:00.000000000,192 days 12:00:00.000000000,2 days 00:00:00.000000000
9028,2011-12-20 00:00:00.000000000,2011-12-20 00:00:00.000000000,2011-12-20 00:00:00.000000000,2011-06-06 00:00:00.000000000,1910-01-01 00:00:00.000000000,2011-09-16 01:00:00.028800000,2011-03-03 01:00:00.028800000,94 days 22:59:59.971200000,94 days 22:59:59.971200000,0 days 00:00:00.000000000
9029,2012-02-06 00:00:00.000000000,2012-02-06 00:00:00.000000000,2012-02-06 00:00:00.000000000,2011-08-25 00:00:00.000000000,1910-01-01 00:00:00.000000000,2011-09-28 03:00:00.000000000,2011-04-16 03:00:00.000000000,130 days 21:00:00.000000000,130 days 21:00:00.000000000,0 days 00:00:00.000000000
9030,2012-02-06 00:00:00.000000000,2012-02-06 00:00:00.000000000,2012-02-06 00:00:00.000000000,2011-08-25 00:00:00.000000000,1910-01-01 00:00:00.000000000,2011-09-28 03:00:00.000000000,2011-04-16 03:00:00.000000000,130 days 21:00:00.000000000,130 days 21:00:00.000000000,0 days 00:00:00.000000000
9031,2012-01-31 00:00:00.000000000,2012-01-18 00:00:00.000000000,2012-01-18 00:00:00.000000000,2011-08-19 00:00:00.000000000,1910-01-01 00:00:00.000000000,2011-11-10 13:20:00.038400000,2011-05-29 13:20:00.038400000,81 days 10:39:59.961600000,68 days 10:39:59.961600000,-13 days +00:00:00.000000000
9032,2012-02-15 00:00:00.000000000,2012-01-19 00:00:00.000000000,2012-01-19 00:00:00.000000000,2011-05-11 00:00:00.000000000,1910-01-01 00:00:00.000000000,2011-11-15 22:02:26.908800000,2011-02-08 22:02:26.908800000,91 days 01:57:33.091200000,64 days 01:57:33.091200000,-27 days +00:00:00.000000000
9033,2012-03-16 00:00:00.000000000,2012-02-14 00:00:00.000000000,2012-02-14 00:00:00.000000000,2011-11-21 00:00:00.000000000,1910-01-01 00:00:00.000000000,2011-09-02 19:59:59.971200000,2011-05-09 19:59:59.971200000,195 days 04:00:00.028800000,164 days 04:00:00.028800000,-31 days +00:00:00.000000000
9034,2012-03-16 00:00:00.000000000,2012-02-14 00:00:00.000000000,2012-02-14 00:00:00.000000000,2011-11-21 00:00:00.000000000,1910-01-01 00:00:00.000000000,2011-09-02 19:59:59.971200000,2011-05-09 19:59:59.971200000,195 days 04:00:00.028800000,164 days 04:00:00.028800000,-31 days +00:00:00.000000000
9035,2012-03-16 00:00:00.000000000,2012-02-14 00:00:00.000000000,2012-02-14 00:00:00.000000000,2011-11-21 00:00:00.000000000,1910-01-01 00:00:00.000000000,2011-09-02 19:59:59.971200000,2011-05-09 19:59:59.971200000,195 days 04:00:00.028800000,164 days 04:00:00.028800000,-31 days +00:00:00.000000000
9036,2012-03-16 00:00:00.000000000,2012-02-14 00:00:00.000000000,2012-02-14 00:00:00.000000000,2011-11-21 00:00:00.000000000,1910-01-01 00:00:00.000000000,2011-09-02 19:59:59.971200000,2011-05-09 19:59:59.971200000,195 days 04:00:00.028800000,164 days 04:00:00.028800000,-31 days +00:00:00.000000000
9037,2012-03-16 00:00:00.000000000,2012-03-14 00:00:00.000000000,2012-03-14 00:00:00.000000000,2011-11-21 00:00:00.000000000,1910-01-01 00:00:00.000000000,2011-09-02 19:59:59.971200000,2011-05-09 19:59:59.971200000,195 days 04:00:00.028800000,193 days 04:00:00.028800000,-2 days +00:00:00.000000000
9038,2012-03-16 00:00:00.000000000,2012-03-14 00:00:00.000000000,2012-03-14 00:00:00.000000000,2011-11-21 00:00:00.000000000,1910-01-01 00:00:00.000000000,2011-09-02 19:59:59.971200000,2011-05-09 19:59:59.971200000,195 days 04:00:00.028800000,193 days 04:00:00.028800000,-2 days +00:00:00.000000000
9039,2012-03-16 00:00:00.000000000,2012-04-13 00:00:00.000000000,2012-04-13 00:00:00.000000000,2011-11-21 00:00:00.000000000,1910-01-01 00:00:00.000000000,2011-09-02 19:59:59.971200000,2011-05-09 19:59:59.971200000,195 days 04:00:00.028800000,223 days 04:00:00.028800000,28 days 00:00:00.000000000
9040,2012-03-16 00:00:00.000000000,2012-04-13 00:00:00.000000000,2012-04-13 00:00:00.000000000,2011-11-21 00:00:00.000000000,1910-01-01 00:00:00.000000000,2011-09-02 19:59:59.971200000,2011-05-09 19:59:59.971200000,195 days 04:00:00.028800000,223 days 04:00:00.028800000,28 days 00:00:00.000000000
9041,2012-03-16 00:00:00.000000000,2012-03-23 00:00:00.000000000,2012-03-23 00:00:00.000000000,2011-11-21 00:00:00.000000000,1910-01-01 00:00:00.000000000,2011-09-02 19:59:59.971200000,2011-05-09 19:59:59.971200000,195 days 04:00:00.028800000,202 days 04:00:00.028800000,7 days 00:00:00.000000000
9042,2012-02-29 00:00:00.000000000,2012-03-08 00:00:00.000000000,2012-03-08 00:00:00.000000000,2011-01-24 00:00:00.000000000,1910-01-01 00:00:00.000000000,2011-11-29 01:30:00.000000000,2010-10-24 01:30:00.000000000,91 days 22:30:00.000000000,99 days 22:30:00.000000000,8 days 00:00:00.000000000
9043,2012-02-29 00:00:00.000000000,2012-02-16 00:00:00.000000000,2012-02-16 00:00:00.000000000,2011-01-19 00:00:00.000000000,1910-01-01 00:00:00.000000000,2011-07-23 17:08:34.310400000,2010-06-12 17:08:34.310400000,220 days 06:51:25.689600000,207 days 06:51:25.689600000,-13 days +00:00:00.000000000
9044,2012-03-22 00:00:00.000000000,2012-03-22 00:00:00.000000000,2012-03-22 00:00:00.000000000,2011-11-21 00:00:00.000000000,1910-01-01 00:00:00.000000000,2011-09-08 19:59:59.971200000,2011-05-09 19:59:59.971200000,195 days 04:00:00.028800000,195 days 04:00:00.028800000,0 days 00:00:00.000000000
9045,2012-03-02 00:00:00.000000000,2012-03-12 00:00:00.000000000,2012-03-12 00:00:00.000000000,2011-12-20 00:00:00.000000000,1910-01-01 00:00:00.000000000,2011-12-01 22:02:26.908800000,2011-09-19 22:02:26.908800000,91 days 01:57:33.091200000,101 days 01:57:33.091200000,10 days 00:00:00.000000000
9046,2012-03-30 00:00:00.000000000,2012-03-12 00:00:00.000000000,2012-03-12 00:00:00.000000000,2011-08-22 00:00:00.000000000,1910-01-01 00:00:00.000000000,2011-12-21 19:41:32.323200000,2011-05-14 19:41:32.323200000,99 days 04:18:27.676800000,81 days 04:18:27.676800000,-18 days +00:00:00.000000000
9047,2012-03-19 00:00:00.000000000,2012-02-24 00:00:00.000000000,2012-02-24 00:00:00.000000000,2011-11-11 00:00:00.000000000,1910-01-01 00:00:00.000000000,2011-11-09 03:00:00.000000000,2011-07-03 03:00:00.000000000,130 days 21:00:00.000000000,106 days 21:00:00.000000000,-24 days +00:00:00.000000000
9048,2012-04-06 00:00:00.000000000,2012-02-14 00:00:00.000000000,2012-02-14 00:00:00.000000000,2011-08-22 00:00:00.000000000,1910-01-01 00:00:00.000000000,2011-12-28 19:41:32.323200000,2011-05-14 19:41:32.323200000,99 days 04:18:27.676800000,47 days 04:18:27.676800000,-52 days +00:00:00.000000000
9049,2012-06-20 00:00:00.000000000,2012-02-16 00:00:00.000000000,2012-02-16 00:00:00.000000000,2011-12-08 00:00:00.000000000,1910-01-01 00:00:00.000000000,2012-03-11 02:05:13.084800000,2011-08-29 02:05:13.084800000,100 days 21:54:46.915200000,-25 days +21:54:46.915200000,-125 days +00:00:00.000000000
9050,2012-06-20 00:00:00.000000000,2012-02-16 00:00:00.000000000,2012-02-16 00:00:00.000000000,2011-12-08 00:00:00.000000000,1910-01-01 00:00:00.000000000,2012-03-11 02:05:13.084800000,2011-08-29 02:05:13.084800000,100 days 21:54:46.915200000,-25 days +21:54:46.915200000,-125 days +00:00:00.000000000
9051,2012-06-20 00:00:00.000000000,2012-02-16 00:00:00.000000000,2012-02-16 00:00:00.000000000,2011-12-08 00:00:00.000000000,1910-01-01 00:00:00.000000000,2012-03-11 02:05:13.084800000,2011-08-29 02:05:13.084800000,100 days 21:54:46.915200000,-25 days +21:54:46.915200000,-125 days +00:00:00.000000000
9052,2012-04-11 00:00:00.000000000,2012-04-11 00:00:00.000000000,2012-04-11 00:00:00.000000000,2011-08-22 00:00:00.000000000,1910-01-01 00:00:00.000000000,2012-01-02 19:41:32.323200000,2011-05-14 19:41:32.323200000,99 days 04:18:27.676800000,99 days 04:18:27.676800000,0 days 00:00:00.000000000
9053,2012-05-15 00:00:00.000000000,2012-02-27 00:00:00.000000000,2012-02-27 00:00:00.000000000,2011-09-27 00:00:00.000000000,1910-01-01 00:00:00.000000000,2011-12-30 04:48:00.000000000,2011-05-13 04:48:00.000000000,136 days 19:12:00.000000000,58 days 19:12:00.000000000,-78 days +00:00:00.000000000
9054,2012-04-26 00:00:00.000000000,2012-05-04 00:00:00.000000000,2012-05-04 00:00:00.000000000,2012-01-25 00:00:00.000000000,1910-01-01 00:00:00.000000000,2012-03-01 07:59:59.971200000,2011-11-30 07:59:59.971200000,55 days 16:00:00.028800000,63 days 16:00:00.028800000,8 days 00:00:00.000000000
9055,2012-04-24 00:00:00.000000000,2012-02-27 00:00:00.000000000,2012-02-27 00:00:00.000000000,2012-02-10 00:00:00.000000000,1910-01-01 00:00:00.000000000,2012-03-01 01:59:59.971200000,2011-12-18 01:59:59.971200000,53 days 22:00:00.028800000,-4 days +22:00:00.028800000,-57 days +00:00:00.000000000
9056,2012-04-19 00:00:00.000000000,2012-04-19 00:00:00.000000000,2012-04-19 00:00:00.000000000,2011-08-29 00:00:00.000000000,1910-01-01 00:00:00.000000000,2011-12-10 03:00:00.000000000,2011-04-20 03:00:00.000000000,130 days 21:00:00.000000000,130 days 21:00:00.000000000,0 days 00:00:00.000000000
9057,2012-04-13 00:00:00.000000000,2012-04-10 00:00:00.000000000,2012-04-10 00:00:00.000000000,2011-10-04 00:00:00.000000000,1910-01-01 00:00:00.000000000,2011-09-05 17:08:34.310400000,2011-02-25 17:08:34.310400000,220 days 06:51:25.689600000,217 days 06:51:25.689600000,-3 days +00:00:00.000000000
9058,2012-04-13 00:00:00.000000000,2012-04-10 00:00:00.000000000,2012-04-10 00:00:00.000000000,2011-10-04 00:00:00.000000000,1910-01-01 00:00:00.000000000,2011-09-05 17:08:34.310400000,2011-02-25 17:08:34.310400000,220 days 06:51:25.689600000,217 days 06:51:25.689600000,-3 days +00:00:00.000000000
9059,2012-05-16 00:00:00.000000000,2012-03-27 00:00:00.000000000,2012-03-27 00:00:00.000000000,2011-10-05 00:00:00.000000000,1910-01-01 00:00:00.000000000,2012-03-23 01:59:59.971200000,2011-08-12 01:59:59.971200000,53 days 22:00:00.028800000,3 days 22:00:00.028800000,-50 days +00:00:00.000000000
9060,2012-04-27 00:00:00.000000000,2012-04-16 00:00:00.000000000,2012-04-16 00:00:00.000000000,2011-11-06 00:00:00.000000000,1910-01-01 00:00:00.000000000,2011-12-12 04:48:00.000000000,2011-06-22 04:48:00.000000000,136 days 19:12:00.000000000,125 days 19:12:00.000000000,-11 days +00:00:00.000000000
9061,2012-05-07 00:00:00.000000000,2012-05-10 00:00:00.000000000,2012-05-10 00:00:00.000000000,2011-08-04 00:00:00.000000000,1910-01-01 00:00:00.000000000,2012-02-05 01:30:00.000000000,2011-05-04 01:30:00.000000000,91 days 22:30:00.000000000,94 days 22:30:00.000000000,3 days 00:00:00.000000000
9062,2012-04-17 00:00:00.000000000,2012-05-07 00:00:00.000000000,2012-05-07 00:00:00.000000000,2011-10-04 00:00:00.000000000,1910-01-01 00:00:00.000000000,2011-09-09 17:08:34.310400000,2011-02-25 17:08:34.310400000,220 days 06:51:25.689600000,240 days 06:51:25.689600000,20 days 00:00:00.000000000
9063,2012-05-15 00:00:00.000000000,2012-04-30 00:00:00.000000000,2012-04-30 00:00:00.000000000,2011-09-27 00:00:00.000000000,1910-01-01 00:00:00.000000000,2011-12-30 04:48:00.000000000,2011-05-13 04:48:00.000000000,136 days 19:12:00.000000000,121 days 19:12:00.000000000,-15 days +00:00:00.000000000
9064,2012-05-15 00:00:00.000000000,2012-04-30 00:00:00.000000000,2012-04-30 00:00:00.000000000,2011-09-27 00:00:00.000000000,1910-01-01 00:00:00.000000000,2011-12-30 04:48:00.000000000,2011-05-13 04:48:00.000000000,136 days 19:12:00.000000000,121 days 19:12:00.000000000,-15 days +00:00:00.000000000
9065,2012-05-08 00:00:00.000000000,2012-04-30 00:00:00.000000000,2012-04-30 00:00:00.000000000,2012-01-16 00:00:00.000000000,1910-01-01 00:00:00.000000000,2011-12-23 04:48:00.000000000,2011-09-01 04:48:00.000000000,136 days 19:12:00.000000000,128 days 19:12:00.000000000,-8 days +00:00:00.000000000
9066,2012-07-04 00:00:00.000000000,2012-04-30 00:00:00.000000000,2012-04-30 00:00:00.000000000,2011-12-08 00:00:00.000000000,1910-01-01 00:00:00.000000000,2012-03-25 02:05:13.084800000,2011-08-29 02:05:13.084800000,100 days 21:54:46.915200000,35 days 21:54:46.915200000,-65 days +00:00:00.000000000
9067,2012-05-21 00:00:00.000000000,2012-05-04 00:00:00.000000000,2012-05-04 00:00:00.000000000,2012-04-09 00:00:00.000000000,1910-01-01 00:00:00.000000000,2012-01-31 15:30:54.576000000,2011-12-20 15:30:54.576000000,110 days 08:29:05.424000000,93 days 08:29:05.424000000,-17 days +00:00:00.000000000
9068,2012-05-21 00:00:00.000000000,2012-05-16 00:00:00.000000000,2012-05-16 00:00:00.000000000,2012-04-09 00:00:00.000000000,1910-01-01 00:00:00.000000000,2012-01-31 15:30:54.576000000,2011-12-20 15:30:54.576000000,110 days 08:29:05.424000000,105 days 08:29:05.424000000,-5 days +00:00:00.000000000
9069,2012-05-23 00:00:00.000000000,2012-05-23 00:00:00.000000000,2012-05-23 00:00:00.000000000,2012-04-04 00:00:00.000000000,1910-01-01 00:00:00.000000000,2012-02-02 15:30:54.576000000,2011-12-15 15:30:54.576000000,110 days 08:29:05.424000000,110 days 08:29:05.424000000,0 days 00:00:00.000000000
9070,2012-08-02 00:00:00.000000000,2012-04-30 00:00:00.000000000,2012-04-30 00:00:00.000000000,2012-03-01 00:00:00.000000000,1910-01-01 00:00:00.000000000,2012-04-23 02:05:13.084800000,2011-11-21 02:05:13.084800000,100 days 21:54:46.915200000,6 days 21:54:46.915200000,-94 days +00:00:00.000000000
9071,2012-05-31 00:00:00.000000000,2012-05-25 00:00:00.000000000,2012-05-25 00:00:00.000000000,2011-10-04 00:00:00.000000000,1910-01-01 00:00:00.000000000,2011-10-23 17:08:34.310400000,2011-02-25 17:08:34.310400000,220 days 06:51:25.689600000,214 days 06:51:25.689600000,-6 days +00:00:00.000000000
9072,2012-05-30 00:00:00.000000000,2012-05-30 00:00:00.000000000,2012-05-30 00:00:00.000000000,2011-11-11 00:00:00.000000000,1910-01-01 00:00:00.000000000,2012-01-20 03:00:00.000000000,2011-07-03 03:00:00.000000000,130 days 21:00:00.000000000,130 days 21:00:00.000000000,0 days 00:00:00.000000000
9073,2012-06-29 00:00:00.000000000,2012-06-06 00:00:00.000000000,2012-06-06 00:00:00.000000000,2011-12-20 00:00:00.000000000,1910-01-01 00:00:00.000000000,2012-03-29 22:02:26.908800000,2011-09-19 22:02:26.908800000,91 days 01:57:33.091200000,68 days 01:57:33.091200000,-23 days +00:00:00.000000000
9074,2012-06-15 00:00:00.000000000,2012-06-18 00:00:00.000000000,2012-06-18 00:00:00.000000000,2011-11-06 00:00:00.000000000,1910-01-01 00:00:00.000000000,2012-01-30 04:48:00.000000000,2011-06-22 04:48:00.000000000,136 days 19:12:00.000000000,139 days 19:12:00.000000000,3 days 00:00:00.000000000
9075,2012-08-14 00:00:00.000000000,2012-06-27 00:00:00.000000000,2012-06-27 00:00:00.000000000,2011-10-04 00:00:00.000000000,1910-01-01 00:00:00.000000000,2012-01-06 17:08:34.310400000,2011-02-25 17:08:34.310400000,220 days 06:51:25.689600000,172 days 06:51:25.689600000,-48 days +00:00:00.000000000
9076,2012-08-14 00:00:00.000000000,2012-06-27 00:00:00.000000000,2012-06-27 00:00:00.000000000,2011-10-04 00:00:00.000000000,1910-01-01 00:00:00.000000000,2012-01-06 17:08:34.310400000,2011-02-25 17:08:34.310400000,220 days 06:51:25.689600000,172 days 06:51:25.689600000,-48 days +00:00:00.000000000
9077,2012-09-11 00:00:00.000000000,2012-09-11 00:00:00.000000000,2012-09-11 00:00:00.000000000,2012-04-02 00:00:00.000000000,1910-01-01 00:00:00.000000000,2012-02-28 19:59:59.971200000,2011-09-19 19:59:59.971200000,195 days 04:00:00.028800000,195 days 04:00:00.028800000,0 days 00:00:00.000000000
9078,2012-09-11 00:00:00.000000000,2012-09-11 00:00:00.000000000,2012-09-11 00:00:00.000000000,2012-04-02 00:00:00.000000000,1910-01-01 00:00:00.000000000,2012-02-28 19:59:59.971200000,2011-09-19 19:59:59.971200000,195 days 04:00:00.028800000,195 days 04:00:00.028800000,0 days 00:00:00.000000000
9079,2012-06-20 00:00:00.000000000,2012-06-15 00:00:00.000000000,2012-06-15 00:00:00.000000000,2012-01-30 00:00:00.000000000,1910-01-01 00:00:00.000000000,2012-02-10 03:00:00.000000000,2011-09-21 03:00:00.000000000,130 days 21:00:00.000000000,125 days 21:00:00.000000000,-5 days +00:00:00.000000000
9080,2012-07-10 00:00:00.000000000,2012-06-13 00:00:00.000000000,2012-06-13 00:00:00.000000000,2012-05-04 00:00:00.000000000,1910-01-01 00:00:00.000000000,2012-04-19 13:20:00.038400000,2012-02-12 13:20:00.038400000,81 days 10:39:59.961600000,54 days 10:39:59.961600000,-27 days +00:00:00.000000000
9081,2012-06-29 00:00:00.000000000,2012-06-18 00:00:00.000000000,2012-06-18 00:00:00.000000000,2011-12-22 00:00:00.000000000,1910-01-01 00:00:00.000000000,2012-02-13 04:48:00.000000000,2011-08-07 04:48:00.000000000,136 days 19:12:00.000000000,125 days 19:12:00.000000000,-11 days +00:00:00.000000000
9082,2012-06-20 00:00:00.000000000,2012-06-03 00:00:00.000000000,2012-06-03 00:00:00.000000000,2011-12-08 00:00:00.000000000,1910-01-01 00:00:00.000000000,2012-03-11 02:05:13.084800000,2011-08-29 02:05:13.084800000,100 days 21:54:46.915200000,83 days 21:54:46.915200000,-17 days +00:00:00.000000000
9083,2012-08-02 00:00:00.000000000,2012-06-03 00:00:00.000000000,2012-06-03 00:00:00.000000000,2012-03-01 00:00:00.000000000,1910-01-01 00:00:00.000000000,2012-04-23 02:05:13.084800000,2011-11-21 02:05:13.084800000,100 days 21:54:46.915200000,40 days 21:54:46.915200000,-60 days +00:00:00.000000000
9084,2012-06-29 00:00:00.000000000,2012-07-02 00:00:00.000000000,2012-07-02 00:00:00.000000000,2012-04-04 00:00:00.000000000,1910-01-01 00:00:00.000000000,2012-03-10 15:30:54.576000000,2011-12-15 15:30:54.576000000,110 days 08:29:05.424000000,113 days 08:29:05.424000000,3 days 00:00:00.000000000
9085,2012-07-16 00:00:00.000000000,2012-07-03 00:00:00.000000000,2012-07-03 00:00:00.000000000,2011-11-11 00:00:00.000000000,1910-01-01 00:00:00.000000000,2012-03-07 03:00:00.000000000,2011-07-03 03:00:00.000000000,130 days 21:00:00.000000000,117 days 21:00:00.000000000,-13 days +00:00:00.000000000
9086,2012-07-05 00:00:00.000000000,2012-07-16 00:00:00.000000000,2012-07-16 00:00:00.000000000,2012-06-06 00:00:00.000000000,1910-01-01 00:00:00.000000000,2012-05-12 01:59:59.971200000,2012-04-13 01:59:59.971200000,53 days 22:00:00.028800000,64 days 22:00:00.028800000,11 days 00:00:00.000000000
9087,2012-07-09 00:00:00.000000000,2012-07-09 00:00:00.000000000,2012-07-09 00:00:00.000000000,2011-12-08 00:00:00.000000000,1910-01-01 00:00:00.000000000,2012-03-30 02:05:13.084800000,2011-08-29 02:05:13.084800000,100 days 21:54:46.915200000,100 days 21:54:46.915200000,0 days 00:00:00.000000000
9088,2012-08-14 00:00:00.000000000,2012-07-23 00:00:00.000000000,2012-07-23 00:00:00.000000000,2011-10-04 00:00:00.000000000,1910-01-01 00:00:00.000000000,2012-01-06 17:08:34.310400000,2011-02-25 17:08:34.310400000,220 days 06:51:25.689600000,198 days 06:51:25.689600000,-22 days +00:00:00.000000000
9089,2012-09-05 00:00:00.000000000,2012-07-26 00:00:00.000000000,2012-07-26 00:00:00.000000000,2012-02-20 00:00:00.000000000,1910-01-01 00:00:00.000000000,2012-07-13 01:59:59.971200000,2011-12-28 01:59:59.971200000,53 days 22:00:00.028800000,12 days 22:00:00.028800000,-41 days +00:00:00.000000000
9090,2012-08-17 00:00:00.000000000,2012-08-07 00:00:00.000000000,2012-08-07 00:00:00.000000000,2012-05-09 00:00:00.000000000,1910-01-01 00:00:00.000000000,2012-06-24 01:59:59.971200000,2012-03-16 01:59:59.971200000,53 days 22:00:00.028800000,43 days 22:00:00.028800000,-10 days +00:00:00.000000000
9091,2012-07-31 00:00:00.000000000,2012-08-01 00:00:00.000000000,2012-08-01 00:00:00.000000000,2012-03-08 00:00:00.000000000,1910-01-01 00:00:00.000000000,2012-03-16 04:48:00.000000000,2011-10-23 04:48:00.000000000,136 days 19:12:00.000000000,137 days 19:12:00.000000000,1 days 00:00:00.000000000
9092,2012-07-31 00:00:00.000000000,2012-07-31 00:00:00.000000000,2012-07-31 00:00:00.000000000,2011-12-21 00:00:00.000000000,1910-01-01 00:00:00.000000000,2012-03-22 03:00:00.000000000,2011-08-12 03:00:00.000000000,130 days 21:00:00.000000000,130 days 21:00:00.000000000,0 days 00:00:00.000000000
9093,2012-09-04 00:00:00.000000000,2012-08-22 00:00:00.000000000,2012-08-22 00:00:00.000000000,2012-02-15 00:00:00.000000000,1910-01-01 00:00:00.000000000,2012-05-27 19:41:32.323200000,2011-11-07 19:41:32.323200000,99 days 04:18:27.676800000,86 days 04:18:27.676800000,-13 days +00:00:00.000000000
9094,2012-08-02 00:00:00.000000000,2012-07-24 00:00:00.000000000,2012-07-24 00:00:00.000000000,2012-03-01 00:00:00.000000000,1910-01-01 00:00:00.000000000,2012-04-23 02:05:13.084800000,2011-11-21 02:05:13.084800000,100 days 21:54:46.915200000,91 days 21:54:46.915200000,-9 days +00:00:00.000000000
9095,2012-08-15 00:00:00.000000000,2012-08-15 00:00:00.000000000,2012-08-15 00:00:00.000000000,2012-04-19 00:00:00.000000000,1910-01-01 00:00:00.000000000,2012-04-06 03:00:00.000000000,2011-12-10 03:00:00.000000000,130 days 21:00:00.000000000,130 days 21:00:00.000000000,0 days 00:00:00.000000000
9096,2012-10-31 00:00:00.000000000,2012-08-06 00:00:00.000000000,2012-08-06 00:00:00.000000000,2012-06-18 00:00:00.000000000,1910-01-01 00:00:00.000000000,2012-08-06 00:00:00.000000000,2012-03-24 00:00:00.000000000,86 days 00:00:00.000000000,0 days 00:00:00.000000000,-86 days +00:00:00.000000000
9097,2012-08-02 00:00:00.000000000,2012-07-24 00:00:00.000000000,2012-07-24 00:00:00.000000000,2012-03-01 00:00:00.000000000,1910-01-01 00:00:00.000000000,2012-04-23 02:05:13.084800000,2011-11-21 02:05:13.084800000,100 days 21:54:46.915200000,91 days 21:54:46.915200000,-9 days +00:00:00.000000000
9098,2012-12-11 00:00:00.000000000,2012-09-04 00:00:00.000000000,2012-09-04 00:00:00.000000000,2011-10-04 00:00:00.000000000,1910-01-01 00:00:00.000000000,2012-05-04 17:08:34.310400000,2011-02-25 17:08:34.310400000,220 days 06:51:25.689600000,122 days 06:51:25.689600000,-98 days +00:00:00.000000000
9099,2012-12-11 00:00:00.000000000,2012-09-04 00:00:00.000000000,2012-09-04 00:00:00.000000000,2011-10-04 00:00:00.000000000,1910-01-01 00:00:00.000000000,2012-05-04 17:08:34.310400000,2011-02-25 17:08:34.310400000,220 days 06:51:25.689600000,122 days 06:51:25.689600000,-98 days +00:00:00.000000000
9100,2012-09-30 00:00:00.000000000,2012-08-29 00:00:00.000000000,2012-08-29 00:00:00.000000000,2012-07-05 00:00:00.000000000,1910-01-01 00:00:00.000000000,2012-07-10 13:20:00.038400000,2012-04-14 13:20:00.038400000,81 days 10:39:59.961600000,49 days 10:39:59.961600000,-32 days +00:00:00.000000000
9101,2012-10-02 00:00:00.000000000,2012-08-29 00:00:00.000000000,2012-08-29 00:00:00.000000000,2012-07-05 00:00:00.000000000,1910-01-01 00:00:00.000000000,2012-07-12 13:20:00.038400000,2012-04-14 13:20:00.038400000,81 days 10:39:59.961600000,47 days 10:39:59.961600000,-34 days +00:00:00.000000000
9102,2012-10-02 00:00:00.000000000,2012-08-29 00:00:00.000000000,2012-08-29 00:00:00.000000000,2012-07-05 00:00:00.000000000,1910-01-01 00:00:00.000000000,2012-07-12 13:20:00.038400000,2012-04-14 13:20:00.038400000,81 days 10:39:59.961600000,47 days 10:39:59.961600000,-34 days +00:00:00.000000000
9103,2012-10-02 00:00:00.000000000,2012-08-29 00:00:00.000000000,2012-08-29 00:00:00.000000000,2012-07-05 00:00:00.000000000,1910-01-01 00:00:00.000000000,2012-07-12 13:20:00.038400000,2012-04-14 13:20:00.038400000,81 days 10:39:59.961600000,47 days 10:39:59.961600000,-34 days +00:00:00.000000000
9104,2013-02-14 00:00:00.000000000,2013-02-14 00:00:00.000000000,2013-02-14 00:00:00.000000000,2012-05-15 00:00:00.000000000,1910-01-01 00:00:00.000000000,2012-08-25 09:13:50.736000000,2011-11-24 09:13:50.736000000,172 days 14:46:09.264000000,172 days 14:46:09.264000000,0 days 00:00:00.000000000
9105,2013-02-14 00:00:00.000000000,2013-02-14 00:00:00.000000000,2013-02-14 00:00:00.000000000,2012-05-15 00:00:00.000000000,1910-01-01 00:00:00.000000000,2012-08-25 09:13:50.736000000,2011-11-24 09:13:50.736000000,172 days 14:46:09.264000000,172 days 14:46:09.264000000,0 days 00:00:00.000000000
9106,2012-09-30 00:00:00.000000000,2012-09-11 00:00:00.000000000,2012-09-11 00:00:00.000000000,2012-05-15 00:00:00.000000000,1910-01-01 00:00:00.000000000,2012-02-22 17:08:34.310400000,2011-10-07 17:08:34.310400000,220 days 06:51:25.689600000,201 days 06:51:25.689600000,-19 days +00:00:00.000000000
9107,2012-09-25 00:00:00.000000000,2012-09-07 00:00:00.000000000,2012-09-07 00:00:00.000000000,2012-04-27 00:00:00.000000000,1910-01-01 00:00:00.000000000,2012-05-11 04:48:00.000000000,2011-12-12 04:48:00.000000000,136 days 19:12:00.000000000,118 days 19:12:00.000000000,-18 days +00:00:00.000000000
9108,2012-11-13 00:00:00.000000000,2012-09-05 00:00:00.000000000,2012-09-05 00:00:00.000000000,2012-04-19 00:00:00.000000000,1910-01-01 00:00:00.000000000,2012-07-05 03:00:00.000000000,2011-12-10 03:00:00.000000000,130 days 21:00:00.000000000,61 days 21:00:00.000000000,-69 days +00:00:00.000000000
9109,2012-10-12 00:00:00.000000000,2012-09-25 00:00:00.000000000,2012-09-25 00:00:00.000000000,2012-07-18 00:00:00.000000000,1910-01-01 00:00:00.000000000,2012-08-19 01:59:59.971200000,2012-05-25 01:59:59.971200000,53 days 22:00:00.028800000,36 days 22:00:00.028800000,-17 days +00:00:00.000000000
9110,2012-10-15 00:00:00.000000000,2012-10-12 00:00:00.000000000,2012-10-12 00:00:00.000000000,2012-07-18 00:00:00.000000000,1910-01-01 00:00:00.000000000,2012-08-22 01:59:59.971200000,2012-05-25 01:59:59.971200000,53 days 22:00:00.028800000,50 days 22:00:00.028800000,-3 days +00:00:00.000000000
9111,2012-09-28 00:00:00.000000000,2012-10-10 00:00:00.000000000,2012-10-10 00:00:00.000000000,2012-06-18 00:00:00.000000000,1910-01-01 00:00:00.000000000,2012-07-04 00:00:00.000000000,2012-03-24 00:00:00.000000000,86 days 00:00:00.000000000,98 days 00:00:00.000000000,12 days 00:00:00.000000000
9112,2012-10-18 00:00:00.000000000,2012-10-03 00:00:00.000000000,2012-10-03 00:00:00.000000000,2012-08-17 00:00:00.000000000,1910-01-01 00:00:00.000000000,2012-07-14 11:17:38.803200000,2012-05-13 11:17:38.803200000,95 days 12:42:21.196800000,80 days 12:42:21.196800000,-15 days +00:00:00.000000000
9113,2012-10-19 00:00:00.000000000,2012-10-18 00:00:00.000000000,2012-10-18 00:00:00.000000000,2012-05-11 00:00:00.000000000,1910-01-01 00:00:00.000000000,2012-07-25 00:00:00.000000000,2012-02-15 00:00:00.000000000,86 days 00:00:00.000000000,85 days 00:00:00.000000000,-1 days +00:00:00.000000000
9114,2012-10-30 00:00:00.000000000,2012-10-10 00:00:00.000000000,2012-10-10 00:00:00.000000000,2012-06-28 00:00:00.000000000,1910-01-01 00:00:00.000000000,2012-07-30 01:30:00.000000000,2012-03-28 01:30:00.000000000,91 days 22:30:00.000000000,71 days 22:30:00.000000000,-20 days +00:00:00.000000000
9115,2012-10-31 00:00:00.000000000,2012-10-10 00:00:00.000000000,2012-10-10 00:00:00.000000000,2012-06-28 00:00:00.000000000,1910-01-01 00:00:00.000000000,2012-07-31 01:30:00.000000000,2012-03-28 01:30:00.000000000,91 days 22:30:00.000000000,70 days 22:30:00.000000000,-21 days +00:00:00.000000000
9116,2012-10-05 00:00:00.000000000,2012-10-05 00:00:00.000000000,2012-10-05 00:00:00.000000000,2012-05-15 00:00:00.000000000,1910-01-01 00:00:00.000000000,2012-02-27 17:08:34.310400000,2011-10-07 17:08:34.310400000,220 days 06:51:25.689600000,220 days 06:51:25.689600000,0 days 00:00:00.000000000
9117,2012-10-30 00:00:00.000000000,2012-10-24 00:00:00.000000000,2012-10-24 00:00:00.000000000,2012-04-19 00:00:00.000000000,1910-01-01 00:00:00.000000000,2012-06-21 03:00:00.000000000,2011-12-10 03:00:00.000000000,130 days 21:00:00.000000000,124 days 21:00:00.000000000,-6 days +00:00:00.000000000
9118,2012-10-30 00:00:00.000000000,2012-10-24 00:00:00.000000000,2012-10-24 00:00:00.000000000,2012-04-19 00:00:00.000000000,1910-01-01 00:00:00.000000000,2012-06-21 03:00:00.000000000,2011-12-10 03:00:00.000000000,130 days 21:00:00.000000000,124 days 21:00:00.000000000,-6 days +00:00:00.000000000
9119,2012-10-31 00:00:00.000000000,2012-10-19 00:00:00.000000000,2012-10-19 00:00:00.000000000,2012-04-27 00:00:00.000000000,1910-01-01 00:00:00.000000000,2012-06-16 04:48:00.000000000,2011-12-12 04:48:00.000000000,136 days 19:12:00.000000000,124 days 19:12:00.000000000,-12 days +00:00:00.000000000
9120,2012-11-06 00:00:00.000000000,2012-11-06 00:00:00.000000000,2012-11-06 00:00:00.000000000,2012-05-23 00:00:00.000000000,1910-01-01 00:00:00.000000000,2012-07-28 02:05:13.084800000,2012-02-12 02:05:13.084800000,100 days 21:54:46.915200000,100 days 21:54:46.915200000,0 days 00:00:00.000000000
9121,2012-11-07 00:00:00.000000000,2012-11-07 00:00:00.000000000,2012-11-07 00:00:00.000000000,2012-05-23 00:00:00.000000000,1910-01-01 00:00:00.000000000,2012-07-29 02:05:13.084800000,2012-02-12 02:05:13.084800000,100 days 21:54:46.915200000,100 days 21:54:46.915200000,0 days 00:00:00.000000000
9122,2012-11-30 00:00:00.000000000,2012-11-05 00:00:00.000000000,2012-11-05 00:00:00.000000000,2012-04-19 00:00:00.000000000,1910-01-01 00:00:00.000000000,2012-07-22 03:00:00.000000000,2011-12-10 03:00:00.000000000,130 days 21:00:00.000000000,105 days 21:00:00.000000000,-25 days +00:00:00.000000000
9123,2012-12-17 00:00:00.000000000,2012-12-17 00:00:00.000000000,2012-12-17 00:00:00.000000000,2012-03-29 00:00:00.000000000,1910-01-01 00:00:00.000000000,2012-08-02 04:48:00.000000000,2011-11-13 04:48:00.000000000,136 days 19:12:00.000000000,136 days 19:12:00.000000000,0 days 00:00:00.000000000
9124,2012-12-04 00:00:00.000000000,2012-12-04 00:00:00.000000000,2012-12-04 00:00:00.000000000,2012-05-23 00:00:00.000000000,1910-01-01 00:00:00.000000000,2012-08-25 02:05:13.084800000,2012-02-12 02:05:13.084800000,100 days 21:54:46.915200000,100 days 21:54:46.915200000,0 days 00:00:00.000000000
9125,2012-12-13 00:00:00.000000000,2012-12-13 00:00:00.000000000,2012-12-13 00:00:00.000000000,2012-05-15 00:00:00.000000000,1910-01-01 00:00:00.000000000,2012-05-06 17:08:34.310400000,2011-10-07 17:08:34.310400000,220 days 06:51:25.689600000,220 days 06:51:25.689600000,0 days 00:00:00.000000000
9126,2013-02-02 00:00:00.000000000,2013-02-02 00:00:00.000000000,2013-02-02 00:00:00.000000000,2012-10-10 00:00:00.000000000,1910-01-01 00:00:00.000000000,2012-11-01 18:00:00.000000000,2012-07-09 18:00:00.000000000,92 days 06:00:00.000000000,92 days 06:00:00.000000000,0 days 00:00:00.000000000
9127,2013-03-04 00:00:00.000000000,2013-03-04 00:00:00.000000000,2013-03-04 00:00:00.000000000,2012-08-24 00:00:00.000000000,1910-01-01 00:00:00.000000000,2012-11-22 04:16:00.019200000,2012-05-14 04:16:00.019200000,101 days 19:43:59.980800000,101 days 19:43:59.980800000,0 days 00:00:00.000000000
9128,2013-01-11 00:00:00.000000000,2013-01-11 00:00:00.000000000,2013-01-11 00:00:00.000000000,2012-06-28 00:00:00.000000000,1910-01-01 00:00:00.000000000,2012-08-24 16:00:00.028800000,2012-02-09 16:00:00.028800000,139 days 07:59:59.971200000,139 days 07:59:59.971200000,0 days 00:00:00.000000000
9129,2013-09-11 00:00:00.000000000,2013-09-11 00:00:00.000000000,2013-09-11 00:00:00.000000000,2012-11-16 00:00:00.000000000,1910-01-01 00:00:00.000000000,2013-03-22 09:13:50.736000000,2012-05-27 09:13:50.736000000,172 days 14:46:09.264000000,172 days 14:46:09.264000000,0 days 00:00:00.000000000
9130,2013-09-11 00:00:00.000000000,2013-09-11 00:00:00.000000000,2013-09-11 00:00:00.000000000,2012-11-16 00:00:00.000000000,1910-01-01 00:00:00.000000000,2013-03-22 09:13:50.736000000,2012-05-27 09:13:50.736000000,172 days 14:46:09.264000000,172 days 14:46:09.264000000,0 days 00:00:00.000000000
9131,2013-09-11 00:00:00.000000000,2013-09-11 00:00:00.000000000,2013-09-11 00:00:00.000000000,2012-11-16 00:00:00.000000000,1910-01-01 00:00:00.000000000,2013-03-22 09:13:50.736000000,2012-05-27 09:13:50.736000000,172 days 14:46:09.264000000,172 days 14:46:09.264000000,0 days 00:00:00.000000000
9132,2013-02-11 00:00:00.000000000,2013-02-11 00:00:00.000000000,2013-02-11 00:00:00.000000000,2012-09-11 00:00:00.000000000,1910-01-01 00:00:00.000000000,2012-08-07 08:43:38.150400000,2012-03-07 08:43:38.150400000,187 days 15:16:21.849600000,187 days 15:16:21.849600000,0 days 00:00:00.000000000
9133,2013-02-11 00:00:00.000000000,2013-02-11 00:00:00.000000000,2013-02-11 00:00:00.000000000,2012-08-09 00:00:00.000000000,1910-01-01 00:00:00.000000000,2012-11-06 08:16:33.139200000,2012-05-04 08:16:33.139200000,96 days 15:43:26.860800000,96 days 15:43:26.860800000,0 days 00:00:00.000000000
9134,2013-04-01 00:00:00.000000000,2013-03-22 00:00:00.000000000,2013-03-22 00:00:00.000000000,2012-11-12 00:00:00.000000000,1910-01-01 00:00:00.000000000,2012-11-12 16:00:00.028800000,2012-06-25 16:00:00.028800000,139 days 07:59:59.971200000,129 days 07:59:59.971200000,-10 days +00:00:00.000000000
9135,2013-03-18 00:00:00.000000000,2013-08-08 00:00:00.000000000,2013-08-08 00:00:00.000000000,2012-11-20 00:00:00.000000000,1910-01-01 00:00:00.000000000,2012-09-26 09:13:50.736000000,2012-05-31 09:13:50.736000000,172 days 14:46:09.264000000,315 days 14:46:09.264000000,143 days 00:00:00.000000000
9136,2013-03-29 00:00:00.000000000,2013-03-01 00:00:00.000000000,2013-03-01 00:00:00.000000000,2012-12-13 00:00:00.000000000,1910-01-01 00:00:00.000000000,2012-12-26 18:00:00.000000000,2012-09-11 18:00:00.000000000,92 days 06:00:00.000000000,64 days 06:00:00.000000000,-28 days +00:00:00.000000000
9137,2013-03-29 00:00:00.000000000,2013-03-23 00:00:00.000000000,2013-03-23 00:00:00.000000000,2012-09-18 00:00:00.000000000,1910-01-01 00:00:00.000000000,2012-09-22 08:43:38.150400000,2012-03-14 08:43:38.150400000,187 days 15:16:21.849600000,181 days 15:16:21.849600000,-6 days +00:00:00.000000000
9138,2013-04-30 00:00:00.000000000,2013-03-15 00:00:00.000000000,2013-03-15 00:00:00.000000000,2013-01-30 00:00:00.000000000,1910-01-01 00:00:00.000000000,2013-01-02 03:45:52.963200000,2012-10-04 03:45:52.963200000,117 days 20:14:07.036800000,71 days 20:14:07.036800000,-46 days +00:00:00.000000000
9139,2013-04-09 00:00:00.000000000,2013-03-14 00:00:00.000000000,2013-03-14 00:00:00.000000000,2013-01-16 00:00:00.000000000,1910-01-01 00:00:00.000000000,2012-12-12 03:45:52.963200000,2012-09-20 03:45:52.963200000,117 days 20:14:07.036800000,91 days 20:14:07.036800000,-26 days +00:00:00.000000000
9140,2013-04-09 00:00:00.000000000,2013-03-14 00:00:00.000000000,2013-03-14 00:00:00.000000000,2013-01-16 00:00:00.000000000,1910-01-01 00:00:00.000000000,2012-12-12 03:45:52.963200000,2012-09-20 03:45:52.963200000,117 days 20:14:07.036800000,91 days 20:14:07.036800000,-26 days +00:00:00.000000000
9141,2013-04-09 00:00:00.000000000,2013-03-14 00:00:00.000000000,2013-03-14 00:00:00.000000000,2013-01-16 00:00:00.000000000,1910-01-01 00:00:00.000000000,2012-12-12 03:45:52.963200000,2012-09-20 03:45:52.963200000,117 days 20:14:07.036800000,91 days 20:14:07.036800000,-26 days +00:00:00.000000000
9142,2013-03-09 00:00:00.000000000,2013-03-07 00:00:00.000000000,2013-03-07 00:00:00.000000000,2012-12-13 00:00:00.000000000,1910-01-01 00:00:00.000000000,2012-12-06 18:00:00.000000000,2012-09-11 18:00:00.000000000,92 days 06:00:00.000000000,90 days 06:00:00.000000000,-2 days +00:00:00.000000000
9143,2013-04-15 00:00:00.000000000,2013-03-23 00:00:00.000000000,2013-03-23 00:00:00.000000000,2012-09-11 00:00:00.000000000,1910-01-01 00:00:00.000000000,2012-10-09 08:43:38.150400000,2012-03-07 08:43:38.150400000,187 days 15:16:21.849600000,164 days 15:16:21.849600000,-23 days +00:00:00.000000000
9144,2013-04-18 00:00:00.000000000,2013-03-15 00:00:00.000000000,2013-03-15 00:00:00.000000000,2013-01-28 00:00:00.000000000,1910-01-01 00:00:00.000000000,2013-02-04 22:09:13.852800000,2012-11-16 22:09:13.852800000,72 days 01:50:46.147200000,38 days 01:50:46.147200000,-34 days +00:00:00.000000000
9145,2013-04-18 00:00:00.000000000,2013-03-15 00:00:00.000000000,2013-03-15 00:00:00.000000000,2013-01-28 00:00:00.000000000,1910-01-01 00:00:00.000000000,2013-02-04 22:09:13.852800000,2012-11-16 22:09:13.852800000,72 days 01:50:46.147200000,38 days 01:50:46.147200000,-34 days +00:00:00.000000000
9146,2013-06-28 00:00:00.000000000,2013-03-20 00:00:00.000000000,2013-03-20 00:00:00.000000000,2012-12-13 00:00:00.000000000,1910-01-01 00:00:00.000000000,2013-03-27 18:00:00.000000000,2012-09-11 18:00:00.000000000,92 days 06:00:00.000000000,-8 days +06:00:00.000000000,-100 days +00:00:00.000000000
9147,2013-03-25 00:00:00.000000000,2013-03-28 00:00:00.000000000,2013-03-28 00:00:00.000000000,2013-03-01 00:00:00.000000000,1910-01-01 00:00:00.000000000,2013-01-11 22:09:13.852800000,2012-12-18 22:09:13.852800000,72 days 01:50:46.147200000,75 days 01:50:46.147200000,3 days 00:00:00.000000000
9148,2013-03-30 00:00:00.000000000,2013-04-08 00:00:00.000000000,2013-04-08 00:00:00.000000000,2012-09-18 00:00:00.000000000,1910-01-01 00:00:00.000000000,2012-09-23 08:43:38.150400000,2012-03-14 08:43:38.150400000,187 days 15:16:21.849600000,196 days 15:16:21.849600000,9 days 00:00:00.000000000
9149,2013-03-28 00:00:00.000000000,2013-03-30 00:00:00.000000000,2013-03-30 00:00:00.000000000,2012-09-11 00:00:00.000000000,1910-01-01 00:00:00.000000000,2012-11-30 23:13:32.908800000,2012-05-16 23:13:32.908800000,117 days 00:46:27.091200000,119 days 00:46:27.091200000,2 days 00:00:00.000000000
9150,2013-04-18 00:00:00.000000000,2013-04-19 00:00:00.000000000,2013-04-19 00:00:00.000000000,2013-01-28 00:00:00.000000000,1910-01-01 00:00:00.000000000,2013-02-04 22:09:13.852800000,2012-11-16 22:09:13.852800000,72 days 01:50:46.147200000,73 days 01:50:46.147200000,1 days 00:00:00.000000000
9151,2013-05-31 00:00:00.000000000,2013-04-22 00:00:00.000000000,2013-04-22 00:00:00.000000000,2012-12-30 00:00:00.000000000,1910-01-01 00:00:00.000000000,2013-02-18 04:16:00.019200000,2012-09-19 04:16:00.019200000,101 days 19:43:59.980800000,62 days 19:43:59.980800000,-39 days +00:00:00.000000000
9152,2013-04-16 00:00:00.000000000,2013-04-25 00:00:00.000000000,2013-04-25 00:00:00.000000000,2013-03-16 00:00:00.000000000,1910-01-01 00:00:00.000000000,2013-01-13 18:00:00.000000000,2012-12-13 18:00:00.000000000,92 days 06:00:00.000000000,101 days 06:00:00.000000000,9 days 00:00:00.000000000
9153,2013-05-31 00:00:00.000000000,2013-05-09 00:00:00.000000000,2013-05-09 00:00:00.000000000,2012-08-24 00:00:00.000000000,1910-01-01 00:00:00.000000000,2013-02-18 04:16:00.019200000,2012-05-14 04:16:00.019200000,101 days 19:43:59.980800000,79 days 19:43:59.980800000,-22 days +00:00:00.000000000
9154,2013-04-24 00:00:00.000000000,2013-05-21 00:00:00.000000000,2013-05-21 00:00:00.000000000,2013-03-04 00:00:00.000000000,1910-01-01 00:00:00.000000000,2012-12-25 03:25:42.844800000,2012-11-04 03:25:42.844800000,119 days 20:34:17.155200000,146 days 20:34:17.155200000,27 days 00:00:00.000000000
9155,2013-05-31 00:00:00.000000000,2013-05-23 00:00:00.000000000,2013-05-23 00:00:00.000000000,2013-02-20 00:00:00.000000000,1910-01-01 00:00:00.000000000,2013-03-14 06:00:00.000000000,2012-12-04 06:00:00.000000000,77 days 18:00:00.000000000,69 days 18:00:00.000000000,-8 days +00:00:00.000000000
9156,2013-06-07 00:00:00.000000000,2013-06-07 00:00:00.000000000,2013-06-07 00:00:00.000000000,2012-12-13 00:00:00.000000000,1910-01-01 00:00:00.000000000,2013-03-06 18:00:00.000000000,2012-09-11 18:00:00.000000000,92 days 06:00:00.000000000,92 days 06:00:00.000000000,0 days 00:00:00.000000000
9157,2013-06-07 00:00:00.000000000,2013-06-07 00:00:00.000000000,2013-06-07 00:00:00.000000000,2012-12-13 00:00:00.000000000,1910-01-01 00:00:00.000000000,2013-03-06 18:00:00.000000000,2012-09-11 18:00:00.000000000,92 days 06:00:00.000000000,92 days 06:00:00.000000000,0 days 00:00:00.000000000
9158,2013-04-30 00:00:00.000000000,2013-04-24 00:00:00.000000000,2013-04-24 00:00:00.000000000,2013-01-16 00:00:00.000000000,1910-01-01 00:00:00.000000000,2012-12-24 20:07:44.544000000,2012-09-11 20:07:44.544000000,126 days 03:52:15.456000000,120 days 03:52:15.456000000,-6 days +00:00:00.000000000
9159,2013-06-04 00:00:00.000000000,2013-06-04 00:00:00.000000000,2013-06-04 00:00:00.000000000,2012-12-13 00:00:00.000000000,1910-01-01 00:00:00.000000000,2013-03-03 18:00:00.000000000,2012-09-11 18:00:00.000000000,92 days 06:00:00.000000000,92 days 06:00:00.000000000,0 days 00:00:00.000000000
9160,2013-07-21 00:00:00.000000000,2013-07-26 00:00:00.000000000,2013-07-26 00:00:00.000000000,2012-11-12 00:00:00.000000000,1910-01-01 00:00:00.000000000,2013-03-03 16:00:00.028800000,2012-06-25 16:00:00.028800000,139 days 07:59:59.971200000,144 days 07:59:59.971200000,5 days 00:00:00.000000000
9161,2013-06-28 00:00:00.000000000,2013-05-15 00:00:00.000000000,2013-05-15 00:00:00.000000000,2012-12-13 00:00:00.000000000,1910-01-01 00:00:00.000000000,2013-03-27 18:00:00.000000000,2012-09-11 18:00:00.000000000,92 days 06:00:00.000000000,48 days 06:00:00.000000000,-44 days +00:00:00.000000000
9162,2013-05-06 00:00:00.000000000,2013-05-03 00:00:00.000000000,2013-05-03 00:00:00.000000000,2012-08-09 00:00:00.000000000,1910-01-01 00:00:00.000000000,2013-01-29 08:16:33.139200000,2012-05-04 08:16:33.139200000,96 days 15:43:26.860800000,93 days 15:43:26.860800000,-3 days +00:00:00.000000000
9163,2013-05-21 00:00:00.000000000,2013-05-02 00:00:00.000000000,2013-05-02 00:00:00.000000000,2012-11-15 00:00:00.000000000,1910-01-01 00:00:00.000000000,2013-02-13 08:16:33.139200000,2012-08-10 08:16:33.139200000,96 days 15:43:26.860800000,77 days 15:43:26.860800000,-19 days +00:00:00.000000000
9164,2013-06-28 00:00:00.000000000,2013-05-24 00:00:00.000000000,2013-05-24 00:00:00.000000000,2013-03-06 00:00:00.000000000,1910-01-01 00:00:00.000000000,2013-03-01 00:00:00.000000000,2012-11-07 00:00:00.000000000,119 days 00:00:00.000000000,84 days 00:00:00.000000000,-35 days +00:00:00.000000000
9165,2013-05-21 00:00:00.000000000,2013-05-10 00:00:00.000000000,2013-05-10 00:00:00.000000000,2012-11-15 00:00:00.000000000,1910-01-01 00:00:00.000000000,2013-02-13 08:16:33.139200000,2012-08-10 08:16:33.139200000,96 days 15:43:26.860800000,85 days 15:43:26.860800000,-11 days +00:00:00.000000000
9166,2013-09-30 00:00:00.000000000,2013-08-08 00:00:00.000000000,2013-08-08 00:00:00.000000000,2013-03-19 00:00:00.000000000,1910-01-01 00:00:00.000000000,2013-05-13 16:00:00.028800000,2012-10-30 16:00:00.028800000,139 days 07:59:59.971200000,86 days 07:59:59.971200000,-53 days +00:00:00.000000000
9167,2013-06-28 00:00:00.000000000,2013-06-07 00:00:00.000000000,2013-06-07 00:00:00.000000000,2012-10-05 00:00:00.000000000,1910-01-01 00:00:00.000000000,2013-04-02 04:10:26.083200000,2012-07-10 04:10:26.083200000,86 days 19:49:33.916800000,65 days 19:49:33.916800000,-21 days +00:00:00.000000000
9168,2013-07-26 00:00:00.000000000,2013-07-26 00:00:00.000000000,2013-07-26 00:00:00.000000000,2012-11-12 00:00:00.000000000,1910-01-01 00:00:00.000000000,2013-03-08 16:00:00.028800000,2012-06-25 16:00:00.028800000,139 days 07:59:59.971200000,139 days 07:59:59.971200000,0 days 00:00:00.000000000
9169,2013-06-04 00:00:00.000000000,2013-05-29 00:00:00.000000000,2013-05-29 00:00:00.000000000,2012-11-15 00:00:00.000000000,1910-01-01 00:00:00.000000000,2013-02-27 08:16:33.139200000,2012-08-10 08:16:33.139200000,96 days 15:43:26.860800000,90 days 15:43:26.860800000,-6 days +00:00:00.000000000
9170,2013-06-04 00:00:00.000000000,2013-05-29 00:00:00.000000000,2013-05-29 00:00:00.000000000,2012-11-15 00:00:00.000000000,1910-01-01 00:00:00.000000000,2013-02-27 08:16:33.139200000,2012-08-10 08:16:33.139200000,96 days 15:43:26.860800000,90 days 15:43:26.860800000,-6 days +00:00:00.000000000
9171,2013-07-23 00:00:00.000000000,2013-08-06 00:00:00.000000000,2013-08-06 00:00:00.000000000,2012-11-28 00:00:00.000000000,1910-01-01 00:00:00.000000000,2013-04-27 04:10:26.083200000,2012-09-02 04:10:26.083200000,86 days 19:49:33.916800000,100 days 19:49:33.916800000,14 days 00:00:00.000000000
9172,2013-11-05 00:00:00.000000000,2013-11-05 00:00:00.000000000,2013-11-12 00:00:00.000000000,2012-10-05 00:00:00.000000000,1910-01-01 00:00:00.000000000,2013-08-10 04:10:26.083200000,2012-07-10 04:10:26.083200000,86 days 19:49:33.916800000,86 days 19:49:33.916800000,0 days 00:00:00.000000000
9173,2013-07-31 00:00:00.000000000,2013-08-06 00:00:00.000000000,2013-08-06 00:00:00.000000000,2013-01-24 00:00:00.000000000,1910-01-01 00:00:00.000000000,2013-01-24 08:43:38.150400000,2012-07-20 08:43:38.150400000,187 days 15:16:21.849600000,193 days 15:16:21.849600000,6 days 00:00:00.000000000
9174,2013-07-31 00:00:00.000000000,2013-08-06 00:00:00.000000000,2013-08-06 00:00:00.000000000,2013-01-24 00:00:00.000000000,1910-01-01 00:00:00.000000000,2013-01-24 08:43:38.150400000,2012-07-20 08:43:38.150400000,187 days 15:16:21.849600000,193 days 15:16:21.849600000,6 days 00:00:00.000000000
9175,2013-07-30 00:00:00.000000000,2013-08-06 00:00:00.000000000,2013-08-06 00:00:00.000000000,2013-01-16 00:00:00.000000000,1910-01-01 00:00:00.000000000,2013-01-23 08:43:38.150400000,2012-07-12 08:43:38.150400000,187 days 15:16:21.849600000,194 days 15:16:21.849600000,7 days 00:00:00.000000000
9176,2013-09-11 00:00:00.000000000,2013-09-11 00:00:00.000000000,2013-09-11 00:00:00.000000000,2013-04-02 00:00:00.000000000,1910-01-01 00:00:00.000000000,2013-06-01 04:16:00.019200000,2012-12-21 04:16:00.019200000,101 days 19:43:59.980800000,101 days 19:43:59.980800000,0 days 00:00:00.000000000
9177,2013-09-06 00:00:00.000000000,2013-07-30 00:00:00.000000000,2013-07-30 00:00:00.000000000,2013-04-19 00:00:00.000000000,1910-01-01 00:00:00.000000000,2013-06-11 04:10:26.083200000,2013-01-22 04:10:26.083200000,86 days 19:49:33.916800000,48 days 19:49:33.916800000,-38 days +00:00:00.000000000
9178,2013-08-26 00:00:00.000000000,2013-08-26 00:00:00.000000000,2013-08-26 00:00:00.000000000,2013-02-27 00:00:00.000000000,1910-01-01 00:00:00.000000000,2013-04-21 20:07:44.544000000,2012-10-23 20:07:44.544000000,126 days 03:52:15.456000000,126 days 03:52:15.456000000,0 days 00:00:00.000000000
9179,2013-10-16 00:00:00.000000000,2013-09-05 00:00:00.000000000,2013-09-05 00:00:00.000000000,2013-06-24 00:00:00.000000000,1910-01-01 00:00:00.000000000,2013-07-06 04:16:00.019200000,2013-03-14 04:16:00.019200000,101 days 19:43:59.980800000,60 days 19:43:59.980800000,-41 days +00:00:00.000000000
9180,2013-08-29 00:00:00.000000000,2013-09-13 00:00:00.000000000,2013-09-13 00:00:00.000000000,2013-06-11 00:00:00.000000000,1910-01-01 00:00:00.000000000,2013-05-28 18:00:00.000000000,2013-03-10 18:00:00.000000000,92 days 06:00:00.000000000,107 days 06:00:00.000000000,15 days 00:00:00.000000000
9181,2013-08-27 00:00:00.000000000,2014-02-08 00:00:00.000000000,2014-03-11 00:00:00.000000000,2013-04-08 00:00:00.000000000,1910-01-01 00:00:00.000000000,2013-03-07 09:13:50.736000000,2012-10-17 09:13:50.736000000,172 days 14:46:09.264000000,337 days 14:46:09.264000000,165 days 00:00:00.000000000
9182,2013-08-27 00:00:00.000000000,2014-02-08 00:00:00.000000000,2014-03-11 00:00:00.000000000,2013-04-08 00:00:00.000000000,1910-01-01 00:00:00.000000000,2013-03-07 09:13:50.736000000,2012-10-17 09:13:50.736000000,172 days 14:46:09.264000000,337 days 14:46:09.264000000,165 days 00:00:00.000000000
9183,2013-07-09 00:00:00.000000000,2013-08-23 00:00:00.000000000,2013-08-23 00:00:00.000000000,2013-04-22 00:00:00.000000000,1910-01-01 00:00:00.000000000,2013-04-22 06:00:00.000000000,2013-02-03 06:00:00.000000000,77 days 18:00:00.000000000,122 days 18:00:00.000000000,45 days 00:00:00.000000000
9184,2013-07-09 00:00:00.000000000,2013-08-23 00:00:00.000000000,2013-08-23 00:00:00.000000000,2013-04-22 00:00:00.000000000,1910-01-01 00:00:00.000000000,2013-04-22 06:00:00.000000000,2013-02-03 06:00:00.000000000,77 days 18:00:00.000000000,122 days 18:00:00.000000000,45 days 00:00:00.000000000
9185,2013-08-28 00:00:00.000000000,2014-02-08 00:00:00.000000000,2014-03-11 00:00:00.000000000,2013-04-12 00:00:00.000000000,1910-01-01 00:00:00.000000000,2013-03-08 09:13:50.736000000,2012-10-21 09:13:50.736000000,172 days 14:46:09.264000000,336 days 14:46:09.264000000,164 days 00:00:00.000000000
9186,2013-08-28 00:00:00.000000000,2014-02-08 00:00:00.000000000,2014-03-11 00:00:00.000000000,2013-04-12 00:00:00.000000000,1910-01-01 00:00:00.000000000,2013-03-08 09:13:50.736000000,2012-10-21 09:13:50.736000000,172 days 14:46:09.264000000,336 days 14:46:09.264000000,164 days 00:00:00.000000000
9187,2013-08-28 00:00:00.000000000,2014-02-08 00:00:00.000000000,2014-03-11 00:00:00.000000000,2013-04-12 00:00:00.000000000,1910-01-01 00:00:00.000000000,2013-03-08 09:13:50.736000000,2012-10-21 09:13:50.736000000,172 days 14:46:09.264000000,336 days 14:46:09.264000000,164 days 00:00:00.000000000
9188,2013-09-05 00:00:00.000000000,2013-09-05 00:00:00.000000000,2013-09-05 00:00:00.000000000,2013-05-08 00:00:00.000000000,1910-01-01 00:00:00.000000000,2013-06-04 18:00:00.000000000,2013-02-04 18:00:00.000000000,92 days 06:00:00.000000000,92 days 06:00:00.000000000,0 days 00:00:00.000000000
9189,2013-09-02 00:00:00.000000000,2013-09-02 00:00:00.000000000,2013-09-02 00:00:00.000000000,2013-05-08 00:00:00.000000000,1910-01-01 00:00:00.000000000,2013-06-01 18:00:00.000000000,2013-02-04 18:00:00.000000000,92 days 06:00:00.000000000,92 days 06:00:00.000000000,0 days 00:00:00.000000000
9190,2013-09-27 00:00:00.000000000,2013-09-27 00:00:00.000000000,2013-09-27 00:00:00.000000000,2012-11-12 00:00:00.000000000,1910-01-01 00:00:00.000000000,2013-05-10 16:00:00.028800000,2012-06-25 16:00:00.028800000,139 days 07:59:59.971200000,139 days 07:59:59.971200000,0 days 00:00:00.000000000
9191,2013-08-30 00:00:00.000000000,2013-08-27 00:00:00.000000000,2013-08-27 00:00:00.000000000,2013-04-22 00:00:00.000000000,1910-01-01 00:00:00.000000000,2013-06-13 06:00:00.000000000,2013-02-03 06:00:00.000000000,77 days 18:00:00.000000000,74 days 18:00:00.000000000,-3 days +00:00:00.000000000
9192,2013-10-15 00:00:00.000000000,2013-09-05 00:00:00.000000000,2013-09-05 00:00:00.000000000,2012-12-30 00:00:00.000000000,1910-01-01 00:00:00.000000000,2013-07-05 04:16:00.019200000,2012-09-19 04:16:00.019200000,101 days 19:43:59.980800000,61 days 19:43:59.980800000,-40 days +00:00:00.000000000
9193,2013-09-18 00:00:00.000000000,2013-09-12 00:00:00.000000000,2013-09-12 00:00:00.000000000,2013-03-14 00:00:00.000000000,1910-01-01 00:00:00.000000000,2013-06-13 08:16:33.139200000,2012-12-07 08:16:33.139200000,96 days 15:43:26.860800000,90 days 15:43:26.860800000,-6 days +00:00:00.000000000
9194,2013-09-30 00:00:00.000000000,2013-09-17 00:00:00.000000000,2013-09-17 00:00:00.000000000,2013-04-19 00:00:00.000000000,1910-01-01 00:00:00.000000000,2013-07-05 04:10:26.083200000,2013-01-22 04:10:26.083200000,86 days 19:49:33.916800000,73 days 19:49:33.916800000,-13 days +00:00:00.000000000
9195,2013-09-30 00:00:00.000000000,2013-09-20 00:00:00.000000000,2013-09-20 00:00:00.000000000,2012-12-14 00:00:00.000000000,1910-01-01 00:00:00.000000000,2013-06-04 23:13:32.908800000,2012-08-18 23:13:32.908800000,117 days 00:46:27.091200000,107 days 00:46:27.091200000,-10 days +00:00:00.000000000
9196,2013-09-30 00:00:00.000000000,2013-10-04 00:00:00.000000000,2013-10-22 00:00:00.000000000,2013-04-15 00:00:00.000000000,1910-01-01 00:00:00.000000000,2013-07-19 22:09:13.852800000,2013-02-01 22:09:13.852800000,72 days 01:50:46.147200000,76 days 01:50:46.147200000,4 days 00:00:00.000000000
9197,2013-10-29 00:00:00.000000000,2013-10-10 00:00:00.000000000,2013-10-29 00:00:00.000000000,2013-03-18 00:00:00.000000000,1910-01-01 00:00:00.000000000,2013-07-01 03:25:42.844800000,2012-11-18 03:25:42.844800000,119 days 20:34:17.155200000,100 days 20:34:17.155200000,-19 days +00:00:00.000000000
9198,2013-11-24 00:00:00.000000000,2013-11-29 00:00:00.000000000,2013-12-12 00:00:00.000000000,2013-06-20 00:00:00.000000000,1910-01-01 00:00:00.000000000,2013-08-29 04:10:26.083200000,2013-03-25 04:10:26.083200000,86 days 19:49:33.916800000,91 days 19:49:33.916800000,5 days 00:00:00.000000000
9199,2013-11-29 00:00:00.000000000,2013-11-29 00:00:00.000000000,2013-12-12 00:00:00.000000000,2013-04-19 00:00:00.000000000,1910-01-01 00:00:00.000000000,2013-09-03 04:10:26.083200000,2013-01-22 04:10:26.083200000,86 days 19:49:33.916800000,86 days 19:49:33.916800000,0 days 00:00:00.000000000
9200,2013-10-31 00:00:00.000000000,2013-10-14 00:00:00.000000000,2013-10-24 00:00:00.000000000,2013-03-14 00:00:00.000000000,1910-01-01 00:00:00.000000000,2013-07-26 08:16:33.139200000,2012-12-07 08:16:33.139200000,96 days 15:43:26.860800000,79 days 15:43:26.860800000,-17 days +00:00:00.000000000
9201,2013-10-31 00:00:00.000000000,2013-10-22 00:00:00.000000000,2013-11-19 00:00:00.000000000,2012-12-14 00:00:00.000000000,1910-01-01 00:00:00.000000000,2013-07-05 23:13:32.908800000,2012-08-18 23:13:32.908800000,117 days 00:46:27.091200000,108 days 00:46:27.091200000,-9 days +00:00:00.000000000
9202,2013-10-31 00:00:00.000000000,2014-01-24 00:00:00.000000000,2014-03-17 00:00:00.000000000,2013-04-19 00:00:00.000000000,1910-01-01 00:00:00.000000000,2013-08-05 04:10:26.083200000,2013-01-22 04:10:26.083200000,86 days 19:49:33.916800000,171 days 19:49:33.916800000,85 days 00:00:00.000000000
9203,2013-12-29 00:00:00.000000000,2013-11-20 00:00:00.000000000,2013-11-27 00:00:00.000000000,2013-07-09 00:00:00.000000000,1910-01-01 00:00:00.000000000,2013-10-12 06:00:00.000000000,2013-04-22 06:00:00.000000000,77 days 18:00:00.000000000,38 days 18:00:00.000000000,-39 days +00:00:00.000000000
9204,2013-11-29 00:00:00.000000000,2013-11-13 00:00:00.000000000,2013-11-27 00:00:00.000000000,2013-05-08 00:00:00.000000000,1910-01-01 00:00:00.000000000,2013-08-28 18:00:00.000000000,2013-02-04 18:00:00.000000000,92 days 06:00:00.000000000,76 days 06:00:00.000000000,-16 days +00:00:00.000000000
9205,2013-12-26 00:00:00.000000000,2013-12-16 00:00:00.000000000,2014-01-17 00:00:00.000000000,2013-10-01 00:00:00.000000000,1910-01-01 00:00:00.000000000,2013-09-15 04:16:00.019200000,2013-06-21 04:16:00.019200000,101 days 19:43:59.980800000,91 days 19:43:59.980800000,-10 days +00:00:00.000000000
9206,2013-12-31 00:00:00.000000000,2014-01-09 00:00:00.000000000,2014-01-31 00:00:00.000000000,2013-07-04 00:00:00.000000000,1910-01-01 00:00:00.000000000,2013-09-20 04:16:00.019200000,2013-03-24 04:16:00.019200000,101 days 19:43:59.980800000,110 days 19:43:59.980800000,9 days 00:00:00.000000000
9207,2013-11-18 00:00:00.000000000,2013-12-02 00:00:00.000000000,2013-12-20 00:00:00.000000000,2013-07-30 00:00:00.000000000,1910-01-01 00:00:00.000000000,2013-07-23 23:13:32.908800000,2013-04-03 23:13:32.908800000,117 days 00:46:27.091200000,131 days 00:46:27.091200000,14 days 00:00:00.000000000
9208,2013-12-31 00:00:00.000000000,2013-11-30 00:00:00.000000000,2013-12-23 00:00:00.000000000,2013-07-16 00:00:00.000000000,1910-01-01 00:00:00.000000000,2013-10-19 22:09:13.852800000,2013-05-04 22:09:13.852800000,72 days 01:50:46.147200000,41 days 01:50:46.147200000,-31 days +00:00:00.000000000
9209,2014-01-31 00:00:00.000000000,2014-01-30 00:00:00.000000000,2014-02-17 00:00:00.000000000,2013-06-28 00:00:00.000000000,1910-01-01 00:00:00.000000000,2013-10-06 22:04:48.000000000,2013-03-03 22:04:48.000000000,116 days 01:55:12.000000000,115 days 01:55:12.000000000,-1 days +00:00:00.000000000
9210,2014-01-07 00:00:00.000000000,2013-12-14 00:00:00.000000000,2014-01-20 00:00:00.000000000,2013-10-25 00:00:00.000000000,1910-01-01 00:00:00.000000000,2013-08-13 07:01:27.811200000,2013-05-31 07:01:27.811200000,146 days 16:58:32.188800000,122 days 16:58:32.188800000,-24 days +00:00:00.000000000
9211,2014-01-31 00:00:00.000000000,2014-01-20 00:00:00.000000000,2014-01-29 00:00:00.000000000,2013-05-16 00:00:00.000000000,1910-01-01 00:00:00.000000000,2013-10-02 01:36:00.028800000,2013-01-15 01:36:00.028800000,120 days 22:23:59.971200000,109 days 22:23:59.971200000,-11 days +00:00:00.000000000
9212,2014-01-31 00:00:00.000000000,2014-01-13 00:00:00.000000000,2014-01-23 00:00:00.000000000,2013-04-19 00:00:00.000000000,1910-01-01 00:00:00.000000000,2013-10-23 12:37:53.702400000,2013-01-09 12:37:53.702400000,99 days 11:22:06.297600000,81 days 11:22:06.297600000,-18 days +00:00:00.000000000
9213,2014-01-17 00:00:00.000000000,2014-01-17 00:00:00.000000000,2014-01-23 00:00:00.000000000,2013-08-09 00:00:00.000000000,1910-01-01 00:00:00.000000000,2013-08-23 07:01:27.811200000,2013-03-15 07:01:27.811200000,146 days 16:58:32.188800000,146 days 16:58:32.188800000,0 days 00:00:00.000000000
9214,2013-11-15 00:00:00.000000000,2013-11-22 00:00:00.000000000,2014-01-21 00:00:00.000000000,2013-07-09 00:00:00.000000000,1910-01-01 00:00:00.000000000,2013-08-29 06:00:00.000000000,2013-04-22 06:00:00.000000000,77 days 18:00:00.000000000,84 days 18:00:00.000000000,7 days 00:00:00.000000000
9215,2014-01-31 00:00:00.000000000,2014-02-10 00:00:00.000000000,2014-03-17 00:00:00.000000000,2013-06-28 00:00:00.000000000,1910-01-01 00:00:00.000000000,2013-10-06 22:04:48.000000000,2013-03-03 22:04:48.000000000,116 days 01:55:12.000000000,126 days 01:55:12.000000000,10 days 00:00:00.000000000
9216,2014-01-22 00:00:00.000000000,2014-02-11 00:00:00.000000000,2014-02-13 00:00:00.000000000,2013-10-28 00:00:00.000000000,1910-01-01 00:00:00.000000000,2013-09-06 02:17:08.563200000,2013-06-12 02:17:08.563200000,137 days 21:42:51.436800000,157 days 21:42:51.436800000,20 days 00:00:00.000000000
9217,2014-01-17 00:00:00.000000000,2014-01-10 00:00:00.000000000,2014-01-15 00:00:00.000000000,2013-05-06 00:00:00.000000000,1910-01-01 00:00:00.000000000,2013-10-17 00:00:00.000000000,2013-02-03 00:00:00.000000000,92 days 00:00:00.000000000,85 days 00:00:00.000000000,-7 days +00:00:00.000000000
9218,2014-02-15 00:00:00.000000000,2014-02-18 00:00:00.000000000,2014-03-04 00:00:00.000000000,2013-04-22 00:00:00.000000000,1910-01-01 00:00:00.000000000,2013-09-21 07:01:27.811200000,2012-11-26 07:01:27.811200000,146 days 16:58:32.188800000,149 days 16:58:32.188800000,3 days 00:00:00.000000000
9219,2014-03-10 00:00:00.000000000,2014-02-20 00:00:00.000000000,2014-03-19 00:00:00.000000000,2013-06-28 00:00:00.000000000,1910-01-01 00:00:00.000000000,2013-11-13 22:04:48.000000000,2013-03-03 22:04:48.000000000,116 days 01:55:12.000000000,98 days 01:55:12.000000000,-18 days +00:00:00.000000000
9220,2014-02-28 00:00:00.000000000,2014-02-21 00:00:00.000000000,2014-04-04 00:00:00.000000000,2013-10-16 00:00:00.000000000,1910-01-01 00:00:00.000000000,2013-11-21 01:15:47.404800000,2013-07-09 01:15:47.404800000,98 days 22:44:12.595200000,91 days 22:44:12.595200000,-7 days +00:00:00.000000000
9221,2014-04-15 00:00:00.000000000,2014-03-28 00:00:00.000000000,2014-04-04 00:00:00.000000000,2013-10-21 00:00:00.000000000,1910-01-01 00:00:00.000000000,2013-12-19 22:04:48.000000000,2013-06-26 22:04:48.000000000,116 days 01:55:12.000000000,98 days 01:55:12.000000000,-18 days +00:00:00.000000000
9222,2014-03-31 00:00:00.000000000,2014-03-26 00:00:00.000000000,2014-04-28 00:00:00.000000000,2012-09-11 00:00:00.000000000,1910-01-01 00:00:00.000000000,2013-11-04 07:01:27.811200000,2012-04-17 07:01:27.811200000,146 days 16:58:32.188800000,141 days 16:58:32.188800000,-5 days +00:00:00.000000000
9223,2014-03-31 00:00:00.000000000,2014-03-24 00:00:00.000000000,2014-04-04 00:00:00.000000000,2013-04-19 00:00:00.000000000,1910-01-01 00:00:00.000000000,2013-12-21 12:37:53.702400000,2013-01-09 12:37:53.702400000,99 days 11:22:06.297600000,92 days 11:22:06.297600000,-7 days +00:00:00.000000000
9224,2014-03-20 00:00:00.000000000,2014-03-14 00:00:00.000000000,2014-04-25 00:00:00.000000000,2014-02-19 00:00:00.000000000,1910-01-01 00:00:00.000000000,2013-11-26 14:24:00.000000000,2013-10-28 14:24:00.000000000,113 days 09:36:00.000000000,107 days 09:36:00.000000000,-6 days +00:00:00.000000000
9225,2014-03-20 00:00:00.000000000,2014-03-14 00:00:00.000000000,2014-04-25 00:00:00.000000000,2014-02-19 00:00:00.000000000,1910-01-01 00:00:00.000000000,2013-11-26 14:24:00.000000000,2013-10-28 14:24:00.000000000,113 days 09:36:00.000000000,107 days 09:36:00.000000000,-6 days +00:00:00.000000000
9226,2014-03-28 00:00:00.000000000,2014-04-02 00:00:00.000000000,2014-04-14 00:00:00.000000000,2013-08-02 00:00:00.000000000,1910-01-01 00:00:00.000000000,2013-12-11 00:00:00.000000000,2013-04-17 00:00:00.000000000,107 days 00:00:00.000000000,112 days 00:00:00.000000000,5 days 00:00:00.000000000
9227,2014-04-15 00:00:00.000000000,2014-04-14 00:00:00.000000000,2014-04-17 00:00:00.000000000,2013-10-21 00:00:00.000000000,1910-01-01 00:00:00.000000000,2013-12-19 22:04:48.000000000,2013-06-26 22:04:48.000000000,116 days 01:55:12.000000000,115 days 01:55:12.000000000,-1 days +00:00:00.000000000
9228,2014-04-07 00:00:00.000000000,2014-04-07 00:00:00.000000000,2014-04-17 00:00:00.000000000,2014-02-19 00:00:00.000000000,1910-01-01 00:00:00.000000000,2013-12-14 14:24:00.000000000,2013-10-28 14:24:00.000000000,113 days 09:36:00.000000000,113 days 09:36:00.000000000,0 days 00:00:00.000000000
9229,2014-04-10 00:00:00.000000000,2014-04-10 00:00:00.000000000,2014-05-06 00:00:00.000000000,2013-04-22 00:00:00.000000000,1910-01-01 00:00:00.000000000,2013-11-14 07:01:27.811200000,2012-11-26 07:01:27.811200000,146 days 16:58:32.188800000,146 days 16:58:32.188800000,0 days 00:00:00.000000000
9230,2014-03-31 00:00:00.000000000,2014-04-14 00:00:00.000000000,2014-05-22 00:00:00.000000000,2013-08-09 00:00:00.000000000,1910-01-01 00:00:00.000000000,2013-11-04 07:01:27.811200000,2013-03-15 07:01:27.811200000,146 days 16:58:32.188800000,160 days 16:58:32.188800000,14 days 00:00:00.000000000
9231,2014-08-31 00:00:00.000000000,2014-06-03 00:00:00.000000000,2014-06-11 00:00:00.000000000,2014-01-17 00:00:00.000000000,1910-01-01 00:00:00.000000000,2014-05-06 22:04:48.000000000,2013-09-22 22:04:48.000000000,116 days 01:55:12.000000000,27 days 01:55:12.000000000,-89 days +00:00:00.000000000
9232,2014-05-06 00:00:00.000000000,2014-06-04 00:00:00.000000000,2014-06-12 00:00:00.000000000,2013-10-31 00:00:00.000000000,1910-01-01 00:00:00.000000000,2014-02-01 12:00:00.000000000,2013-07-29 12:00:00.000000000,93 days 12:00:00.000000000,122 days 12:00:00.000000000,29 days 00:00:00.000000000
9233,2014-06-30 00:00:00.000000000,2014-04-14 00:00:00.000000000,2014-06-06 00:00:00.000000000,2014-01-16 00:00:00.000000000,1910-01-01 00:00:00.000000000,2014-04-13 12:00:00.000000000,2013-10-30 12:00:00.000000000,77 days 12:00:00.000000000,0 days 12:00:00.000000000,-77 days +00:00:00.000000000
9234,2014-06-30 00:00:00.000000000,2014-08-15 00:00:00.000000000,2014-09-08 00:00:00.000000000,2014-01-15 00:00:00.000000000,1910-01-01 00:00:00.000000000,2014-03-01 01:36:00.028800000,2013-09-16 01:36:00.028800000,120 days 22:23:59.971200000,166 days 22:23:59.971200000,46 days 00:00:00.000000000
9235,2014-05-30 00:00:00.000000000,2014-04-23 00:00:00.000000000,2014-06-11 00:00:00.000000000,2013-04-22 00:00:00.000000000,1910-01-01 00:00:00.000000000,2014-01-03 07:01:27.811200000,2012-11-26 07:01:27.811200000,146 days 16:58:32.188800000,109 days 16:58:32.188800000,-37 days +00:00:00.000000000
9236,2014-04-30 00:00:00.000000000,2014-04-25 00:00:00.000000000,2014-06-11 00:00:00.000000000,2013-10-22 00:00:00.000000000,1910-01-01 00:00:00.000000000,2013-12-04 07:01:27.811200000,2013-05-28 07:01:27.811200000,146 days 16:58:32.188800000,141 days 16:58:32.188800000,-5 days +00:00:00.000000000
9237,2014-04-30 00:00:00.000000000,2014-04-22 00:00:00.000000000,2014-06-11 00:00:00.000000000,2013-10-22 00:00:00.000000000,1910-01-01 00:00:00.000000000,2013-12-04 07:01:27.811200000,2013-05-28 07:01:27.811200000,146 days 16:58:32.188800000,138 days 16:58:32.188800000,-8 days +00:00:00.000000000
9238,2014-09-15 00:00:00.000000000,2014-09-25 00:00:00.000000000,2014-11-07 00:00:00.000000000,2013-07-04 00:00:00.000000000,1910-01-01 00:00:00.000000000,2014-05-17 01:36:00.028800000,2013-03-05 01:36:00.028800000,120 days 22:23:59.971200000,130 days 22:23:59.971200000,10 days 00:00:00.000000000
9239,2014-05-06 00:00:00.000000000,2014-05-19 00:00:00.000000000,2014-06-12 00:00:00.000000000,2013-10-31 00:00:00.000000000,1910-01-01 00:00:00.000000000,2014-02-01 12:00:00.000000000,2013-07-29 12:00:00.000000000,93 days 12:00:00.000000000,106 days 12:00:00.000000000,13 days 00:00:00.000000000
9240,2014-06-16 00:00:00.000000000,2014-05-23 00:00:00.000000000,2014-06-13 00:00:00.000000000,2013-10-21 00:00:00.000000000,1910-01-01 00:00:00.000000000,2014-02-19 22:04:48.000000000,2013-06-26 22:04:48.000000000,116 days 01:55:12.000000000,92 days 01:55:12.000000000,-24 days +00:00:00.000000000
9241,2014-06-16 00:00:00.000000000,2014-05-23 00:00:00.000000000,2014-06-13 00:00:00.000000000,2013-10-21 00:00:00.000000000,1910-01-01 00:00:00.000000000,2014-02-19 22:04:48.000000000,2013-06-26 22:04:48.000000000,116 days 01:55:12.000000000,92 days 01:55:12.000000000,-24 days +00:00:00.000000000
9242,2014-04-30 00:00:00.000000000,2014-05-12 00:00:00.000000000,2014-06-30 00:00:00.000000000,2013-08-09 00:00:00.000000000,1910-01-01 00:00:00.000000000,2013-12-04 07:01:27.811200000,2013-03-15 07:01:27.811200000,146 days 16:58:32.188800000,158 days 16:58:32.188800000,12 days 00:00:00.000000000
9243,2014-04-30 00:00:00.000000000,2014-04-22 00:00:00.000000000,2014-06-11 00:00:00.000000000,2013-10-22 00:00:00.000000000,1910-01-01 00:00:00.000000000,2013-12-04 07:01:27.811200000,2013-05-28 07:01:27.811200000,146 days 16:58:32.188800000,138 days 16:58:32.188800000,-8 days +00:00:00.000000000
9244,2014-04-08 00:00:00.000000000,2014-04-18 00:00:00.000000000,2014-05-22 00:00:00.000000000,2014-01-16 00:00:00.000000000,1910-01-01 00:00:00.000000000,2014-01-04 12:00:00.000000000,2013-10-14 12:00:00.000000000,93 days 12:00:00.000000000,103 days 12:00:00.000000000,10 days 00:00:00.000000000
9245,2014-05-20 00:00:00.000000000,2014-05-08 00:00:00.000000000,2014-06-13 00:00:00.000000000,2013-10-16 00:00:00.000000000,1910-01-01 00:00:00.000000000,2014-02-10 01:15:47.404800000,2013-07-09 01:15:47.404800000,98 days 22:44:12.595200000,86 days 22:44:12.595200000,-12 days +00:00:00.000000000
9246,2014-06-30 00:00:00.000000000,2014-06-24 00:00:00.000000000,2014-08-21 00:00:00.000000000,2014-01-15 00:00:00.000000000,1910-01-01 00:00:00.000000000,2014-03-01 01:36:00.028800000,2013-09-16 01:36:00.028800000,120 days 22:23:59.971200000,114 days 22:23:59.971200000,-6 days +00:00:00.000000000
9247,2014-05-30 00:00:00.000000000,2014-05-12 00:00:00.000000000,2014-06-30 00:00:00.000000000,2013-10-22 00:00:00.000000000,1910-01-01 00:00:00.000000000,2014-01-03 07:01:27.811200000,2013-05-28 07:01:27.811200000,146 days 16:58:32.188800000,128 days 16:58:32.188800000,-18 days +00:00:00.000000000
9248,2014-06-01 00:00:00.000000000,2014-06-05 00:00:00.000000000,2014-06-12 00:00:00.000000000,2013-05-16 00:00:00.000000000,1910-01-01 00:00:00.000000000,2014-01-31 01:36:00.028800000,2013-01-15 01:36:00.028800000,120 days 22:23:59.971200000,124 days 22:23:59.971200000,4 days 00:00:00.000000000
9249,2014-07-31 00:00:00.000000000,2014-09-05 00:00:00.000000000,2014-09-08 00:00:00.000000000,2013-10-21 00:00:00.000000000,1910-01-01 00:00:00.000000000,2014-04-05 22:04:48.000000000,2013-06-26 22:04:48.000000000,116 days 01:55:12.000000000,152 days 01:55:12.000000000,36 days 00:00:00.000000000
9250,2014-06-30 00:00:00.000000000,2014-06-04 00:00:00.000000000,2014-07-10 00:00:00.000000000,2012-09-11 00:00:00.000000000,1910-01-01 00:00:00.000000000,2014-02-03 07:01:27.811200000,2012-04-17 07:01:27.811200000,146 days 16:58:32.188800000,120 days 16:58:32.188800000,-26 days +00:00:00.000000000
9251,2014-06-30 00:00:00.000000000,2014-05-09 00:00:00.000000000,2014-05-23 00:00:00.000000000,2013-11-19 00:00:00.000000000,1910-01-01 00:00:00.000000000,2014-03-30 00:00:00.000000000,2013-08-19 00:00:00.000000000,92 days 00:00:00.000000000,40 days 00:00:00.000000000,-52 days +00:00:00.000000000
9252,2014-06-16 00:00:00.000000000,2014-06-16 00:00:00.000000000,2014-07-10 00:00:00.000000000,2013-10-22 00:00:00.000000000,1910-01-01 00:00:00.000000000,2014-01-20 07:01:27.811200000,2013-05-28 07:01:27.811200000,146 days 16:58:32.188800000,146 days 16:58:32.188800000,0 days 00:00:00.000000000
9253,2014-06-30 00:00:00.000000000,2014-06-30 00:00:00.000000000,2014-07-01 00:00:00.000000000,2013-10-16 00:00:00.000000000,1910-01-01 00:00:00.000000000,2014-03-23 01:15:47.404800000,2013-07-09 01:15:47.404800000,98 days 22:44:12.595200000,98 days 22:44:12.595200000,0 days 00:00:00.000000000
9254,2014-06-30 00:00:00.000000000,2014-06-03 00:00:00.000000000,2014-07-18 00:00:00.000000000,2014-04-09 00:00:00.000000000,1910-01-01 00:00:00.000000000,2014-04-13 12:00:00.000000000,2014-01-21 12:00:00.000000000,77 days 12:00:00.000000000,50 days 12:00:00.000000000,-27 days +00:00:00.000000000
9255,2014-08-31 00:00:00.000000000,2014-07-18 00:00:00.000000000,2014-08-07 00:00:00.000000000,2014-01-17 00:00:00.000000000,1910-01-01 00:00:00.000000000,2014-05-06 22:04:48.000000000,2013-09-22 22:04:48.000000000,116 days 01:55:12.000000000,72 days 01:55:12.000000000,-44 days +00:00:00.000000000
9256,2014-07-30 00:00:00.000000000,2014-07-11 00:00:00.000000000,2014-08-04 00:00:00.000000000,2013-12-24 00:00:00.000000000,1910-01-01 00:00:00.000000000,2014-04-21 12:37:53.702400000,2013-09-15 12:37:53.702400000,99 days 11:22:06.297600000,80 days 11:22:06.297600000,-19 days +00:00:00.000000000
9257,2014-09-30 00:00:00.000000000,2014-09-08 00:00:00.000000000,2014-09-19 00:00:00.000000000,2013-12-24 00:00:00.000000000,1910-01-01 00:00:00.000000000,2014-05-06 07:01:27.811200000,2013-07-30 07:01:27.811200000,146 days 16:58:32.188800000,124 days 16:58:32.188800000,-22 days +00:00:00.000000000
9258,2014-09-30 00:00:00.000000000,2014-09-08 00:00:00.000000000,2014-09-19 00:00:00.000000000,2014-02-07 00:00:00.000000000,1910-01-01 00:00:00.000000000,2014-05-06 07:01:27.811200000,2013-09-13 07:01:27.811200000,146 days 16:58:32.188800000,124 days 16:58:32.188800000,-22 days +00:00:00.000000000
9259,2015-02-01 00:00:00.000000000,2015-01-13 00:00:00.000000000,2015-01-21 00:00:00.000000000,2013-10-21 00:00:00.000000000,1910-01-01 00:00:00.000000000,2014-09-25 12:55:23.116800000,2013-06-14 12:55:23.116800000,128 days 11:04:36.883200000,109 days 11:04:36.883200000,-19 days +00:00:00.000000000
9260,2014-12-31 00:00:00.000000000,2014-10-30 00:00:00.000000000,2014-11-07 00:00:00.000000000,2014-05-02 00:00:00.000000000,1910-01-01 00:00:00.000000000,2014-09-05 22:04:48.000000000,2014-01-05 22:04:48.000000000,116 days 01:55:12.000000000,54 days 01:55:12.000000000,-62 days +00:00:00.000000000
9261,2014-12-31 00:00:00.000000000,2014-10-30 00:00:00.000000000,2014-11-07 00:00:00.000000000,2014-05-02 00:00:00.000000000,1910-01-01 00:00:00.000000000,2014-09-05 22:04:48.000000000,2014-01-05 22:04:48.000000000,116 days 01:55:12.000000000,54 days 01:55:12.000000000,-62 days +00:00:00.000000000
9262,2014-06-30 00:00:00.000000000,2014-06-20 00:00:00.000000000,2014-06-25 00:00:00.000000000,2013-11-19 00:00:00.000000000,1910-01-01 00:00:00.000000000,2014-03-30 00:00:00.000000000,2013-08-19 00:00:00.000000000,92 days 00:00:00.000000000,82 days 00:00:00.000000000,-10 days +00:00:00.000000000
9263,2014-06-30 00:00:00.000000000,2014-06-20 00:00:00.000000000,2014-06-25 00:00:00.000000000,2013-11-19 00:00:00.000000000,1910-01-01 00:00:00.000000000,2014-03-30 00:00:00.000000000,2013-08-19 00:00:00.000000000,92 days 00:00:00.000000000,82 days 00:00:00.000000000,-10 days +00:00:00.000000000
9264,2014-08-30 00:00:00.000000000,2014-09-05 00:00:00.000000000,2014-09-18 00:00:00.000000000,2014-04-18 00:00:00.000000000,1910-01-01 00:00:00.000000000,2014-07-02 13:42:51.465600000,2014-02-18 13:42:51.465600000,58 days 10:17:08.534400000,64 days 10:17:08.534400000,6 days 00:00:00.000000000
9265,2014-09-30 00:00:00.000000000,2014-07-16 00:00:00.000000000,2014-07-21 00:00:00.000000000,2014-04-22 00:00:00.000000000,1910-01-01 00:00:00.000000000,2014-06-15 00:00:00.000000000,2014-01-05 00:00:00.000000000,107 days 00:00:00.000000000,31 days 00:00:00.000000000,-76 days +00:00:00.000000000
9266,2014-11-28 00:00:00.000000000,2014-07-09 00:00:00.000000000,2014-08-07 00:00:00.000000000,2014-01-29 00:00:00.000000000,1910-01-01 00:00:00.000000000,2014-07-04 07:01:27.811200000,2013-09-04 07:01:27.811200000,146 days 16:58:32.188800000,4 days 16:58:32.188800000,-142 days +00:00:00.000000000
9267,2014-10-31 00:00:00.000000000,2014-06-20 00:00:00.000000000,2014-06-25 00:00:00.000000000,2014-04-25 00:00:00.000000000,1910-01-01 00:00:00.000000000,2014-07-31 00:00:00.000000000,2014-01-23 00:00:00.000000000,92 days 00:00:00.000000000,-41 days +00:00:00.000000000,-133 days +00:00:00.000000000
9268,2014-08-29 00:00:00.000000000,2014-09-23 00:00:00.000000000,2014-11-24 00:00:00.000000000,2013-10-01 00:00:00.000000000,1910-01-01 00:00:00.000000000,2014-04-30 01:36:00.028800000,2013-06-02 01:36:00.028800000,120 days 22:23:59.971200000,145 days 22:23:59.971200000,25 days 00:00:00.000000000
9269,2014-07-21 00:00:00.000000000,2014-08-25 00:00:00.000000000,2014-09-08 00:00:00.000000000,2014-01-16 00:00:00.000000000,1910-01-01 00:00:00.000000000,2014-05-04 12:00:00.000000000,2013-10-30 12:00:00.000000000,77 days 12:00:00.000000000,112 days 12:00:00.000000000,35 days 00:00:00.000000000
9270,2014-12-31 00:00:00.000000000,2014-08-15 00:00:00.000000000,2014-08-25 00:00:00.000000000,2014-05-02 00:00:00.000000000,1910-01-01 00:00:00.000000000,2014-09-05 22:04:48.000000000,2014-01-05 22:04:48.000000000,116 days 01:55:12.000000000,-22 days +01:55:12.000000000,-138 days +00:00:00.000000000
9271,2014-07-31 00:00:00.000000000,2014-07-23 00:00:00.000000000,2014-08-28 00:00:00.000000000,2014-02-06 00:00:00.000000000,1910-01-01 00:00:00.000000000,2014-04-28 12:00:00.000000000,2013-11-04 12:00:00.000000000,93 days 12:00:00.000000000,85 days 12:00:00.000000000,-8 days +00:00:00.000000000
9272,2014-07-31 00:00:00.000000000,2014-07-23 00:00:00.000000000,2014-08-28 00:00:00.000000000,2014-02-06 00:00:00.000000000,1910-01-01 00:00:00.000000000,2014-04-28 12:00:00.000000000,2013-11-04 12:00:00.000000000,93 days 12:00:00.000000000,85 days 12:00:00.000000000,-8 days +00:00:00.000000000
9273,2014-09-30 00:00:00.000000000,2014-06-29 00:00:00.000000000,2014-08-04 00:00:00.000000000,2013-12-24 00:00:00.000000000,1910-01-01 00:00:00.000000000,2014-06-22 12:37:53.702400000,2013-09-15 12:37:53.702400000,99 days 11:22:06.297600000,6 days 11:22:06.297600000,-93 days +00:00:00.000000000
9274,2014-08-29 00:00:00.000000000,2014-08-25 00:00:00.000000000,2014-08-28 00:00:00.000000000,2013-10-21 00:00:00.000000000,1910-01-01 00:00:00.000000000,2014-05-04 22:04:48.000000000,2013-06-26 22:04:48.000000000,116 days 01:55:12.000000000,112 days 01:55:12.000000000,-4 days +00:00:00.000000000
9275,2014-08-29 00:00:00.000000000,2014-10-30 00:00:00.000000000,2014-11-13 00:00:00.000000000,2013-06-28 00:00:00.000000000,1910-01-01 00:00:00.000000000,2014-05-04 22:04:48.000000000,2013-03-03 22:04:48.000000000,116 days 01:55:12.000000000,178 days 01:55:12.000000000,62 days 00:00:00.000000000
9276,2014-08-13 00:00:00.000000000,2014-09-24 00:00:00.000000000,2014-11-06 00:00:00.000000000,2014-05-07 00:00:00.000000000,1910-01-01 00:00:00.000000000,2014-05-10 19:59:59.971200000,2014-02-01 19:59:59.971200000,94 days 04:00:00.028800000,136 days 04:00:00.028800000,42 days 00:00:00.000000000
9277,2014-08-29 00:00:00.000000000,2014-10-27 00:00:00.000000000,2014-11-07 00:00:00.000000000,2013-10-21 00:00:00.000000000,1910-01-01 00:00:00.000000000,2014-05-04 22:04:48.000000000,2013-06-26 22:04:48.000000000,116 days 01:55:12.000000000,175 days 01:55:12.000000000,59 days 00:00:00.000000000
9278,2014-08-29 00:00:00.000000000,2014-10-27 00:00:00.000000000,2014-11-07 00:00:00.000000000,2013-12-09 00:00:00.000000000,1910-01-01 00:00:00.000000000,2014-05-04 22:04:48.000000000,2013-08-14 22:04:48.000000000,116 days 01:55:12.000000000,175 days 01:55:12.000000000,59 days 00:00:00.000000000
9279,2014-08-29 00:00:00.000000000,2014-09-29 00:00:00.000000000,2014-10-06 00:00:00.000000000,2013-10-01 00:00:00.000000000,1910-01-01 00:00:00.000000000,2014-04-30 01:36:00.028800000,2013-06-02 01:36:00.028800000,120 days 22:23:59.971200000,151 days 22:23:59.971200000,31 days 00:00:00.000000000
9280,2014-09-30 00:00:00.000000000,2014-10-27 00:00:00.000000000,2014-11-07 00:00:00.000000000,2013-12-09 00:00:00.000000000,1910-01-01 00:00:00.000000000,2014-06-05 22:04:48.000000000,2013-08-14 22:04:48.000000000,116 days 01:55:12.000000000,143 days 01:55:12.000000000,27 days 00:00:00.000000000
9281,2014-09-30 00:00:00.000000000,2014-09-03 00:00:00.000000000,2014-09-05 00:00:00.000000000,2014-02-13 00:00:00.000000000,1910-01-01 00:00:00.000000000,2014-06-30 00:00:00.000000000,2013-11-13 00:00:00.000000000,92 days 00:00:00.000000000,65 days 00:00:00.000000000,-27 days +00:00:00.000000000
9282,2014-11-03 00:00:00.000000000,2014-10-28 00:00:00.000000000,2014-10-31 00:00:00.000000000,2013-10-01 00:00:00.000000000,1910-01-01 00:00:00.000000000,2014-07-05 01:36:00.028800000,2013-06-02 01:36:00.028800000,120 days 22:23:59.971200000,114 days 22:23:59.971200000,-6 days +00:00:00.000000000
9283,2014-10-30 00:00:00.000000000,2014-10-27 00:00:00.000000000,2014-11-12 00:00:00.000000000,2014-07-14 00:00:00.000000000,1910-01-01 00:00:00.000000000,2014-07-27 19:59:59.971200000,2014-04-10 19:59:59.971200000,94 days 04:00:00.028800000,91 days 04:00:00.028800000,-3 days +00:00:00.000000000
9284,2014-11-03 00:00:00.000000000,2014-10-17 00:00:00.000000000,2014-11-07 00:00:00.000000000,2014-01-15 00:00:00.000000000,1910-01-01 00:00:00.000000000,2014-07-05 01:36:00.028800000,2013-09-16 01:36:00.028800000,120 days 22:23:59.971200000,103 days 22:23:59.971200000,-17 days +00:00:00.000000000
9285,2014-09-30 00:00:00.000000000,2014-10-01 00:00:00.000000000,2014-10-21 00:00:00.000000000,2014-06-04 00:00:00.000000000,1910-01-01 00:00:00.000000000,2014-06-23 01:15:47.404800000,2014-02-25 01:15:47.404800000,98 days 22:44:12.595200000,99 days 22:44:12.595200000,1 days 00:00:00.000000000
9286,2014-10-08 00:00:00.000000000,2014-10-21 00:00:00.000000000,2014-10-22 00:00:00.000000000,2014-07-30 00:00:00.000000000,1910-01-01 00:00:00.000000000,2014-07-24 07:23:04.588800000,2014-05-15 07:23:04.588800000,75 days 16:36:55.411200000,88 days 16:36:55.411200000,13 days 00:00:00.000000000
9287,2014-11-28 00:00:00.000000000,2014-11-19 00:00:00.000000000,2014-11-20 00:00:00.000000000,2014-01-15 00:00:00.000000000,1910-01-01 00:00:00.000000000,2014-07-30 01:36:00.028800000,2013-09-16 01:36:00.028800000,120 days 22:23:59.971200000,111 days 22:23:59.971200000,-9 days +00:00:00.000000000
9288,2015-01-30 00:00:00.000000000,2015-02-19 00:00:00.000000000,2015-02-20 00:00:00.000000000,2014-04-24 00:00:00.000000000,1910-01-01 00:00:00.000000000,2014-07-14 09:20:00.009600000,2013-10-06 09:20:00.009600000,199 days 14:39:59.990400000,219 days 14:39:59.990400000,20 days 00:00:00.000000000
9289,2015-01-31 00:00:00.000000000,2014-10-30 00:00:00.000000000,2014-11-07 00:00:00.000000000,2014-06-13 00:00:00.000000000,1910-01-01 00:00:00.000000000,2014-09-19 12:00:00.000000000,2014-01-30 12:00:00.000000000,133 days 12:00:00.000000000,40 days 12:00:00.000000000,-93 days +00:00:00.000000000
9290,2014-10-31 00:00:00.000000000,2014-11-25 00:00:00.000000000,2014-11-28 00:00:00.000000000,2014-06-04 00:00:00.000000000,1910-01-01 00:00:00.000000000,2014-07-24 01:15:47.404800000,2014-02-25 01:15:47.404800000,98 days 22:44:12.595200000,123 days 22:44:12.595200000,25 days 00:00:00.000000000
9291,2015-01-30 00:00:00.000000000,2015-02-11 00:00:00.000000000,2015-02-16 00:00:00.000000000,2014-01-29 00:00:00.000000000,1910-01-01 00:00:00.000000000,2014-06-20 12:00:00.000000000,2013-06-19 12:00:00.000000000,223 days 12:00:00.000000000,235 days 12:00:00.000000000,12 days 00:00:00.000000000
9292,2015-01-30 00:00:00.000000000,2015-02-11 00:00:00.000000000,2015-02-16 00:00:00.000000000,2014-01-29 00:00:00.000000000,1910-01-01 00:00:00.000000000,2014-06-20 12:00:00.000000000,2013-06-19 12:00:00.000000000,223 days 12:00:00.000000000,235 days 12:00:00.000000000,12 days 00:00:00.000000000
9293,2015-01-30 00:00:00.000000000,2015-02-19 00:00:00.000000000,2015-02-20 00:00:00.000000000,2014-04-24 00:00:00.000000000,1910-01-01 00:00:00.000000000,2014-07-14 09:20:00.009600000,2013-10-06 09:20:00.009600000,199 days 14:39:59.990400000,219 days 14:39:59.990400000,20 days 00:00:00.000000000
9294,2015-01-30 00:00:00.000000000,2015-01-14 00:00:00.000000000,2015-01-20 00:00:00.000000000,2014-04-25 00:00:00.000000000,1910-01-01 00:00:00.000000000,2014-10-22 19:34:44.169600000,2014-01-15 19:34:44.169600000,99 days 04:25:15.830400000,83 days 04:25:15.830400000,-16 days +00:00:00.000000000
9295,2015-02-16 00:00:00.000000000,2015-02-04 00:00:00.000000000,2015-02-16 00:00:00.000000000,2014-04-01 00:00:00.000000000,1910-01-01 00:00:00.000000000,2014-10-05 12:00:00.000000000,2013-11-18 12:00:00.000000000,133 days 12:00:00.000000000,121 days 12:00:00.000000000,-12 days +00:00:00.000000000
9296,2015-02-16 00:00:00.000000000,2015-02-04 00:00:00.000000000,2015-02-16 00:00:00.000000000,2014-04-02 00:00:00.000000000,1910-01-01 00:00:00.000000000,2014-10-05 12:00:00.000000000,2013-11-19 12:00:00.000000000,133 days 12:00:00.000000000,121 days 12:00:00.000000000,-12 days +00:00:00.000000000
9297,2015-03-06 00:00:00.000000000,2015-02-06 00:00:00.000000000,2015-02-06 00:00:00.000000000,2014-06-13 00:00:00.000000000,1910-01-01 00:00:00.000000000,2014-10-23 12:00:00.000000000,2014-01-30 12:00:00.000000000,133 days 12:00:00.000000000,105 days 12:00:00.000000000,-28 days +00:00:00.000000000
9298,2015-03-06 00:00:00.000000000,2015-02-06 00:00:00.000000000,2015-02-06 00:00:00.000000000,2014-06-13 00:00:00.000000000,1910-01-01 00:00:00.000000000,2014-10-23 12:00:00.000000000,2014-01-30 12:00:00.000000000,133 days 12:00:00.000000000,105 days 12:00:00.000000000,-28 days +00:00:00.000000000
9299,2015-02-16 00:00:00.000000000,2015-02-04 00:00:00.000000000,2015-02-16 00:00:00.000000000,2014-04-02 00:00:00.000000000,1910-01-01 00:00:00.000000000,2014-10-05 12:00:00.000000000,2013-11-19 12:00:00.000000000,133 days 12:00:00.000000000,121 days 12:00:00.000000000,-12 days +00:00:00.000000000
9300,2015-02-27 00:00:00.000000000,2015-02-19 00:00:00.000000000,2015-02-20 00:00:00.000000000,2014-07-11 00:00:00.000000000,1910-01-01 00:00:00.000000000,2014-08-11 09:20:00.009600000,2013-12-23 09:20:00.009600000,199 days 14:39:59.990400000,191 days 14:39:59.990400000,-8 days +00:00:00.000000000
9301,2015-03-02 00:00:00.000000000,2015-02-05 00:00:00.000000000,2015-02-10 00:00:00.000000000,2014-04-25 00:00:00.000000000,1910-01-01 00:00:00.000000000,2014-11-22 19:34:44.169600000,2014-01-15 19:34:44.169600000,99 days 04:25:15.830400000,74 days 04:25:15.830400000,-25 days +00:00:00.000000000
9302,2015-03-02 00:00:00.000000000,2015-02-05 00:00:00.000000000,2015-02-10 00:00:00.000000000,2014-04-25 00:00:00.000000000,1910-01-01 00:00:00.000000000,2014-11-22 19:34:44.169600000,2014-01-15 19:34:44.169600000,99 days 04:25:15.830400000,74 days 04:25:15.830400000,-25 days +00:00:00.000000000
9303,2015-03-31 00:00:00.000000000,2015-04-10 00:00:00.000000000,2015-04-20 00:00:00.000000000,2014-10-17 00:00:00.000000000,1910-01-01 00:00:00.000000000,2014-11-22 12:55:23.116800000,2014-06-10 12:55:23.116800000,128 days 11:04:36.883200000,138 days 11:04:36.883200000,10 days 00:00:00.000000000
9304,2015-03-31 00:00:00.000000000,2015-03-17 00:00:00.000000000,2015-03-18 00:00:00.000000000,2014-06-13 00:00:00.000000000,1910-01-01 00:00:00.000000000,2014-11-17 12:00:00.000000000,2014-01-30 12:00:00.000000000,133 days 12:00:00.000000000,119 days 12:00:00.000000000,-14 days +00:00:00.000000000
9305,2015-02-27 00:00:00.000000000,2015-02-28 00:00:00.000000000,2015-03-05 00:00:00.000000000,2014-11-19 00:00:00.000000000,1910-01-01 00:00:00.000000000,2014-09-04 03:00:00.000000000,2014-05-27 03:00:00.000000000,175 days 21:00:00.000000000,176 days 21:00:00.000000000,1 days 00:00:00.000000000
9306,2015-03-31 00:00:00.000000000,2015-03-24 00:00:00.000000000,2015-03-24 00:00:00.000000000,2014-04-22 00:00:00.000000000,1910-01-01 00:00:00.000000000,2014-12-16 05:42:51.408000000,2014-01-07 05:42:51.408000000,104 days 18:17:08.592000000,97 days 18:17:08.592000000,-7 days +00:00:00.000000000
9307,2015-03-31 00:00:00.000000000,2015-03-26 00:00:00.000000000,2015-03-30 00:00:00.000000000,2014-05-23 00:00:00.000000000,1910-01-01 00:00:00.000000000,2014-08-19 12:00:00.000000000,2013-10-11 12:00:00.000000000,223 days 12:00:00.000000000,218 days 12:00:00.000000000,-5 days +00:00:00.000000000
9308,2015-02-28 00:00:00.000000000,2015-03-10 00:00:00.000000000,2015-03-17 00:00:00.000000000,2014-08-13 00:00:00.000000000,1910-01-01 00:00:00.000000000,2014-11-20 19:34:44.169600000,2014-05-05 19:34:44.169600000,99 days 04:25:15.830400000,109 days 04:25:15.830400000,10 days 00:00:00.000000000
9309,2015-05-29 00:00:00.000000000,2015-03-25 00:00:00.000000000,2015-03-30 00:00:00.000000000,2014-11-19 00:00:00.000000000,1910-01-01 00:00:00.000000000,2014-12-04 03:00:00.000000000,2014-05-27 03:00:00.000000000,175 days 21:00:00.000000000,110 days 21:00:00.000000000,-65 days +00:00:00.000000000
9310,2015-04-15 00:00:00.000000000,2015-03-18 00:00:00.000000000,2015-03-20 00:00:00.000000000,2014-08-13 00:00:00.000000000,1910-01-01 00:00:00.000000000,2015-01-05 19:34:44.169600000,2014-05-05 19:34:44.169600000,99 days 04:25:15.830400000,71 days 04:25:15.830400000,-28 days +00:00:00.000000000
9311,2015-04-30 00:00:00.000000000,2015-03-20 00:00:00.000000000,2015-03-30 00:00:00.000000000,2014-08-13 00:00:00.000000000,1910-01-01 00:00:00.000000000,2015-01-20 19:34:44.169600000,2014-05-05 19:34:44.169600000,99 days 04:25:15.830400000,58 days 04:25:15.830400000,-41 days +00:00:00.000000000
9312,2015-04-30 00:00:00.000000000,2015-03-20 00:00:00.000000000,2015-03-30 00:00:00.000000000,2014-08-13 00:00:00.000000000,1910-01-01 00:00:00.000000000,2015-01-20 19:34:44.169600000,2014-05-05 19:34:44.169600000,99 days 04:25:15.830400000,58 days 04:25:15.830400000,-41 days +00:00:00.000000000
9313,2015-04-06 00:00:00.000000000,2015-03-26 00:00:00.000000000,2015-03-26 00:00:00.000000000,2015-02-26 00:00:00.000000000,1910-01-01 00:00:00.000000000,2014-11-24 00:00:00.000000000,2014-10-16 00:00:00.000000000,133 days 00:00:00.000000000,122 days 00:00:00.000000000,-11 days +00:00:00.000000000
9314,2015-07-01 00:00:00.000000000,2015-07-13 00:00:00.000000000,2015-07-13 00:00:00.000000000,2015-01-26 00:00:00.000000000,1910-01-01 00:00:00.000000000,2015-02-26 07:45:52.905600000,2014-09-23 07:45:52.905600000,124 days 16:14:07.094400000,136 days 16:14:07.094400000,12 days 00:00:00.000000000
9315,2015-05-15 00:00:00.000000000,2015-05-15 00:00:00.000000000,2015-05-15 00:00:00.000000000,2014-08-21 00:00:00.000000000,1910-01-01 00:00:00.000000000,2015-01-06 12:55:23.116800000,2014-04-14 12:55:23.116800000,128 days 11:04:36.883200000,128 days 11:04:36.883200000,0 days 00:00:00.000000000
9316,2015-04-06 00:00:00.000000000,2015-04-20 00:00:00.000000000,2015-04-20 00:00:00.000000000,2014-12-22 00:00:00.000000000,1910-01-01 00:00:00.000000000,2014-12-22 05:42:51.408000000,2014-09-08 05:42:51.408000000,104 days 18:17:08.592000000,118 days 18:17:08.592000000,14 days 00:00:00.000000000
9317,2015-06-30 00:00:00.000000000,2015-04-22 00:00:00.000000000,2015-04-23 00:00:00.000000000,2014-11-19 00:00:00.000000000,1910-01-01 00:00:00.000000000,2015-01-05 03:00:00.000000000,2014-05-27 03:00:00.000000000,175 days 21:00:00.000000000,106 days 21:00:00.000000000,-69 days +00:00:00.000000000
9318,2015-06-30 00:00:00.000000000,2015-04-22 00:00:00.000000000,2015-04-23 00:00:00.000000000,2014-11-19 00:00:00.000000000,1910-01-01 00:00:00.000000000,2015-01-05 03:00:00.000000000,2014-05-27 03:00:00.000000000,175 days 21:00:00.000000000,106 days 21:00:00.000000000,-69 days +00:00:00.000000000
9319,2015-04-30 00:00:00.000000000,2015-04-22 00:00:00.000000000,2015-04-24 00:00:00.000000000,2014-11-03 00:00:00.000000000,1910-01-01 00:00:00.000000000,2014-11-26 12:42:21.196800000,2014-06-01 12:42:21.196800000,154 days 11:17:38.803200000,146 days 11:17:38.803200000,-8 days +00:00:00.000000000
9320,2015-06-15 00:00:00.000000000,2015-05-14 00:00:00.000000000,2015-05-15 00:00:00.000000000,2014-11-03 00:00:00.000000000,1910-01-01 00:00:00.000000000,2015-01-11 12:42:21.196800000,2014-06-01 12:42:21.196800000,154 days 11:17:38.803200000,122 days 11:17:38.803200000,-32 days +00:00:00.000000000
9321,2015-06-30 00:00:00.000000000,2015-04-15 00:00:00.000000000,2015-04-20 00:00:00.000000000,2014-09-19 00:00:00.000000000,1910-01-01 00:00:00.000000000,2015-03-22 19:34:44.169600000,2014-06-11 19:34:44.169600000,99 days 04:25:15.830400000,23 days 04:25:15.830400000,-76 days +00:00:00.000000000
9322,2015-05-29 00:00:00.000000000,2015-06-15 00:00:00.000000000,2015-06-15 00:00:00.000000000,2014-10-17 00:00:00.000000000,1910-01-01 00:00:00.000000000,2015-01-20 12:55:23.116800000,2014-06-10 12:55:23.116800000,128 days 11:04:36.883200000,145 days 11:04:36.883200000,17 days 00:00:00.000000000
9323,2015-04-30 00:00:00.000000000,2015-04-30 00:00:00.000000000,2015-04-30 00:00:00.000000000,2014-10-16 00:00:00.000000000,1910-01-01 00:00:00.000000000,2014-12-17 12:00:00.000000000,2014-06-04 12:00:00.000000000,133 days 12:00:00.000000000,133 days 12:00:00.000000000,0 days 00:00:00.000000000
9324,2015-06-30 00:00:00.000000000,2015-04-15 00:00:00.000000000,2015-04-20 00:00:00.000000000,2014-09-19 00:00:00.000000000,1910-01-01 00:00:00.000000000,2015-03-22 19:34:44.169600000,2014-06-11 19:34:44.169600000,99 days 04:25:15.830400000,23 days 04:25:15.830400000,-76 days +00:00:00.000000000
9325,2015-06-30 00:00:00.000000000,2015-06-09 00:00:00.000000000,2015-06-15 00:00:00.000000000,2014-10-17 00:00:00.000000000,1910-01-01 00:00:00.000000000,2015-02-21 12:55:23.116800000,2014-06-10 12:55:23.116800000,128 days 11:04:36.883200000,107 days 11:04:36.883200000,-21 days +00:00:00.000000000
9326,2015-06-19 00:00:00.000000000,2015-06-08 00:00:00.000000000,2015-06-19 00:00:00.000000000,2014-10-24 00:00:00.000000000,1910-01-01 00:00:00.000000000,2014-11-07 12:00:00.000000000,2014-03-14 12:00:00.000000000,223 days 12:00:00.000000000,212 days 12:00:00.000000000,-11 days +00:00:00.000000000
9327,2015-06-19 00:00:00.000000000,2015-06-08 00:00:00.000000000,2015-06-19 00:00:00.000000000,2014-10-24 00:00:00.000000000,1910-01-01 00:00:00.000000000,2014-11-07 12:00:00.000000000,2014-03-14 12:00:00.000000000,223 days 12:00:00.000000000,212 days 12:00:00.000000000,-11 days +00:00:00.000000000
9328,2015-06-30 00:00:00.000000000,2015-04-28 00:00:00.000000000,2015-04-29 00:00:00.000000000,2014-09-19 00:00:00.000000000,1910-01-01 00:00:00.000000000,2015-03-22 19:34:44.169600000,2014-06-11 19:34:44.169600000,99 days 04:25:15.830400000,36 days 04:25:15.830400000,-63 days +00:00:00.000000000
9329,2015-06-30 00:00:00.000000000,2015-06-17 00:00:00.000000000,2015-06-29 00:00:00.000000000,2014-12-22 00:00:00.000000000,1910-01-01 00:00:00.000000000,2015-03-17 05:42:51.408000000,2014-09-08 05:42:51.408000000,104 days 18:17:08.592000000,91 days 18:17:08.592000000,-13 days +00:00:00.000000000
9330,2015-06-30 00:00:00.000000000,2015-06-02 00:00:00.000000000,2015-06-17 00:00:00.000000000,2014-09-19 00:00:00.000000000,1910-01-01 00:00:00.000000000,2015-03-22 19:34:44.169600000,2014-06-11 19:34:44.169600000,99 days 04:25:15.830400000,71 days 04:25:15.830400000,-28 days +00:00:00.000000000
9331,2015-06-25 00:00:00.000000000,2015-06-19 00:00:00.000000000,2015-06-23 00:00:00.000000000,2015-05-14 00:00:00.000000000,1910-01-01 00:00:00.000000000,2015-02-23 04:10:26.083200000,2015-01-12 04:10:26.083200000,121 days 19:49:33.916800000,115 days 19:49:33.916800000,-6 days +00:00:00.000000000
9332,2015-08-18 00:00:00.000000000,2015-08-06 00:00:00.000000000,2015-08-11 00:00:00.000000000,2015-05-27 00:00:00.000000000,1910-01-01 00:00:00.000000000,2015-05-05 05:42:51.408000000,2015-02-11 05:42:51.408000000,104 days 18:17:08.592000000,92 days 18:17:08.592000000,-12 days +00:00:00.000000000
9333,2015-09-30 00:00:00.000000000,2015-08-03 00:00:00.000000000,2015-08-11 00:00:00.000000000,2015-05-27 00:00:00.000000000,1910-01-01 00:00:00.000000000,2015-06-17 05:42:51.408000000,2015-02-11 05:42:51.408000000,104 days 18:17:08.592000000,46 days 18:17:08.592000000,-58 days +00:00:00.000000000
9334,2009-07-30 00:00:00.000000000,2009-08-04 00:00:00.000000000,2009-08-04 00:00:00.000000000,2009-05-26 00:00:00.000000000,1910-01-01 00:00:00.000000000,2009-04-12 14:36:31.334400000,2009-02-06 14:36:31.334400000,108 days 09:23:28.665600000,113 days 09:23:28.665600000,5 days 00:00:00.000000000
9335,2009-11-30 00:00:00.000000000,2009-10-30 00:00:00.000000000,2009-10-30 00:00:00.000000000,2009-08-17 00:00:00.000000000,1910-01-01 00:00:00.000000000,2009-08-06 09:13:50.736000000,2009-04-23 09:13:50.736000000,115 days 14:46:09.264000000,84 days 14:46:09.264000000,-31 days +00:00:00.000000000
9336,2009-10-08 00:00:00.000000000,2009-10-08 00:00:00.000000000,2009-10-08 00:00:00.000000000,2009-08-06 00:00:00.000000000,1910-01-01 00:00:00.000000000,2009-08-18 07:12:00.000000000,2009-06-16 07:12:00.000000000,50 days 16:48:00.000000000,50 days 16:48:00.000000000,0 days 00:00:00.000000000
9337,2009-10-08 00:00:00.000000000,2009-10-08 00:00:00.000000000,2009-10-08 00:00:00.000000000,2009-08-06 00:00:00.000000000,1910-01-01 00:00:00.000000000,2009-08-18 07:12:00.000000000,2009-06-16 07:12:00.000000000,50 days 16:48:00.000000000,50 days 16:48:00.000000000,0 days 00:00:00.000000000
9338,2009-10-15 00:00:00.000000000,2009-10-20 00:00:00.000000000,2009-10-20 00:00:00.000000000,2009-07-29 00:00:00.000000000,1910-01-01 00:00:00.000000000,2009-06-28 14:36:31.334400000,2009-04-11 14:36:31.334400000,108 days 09:23:28.665600000,113 days 09:23:28.665600000,5 days 00:00:00.000000000
9339,2009-11-18 00:00:00.000000000,2009-10-09 00:00:00.000000000,2009-10-09 00:00:00.000000000,2009-09-22 00:00:00.000000000,1910-01-01 00:00:00.000000000,2009-09-02 23:06:40.003200000,2009-07-07 23:06:40.003200000,76 days 00:53:19.996800000,36 days 00:53:19.996800000,-40 days +00:00:00.000000000
9340,2009-10-30 00:00:00.000000000,2009-10-20 00:00:00.000000000,2009-10-20 00:00:00.000000000,2009-07-24 00:00:00.000000000,1910-01-01 00:00:00.000000000,2009-07-11 04:55:23.059200000,2009-04-04 04:55:23.059200000,110 days 19:04:36.940800000,100 days 19:04:36.940800000,-10 days +00:00:00.000000000
9341,2009-12-03 00:00:00.000000000,2009-11-30 00:00:00.000000000,2009-11-30 00:00:00.000000000,2009-09-17 00:00:00.000000000,1910-01-01 00:00:00.000000000,2009-10-13 07:12:00.000000000,2009-07-28 07:12:00.000000000,50 days 16:48:00.000000000,47 days 16:48:00.000000000,-3 days +00:00:00.000000000
9342,2009-11-30 00:00:00.000000000,2009-11-30 00:00:00.000000000,2009-11-30 00:00:00.000000000,2009-09-23 00:00:00.000000000,1910-01-01 00:00:00.000000000,2009-09-14 23:06:40.003200000,2009-07-08 23:06:40.003200000,76 days 00:53:19.996800000,76 days 00:53:19.996800000,0 days 00:00:00.000000000
9343,2009-11-30 00:00:00.000000000,2009-11-30 00:00:00.000000000,2009-11-30 00:00:00.000000000,2009-09-23 00:00:00.000000000,1910-01-01 00:00:00.000000000,2009-09-14 23:06:40.003200000,2009-07-08 23:06:40.003200000,76 days 00:53:19.996800000,76 days 00:53:19.996800000,0 days 00:00:00.000000000
9344,2009-12-02 00:00:00.000000000,2009-11-30 00:00:00.000000000,2009-11-30 00:00:00.000000000,2009-09-23 00:00:00.000000000,1910-01-01 00:00:00.000000000,2009-09-16 23:06:40.003200000,2009-07-08 23:06:40.003200000,76 days 00:53:19.996800000,74 days 00:53:19.996800000,-2 days +00:00:00.000000000
9345,2009-12-01 00:00:00.000000000,2009-12-02 00:00:00.000000000,2009-12-02 00:00:00.000000000,2009-07-24 00:00:00.000000000,1910-01-01 00:00:00.000000000,2009-08-12 04:55:23.059200000,2009-04-04 04:55:23.059200000,110 days 19:04:36.940800000,111 days 19:04:36.940800000,1 days 00:00:00.000000000
9346,2009-11-30 00:00:00.000000000,2009-12-02 00:00:00.000000000,2009-12-02 00:00:00.000000000,2009-08-17 00:00:00.000000000,1910-01-01 00:00:00.000000000,2009-10-10 07:12:00.000000000,2009-06-27 07:12:00.000000000,50 days 16:48:00.000000000,52 days 16:48:00.000000000,2 days 00:00:00.000000000
9347,2009-11-30 00:00:00.000000000,2009-12-02 00:00:00.000000000,2009-12-02 00:00:00.000000000,2009-08-17 00:00:00.000000000,1910-01-01 00:00:00.000000000,2009-10-10 07:12:00.000000000,2009-06-27 07:12:00.000000000,50 days 16:48:00.000000000,52 days 16:48:00.000000000,2 days 00:00:00.000000000
9348,2009-12-18 00:00:00.000000000,2009-12-07 00:00:00.000000000,2009-12-07 00:00:00.000000000,2009-03-17 00:00:00.000000000,1910-01-01 00:00:00.000000000,2009-08-13 14:24:00.000000000,2008-11-10 14:24:00.000000000,126 days 09:36:00.000000000,115 days 09:36:00.000000000,-11 days +00:00:00.000000000
9349,2010-01-15 00:00:00.000000000,2009-11-26 00:00:00.000000000,2009-11-26 00:00:00.000000000,2009-08-05 00:00:00.000000000,1910-01-01 00:00:00.000000000,2009-09-29 09:49:05.462400000,2009-04-19 09:49:05.462400000,107 days 14:10:54.537600000,57 days 14:10:54.537600000,-50 days +00:00:00.000000000
9350,2009-12-14 00:00:00.000000000,2009-12-11 00:00:00.000000000,2009-12-11 00:00:00.000000000,2009-10-15 00:00:00.000000000,1910-01-01 00:00:00.000000000,2009-08-25 04:55:23.059200000,2009-06-26 04:55:23.059200000,110 days 19:04:36.940800000,107 days 19:04:36.940800000,-3 days +00:00:00.000000000
9351,2010-01-15 00:00:00.000000000,2010-01-22 00:00:00.000000000,2010-01-22 00:00:00.000000000,2009-09-25 00:00:00.000000000,1910-01-01 00:00:00.000000000,2009-11-10 09:52:56.496000001,2009-07-21 09:52:56.496000001,65 days 14:07:03.503999999,72 days 14:07:03.503999999,7 days 00:00:00.000000000
9352,2009-12-17 00:00:00.000000000,2009-12-14 00:00:00.000000000,2009-12-14 00:00:00.000000000,2009-10-15 00:00:00.000000000,1910-01-01 00:00:00.000000000,2009-08-28 04:55:23.059200000,2009-06-26 04:55:23.059200000,110 days 19:04:36.940800000,107 days 19:04:36.940800000,-3 days +00:00:00.000000000
9353,2010-01-19 00:00:00.000000000,2010-01-26 00:00:00.000000000,2010-01-26 00:00:00.000000000,2009-02-26 00:00:00.000000000,1910-01-01 00:00:00.000000000,2009-10-15 22:00:00.028800000,2008-11-22 22:00:00.028800000,95 days 01:59:59.971200000,102 days 01:59:59.971200000,7 days 00:00:00.000000000
9354,2009-12-22 00:00:00.000000000,2009-12-16 00:00:00.000000000,2009-12-16 00:00:00.000000000,2009-09-23 00:00:00.000000000,1910-01-01 00:00:00.000000000,2009-10-06 23:06:40.003200000,2009-07-08 23:06:40.003200000,76 days 00:53:19.996800000,70 days 00:53:19.996800000,-6 days +00:00:00.000000000
9355,2009-12-25 00:00:00.000000000,2009-12-17 00:00:00.000000000,2009-12-17 00:00:00.000000000,2009-10-23 00:00:00.000000000,1910-01-01 00:00:00.000000000,2009-10-09 23:06:40.003200000,2009-08-07 23:06:40.003200000,76 days 00:53:19.996800000,68 days 00:53:19.996800000,-8 days +00:00:00.000000000
9356,2010-02-25 00:00:00.000000000,2010-01-15 00:00:00.000000000,2010-01-15 00:00:00.000000000,2009-09-17 00:00:00.000000000,1910-01-01 00:00:00.000000000,2009-12-21 09:52:56.496000001,2009-07-13 09:52:56.496000001,65 days 14:07:03.503999999,24 days 14:07:03.503999999,-41 days +00:00:00.000000000
9357,2010-02-03 00:00:00.000000000,2010-02-03 00:00:00.000000000,2010-02-03 00:00:00.000000000,2009-08-17 00:00:00.000000000,1910-01-01 00:00:00.000000000,2009-11-29 09:52:56.496000001,2009-06-12 09:52:56.496000001,65 days 14:07:03.503999999,65 days 14:07:03.503999999,0 days 00:00:00.000000000
9358,2010-04-14 00:00:00.000000000,2010-04-14 00:00:00.000000000,2010-04-14 00:00:00.000000000,2009-09-14 00:00:00.000000000,1910-01-01 00:00:00.000000000,2010-01-08 22:00:00.028800000,2009-06-10 22:00:00.028800000,95 days 01:59:59.971200000,95 days 01:59:59.971200000,0 days 00:00:00.000000000
9359,2010-03-19 00:00:00.000000000,2010-01-29 00:00:00.000000000,2010-01-29 00:00:00.000000000,2009-09-23 00:00:00.000000000,1910-01-01 00:00:00.000000000,2010-01-12 09:52:56.496000001,2009-07-19 09:52:56.496000001,65 days 14:07:03.503999999,16 days 14:07:03.503999999,-49 days +00:00:00.000000000
9360,2010-04-06 00:00:00.000000000,2010-02-15 00:00:00.000000000,2010-02-15 00:00:00.000000000,2009-10-15 00:00:00.000000000,1910-01-01 00:00:00.000000000,2009-12-29 07:36:35.107200001,2009-07-09 07:36:35.107200001,97 days 16:23:24.892799999,47 days 16:23:24.892799999,-50 days +00:00:00.000000000
9361,2010-03-15 00:00:00.000000000,2010-03-05 00:00:00.000000000,2010-03-05 00:00:00.000000000,2009-09-17 00:00:00.000000000,1910-01-01 00:00:00.000000000,2009-11-27 09:49:05.462400000,2009-06-01 09:49:05.462400000,107 days 14:10:54.537600000,97 days 14:10:54.537600000,-10 days +00:00:00.000000000
9362,2010-03-18 00:00:00.000000000,2010-03-17 00:00:00.000000000,2010-03-17 00:00:00.000000000,2010-01-29 00:00:00.000000000,1910-01-01 00:00:00.000000000,2010-01-11 09:52:56.496000001,2009-11-24 09:52:56.496000001,65 days 14:07:03.503999999,64 days 14:07:03.503999999,-1 days +00:00:00.000000000
9363,2010-04-06 00:00:00.000000000,2010-03-01 00:00:00.000000000,2010-03-01 00:00:00.000000000,2009-10-15 00:00:00.000000000,1910-01-01 00:00:00.000000000,2009-12-29 07:36:35.107200001,2009-07-09 07:36:35.107200001,97 days 16:23:24.892799999,61 days 16:23:24.892799999,-36 days +00:00:00.000000000
9364,2010-03-31 00:00:00.000000000,2010-03-12 00:00:00.000000000,2010-03-12 00:00:00.000000000,2009-03-17 00:00:00.000000000,1910-01-01 00:00:00.000000000,2010-01-06 00:00:00.000000000,2008-12-23 00:00:00.000000000,84 days 00:00:00.000000000,65 days 00:00:00.000000000,-19 days +00:00:00.000000000
9365,2010-04-07 00:00:00.000000000,2010-03-03 00:00:00.000000000,2010-03-03 00:00:00.000000000,2009-10-23 00:00:00.000000000,1910-01-01 00:00:00.000000000,2009-12-28 18:40:00.019200000,2009-07-15 18:40:00.019200000,99 days 05:19:59.980800000,64 days 05:19:59.980800000,-35 days +00:00:00.000000000
9366,2010-03-02 00:00:00.000000000,2010-03-03 00:00:00.000000000,2010-03-03 00:00:00.000000000,2010-02-12 00:00:00.000000000,1910-01-01 00:00:00.000000000,2009-11-22 18:40:00.019200000,2009-11-04 18:40:00.019200000,99 days 05:19:59.980800000,100 days 05:19:59.980800000,1 days 00:00:00.000000000
9367,2010-03-09 00:00:00.000000000,2010-03-10 00:00:00.000000000,2010-03-10 00:00:00.000000000,2009-10-15 00:00:00.000000000,1910-01-01 00:00:00.000000000,2009-12-01 07:36:35.107200001,2009-07-09 07:36:35.107200001,97 days 16:23:24.892799999,98 days 16:23:24.892799999,1 days 00:00:00.000000000
9368,2010-03-15 00:00:00.000000000,2010-03-15 00:00:00.000000000,2010-03-15 00:00:00.000000000,2009-10-23 00:00:00.000000000,1910-01-01 00:00:00.000000000,2009-12-05 18:40:00.019200000,2009-07-15 18:40:00.019200000,99 days 05:19:59.980800000,99 days 05:19:59.980800000,0 days 00:00:00.000000000
9369,2010-04-19 00:00:00.000000000,2010-03-31 00:00:00.000000000,2010-03-31 00:00:00.000000000,2009-11-06 00:00:00.000000000,1910-01-01 00:00:00.000000000,2010-01-24 01:59:59.971200000,2009-08-13 01:59:59.971200000,84 days 22:00:00.028800000,65 days 22:00:00.028800000,-19 days +00:00:00.000000000
9370,2010-04-19 00:00:00.000000000,2010-03-31 00:00:00.000000000,2010-03-31 00:00:00.000000000,2009-11-06 00:00:00.000000000,1910-01-01 00:00:00.000000000,2010-01-24 01:59:59.971200000,2009-08-13 01:59:59.971200000,84 days 22:00:00.028800000,65 days 22:00:00.028800000,-19 days +00:00:00.000000000
9371,2010-04-19 00:00:00.000000000,2010-03-31 00:00:00.000000000,2010-03-31 00:00:00.000000000,2009-11-06 00:00:00.000000000,1910-01-01 00:00:00.000000000,2010-01-24 01:59:59.971200000,2009-08-13 01:59:59.971200000,84 days 22:00:00.028800000,65 days 22:00:00.028800000,-19 days +00:00:00.000000000
9372,2010-04-19 00:00:00.000000000,2010-03-31 00:00:00.000000000,2010-03-31 00:00:00.000000000,2009-11-06 00:00:00.000000000,1910-01-01 00:00:00.000000000,2010-01-24 01:59:59.971200000,2009-08-13 01:59:59.971200000,84 days 22:00:00.028800000,65 days 22:00:00.028800000,-19 days +00:00:00.000000000
9373,2010-04-19 00:00:00.000000000,2010-03-31 00:00:00.000000000,2010-03-31 00:00:00.000000000,2009-11-06 00:00:00.000000000,1910-01-01 00:00:00.000000000,2010-01-24 01:59:59.971200000,2009-08-13 01:59:59.971200000,84 days 22:00:00.028800000,65 days 22:00:00.028800000,-19 days +00:00:00.000000000
9374,2010-04-19 00:00:00.000000000,2010-03-31 00:00:00.000000000,2010-03-31 00:00:00.000000000,2009-11-06 00:00:00.000000000,1910-01-01 00:00:00.000000000,2010-01-24 01:59:59.971200000,2009-08-13 01:59:59.971200000,84 days 22:00:00.028800000,65 days 22:00:00.028800000,-19 days +00:00:00.000000000
9375,2010-04-19 00:00:00.000000000,2010-03-31 00:00:00.000000000,2010-03-31 00:00:00.000000000,2009-11-06 00:00:00.000000000,1910-01-01 00:00:00.000000000,2010-01-24 01:59:59.971200000,2009-08-13 01:59:59.971200000,84 days 22:00:00.028800000,65 days 22:00:00.028800000,-19 days +00:00:00.000000000
9376,2010-04-19 00:00:00.000000000,2010-03-31 00:00:00.000000000,2010-03-31 00:00:00.000000000,2009-11-06 00:00:00.000000000,1910-01-01 00:00:00.000000000,2010-01-24 01:59:59.971200000,2009-08-13 01:59:59.971200000,84 days 22:00:00.028800000,65 days 22:00:00.028800000,-19 days +00:00:00.000000000
9377,2010-06-04 00:00:00.000000000,2010-04-15 00:00:00.000000000,2010-04-15 00:00:00.000000000,2010-03-04 00:00:00.000000000,1910-01-01 00:00:00.000000000,2010-03-30 09:52:56.496000001,2009-12-28 09:52:56.496000001,65 days 14:07:03.503999999,15 days 14:07:03.503999999,-50 days +00:00:00.000000000
9378,2010-05-31 00:00:00.000000000,2010-05-18 00:00:00.000000000,2010-05-18 00:00:00.000000000,2009-11-06 00:00:00.000000000,1910-01-01 00:00:00.000000000,2010-03-07 01:59:59.971200000,2009-08-13 01:59:59.971200000,84 days 22:00:00.028800000,71 days 22:00:00.028800000,-13 days +00:00:00.000000000
9379,2010-05-31 00:00:00.000000000,2010-05-18 00:00:00.000000000,2010-05-18 00:00:00.000000000,2009-11-06 00:00:00.000000000,1910-01-01 00:00:00.000000000,2010-03-07 01:59:59.971200000,2009-08-13 01:59:59.971200000,84 days 22:00:00.028800000,71 days 22:00:00.028800000,-13 days +00:00:00.000000000
9380,2010-05-31 00:00:00.000000000,2010-05-31 00:00:00.000000000,2010-05-31 00:00:00.000000000,2009-12-08 00:00:00.000000000,1910-01-01 00:00:00.000000000,2010-03-08 00:00:00.000000000,2009-09-15 00:00:00.000000000,84 days 00:00:00.000000000,84 days 00:00:00.000000000,0 days 00:00:00.000000000
9381,2010-05-19 00:00:00.000000000,2010-05-19 00:00:00.000000000,2010-05-19 00:00:00.000000000,2009-10-23 00:00:00.000000000,1910-01-01 00:00:00.000000000,2010-02-08 18:40:00.019200000,2009-07-15 18:40:00.019200000,99 days 05:19:59.980800000,99 days 05:19:59.980800000,0 days 00:00:00.000000000
9382,2010-06-02 00:00:00.000000000,2010-06-09 00:00:00.000000000,2010-06-09 00:00:00.000000000,2009-10-23 00:00:00.000000000,1910-01-01 00:00:00.000000000,2010-02-22 18:40:00.019200000,2009-07-15 18:40:00.019200000,99 days 05:19:59.980800000,106 days 05:19:59.980800000,7 days 00:00:00.000000000
9383,2010-06-02 00:00:00.000000000,2010-06-09 00:00:00.000000000,2010-06-09 00:00:00.000000000,2009-10-23 00:00:00.000000000,1910-01-01 00:00:00.000000000,2010-02-22 18:40:00.019200000,2009-07-15 18:40:00.019200000,99 days 05:19:59.980800000,106 days 05:19:59.980800000,7 days 00:00:00.000000000
9384,2010-06-30 00:00:00.000000000,2010-06-22 00:00:00.000000000,2010-06-22 00:00:00.000000000,2010-03-02 00:00:00.000000000,1910-01-01 00:00:00.000000000,2010-04-25 09:52:56.496000001,2009-12-26 09:52:56.496000001,65 days 14:07:03.503999999,57 days 14:07:03.503999999,-8 days +00:00:00.000000000
9385,2010-06-30 00:00:00.000000000,2010-06-28 00:00:00.000000000,2010-06-28 00:00:00.000000000,2009-11-06 00:00:00.000000000,1910-01-01 00:00:00.000000000,2010-04-06 01:59:59.971200000,2009-08-13 01:59:59.971200000,84 days 22:00:00.028800000,82 days 22:00:00.028800000,-2 days +00:00:00.000000000
9386,2010-07-09 00:00:00.000000000,2010-07-05 00:00:00.000000000,2010-07-05 00:00:00.000000000,2010-03-03 00:00:00.000000000,1910-01-01 00:00:00.000000000,2010-04-02 07:36:35.107200001,2009-11-25 07:36:35.107200001,97 days 16:23:24.892799999,93 days 16:23:24.892799999,-4 days +00:00:00.000000000
9387,2010-07-09 00:00:00.000000000,2010-07-05 00:00:00.000000000,2010-07-05 00:00:00.000000000,2009-12-08 00:00:00.000000000,1910-01-01 00:00:00.000000000,2010-04-02 07:36:35.107200001,2009-09-01 07:36:35.107200001,97 days 16:23:24.892799999,93 days 16:23:24.892799999,-4 days +00:00:00.000000000
9388,2010-07-21 00:00:00.000000000,2010-07-08 00:00:00.000000000,2010-07-08 00:00:00.000000000,2010-03-01 00:00:00.000000000,1910-01-01 00:00:00.000000000,2010-03-29 10:30:00.000000000,2009-11-07 10:30:00.000000000,113 days 13:30:00.000000000,100 days 13:30:00.000000000,-13 days +00:00:00.000000000
9389,2010-07-15 00:00:00.000000000,2010-06-28 00:00:00.000000000,2010-06-28 00:00:00.000000000,2010-02-10 00:00:00.000000000,1910-01-01 00:00:00.000000000,2010-04-21 01:59:59.971200000,2009-11-17 01:59:59.971200000,84 days 22:00:00.028800000,67 days 22:00:00.028800000,-17 days +00:00:00.000000000
9390,2010-07-15 00:00:00.000000000,2010-06-28 00:00:00.000000000,2010-06-28 00:00:00.000000000,2010-02-10 00:00:00.000000000,1910-01-01 00:00:00.000000000,2010-04-21 01:59:59.971200000,2009-11-17 01:59:59.971200000,84 days 22:00:00.028800000,67 days 22:00:00.028800000,-17 days +00:00:00.000000000
9391,2010-07-21 00:00:00.000000000,2010-06-28 00:00:00.000000000,2010-06-28 00:00:00.000000000,2009-11-06 00:00:00.000000000,1910-01-01 00:00:00.000000000,2010-04-27 01:59:59.971200000,2009-08-13 01:59:59.971200000,84 days 22:00:00.028800000,61 days 22:00:00.028800000,-23 days +00:00:00.000000000
9392,2010-07-15 00:00:00.000000000,2010-06-28 00:00:00.000000000,2010-06-28 00:00:00.000000000,2010-02-10 00:00:00.000000000,1910-01-01 00:00:00.000000000,2010-04-21 01:59:59.971200000,2009-11-17 01:59:59.971200000,84 days 22:00:00.028800000,67 days 22:00:00.028800000,-17 days +00:00:00.000000000
9393,2010-07-15 00:00:00.000000000,2010-06-28 00:00:00.000000000,2010-06-28 00:00:00.000000000,2010-02-10 00:00:00.000000000,1910-01-01 00:00:00.000000000,2010-04-21 01:59:59.971200000,2009-11-17 01:59:59.971200000,84 days 22:00:00.028800000,67 days 22:00:00.028800000,-17 days +00:00:00.000000000
9394,2010-07-15 00:00:00.000000000,2010-06-28 00:00:00.000000000,2010-06-28 00:00:00.000000000,2010-02-10 00:00:00.000000000,1910-01-01 00:00:00.000000000,2010-04-21 01:59:59.971200000,2009-11-17 01:59:59.971200000,84 days 22:00:00.028800000,67 days 22:00:00.028800000,-17 days +00:00:00.000000000
9395,2010-07-15 00:00:00.000000000,2010-06-28 00:00:00.000000000,2010-06-28 00:00:00.000000000,2010-02-10 00:00:00.000000000,1910-01-01 00:00:00.000000000,2010-04-21 01:59:59.971200000,2009-11-17 01:59:59.971200000,84 days 22:00:00.028800000,67 days 22:00:00.028800000,-17 days +00:00:00.000000000
9396,2010-07-15 00:00:00.000000000,2010-06-28 00:00:00.000000000,2010-06-28 00:00:00.000000000,2010-02-10 00:00:00.000000000,1910-01-01 00:00:00.000000000,2010-04-21 01:59:59.971200000,2009-11-17 01:59:59.971200000,84 days 22:00:00.028800000,67 days 22:00:00.028800000,-17 days +00:00:00.000000000
9397,2010-07-15 00:00:00.000000000,2010-06-28 00:00:00.000000000,2010-06-28 00:00:00.000000000,2010-02-10 00:00:00.000000000,1910-01-01 00:00:00.000000000,2010-04-21 01:59:59.971200000,2009-11-17 01:59:59.971200000,84 days 22:00:00.028800000,67 days 22:00:00.028800000,-17 days +00:00:00.000000000
9398,2010-07-15 00:00:00.000000000,2010-06-28 00:00:00.000000000,2010-06-28 00:00:00.000000000,2010-02-10 00:00:00.000000000,1910-01-01 00:00:00.000000000,2010-04-21 01:59:59.971200000,2009-11-17 01:59:59.971200000,84 days 22:00:00.028800000,67 days 22:00:00.028800000,-17 days +00:00:00.000000000
9399,2010-07-15 00:00:00.000000000,2010-06-28 00:00:00.000000000,2010-06-28 00:00:00.000000000,2010-02-10 00:00:00.000000000,1910-01-01 00:00:00.000000000,2010-04-21 01:59:59.971200000,2009-11-17 01:59:59.971200000,84 days 22:00:00.028800000,67 days 22:00:00.028800000,-17 days +00:00:00.000000000
9400,2010-07-15 00:00:00.000000000,2010-06-28 00:00:00.000000000,2010-06-28 00:00:00.000000000,2010-02-10 00:00:00.000000000,1910-01-01 00:00:00.000000000,2010-04-21 01:59:59.971200000,2009-11-17 01:59:59.971200000,84 days 22:00:00.028800000,67 days 22:00:00.028800000,-17 days +00:00:00.000000000
9401,2010-08-04 00:00:00.000000000,2010-08-02 00:00:00.000000000,2010-08-02 00:00:00.000000000,2010-03-02 00:00:00.000000000,1910-01-01 00:00:00.000000000,2010-05-30 09:52:56.496000001,2009-12-26 09:52:56.496000001,65 days 14:07:03.503999999,63 days 14:07:03.503999999,-2 days +00:00:00.000000000
9402,2010-08-16 00:00:00.000000000,2010-08-17 00:00:00.000000000,2010-08-17 00:00:00.000000000,2010-02-10 00:00:00.000000000,1910-01-01 00:00:00.000000000,2010-05-23 01:59:59.971200000,2009-11-17 01:59:59.971200000,84 days 22:00:00.028800000,85 days 22:00:00.028800000,1 days 00:00:00.000000000
9403,2010-08-10 00:00:00.000000000,2010-08-23 00:00:00.000000000,2010-08-23 00:00:00.000000000,2010-04-19 00:00:00.000000000,1910-01-01 00:00:00.000000000,2010-05-02 18:40:00.019200000,2010-01-09 18:40:00.019200000,99 days 05:19:59.980800000,112 days 05:19:59.980800000,13 days 00:00:00.000000000
9404,2010-08-31 00:00:00.000000000,2010-08-17 00:00:00.000000000,2010-08-17 00:00:00.000000000,2010-02-10 00:00:00.000000000,1910-01-01 00:00:00.000000000,2010-06-07 01:59:59.971200000,2009-11-17 01:59:59.971200000,84 days 22:00:00.028800000,70 days 22:00:00.028800000,-14 days +00:00:00.000000000
9405,2010-08-31 00:00:00.000000000,2010-08-17 00:00:00.000000000,2010-08-17 00:00:00.000000000,2010-05-27 00:00:00.000000000,1910-01-01 00:00:00.000000000,2010-06-07 01:59:59.971200000,2010-03-03 01:59:59.971200000,84 days 22:00:00.028800000,70 days 22:00:00.028800000,-14 days +00:00:00.000000000
9406,2010-08-31 00:00:00.000000000,2010-08-17 00:00:00.000000000,2010-08-17 00:00:00.000000000,2010-05-27 00:00:00.000000000,1910-01-01 00:00:00.000000000,2010-06-07 01:59:59.971200000,2010-03-03 01:59:59.971200000,84 days 22:00:00.028800000,70 days 22:00:00.028800000,-14 days +00:00:00.000000000
9407,2010-08-31 00:00:00.000000000,2010-08-17 00:00:00.000000000,2010-08-17 00:00:00.000000000,2010-02-10 00:00:00.000000000,1910-01-01 00:00:00.000000000,2010-06-07 01:59:59.971200000,2009-11-17 01:59:59.971200000,84 days 22:00:00.028800000,70 days 22:00:00.028800000,-14 days +00:00:00.000000000
9408,2010-08-23 00:00:00.000000000,2010-08-23 00:00:00.000000000,2010-08-23 00:00:00.000000000,2010-03-03 00:00:00.000000000,1910-01-01 00:00:00.000000000,2010-05-17 07:36:35.107200001,2009-11-25 07:36:35.107200001,97 days 16:23:24.892799999,97 days 16:23:24.892799999,0 days 00:00:00.000000000
9409,2010-09-30 00:00:00.000000000,2010-08-23 00:00:00.000000000,2010-08-23 00:00:00.000000000,2010-08-06 00:00:00.000000000,1910-01-01 00:00:00.000000000,2010-07-26 09:52:56.496000001,2010-06-01 09:52:56.496000001,65 days 14:07:03.503999999,27 days 14:07:03.503999999,-38 days +00:00:00.000000000
9410,2010-09-21 00:00:00.000000000,2010-09-06 00:00:00.000000000,2010-09-06 00:00:00.000000000,2010-05-07 00:00:00.000000000,1910-01-01 00:00:00.000000000,2010-06-15 07:36:35.107200001,2010-01-29 07:36:35.107200001,97 days 16:23:24.892799999,82 days 16:23:24.892799999,-15 days +00:00:00.000000000
9411,2010-09-22 00:00:00.000000000,2010-09-01 00:00:00.000000000,2010-09-01 00:00:00.000000000,2010-05-20 00:00:00.000000000,1910-01-01 00:00:00.000000000,2010-06-06 09:49:05.462400000,2010-02-01 09:49:05.462400000,107 days 14:10:54.537600000,86 days 14:10:54.537600000,-21 days +00:00:00.000000000
9412,2010-09-15 00:00:00.000000000,2010-09-13 00:00:00.000000000,2010-09-13 00:00:00.000000000,2010-04-28 00:00:00.000000000,1910-01-01 00:00:00.000000000,2010-08-14 02:39:59.990400000,2010-03-27 02:39:59.990400000,31 days 21:20:00.009600000,29 days 21:20:00.009600000,-2 days +00:00:00.000000000
9413,2010-09-30 00:00:00.000000000,2010-09-25 00:00:00.000000000,2010-09-25 00:00:00.000000000,2010-05-07 00:00:00.000000000,1910-01-01 00:00:00.000000000,2010-06-24 07:36:35.107200001,2010-01-29 07:36:35.107200001,97 days 16:23:24.892799999,92 days 16:23:24.892799999,-5 days +00:00:00.000000000
9414,2010-09-30 00:00:00.000000000,2010-09-25 00:00:00.000000000,2010-09-25 00:00:00.000000000,2010-06-23 00:00:00.000000000,1910-01-01 00:00:00.000000000,2010-06-24 07:36:35.107200001,2010-03-17 07:36:35.107200001,97 days 16:23:24.892799999,92 days 16:23:24.892799999,-5 days +00:00:00.000000000
9415,2010-10-15 00:00:00.000000000,2010-10-29 00:00:00.000000000,2010-10-29 00:00:00.000000000,2010-02-15 00:00:00.000000000,1910-01-01 00:00:00.000000000,2010-07-11 22:00:00.028800000,2009-11-11 22:00:00.028800000,95 days 01:59:59.971200000,109 days 01:59:59.971200000,14 days 00:00:00.000000000
9416,2010-09-30 00:00:00.000000000,2010-10-04 00:00:00.000000000,2010-10-04 00:00:00.000000000,2009-12-08 00:00:00.000000000,1910-01-01 00:00:00.000000000,2010-07-08 00:00:00.000000000,2009-09-15 00:00:00.000000000,84 days 00:00:00.000000000,88 days 00:00:00.000000000,4 days 00:00:00.000000000
9417,2010-10-20 00:00:00.000000000,2010-10-21 00:00:00.000000000,2010-10-21 00:00:00.000000000,2010-04-19 00:00:00.000000000,1910-01-01 00:00:00.000000000,2010-07-12 18:40:00.019200000,2010-01-09 18:40:00.019200000,99 days 05:19:59.980800000,100 days 05:19:59.980800000,1 days 00:00:00.000000000
9418,2010-10-22 00:00:00.000000000,2010-11-10 00:00:00.000000000,2010-11-10 00:00:00.000000000,2010-05-27 00:00:00.000000000,1910-01-01 00:00:00.000000000,2010-07-29 01:59:59.971200000,2010-03-03 01:59:59.971200000,84 days 22:00:00.028800000,103 days 22:00:00.028800000,19 days 00:00:00.000000000
9419,2010-10-29 00:00:00.000000000,2010-10-15 00:00:00.000000000,2010-10-15 00:00:00.000000000,2010-08-06 00:00:00.000000000,1910-01-01 00:00:00.000000000,2010-08-24 09:52:56.496000001,2010-06-01 09:52:56.496000001,65 days 14:07:03.503999999,51 days 14:07:03.503999999,-14 days +00:00:00.000000000
9420,2010-11-04 00:00:00.000000000,2010-11-08 00:00:00.000000000,2010-11-08 00:00:00.000000000,2010-05-20 00:00:00.000000000,1910-01-01 00:00:00.000000000,2010-07-19 09:49:05.462400000,2010-02-01 09:49:05.462400000,107 days 14:10:54.537600000,111 days 14:10:54.537600000,4 days 00:00:00.000000000
9421,2010-11-30 00:00:00.000000000,2010-12-03 00:00:00.000000000,2010-12-03 00:00:00.000000000,2010-03-01 00:00:00.000000000,1910-01-01 00:00:00.000000000,2010-08-08 10:30:00.000000000,2009-11-07 10:30:00.000000000,113 days 13:30:00.000000000,116 days 13:30:00.000000000,3 days 00:00:00.000000000
9422,2010-11-30 00:00:00.000000000,2010-11-26 00:00:00.000000000,2010-11-26 00:00:00.000000000,2010-06-23 00:00:00.000000000,1910-01-01 00:00:00.000000000,2010-08-24 07:36:35.107200001,2010-03-17 07:36:35.107200001,97 days 16:23:24.892799999,93 days 16:23:24.892799999,-4 days +00:00:00.000000000
9423,2010-10-28 00:00:00.000000000,2010-11-23 00:00:00.000000000,2010-11-23 00:00:00.000000000,2010-06-23 00:00:00.000000000,1910-01-01 00:00:00.000000000,2010-07-22 07:36:35.107200001,2010-03-17 07:36:35.107200001,97 days 16:23:24.892799999,123 days 16:23:24.892799999,26 days 00:00:00.000000000
9424,2010-10-28 00:00:00.000000000,2010-11-23 00:00:00.000000000,2010-11-23 00:00:00.000000000,2010-06-23 00:00:00.000000000,1910-01-01 00:00:00.000000000,2010-07-22 07:36:35.107200001,2010-03-17 07:36:35.107200001,97 days 16:23:24.892799999,123 days 16:23:24.892799999,26 days 00:00:00.000000000
9425,2010-10-28 00:00:00.000000000,2010-11-23 00:00:00.000000000,2010-11-23 00:00:00.000000000,2010-06-23 00:00:00.000000000,1910-01-01 00:00:00.000000000,2010-07-22 07:36:35.107200001,2010-03-17 07:36:35.107200001,97 days 16:23:24.892799999,123 days 16:23:24.892799999,26 days 00:00:00.000000000
9426,2010-11-30 00:00:00.000000000,2010-11-25 00:00:00.000000000,2010-11-25 00:00:00.000000000,2009-12-08 00:00:00.000000000,1910-01-01 00:00:00.000000000,2010-09-07 00:00:00.000000000,2009-09-15 00:00:00.000000000,84 days 00:00:00.000000000,79 days 00:00:00.000000000,-5 days +00:00:00.000000000
9427,2010-11-16 00:00:00.000000000,2010-11-10 00:00:00.000000000,2010-11-10 00:00:00.000000000,2010-02-10 00:00:00.000000000,1910-01-01 00:00:00.000000000,2010-08-23 01:59:59.971200000,2009-11-17 01:59:59.971200000,84 days 22:00:00.028800000,78 days 22:00:00.028800000,-6 days +00:00:00.000000000
9428,2010-11-26 00:00:00.000000000,2010-11-23 00:00:00.000000000,2010-11-23 00:00:00.000000000,2010-08-06 00:00:00.000000000,1910-01-01 00:00:00.000000000,2010-09-21 09:52:56.496000001,2010-06-01 09:52:56.496000001,65 days 14:07:03.503999999,62 days 14:07:03.503999999,-3 days +00:00:00.000000000
9429,2010-11-19 00:00:00.000000000,2010-11-08 00:00:00.000000000,2010-11-08 00:00:00.000000000,2010-09-24 00:00:00.000000000,1910-01-01 00:00:00.000000000,2010-10-18 02:39:59.990400000,2010-08-23 02:39:59.990400000,31 days 21:20:00.009600000,20 days 21:20:00.009600000,-11 days +00:00:00.000000000
9430,2010-12-31 00:00:00.000000000,2010-11-25 00:00:00.000000000,2010-11-25 00:00:00.000000000,2010-08-20 00:00:00.000000000,1910-01-01 00:00:00.000000000,2010-09-14 09:49:05.462400000,2010-05-04 09:49:05.462400000,107 days 14:10:54.537600000,71 days 14:10:54.537600000,-36 days +00:00:00.000000000
9431,2010-11-30 00:00:00.000000000,2010-12-09 00:00:00.000000000,2010-12-09 00:00:00.000000000,2010-06-23 00:00:00.000000000,1910-01-01 00:00:00.000000000,2010-08-24 07:36:35.107200001,2010-03-17 07:36:35.107200001,97 days 16:23:24.892799999,106 days 16:23:24.892799999,9 days 00:00:00.000000000
9432,2010-11-30 00:00:00.000000000,2010-12-09 00:00:00.000000000,2010-12-09 00:00:00.000000000,2010-06-23 00:00:00.000000000,1910-01-01 00:00:00.000000000,2010-08-24 07:36:35.107200001,2010-03-17 07:36:35.107200001,97 days 16:23:24.892799999,106 days 16:23:24.892799999,9 days 00:00:00.000000000
9433,2011-01-31 00:00:00.000000000,2010-12-08 00:00:00.000000000,2010-12-08 00:00:00.000000000,2010-10-25 00:00:00.000000000,1910-01-01 00:00:00.000000000,2010-11-18 00:00:00.000000000,2010-08-12 00:00:00.000000000,74 days 00:00:00.000000000,20 days 00:00:00.000000000,-54 days +00:00:00.000000000
9434,2011-01-31 00:00:00.000000000,2010-12-08 00:00:00.000000000,2010-12-08 00:00:00.000000000,2010-10-25 00:00:00.000000000,1910-01-01 00:00:00.000000000,2010-11-18 00:00:00.000000000,2010-08-12 00:00:00.000000000,74 days 00:00:00.000000000,20 days 00:00:00.000000000,-54 days +00:00:00.000000000
9435,2010-11-15 00:00:00.000000000,2010-12-10 00:00:00.000000000,2010-12-10 00:00:00.000000000,2010-08-20 00:00:00.000000000,1910-01-01 00:00:00.000000000,2010-07-30 09:49:05.462400000,2010-05-04 09:49:05.462400000,107 days 14:10:54.537600000,132 days 14:10:54.537600000,25 days 00:00:00.000000000
9436,2010-12-20 00:00:00.000000000,2011-01-05 00:00:00.000000000,2011-01-05 00:00:00.000000000,2010-10-13 00:00:00.000000000,1910-01-01 00:00:00.000000000,2010-09-11 18:40:00.019200000,2010-07-05 18:40:00.019200000,99 days 05:19:59.980800000,115 days 05:19:59.980800000,16 days 00:00:00.000000000
9437,2010-12-20 00:00:00.000000000,2011-01-05 00:00:00.000000000,2011-01-05 00:00:00.000000000,2010-10-13 00:00:00.000000000,1910-01-01 00:00:00.000000000,2010-09-11 18:40:00.019200000,2010-07-05 18:40:00.019200000,99 days 05:19:59.980800000,115 days 05:19:59.980800000,16 days 00:00:00.000000000
9438,2011-02-22 00:00:00.000000000,2011-02-16 00:00:00.000000000,2011-02-16 00:00:00.000000000,2010-08-25 00:00:00.000000000,1910-01-01 00:00:00.000000000,2010-11-19 01:00:00.028800000,2010-05-22 01:00:00.028800000,94 days 22:59:59.971200000,88 days 22:59:59.971200000,-6 days +00:00:00.000000000
9439,2011-02-22 00:00:00.000000000,2011-02-16 00:00:00.000000000,2011-02-16 00:00:00.000000000,2010-08-25 00:00:00.000000000,1910-01-01 00:00:00.000000000,2010-11-19 01:00:00.028800000,2010-05-22 01:00:00.028800000,94 days 22:59:59.971200000,88 days 22:59:59.971200000,-6 days +00:00:00.000000000
9440,2011-02-22 00:00:00.000000000,2011-02-22 00:00:00.000000000,2011-02-22 00:00:00.000000000,2010-06-23 00:00:00.000000000,1910-01-01 00:00:00.000000000,2010-09-12 16:33:06.192000000,2010-01-11 16:33:06.192000000,162 days 07:26:53.808000000,162 days 07:26:53.808000000,0 days 00:00:00.000000000
9441,2011-02-22 00:00:00.000000000,2011-02-22 00:00:00.000000000,2011-02-22 00:00:00.000000000,2010-06-23 00:00:00.000000000,1910-01-01 00:00:00.000000000,2010-09-12 16:33:06.192000000,2010-01-11 16:33:06.192000000,162 days 07:26:53.808000000,162 days 07:26:53.808000000,0 days 00:00:00.000000000
9442,2011-02-17 00:00:00.000000000,2011-02-16 00:00:00.000000000,2011-02-16 00:00:00.000000000,2010-08-25 00:00:00.000000000,1910-01-01 00:00:00.000000000,2010-11-14 01:00:00.028800000,2010-05-22 01:00:00.028800000,94 days 22:59:59.971200000,93 days 22:59:59.971200000,-1 days +00:00:00.000000000
9443,2011-02-28 00:00:00.000000000,2011-02-28 00:00:00.000000000,2011-02-28 00:00:00.000000000,2010-04-01 00:00:00.000000000,1910-01-01 00:00:00.000000000,2010-11-30 21:40:38.726400000,2010-01-01 21:40:38.726400000,89 days 02:19:21.273600000,89 days 02:19:21.273600000,0 days 00:00:00.000000000
9444,2011-02-28 00:00:00.000000000,2011-02-28 00:00:00.000000000,2011-02-28 00:00:00.000000000,2010-03-01 00:00:00.000000000,1910-01-01 00:00:00.000000000,2010-11-30 21:40:38.726400000,2009-12-01 21:40:38.726400000,89 days 02:19:21.273600000,89 days 02:19:21.273600000,0 days 00:00:00.000000000
9445,2011-02-15 00:00:00.000000000,2011-02-23 00:00:00.000000000,2011-02-23 00:00:00.000000000,2010-10-04 00:00:00.000000000,1910-01-01 00:00:00.000000000,2010-09-05 16:33:06.192000000,2010-04-24 16:33:06.192000000,162 days 07:26:53.808000000,170 days 07:26:53.808000000,8 days 00:00:00.000000000
9446,2011-02-28 00:00:00.000000000,2011-02-14 00:00:00.000000000,2011-02-14 00:00:00.000000000,2010-10-13 00:00:00.000000000,1910-01-01 00:00:00.000000000,2010-11-22 01:36:00.028800000,2010-07-07 01:36:00.028800000,97 days 22:23:59.971200000,83 days 22:23:59.971200000,-14 days +00:00:00.000000000
9447,2011-03-31 00:00:00.000000000,2011-03-07 00:00:00.000000000,2011-03-07 00:00:00.000000000,2010-08-20 00:00:00.000000000,1910-01-01 00:00:00.000000000,2011-01-03 10:54:32.688000000,2010-05-25 10:54:32.688000000,86 days 13:05:27.312000000,62 days 13:05:27.312000000,-24 days +00:00:00.000000000
9448,2011-03-31 00:00:00.000000000,2011-03-07 00:00:00.000000000,2011-03-07 00:00:00.000000000,2010-08-20 00:00:00.000000000,1910-01-01 00:00:00.000000000,2011-01-03 10:54:32.688000000,2010-05-25 10:54:32.688000000,86 days 13:05:27.312000000,62 days 13:05:27.312000000,-24 days +00:00:00.000000000
9449,2011-03-31 00:00:00.000000000,2011-03-17 00:00:00.000000000,2011-03-17 00:00:00.000000000,2010-10-13 00:00:00.000000000,1910-01-01 00:00:00.000000000,2010-09-21 12:00:00.000000000,2010-04-05 12:00:00.000000000,190 days 12:00:00.000000000,176 days 12:00:00.000000000,-14 days +00:00:00.000000000
9450,2011-03-31 00:00:00.000000000,2011-03-17 00:00:00.000000000,2011-03-17 00:00:00.000000000,2010-10-13 00:00:00.000000000,1910-01-01 00:00:00.000000000,2010-09-21 12:00:00.000000000,2010-04-05 12:00:00.000000000,190 days 12:00:00.000000000,176 days 12:00:00.000000000,-14 days +00:00:00.000000000
9451,2011-03-31 00:00:00.000000000,2011-03-18 00:00:00.000000000,2011-03-18 00:00:00.000000000,2010-10-13 00:00:00.000000000,1910-01-01 00:00:00.000000000,2010-09-21 12:00:00.000000000,2010-04-05 12:00:00.000000000,190 days 12:00:00.000000000,177 days 12:00:00.000000000,-13 days +00:00:00.000000000
9452,2011-03-31 00:00:00.000000000,2011-03-18 00:00:00.000000000,2011-03-18 00:00:00.000000000,2010-10-13 00:00:00.000000000,1910-01-01 00:00:00.000000000,2010-09-21 12:00:00.000000000,2010-04-05 12:00:00.000000000,190 days 12:00:00.000000000,177 days 12:00:00.000000000,-13 days +00:00:00.000000000
9453,2011-03-10 00:00:00.000000000,2011-03-11 00:00:00.000000000,2011-03-11 00:00:00.000000000,2011-01-07 00:00:00.000000000,1910-01-01 00:00:00.000000000,2010-09-30 13:05:27.312000000,2010-07-30 13:05:27.312000000,160 days 10:54:32.688000000,161 days 10:54:32.688000000,1 days 00:00:00.000000000
9454,2011-03-11 00:00:00.000000000,2011-03-22 00:00:00.000000000,2011-03-22 00:00:00.000000000,2011-02-11 00:00:00.000000000,1910-01-01 00:00:00.000000000,2010-12-09 13:42:51.465600000,2010-11-11 13:42:51.465600000,91 days 10:17:08.534400000,102 days 10:17:08.534400000,11 days 00:00:00.000000000
9455,2011-03-31 00:00:00.000000000,2011-04-29 00:00:00.000000000,2011-04-29 00:00:00.000000000,2010-10-04 00:00:00.000000000,1910-01-01 00:00:00.000000000,2010-10-19 16:33:06.192000000,2010-04-24 16:33:06.192000000,162 days 07:26:53.808000000,191 days 07:26:53.808000000,29 days 00:00:00.000000000
9456,2011-04-20 00:00:00.000000000,2011-06-10 00:00:00.000000000,2011-06-10 00:00:00.000000000,2010-12-21 00:00:00.000000000,1910-01-01 00:00:00.000000000,2010-11-08 16:33:06.192000000,2010-07-11 16:33:06.192000000,162 days 07:26:53.808000000,213 days 07:26:53.808000000,51 days 00:00:00.000000000
9457,2011-06-30 00:00:00.000000000,2011-06-07 00:00:00.000000000,2011-06-07 00:00:00.000000000,2010-12-21 00:00:00.000000000,1910-01-01 00:00:00.000000000,2011-01-18 16:33:06.192000000,2010-07-11 16:33:06.192000000,162 days 07:26:53.808000000,139 days 07:26:53.808000000,-23 days +00:00:00.000000000
9458,2011-03-24 00:00:00.000000000,2011-06-07 00:00:00.000000000,2011-06-07 00:00:00.000000000,2010-10-04 00:00:00.000000000,1910-01-01 00:00:00.000000000,2010-10-12 16:33:06.192000000,2010-04-24 16:33:06.192000000,162 days 07:26:53.808000000,237 days 07:26:53.808000000,75 days 00:00:00.000000000
9459,2011-06-21 00:00:00.000000000,2011-05-10 00:00:00.000000000,2011-05-10 00:00:00.000000000,2010-12-07 00:00:00.000000000,1910-01-01 00:00:00.000000000,2011-03-18 01:00:00.028800000,2010-09-03 01:00:00.028800000,94 days 22:59:59.971200000,52 days 22:59:59.971200000,-42 days +00:00:00.000000000
9460,2011-06-21 00:00:00.000000000,2011-05-11 00:00:00.000000000,2011-05-11 00:00:00.000000000,2010-12-07 00:00:00.000000000,1910-01-01 00:00:00.000000000,2011-03-18 01:00:00.028800000,2010-09-03 01:00:00.028800000,94 days 22:59:59.971200000,53 days 22:59:59.971200000,-41 days +00:00:00.000000000
9461,2011-03-31 00:00:00.000000000,2011-05-10 00:00:00.000000000,2011-05-10 00:00:00.000000000,2010-12-07 00:00:00.000000000,1910-01-01 00:00:00.000000000,2010-12-26 01:00:00.028800000,2010-09-03 01:00:00.028800000,94 days 22:59:59.971200000,134 days 22:59:59.971200000,40 days 00:00:00.000000000
9462,2011-04-20 00:00:00.000000000,2011-05-20 00:00:00.000000000,2011-05-20 00:00:00.000000000,2010-10-13 00:00:00.000000000,1910-01-01 00:00:00.000000000,2010-10-11 12:00:00.000000000,2010-04-05 12:00:00.000000000,190 days 12:00:00.000000000,220 days 12:00:00.000000000,30 days 00:00:00.000000000
9463,2011-05-11 00:00:00.000000000,2011-05-25 00:00:00.000000000,2011-05-25 00:00:00.000000000,2011-01-24 00:00:00.000000000,1910-01-01 00:00:00.000000000,2010-12-17 14:07:03.504000000,2010-09-01 14:07:03.504000000,144 days 09:52:56.496000000,158 days 09:52:56.496000000,14 days 00:00:00.000000000
9464,2011-06-21 00:00:00.000000000,2011-05-11 00:00:00.000000000,2011-05-11 00:00:00.000000000,2010-12-07 00:00:00.000000000,1910-01-01 00:00:00.000000000,2011-03-18 01:00:00.028800000,2010-09-03 01:00:00.028800000,94 days 22:59:59.971200000,53 days 22:59:59.971200000,-41 days +00:00:00.000000000
9465,2011-04-30 00:00:00.000000000,2011-05-20 00:00:00.000000000,2011-05-20 00:00:00.000000000,2010-10-15 00:00:00.000000000,1910-01-01 00:00:00.000000000,2011-02-02 10:54:32.688000000,2010-07-20 10:54:32.688000000,86 days 13:05:27.312000000,106 days 13:05:27.312000000,20 days 00:00:00.000000000
9466,2011-04-14 00:00:00.000000000,2011-06-10 00:00:00.000000000,2011-06-10 00:00:00.000000000,2010-08-20 00:00:00.000000000,1910-01-01 00:00:00.000000000,2011-01-17 10:54:32.688000000,2010-05-25 10:54:32.688000000,86 days 13:05:27.312000000,143 days 13:05:27.312000000,57 days 00:00:00.000000000
9467,2011-06-30 00:00:00.000000000,2011-07-13 00:00:00.000000000,2011-07-13 00:00:00.000000000,2011-01-24 00:00:00.000000000,1910-01-01 00:00:00.000000000,2011-02-05 14:07:03.504000000,2010-09-01 14:07:03.504000000,144 days 09:52:56.496000000,157 days 09:52:56.496000000,13 days 00:00:00.000000000
9468,2011-06-15 00:00:00.000000000,2011-05-31 00:00:00.000000000,2011-05-31 00:00:00.000000000,2011-02-11 00:00:00.000000000,1910-01-01 00:00:00.000000000,2011-03-15 13:42:51.465600000,2010-11-11 13:42:51.465600000,91 days 10:17:08.534400000,76 days 10:17:08.534400000,-15 days +00:00:00.000000000
9469,2011-06-21 00:00:00.000000000,2011-07-06 00:00:00.000000000,2011-07-06 00:00:00.000000000,2010-12-07 00:00:00.000000000,1910-01-01 00:00:00.000000000,2011-03-18 01:00:00.028800000,2010-09-03 01:00:00.028800000,94 days 22:59:59.971200000,109 days 22:59:59.971200000,15 days 00:00:00.000000000
9470,2011-05-16 00:00:00.000000000,2011-06-20 00:00:00.000000000,2011-06-20 00:00:00.000000000,2010-10-04 00:00:00.000000000,1910-01-01 00:00:00.000000000,2010-12-04 16:33:06.192000000,2010-04-24 16:33:06.192000000,162 days 07:26:53.808000000,197 days 07:26:53.808000000,35 days 00:00:00.000000000
9471,2011-05-16 00:00:00.000000000,2011-06-20 00:00:00.000000000,2011-06-20 00:00:00.000000000,2010-10-13 00:00:00.000000000,1910-01-01 00:00:00.000000000,2011-02-07 01:36:00.028800000,2010-07-07 01:36:00.028800000,97 days 22:23:59.971200000,132 days 22:23:59.971200000,35 days 00:00:00.000000000
9472,2011-10-27 00:00:00.000000000,2011-06-15 00:00:00.000000000,2011-06-15 00:00:00.000000000,2011-05-04 00:00:00.000000000,1910-01-01 00:00:00.000000000,2011-08-12 14:24:00.000000000,2011-02-17 14:24:00.000000000,75 days 09:36:00.000000000,-59 days +09:36:00.000000000,-134 days +00:00:00.000000000
9473,2011-10-27 00:00:00.000000000,2011-06-15 00:00:00.000000000,2011-06-15 00:00:00.000000000,2011-05-04 00:00:00.000000000,1910-01-01 00:00:00.000000000,2011-08-12 14:24:00.000000000,2011-02-17 14:24:00.000000000,75 days 09:36:00.000000000,-59 days +09:36:00.000000000,-134 days +00:00:00.000000000
9474,2011-07-15 00:00:00.000000000,2011-07-11 00:00:00.000000000,2011-07-11 00:00:00.000000000,2010-11-08 00:00:00.000000000,1910-01-01 00:00:00.000000000,2011-04-19 10:54:32.688000000,2010-08-13 10:54:32.688000000,86 days 13:05:27.312000000,82 days 13:05:27.312000000,-4 days +00:00:00.000000000
9475,2011-08-10 00:00:00.000000000,2011-08-04 00:00:00.000000000,2011-08-04 00:00:00.000000000,2011-01-24 00:00:00.000000000,1910-01-01 00:00:00.000000000,2011-03-18 14:07:03.504000000,2010-09-01 14:07:03.504000000,144 days 09:52:56.496000000,138 days 09:52:56.496000000,-6 days +00:00:00.000000000
9476,2011-06-30 00:00:00.000000000,2011-06-26 00:00:00.000000000,2011-06-26 00:00:00.000000000,2010-12-21 00:00:00.000000000,1910-01-01 00:00:00.000000000,2011-01-18 16:33:06.192000000,2010-07-11 16:33:06.192000000,162 days 07:26:53.808000000,158 days 07:26:53.808000000,-4 days +00:00:00.000000000
9477,2011-07-04 00:00:00.000000000,2011-06-30 00:00:00.000000000,2011-06-30 00:00:00.000000000,2011-05-15 00:00:00.000000000,1910-01-01 00:00:00.000000000,2011-05-19 00:00:00.000000000,2011-03-30 00:00:00.000000000,46 days 00:00:00.000000000,42 days 00:00:00.000000000,-4 days +00:00:00.000000000
9478,2011-07-04 00:00:00.000000000,2011-07-20 00:00:00.000000000,2011-07-20 00:00:00.000000000,2011-06-06 00:00:00.000000000,1910-01-01 00:00:00.000000000,2011-02-10 13:25:06.153600000,2011-01-13 13:25:06.153600000,143 days 10:34:53.846400000,159 days 10:34:53.846400000,16 days 00:00:00.000000000
9479,2011-07-19 00:00:00.000000000,2011-06-28 00:00:00.000000000,2011-06-28 00:00:00.000000000,2010-12-14 00:00:00.000000000,1910-01-01 00:00:00.000000000,2011-04-12 01:36:00.028800000,2010-09-07 01:36:00.028800000,97 days 22:23:59.971200000,76 days 22:23:59.971200000,-21 days +00:00:00.000000000
9480,2011-07-19 00:00:00.000000000,2011-06-28 00:00:00.000000000,2011-06-28 00:00:00.000000000,2010-12-14 00:00:00.000000000,1910-01-01 00:00:00.000000000,2011-04-12 01:36:00.028800000,2010-09-07 01:36:00.028800000,97 days 22:23:59.971200000,76 days 22:23:59.971200000,-21 days +00:00:00.000000000
9481,2011-07-19 00:00:00.000000000,2011-07-21 00:00:00.000000000,2011-07-21 00:00:00.000000000,2010-12-14 00:00:00.000000000,1910-01-01 00:00:00.000000000,2011-04-12 01:36:00.028800000,2010-09-07 01:36:00.028800000,97 days 22:23:59.971200000,99 days 22:23:59.971200000,2 days 00:00:00.000000000
9482,2011-08-18 00:00:00.000000000,2011-08-05 00:00:00.000000000,2011-08-05 00:00:00.000000000,2011-02-03 00:00:00.000000000,1910-01-01 00:00:00.000000000,2011-05-23 10:54:32.688000000,2010-11-08 10:54:32.688000000,86 days 13:05:27.312000000,73 days 13:05:27.312000000,-13 days +00:00:00.000000000
9483,2011-11-17 00:00:00.000000000,2011-11-17 00:00:00.000000000,2011-11-17 00:00:00.000000000,2011-01-24 00:00:00.000000000,1910-01-01 00:00:00.000000000,2011-06-25 14:07:03.504000000,2010-09-01 14:07:03.504000000,144 days 09:52:56.496000000,144 days 09:52:56.496000000,0 days 00:00:00.000000000
9484,2011-07-22 00:00:00.000000000,2011-07-22 00:00:00.000000000,2011-07-22 00:00:00.000000000,2010-10-04 00:00:00.000000000,1910-01-01 00:00:00.000000000,2011-02-09 16:33:06.192000000,2010-04-24 16:33:06.192000000,162 days 07:26:53.808000000,162 days 07:26:53.808000000,0 days 00:00:00.000000000
9485,2011-09-27 00:00:00.000000000,2011-09-12 00:00:00.000000000,2011-09-12 00:00:00.000000000,2011-05-03 00:00:00.000000000,1910-01-01 00:00:00.000000000,2011-04-17 16:33:06.192000000,2010-11-21 16:33:06.192000000,162 days 07:26:53.808000000,147 days 07:26:53.808000000,-15 days +00:00:00.000000000
9486,2011-09-06 00:00:00.000000000,2011-09-05 00:00:00.000000000,2011-09-05 00:00:00.000000000,2010-10-13 00:00:00.000000000,1910-01-01 00:00:00.000000000,2011-02-27 12:00:00.000000000,2010-04-05 12:00:00.000000000,190 days 12:00:00.000000000,189 days 12:00:00.000000000,-1 days +00:00:00.000000000
9487,2011-09-22 00:00:00.000000000,2011-08-26 00:00:00.000000000,2011-08-26 00:00:00.000000000,2011-07-13 00:00:00.000000000,1910-01-01 00:00:00.000000000,2011-06-22 13:42:51.465600000,2011-04-12 13:42:51.465600000,91 days 10:17:08.534400000,64 days 10:17:08.534400000,-27 days +00:00:00.000000000
9488,2011-09-30 00:00:00.000000000,2011-08-30 00:00:00.000000000,2011-08-30 00:00:00.000000000,2011-05-18 00:00:00.000000000,1910-01-01 00:00:00.000000000,2011-07-02 21:40:38.726400000,2011-02-17 21:40:38.726400000,89 days 02:19:21.273600000,58 days 02:19:21.273600000,-31 days +00:00:00.000000000
9489,2011-08-05 00:00:00.000000000,2011-08-24 00:00:00.000000000,2011-08-24 00:00:00.000000000,2011-02-14 00:00:00.000000000,1910-01-01 00:00:00.000000000,2011-05-05 13:42:51.465600000,2010-11-14 13:42:51.465600000,91 days 10:17:08.534400000,110 days 10:17:08.534400000,19 days 00:00:00.000000000
9490,2011-09-30 00:00:00.000000000,2011-09-15 00:00:00.000000000,2011-09-15 00:00:00.000000000,2011-01-24 00:00:00.000000000,1910-01-01 00:00:00.000000000,2011-05-08 14:07:03.504000000,2010-09-01 14:07:03.504000000,144 days 09:52:56.496000000,129 days 09:52:56.496000000,-15 days +00:00:00.000000000
9491,2011-09-29 00:00:00.000000000,2011-08-29 00:00:00.000000000,2011-08-29 00:00:00.000000000,2011-02-03 00:00:00.000000000,1910-01-01 00:00:00.000000000,2011-07-04 10:54:32.688000000,2010-11-08 10:54:32.688000000,86 days 13:05:27.312000000,55 days 13:05:27.312000000,-31 days +00:00:00.000000000
9492,2011-09-20 00:00:00.000000000,2011-09-30 00:00:00.000000000,2011-09-30 00:00:00.000000000,2011-01-24 00:00:00.000000000,1910-01-01 00:00:00.000000000,2011-04-28 14:07:03.504000000,2010-09-01 14:07:03.504000000,144 days 09:52:56.496000000,154 days 09:52:56.496000000,10 days 00:00:00.000000000
9493,2011-09-21 00:00:00.000000000,2011-09-26 00:00:00.000000000,2011-09-26 00:00:00.000000000,2011-03-01 00:00:00.000000000,1910-01-01 00:00:00.000000000,2011-06-26 10:54:32.688000000,2010-12-04 10:54:32.688000000,86 days 13:05:27.312000000,91 days 13:05:27.312000000,5 days 00:00:00.000000000
9494,2011-09-21 00:00:00.000000000,2011-09-26 00:00:00.000000000,2011-09-26 00:00:00.000000000,2011-03-01 00:00:00.000000000,1910-01-01 00:00:00.000000000,2011-06-26 10:54:32.688000000,2010-12-04 10:54:32.688000000,86 days 13:05:27.312000000,91 days 13:05:27.312000000,5 days 00:00:00.000000000
9495,2011-09-30 00:00:00.000000000,2011-09-26 00:00:00.000000000,2011-09-26 00:00:00.000000000,2011-02-14 00:00:00.000000000,1910-01-01 00:00:00.000000000,2011-06-30 13:42:51.465600000,2010-11-14 13:42:51.465600000,91 days 10:17:08.534400000,87 days 10:17:08.534400000,-4 days +00:00:00.000000000
9496,2011-10-31 00:00:00.000000000,2011-09-26 00:00:00.000000000,2011-09-26 00:00:00.000000000,2011-02-03 00:00:00.000000000,1910-01-01 00:00:00.000000000,2011-08-05 10:54:32.688000000,2010-11-08 10:54:32.688000000,86 days 13:05:27.312000000,51 days 13:05:27.312000000,-35 days +00:00:00.000000000
9497,2011-12-15 00:00:00.000000000,2011-09-28 00:00:00.000000000,2011-09-28 00:00:00.000000000,2011-08-19 00:00:00.000000000,1910-01-01 00:00:00.000000000,2011-09-30 14:24:00.000000000,2011-06-04 14:24:00.000000000,75 days 09:36:00.000000000,-3 days +09:36:00.000000000,-78 days +00:00:00.000000000
9498,2011-10-21 00:00:00.000000000,2011-10-21 00:00:00.000000000,2011-10-21 00:00:00.000000000,2011-04-29 00:00:00.000000000,1910-01-01 00:00:00.000000000,2011-04-13 12:00:00.000000000,2010-10-20 12:00:00.000000000,190 days 12:00:00.000000000,190 days 12:00:00.000000000,0 days 00:00:00.000000000
9499,2011-09-30 00:00:00.000000000,2011-09-23 00:00:00.000000000,2011-09-23 00:00:00.000000000,2011-05-18 00:00:00.000000000,1910-01-01 00:00:00.000000000,2011-07-02 21:40:38.726400000,2011-02-17 21:40:38.726400000,89 days 02:19:21.273600000,82 days 02:19:21.273600000,-7 days +00:00:00.000000000
9500,2011-12-15 00:00:00.000000000,2011-10-05 00:00:00.000000000,2011-10-05 00:00:00.000000000,2011-08-19 00:00:00.000000000,1910-01-01 00:00:00.000000000,2011-09-30 14:24:00.000000000,2011-06-04 14:24:00.000000000,75 days 09:36:00.000000000,4 days 09:36:00.000000000,-71 days +00:00:00.000000000
9501,2011-12-05 00:00:00.000000000,2011-10-17 00:00:00.000000000,2011-10-17 00:00:00.000000000,2011-06-06 00:00:00.000000000,1910-01-01 00:00:00.000000000,2011-09-01 01:00:00.028800000,2011-03-03 01:00:00.028800000,94 days 22:59:59.971200000,45 days 22:59:59.971200000,-49 days +00:00:00.000000000
9502,2012-03-02 00:00:00.000000000,2011-10-14 00:00:00.000000000,2011-10-14 00:00:00.000000000,2011-08-29 00:00:00.000000000,1910-01-01 00:00:00.000000000,2011-11-22 02:05:13.084800000,2011-05-20 02:05:13.084800000,100 days 21:54:46.915200000,-40 days +21:54:46.915200000,-140 days +00:00:00.000000000
9503,2011-11-11 00:00:00.000000000,2011-10-31 00:00:00.000000000,2011-10-31 00:00:00.000000000,2011-08-25 00:00:00.000000000,1910-01-01 00:00:00.000000000,2011-06-01 16:33:06.192000000,2011-03-15 16:33:06.192000000,162 days 07:26:53.808000000,151 days 07:26:53.808000000,-11 days +00:00:00.000000000
9504,2011-10-31 00:00:00.000000000,2011-11-08 00:00:00.000000000,2011-11-08 00:00:00.000000000,2010-12-14 00:00:00.000000000,1910-01-01 00:00:00.000000000,2011-07-25 01:36:00.028800000,2010-09-07 01:36:00.028800000,97 days 22:23:59.971200000,105 days 22:23:59.971200000,8 days 00:00:00.000000000
9505,2011-11-30 00:00:00.000000000,2011-11-21 00:00:00.000000000,2011-11-21 00:00:00.000000000,2011-04-29 00:00:00.000000000,1910-01-01 00:00:00.000000000,2011-05-23 12:00:00.000000000,2010-10-20 12:00:00.000000000,190 days 12:00:00.000000000,181 days 12:00:00.000000000,-9 days +00:00:00.000000000
9506,2011-11-14 00:00:00.000000000,2011-11-21 00:00:00.000000000,2011-11-21 00:00:00.000000000,2011-01-19 00:00:00.000000000,1910-01-01 00:00:00.000000000,2011-05-07 12:00:00.000000000,2010-07-12 12:00:00.000000000,190 days 12:00:00.000000000,197 days 12:00:00.000000000,7 days 00:00:00.000000000
9507,2011-12-09 00:00:00.000000000,2011-11-19 00:00:00.000000000,2011-11-19 00:00:00.000000000,2011-08-25 00:00:00.000000000,1910-01-01 00:00:00.000000000,2011-06-29 16:33:06.192000000,2011-03-15 16:33:06.192000000,162 days 07:26:53.808000000,142 days 07:26:53.808000000,-20 days +00:00:00.000000000
9508,2012-01-24 00:00:00.000000000,2011-11-28 00:00:00.000000000,2011-11-28 00:00:00.000000000,2011-07-26 00:00:00.000000000,1910-01-01 00:00:00.000000000,2011-09-09 04:48:00.000000000,2011-03-11 04:48:00.000000000,136 days 19:12:00.000000000,79 days 19:12:00.000000000,-57 days +00:00:00.000000000
9509,2012-02-28 00:00:00.000000000,2011-11-28 00:00:00.000000000,2011-11-28 00:00:00.000000000,2011-07-26 00:00:00.000000000,1910-01-01 00:00:00.000000000,2011-10-14 04:48:00.000000000,2011-03-11 04:48:00.000000000,136 days 19:12:00.000000000,44 days 19:12:00.000000000,-92 days +00:00:00.000000000
9510,2011-12-07 00:00:00.000000000,2011-12-09 00:00:00.000000000,2011-12-09 00:00:00.000000000,2011-01-19 00:00:00.000000000,1910-01-01 00:00:00.000000000,2011-05-30 12:00:00.000000000,2010-07-12 12:00:00.000000000,190 days 12:00:00.000000000,192 days 12:00:00.000000000,2 days 00:00:00.000000000
9511,2011-12-14 00:00:00.000000000,2011-12-09 00:00:00.000000000,2011-12-09 00:00:00.000000000,2011-04-26 00:00:00.000000000,1910-01-01 00:00:00.000000000,2011-06-06 12:00:00.000000000,2010-10-17 12:00:00.000000000,190 days 12:00:00.000000000,185 days 12:00:00.000000000,-5 days +00:00:00.000000000
9512,2012-03-02 00:00:00.000000000,2011-12-18 00:00:00.000000000,2011-12-18 00:00:00.000000000,2011-08-29 00:00:00.000000000,1910-01-01 00:00:00.000000000,2011-11-22 02:05:13.084800000,2011-05-20 02:05:13.084800000,100 days 21:54:46.915200000,25 days 21:54:46.915200000,-75 days +00:00:00.000000000
9513,2012-01-10 00:00:00.000000000,2012-01-20 00:00:00.000000000,2012-01-20 00:00:00.000000000,2011-07-26 00:00:00.000000000,1910-01-01 00:00:00.000000000,2011-08-26 04:48:00.000000000,2011-03-11 04:48:00.000000000,136 days 19:12:00.000000000,146 days 19:12:00.000000000,10 days 00:00:00.000000000
9514,2012-02-06 00:00:00.000000000,2012-02-06 00:00:00.000000000,2012-02-06 00:00:00.000000000,2011-08-25 00:00:00.000000000,1910-01-01 00:00:00.000000000,2011-09-28 03:00:00.000000000,2011-04-16 03:00:00.000000000,130 days 21:00:00.000000000,130 days 21:00:00.000000000,0 days 00:00:00.000000000
9515,2012-02-29 00:00:00.000000000,2012-02-22 00:00:00.000000000,2012-02-22 00:00:00.000000000,2011-08-04 00:00:00.000000000,1910-01-01 00:00:00.000000000,2011-11-29 01:30:00.000000000,2011-05-04 01:30:00.000000000,91 days 22:30:00.000000000,84 days 22:30:00.000000000,-7 days +00:00:00.000000000
9516,2012-03-16 00:00:00.000000000,2012-02-14 00:00:00.000000000,2012-02-14 00:00:00.000000000,2011-11-21 00:00:00.000000000,1910-01-01 00:00:00.000000000,2011-09-02 19:59:59.971200000,2011-05-09 19:59:59.971200000,195 days 04:00:00.028800000,164 days 04:00:00.028800000,-31 days +00:00:00.000000000
9517,2012-03-16 00:00:00.000000000,2012-02-14 00:00:00.000000000,2012-02-14 00:00:00.000000000,2011-11-21 00:00:00.000000000,1910-01-01 00:00:00.000000000,2011-09-02 19:59:59.971200000,2011-05-09 19:59:59.971200000,195 days 04:00:00.028800000,164 days 04:00:00.028800000,-31 days +00:00:00.000000000
9518,2012-03-16 00:00:00.000000000,2012-02-14 00:00:00.000000000,2012-02-14 00:00:00.000000000,2011-11-21 00:00:00.000000000,1910-01-01 00:00:00.000000000,2011-09-02 19:59:59.971200000,2011-05-09 19:59:59.971200000,195 days 04:00:00.028800000,164 days 04:00:00.028800000,-31 days +00:00:00.000000000
9519,2012-03-16 00:00:00.000000000,2012-02-14 00:00:00.000000000,2012-02-14 00:00:00.000000000,2011-11-21 00:00:00.000000000,1910-01-01 00:00:00.000000000,2011-09-02 19:59:59.971200000,2011-05-09 19:59:59.971200000,195 days 04:00:00.028800000,164 days 04:00:00.028800000,-31 days +00:00:00.000000000
9520,2012-03-16 00:00:00.000000000,2012-02-14 00:00:00.000000000,2012-02-14 00:00:00.000000000,2011-11-21 00:00:00.000000000,1910-01-01 00:00:00.000000000,2011-09-02 19:59:59.971200000,2011-05-09 19:59:59.971200000,195 days 04:00:00.028800000,164 days 04:00:00.028800000,-31 days +00:00:00.000000000
9521,2012-03-30 00:00:00.000000000,2012-02-04 00:00:00.000000000,2012-02-04 00:00:00.000000000,2011-10-27 00:00:00.000000000,1910-01-01 00:00:00.000000000,2012-01-08 13:20:00.038400000,2011-08-06 13:20:00.038400000,81 days 10:39:59.961600000,26 days 10:39:59.961600000,-55 days +00:00:00.000000000
9522,2012-03-16 00:00:00.000000000,2012-04-11 00:00:00.000000000,2012-04-11 00:00:00.000000000,2011-11-21 00:00:00.000000000,1910-01-01 00:00:00.000000000,2011-09-02 19:59:59.971200000,2011-05-09 19:59:59.971200000,195 days 04:00:00.028800000,221 days 04:00:00.028800000,26 days 00:00:00.000000000
9523,2012-03-16 00:00:00.000000000,2012-03-14 00:00:00.000000000,2012-03-14 00:00:00.000000000,2011-11-21 00:00:00.000000000,1910-01-01 00:00:00.000000000,2011-09-02 19:59:59.971200000,2011-05-09 19:59:59.971200000,195 days 04:00:00.028800000,193 days 04:00:00.028800000,-2 days +00:00:00.000000000
9524,2012-03-16 00:00:00.000000000,2012-03-14 00:00:00.000000000,2012-03-14 00:00:00.000000000,2011-11-21 00:00:00.000000000,1910-01-01 00:00:00.000000000,2011-09-02 19:59:59.971200000,2011-05-09 19:59:59.971200000,195 days 04:00:00.028800000,193 days 04:00:00.028800000,-2 days +00:00:00.000000000
9525,2012-02-29 00:00:00.000000000,2012-02-16 00:00:00.000000000,2012-02-16 00:00:00.000000000,2011-01-19 00:00:00.000000000,1910-01-01 00:00:00.000000000,2011-07-23 17:08:34.310400000,2010-06-12 17:08:34.310400000,220 days 06:51:25.689600000,207 days 06:51:25.689600000,-13 days +00:00:00.000000000
9526,2012-03-22 00:00:00.000000000,2012-03-22 00:00:00.000000000,2012-03-22 00:00:00.000000000,2011-11-21 00:00:00.000000000,1910-01-01 00:00:00.000000000,2011-09-08 19:59:59.971200000,2011-05-09 19:59:59.971200000,195 days 04:00:00.028800000,195 days 04:00:00.028800000,0 days 00:00:00.000000000
9527,2012-02-29 00:00:00.000000000,2012-02-08 00:00:00.000000000,2012-02-08 00:00:00.000000000,2011-08-25 00:00:00.000000000,1910-01-01 00:00:00.000000000,2011-10-21 03:00:00.000000000,2011-04-16 03:00:00.000000000,130 days 21:00:00.000000000,109 days 21:00:00.000000000,-21 days +00:00:00.000000000
9528,2012-04-27 00:00:00.000000000,2012-02-17 00:00:00.000000000,2012-02-17 00:00:00.000000000,2011-11-06 00:00:00.000000000,1910-01-01 00:00:00.000000000,2011-12-12 04:48:00.000000000,2011-06-22 04:48:00.000000000,136 days 19:12:00.000000000,66 days 19:12:00.000000000,-70 days +00:00:00.000000000
9529,2012-03-02 00:00:00.000000000,2012-03-12 00:00:00.000000000,2012-03-12 00:00:00.000000000,2011-12-20 00:00:00.000000000,1910-01-01 00:00:00.000000000,2011-12-01 22:02:26.908800000,2011-09-19 22:02:26.908800000,91 days 01:57:33.091200000,101 days 01:57:33.091200000,10 days 00:00:00.000000000
9530,2012-03-30 00:00:00.000000000,2012-03-12 00:00:00.000000000,2012-03-12 00:00:00.000000000,2011-08-22 00:00:00.000000000,1910-01-01 00:00:00.000000000,2011-12-21 19:41:32.323200000,2011-05-14 19:41:32.323200000,99 days 04:18:27.676800000,81 days 04:18:27.676800000,-18 days +00:00:00.000000000
9531,2012-03-19 00:00:00.000000000,2012-02-24 00:00:00.000000000,2012-02-24 00:00:00.000000000,2011-11-11 00:00:00.000000000,1910-01-01 00:00:00.000000000,2011-11-09 03:00:00.000000000,2011-07-03 03:00:00.000000000,130 days 21:00:00.000000000,106 days 21:00:00.000000000,-24 days +00:00:00.000000000
9532,2012-03-30 00:00:00.000000000,2012-02-24 00:00:00.000000000,2012-02-24 00:00:00.000000000,2011-08-29 00:00:00.000000000,1910-01-01 00:00:00.000000000,2011-11-20 03:00:00.000000000,2011-04-20 03:00:00.000000000,130 days 21:00:00.000000000,95 days 21:00:00.000000000,-35 days +00:00:00.000000000
9533,2012-03-30 00:00:00.000000000,2012-02-24 00:00:00.000000000,2012-02-24 00:00:00.000000000,2011-08-29 00:00:00.000000000,1910-01-01 00:00:00.000000000,2011-11-20 03:00:00.000000000,2011-04-20 03:00:00.000000000,130 days 21:00:00.000000000,95 days 21:00:00.000000000,-35 days +00:00:00.000000000
9534,2012-03-02 00:00:00.000000000,2012-02-16 00:00:00.000000000,2012-02-16 00:00:00.000000000,2011-08-29 00:00:00.000000000,1910-01-01 00:00:00.000000000,2011-11-22 02:05:13.084800000,2011-05-20 02:05:13.084800000,100 days 21:54:46.915200000,85 days 21:54:46.915200000,-15 days +00:00:00.000000000
9535,2012-03-16 00:00:00.000000000,2012-02-16 00:00:00.000000000,2012-02-16 00:00:00.000000000,2011-08-29 00:00:00.000000000,1910-01-01 00:00:00.000000000,2011-12-06 02:05:13.084800000,2011-05-20 02:05:13.084800000,100 days 21:54:46.915200000,71 days 21:54:46.915200000,-29 days +00:00:00.000000000
9536,2012-06-20 00:00:00.000000000,2012-02-16 00:00:00.000000000,2012-02-16 00:00:00.000000000,2011-12-08 00:00:00.000000000,1910-01-01 00:00:00.000000000,2012-03-11 02:05:13.084800000,2011-08-29 02:05:13.084800000,100 days 21:54:46.915200000,-25 days +21:54:46.915200000,-125 days +00:00:00.000000000
9537,2012-03-30 00:00:00.000000000,2012-02-27 00:00:00.000000000,2012-02-27 00:00:00.000000000,2011-10-05 00:00:00.000000000,1910-01-01 00:00:00.000000000,2012-02-05 01:59:59.971200000,2011-08-12 01:59:59.971200000,53 days 22:00:00.028800000,21 days 22:00:00.028800000,-32 days +00:00:00.000000000
9538,2012-05-08 00:00:00.000000000,2012-03-16 00:00:00.000000000,2012-03-16 00:00:00.000000000,2012-01-16 00:00:00.000000000,1910-01-01 00:00:00.000000000,2011-12-23 04:48:00.000000000,2011-09-01 04:48:00.000000000,136 days 19:12:00.000000000,83 days 19:12:00.000000000,-53 days +00:00:00.000000000
9539,2012-03-30 00:00:00.000000000,2012-03-09 00:00:00.000000000,2012-03-09 00:00:00.000000000,2011-10-05 00:00:00.000000000,1910-01-01 00:00:00.000000000,2012-02-05 01:59:59.971200000,2011-08-12 01:59:59.971200000,53 days 22:00:00.028800000,32 days 22:00:00.028800000,-21 days +00:00:00.000000000
9540,2012-03-21 00:00:00.000000000,2012-03-08 00:00:00.000000000,2012-03-08 00:00:00.000000000,2011-11-04 00:00:00.000000000,1910-01-01 00:00:00.000000000,2011-12-16 11:17:38.803200000,2011-07-31 11:17:38.803200000,95 days 12:42:21.196800000,82 days 12:42:21.196800000,-13 days +00:00:00.000000000
9541,2012-04-30 00:00:00.000000000,2012-04-11 00:00:00.000000000,2012-04-11 00:00:00.000000000,2011-08-22 00:00:00.000000000,1910-01-01 00:00:00.000000000,2012-01-21 19:41:32.323200000,2011-05-14 19:41:32.323200000,99 days 04:18:27.676800000,80 days 04:18:27.676800000,-19 days +00:00:00.000000000
9542,2012-05-08 00:00:00.000000000,2012-02-27 00:00:00.000000000,2012-02-27 00:00:00.000000000,2012-01-16 00:00:00.000000000,1910-01-01 00:00:00.000000000,2011-12-23 04:48:00.000000000,2011-09-01 04:48:00.000000000,136 days 19:12:00.000000000,65 days 19:12:00.000000000,-71 days +00:00:00.000000000
9543,2012-03-12 00:00:00.000000000,2012-02-28 00:00:00.000000000,2012-02-28 00:00:00.000000000,2012-01-27 00:00:00.000000000,1910-01-01 00:00:00.000000000,2011-12-17 00:00:00.000000000,2011-11-02 00:00:00.000000000,86 days 00:00:00.000000000,73 days 00:00:00.000000000,-13 days +00:00:00.000000000
9544,2012-05-08 00:00:00.000000000,2012-04-11 00:00:00.000000000,2012-04-11 00:00:00.000000000,2011-08-22 00:00:00.000000000,1910-01-01 00:00:00.000000000,2012-01-29 19:41:32.323200000,2011-05-14 19:41:32.323200000,99 days 04:18:27.676800000,72 days 04:18:27.676800000,-27 days +00:00:00.000000000
9545,2012-04-26 00:00:00.000000000,2012-05-04 00:00:00.000000000,2012-05-04 00:00:00.000000000,2012-01-25 00:00:00.000000000,1910-01-01 00:00:00.000000000,2012-03-01 07:59:59.971200000,2011-11-30 07:59:59.971200000,55 days 16:00:00.028800000,63 days 16:00:00.028800000,8 days 00:00:00.000000000
9546,2012-04-26 00:00:00.000000000,2012-05-04 00:00:00.000000000,2012-05-04 00:00:00.000000000,2012-01-25 00:00:00.000000000,1910-01-01 00:00:00.000000000,2012-03-01 07:59:59.971200000,2011-11-30 07:59:59.971200000,55 days 16:00:00.028800000,63 days 16:00:00.028800000,8 days 00:00:00.000000000
9547,2012-05-04 00:00:00.000000000,2012-04-11 00:00:00.000000000,2012-04-11 00:00:00.000000000,2011-08-22 00:00:00.000000000,1910-01-01 00:00:00.000000000,2012-01-25 19:41:32.323200000,2011-05-14 19:41:32.323200000,99 days 04:18:27.676800000,76 days 04:18:27.676800000,-23 days +00:00:00.000000000
9548,2012-05-03 00:00:00.000000000,2012-03-27 00:00:00.000000000,2012-03-27 00:00:00.000000000,2012-02-20 00:00:00.000000000,1910-01-01 00:00:00.000000000,2012-03-10 01:59:59.971200000,2011-12-28 01:59:59.971200000,53 days 22:00:00.028800000,16 days 22:00:00.028800000,-37 days +00:00:00.000000000
9549,2012-04-13 00:00:00.000000000,2012-04-10 00:00:00.000000000,2012-04-10 00:00:00.000000000,2011-10-04 00:00:00.000000000,1910-01-01 00:00:00.000000000,2011-09-05 17:08:34.310400000,2011-02-25 17:08:34.310400000,220 days 06:51:25.689600000,217 days 06:51:25.689600000,-3 days +00:00:00.000000000
9550,2012-05-16 00:00:00.000000000,2012-03-27 00:00:00.000000000,2012-03-27 00:00:00.000000000,2011-10-05 00:00:00.000000000,1910-01-01 00:00:00.000000000,2012-03-23 01:59:59.971200000,2011-08-12 01:59:59.971200000,53 days 22:00:00.028800000,3 days 22:00:00.028800000,-50 days +00:00:00.000000000
9551,2012-05-15 00:00:00.000000000,2012-04-16 00:00:00.000000000,2012-04-16 00:00:00.000000000,2011-09-27 00:00:00.000000000,1910-01-01 00:00:00.000000000,2011-12-30 04:48:00.000000000,2011-05-13 04:48:00.000000000,136 days 19:12:00.000000000,107 days 19:12:00.000000000,-29 days +00:00:00.000000000
9552,2012-04-27 00:00:00.000000000,2012-04-16 00:00:00.000000000,2012-04-16 00:00:00.000000000,2011-11-06 00:00:00.000000000,1910-01-01 00:00:00.000000000,2011-12-12 04:48:00.000000000,2011-06-22 04:48:00.000000000,136 days 19:12:00.000000000,125 days 19:12:00.000000000,-11 days +00:00:00.000000000
9553,2012-04-27 00:00:00.000000000,2012-04-19 00:00:00.000000000,2012-04-19 00:00:00.000000000,2011-08-29 00:00:00.000000000,1910-01-01 00:00:00.000000000,2011-12-18 03:00:00.000000000,2011-04-20 03:00:00.000000000,130 days 21:00:00.000000000,122 days 21:00:00.000000000,-8 days +00:00:00.000000000
9554,2012-05-15 00:00:00.000000000,2012-04-30 00:00:00.000000000,2012-04-30 00:00:00.000000000,2011-09-27 00:00:00.000000000,1910-01-01 00:00:00.000000000,2011-12-30 04:48:00.000000000,2011-05-13 04:48:00.000000000,136 days 19:12:00.000000000,121 days 19:12:00.000000000,-15 days +00:00:00.000000000
9555,2012-05-21 00:00:00.000000000,2012-05-04 00:00:00.000000000,2012-05-04 00:00:00.000000000,2012-04-09 00:00:00.000000000,1910-01-01 00:00:00.000000000,2012-01-31 15:30:54.576000000,2011-12-20 15:30:54.576000000,110 days 08:29:05.424000000,93 days 08:29:05.424000000,-17 days +00:00:00.000000000
9556,2012-07-04 00:00:00.000000000,2012-04-30 00:00:00.000000000,2012-04-30 00:00:00.000000000,2011-12-08 00:00:00.000000000,1910-01-01 00:00:00.000000000,2012-03-25 02:05:13.084800000,2011-08-29 02:05:13.084800000,100 days 21:54:46.915200000,35 days 21:54:46.915200000,-65 days +00:00:00.000000000
9557,2012-07-03 00:00:00.000000000,2012-05-18 00:00:00.000000000,2012-05-18 00:00:00.000000000,2012-02-10 00:00:00.000000000,1910-01-01 00:00:00.000000000,2012-05-10 01:59:59.971200000,2011-12-18 01:59:59.971200000,53 days 22:00:00.028800000,7 days 22:00:00.028800000,-46 days +00:00:00.000000000
9558,2012-06-29 00:00:00.000000000,2012-05-22 00:00:00.000000000,2012-05-22 00:00:00.000000000,2012-02-20 00:00:00.000000000,1910-01-01 00:00:00.000000000,2012-05-06 01:59:59.971200000,2011-12-28 01:59:59.971200000,53 days 22:00:00.028800000,15 days 22:00:00.028800000,-38 days +00:00:00.000000000
9559,2012-07-03 00:00:00.000000000,2012-06-28 00:00:00.000000000,2012-06-28 00:00:00.000000000,2012-03-16 00:00:00.000000000,1910-01-01 00:00:00.000000000,2012-04-02 01:30:00.000000000,2011-12-15 01:30:00.000000000,91 days 22:30:00.000000000,86 days 22:30:00.000000000,-5 days +00:00:00.000000000
9560,2012-09-03 00:00:00.000000000,2012-09-03 00:00:00.000000000,2012-09-03 00:00:00.000000000,2012-04-02 00:00:00.000000000,1910-01-01 00:00:00.000000000,2012-02-20 19:59:59.971200000,2011-09-19 19:59:59.971200000,195 days 04:00:00.028800000,195 days 04:00:00.028800000,0 days 00:00:00.000000000
9561,2012-07-04 00:00:00.000000000,2012-06-03 00:00:00.000000000,2012-06-03 00:00:00.000000000,2011-12-08 00:00:00.000000000,1910-01-01 00:00:00.000000000,2012-03-25 02:05:13.084800000,2011-08-29 02:05:13.084800000,100 days 21:54:46.915200000,69 days 21:54:46.915200000,-31 days +00:00:00.000000000
9562,2012-06-20 00:00:00.000000000,2012-06-03 00:00:00.000000000,2012-06-03 00:00:00.000000000,2011-12-08 00:00:00.000000000,1910-01-01 00:00:00.000000000,2012-03-11 02:05:13.084800000,2011-08-29 02:05:13.084800000,100 days 21:54:46.915200000,83 days 21:54:46.915200000,-17 days +00:00:00.000000000
9563,2012-08-02 00:00:00.000000000,2012-06-03 00:00:00.000000000,2012-06-03 00:00:00.000000000,2012-03-01 00:00:00.000000000,1910-01-01 00:00:00.000000000,2012-04-23 02:05:13.084800000,2011-11-21 02:05:13.084800000,100 days 21:54:46.915200000,40 days 21:54:46.915200000,-60 days +00:00:00.000000000
9564,2012-07-02 00:00:00.000000000,2012-06-07 00:00:00.000000000,2012-06-07 00:00:00.000000000,2012-04-10 00:00:00.000000000,1910-01-01 00:00:00.000000000,2012-02-16 04:48:00.000000000,2011-11-25 04:48:00.000000000,136 days 19:12:00.000000000,111 days 19:12:00.000000000,-25 days +00:00:00.000000000
9565,2012-09-11 00:00:00.000000000,2012-09-11 00:00:00.000000000,2012-09-11 00:00:00.000000000,2012-04-02 00:00:00.000000000,1910-01-01 00:00:00.000000000,2012-02-28 19:59:59.971200000,2011-09-19 19:59:59.971200000,195 days 04:00:00.028800000,195 days 04:00:00.028800000,0 days 00:00:00.000000000
9566,2012-09-11 00:00:00.000000000,2012-09-11 00:00:00.000000000,2012-09-11 00:00:00.000000000,2012-04-02 00:00:00.000000000,1910-01-01 00:00:00.000000000,2012-02-28 19:59:59.971200000,2011-09-19 19:59:59.971200000,195 days 04:00:00.028800000,195 days 04:00:00.028800000,0 days 00:00:00.000000000
9567,2012-09-11 00:00:00.000000000,2012-09-11 00:00:00.000000000,2012-09-11 00:00:00.000000000,2012-04-02 00:00:00.000000000,1910-01-01 00:00:00.000000000,2012-02-28 19:59:59.971200000,2011-09-19 19:59:59.971200000,195 days 04:00:00.028800000,195 days 04:00:00.028800000,0 days 00:00:00.000000000
9568,2012-10-16 00:00:00.000000000,2012-06-27 00:00:00.000000000,2012-06-27 00:00:00.000000000,2011-10-04 00:00:00.000000000,1910-01-01 00:00:00.000000000,2012-03-09 17:08:34.310400000,2011-02-25 17:08:34.310400000,220 days 06:51:25.689600000,109 days 06:51:25.689600000,-111 days +00:00:00.000000000
9569,2012-06-20 00:00:00.000000000,2012-06-03 00:00:00.000000000,2012-06-03 00:00:00.000000000,2011-12-08 00:00:00.000000000,1910-01-01 00:00:00.000000000,2012-03-11 02:05:13.084800000,2011-08-29 02:05:13.084800000,100 days 21:54:46.915200000,83 days 21:54:46.915200000,-17 days +00:00:00.000000000
9570,2012-08-07 00:00:00.000000000,2012-07-24 00:00:00.000000000,2012-07-24 00:00:00.000000000,2012-03-16 00:00:00.000000000,1910-01-01 00:00:00.000000000,2012-05-07 01:30:00.000000000,2011-12-15 01:30:00.000000000,91 days 22:30:00.000000000,77 days 22:30:00.000000000,-14 days +00:00:00.000000000
9571,2012-08-01 00:00:00.000000000,2012-07-25 00:00:00.000000000,2012-07-25 00:00:00.000000000,2012-01-31 00:00:00.000000000,1910-01-01 00:00:00.000000000,2012-04-23 19:41:32.323200000,2011-10-23 19:41:32.323200000,99 days 04:18:27.676800000,92 days 04:18:27.676800000,-7 days +00:00:00.000000000
9572,2012-08-15 00:00:00.000000000,2012-07-25 00:00:00.000000000,2012-07-25 00:00:00.000000000,2011-08-22 00:00:00.000000000,1910-01-01 00:00:00.000000000,2012-05-07 19:41:32.323200000,2011-05-14 19:41:32.323200000,99 days 04:18:27.676800000,78 days 04:18:27.676800000,-21 days +00:00:00.000000000
9573,2012-08-02 00:00:00.000000000,2012-07-09 00:00:00.000000000,2012-07-09 00:00:00.000000000,2012-03-01 00:00:00.000000000,1910-01-01 00:00:00.000000000,2012-04-23 02:05:13.084800000,2011-11-21 02:05:13.084800000,100 days 21:54:46.915200000,76 days 21:54:46.915200000,-24 days +00:00:00.000000000
9574,2012-09-04 00:00:00.000000000,2012-08-22 00:00:00.000000000,2012-08-22 00:00:00.000000000,2012-03-16 00:00:00.000000000,1910-01-01 00:00:00.000000000,2012-06-04 01:30:00.000000000,2011-12-15 01:30:00.000000000,91 days 22:30:00.000000000,78 days 22:30:00.000000000,-13 days +00:00:00.000000000
9575,2012-09-05 00:00:00.000000000,2012-07-30 00:00:00.000000000,2012-07-30 00:00:00.000000000,2012-02-20 00:00:00.000000000,1910-01-01 00:00:00.000000000,2012-07-13 01:59:59.971200000,2011-12-28 01:59:59.971200000,53 days 22:00:00.028800000,16 days 22:00:00.028800000,-37 days +00:00:00.000000000
9576,2012-10-16 00:00:00.000000000,2012-07-23 00:00:00.000000000,2012-07-23 00:00:00.000000000,2011-10-04 00:00:00.000000000,1910-01-01 00:00:00.000000000,2012-03-09 17:08:34.310400000,2011-02-25 17:08:34.310400000,220 days 06:51:25.689600000,135 days 06:51:25.689600000,-85 days +00:00:00.000000000
9577,2012-07-31 00:00:00.000000000,2012-07-31 00:00:00.000000000,2012-07-31 00:00:00.000000000,2011-11-11 00:00:00.000000000,1910-01-01 00:00:00.000000000,2012-03-22 03:00:00.000000000,2011-07-03 03:00:00.000000000,130 days 21:00:00.000000000,130 days 21:00:00.000000000,0 days 00:00:00.000000000
9578,2012-08-31 00:00:00.000000000,2012-08-22 00:00:00.000000000,2012-08-22 00:00:00.000000000,2012-01-31 00:00:00.000000000,1910-01-01 00:00:00.000000000,2012-05-23 19:41:32.323200000,2011-10-23 19:41:32.323200000,99 days 04:18:27.676800000,90 days 04:18:27.676800000,-9 days +00:00:00.000000000
9579,2012-08-02 00:00:00.000000000,2012-07-24 00:00:00.000000000,2012-07-24 00:00:00.000000000,2012-03-01 00:00:00.000000000,1910-01-01 00:00:00.000000000,2012-04-23 02:05:13.084800000,2011-11-21 02:05:13.084800000,100 days 21:54:46.915200000,91 days 21:54:46.915200000,-9 days +00:00:00.000000000
9580,2012-08-02 00:00:00.000000000,2012-07-24 00:00:00.000000000,2012-07-24 00:00:00.000000000,2012-03-01 00:00:00.000000000,1910-01-01 00:00:00.000000000,2012-04-23 02:05:13.084800000,2011-11-21 02:05:13.084800000,100 days 21:54:46.915200000,91 days 21:54:46.915200000,-9 days +00:00:00.000000000
9581,2012-08-31 00:00:00.000000000,2012-08-16 00:00:00.000000000,2012-08-16 00:00:00.000000000,2012-06-18 00:00:00.000000000,1910-01-01 00:00:00.000000000,2012-06-06 00:00:00.000000000,2012-03-24 00:00:00.000000000,86 days 00:00:00.000000000,71 days 00:00:00.000000000,-15 days +00:00:00.000000000
9582,2012-08-20 00:00:00.000000000,2012-08-18 00:00:00.000000000,2012-08-18 00:00:00.000000000,2012-01-30 00:00:00.000000000,1910-01-01 00:00:00.000000000,2012-04-11 03:00:00.000000000,2011-09-21 03:00:00.000000000,130 days 21:00:00.000000000,128 days 21:00:00.000000000,-2 days +00:00:00.000000000
9583,2012-10-30 00:00:00.000000000,2012-10-30 00:00:00.000000000,2012-10-30 00:00:00.000000000,2012-06-06 00:00:00.000000000,1910-01-01 00:00:00.000000000,2012-09-06 01:59:59.971200000,2012-04-13 01:59:59.971200000,53 days 22:00:00.028800000,53 days 22:00:00.028800000,0 days 00:00:00.000000000
9584,2012-08-24 00:00:00.000000000,2012-08-16 00:00:00.000000000,2012-08-16 00:00:00.000000000,2012-05-11 00:00:00.000000000,1910-01-01 00:00:00.000000000,2012-05-30 00:00:00.000000000,2012-02-15 00:00:00.000000000,86 days 00:00:00.000000000,78 days 00:00:00.000000000,-8 days +00:00:00.000000000
9585,2012-08-20 00:00:00.000000000,2012-08-14 00:00:00.000000000,2012-08-14 00:00:00.000000000,2012-03-01 00:00:00.000000000,1910-01-01 00:00:00.000000000,2012-05-11 02:05:13.084800000,2011-11-21 02:05:13.084800000,100 days 21:54:46.915200000,94 days 21:54:46.915200000,-6 days +00:00:00.000000000
9586,2012-08-20 00:00:00.000000000,2012-08-14 00:00:00.000000000,2012-08-14 00:00:00.000000000,2012-03-01 00:00:00.000000000,1910-01-01 00:00:00.000000000,2012-05-11 02:05:13.084800000,2011-11-21 02:05:13.084800000,100 days 21:54:46.915200000,94 days 21:54:46.915200000,-6 days +00:00:00.000000000
9587,2012-08-21 00:00:00.000000000,2012-08-30 00:00:00.000000000,2012-08-30 00:00:00.000000000,2012-07-11 00:00:00.000000000,1910-01-01 00:00:00.000000000,2012-04-12 03:00:00.000000000,2012-03-02 03:00:00.000000000,130 days 21:00:00.000000000,139 days 21:00:00.000000000,9 days 00:00:00.000000000
9588,2012-11-30 00:00:00.000000000,2012-09-14 00:00:00.000000000,2012-09-14 00:00:00.000000000,2012-06-18 00:00:00.000000000,1910-01-01 00:00:00.000000000,2012-09-05 00:00:00.000000000,2012-03-24 00:00:00.000000000,86 days 00:00:00.000000000,9 days 00:00:00.000000000,-77 days +00:00:00.000000000
9589,2012-12-11 00:00:00.000000000,2012-09-04 00:00:00.000000000,2012-09-04 00:00:00.000000000,2011-10-04 00:00:00.000000000,1910-01-01 00:00:00.000000000,2012-05-04 17:08:34.310400000,2011-02-25 17:08:34.310400000,220 days 06:51:25.689600000,122 days 06:51:25.689600000,-98 days +00:00:00.000000000
9590,2012-10-29 00:00:00.000000000,2012-08-27 00:00:00.000000000,2012-08-27 00:00:00.000000000,2012-04-19 00:00:00.000000000,1910-01-01 00:00:00.000000000,2012-06-20 03:00:00.000000000,2011-12-10 03:00:00.000000000,130 days 21:00:00.000000000,67 days 21:00:00.000000000,-63 days +00:00:00.000000000
9591,2013-02-14 00:00:00.000000000,2013-02-14 00:00:00.000000000,2013-02-14 00:00:00.000000000,2012-05-15 00:00:00.000000000,1910-01-01 00:00:00.000000000,2012-08-25 09:13:50.736000000,2011-11-24 09:13:50.736000000,172 days 14:46:09.264000000,172 days 14:46:09.264000000,0 days 00:00:00.000000000
9592,2012-10-02 00:00:00.000000000,2012-08-27 00:00:00.000000000,2012-08-27 00:00:00.000000000,2011-12-21 00:00:00.000000000,1910-01-01 00:00:00.000000000,2012-05-24 03:00:00.000000000,2011-08-12 03:00:00.000000000,130 days 21:00:00.000000000,94 days 21:00:00.000000000,-36 days +00:00:00.000000000
9593,2012-08-31 00:00:00.000000000,2012-08-13 00:00:00.000000000,2012-08-13 00:00:00.000000000,2012-03-01 00:00:00.000000000,1910-01-01 00:00:00.000000000,2012-05-22 02:05:13.084800000,2011-11-21 02:05:13.084800000,100 days 21:54:46.915200000,82 days 21:54:46.915200000,-18 days +00:00:00.000000000
9594,2012-09-28 00:00:00.000000000,2012-08-31 00:00:00.000000000,2012-08-31 00:00:00.000000000,2011-12-21 00:00:00.000000000,1910-01-01 00:00:00.000000000,2012-05-20 03:00:00.000000000,2011-08-12 03:00:00.000000000,130 days 21:00:00.000000000,102 days 21:00:00.000000000,-28 days +00:00:00.000000000
9595,2012-09-24 00:00:00.000000000,2012-09-24 00:00:00.000000000,2012-09-24 00:00:00.000000000,2012-02-20 00:00:00.000000000,1910-01-01 00:00:00.000000000,2012-08-01 01:59:59.971200000,2011-12-28 01:59:59.971200000,53 days 22:00:00.028800000,53 days 22:00:00.028800000,0 days 00:00:00.000000000
9596,2012-10-18 00:00:00.000000000,2012-10-18 00:00:00.000000000,2012-10-18 00:00:00.000000000,2012-05-09 00:00:00.000000000,1910-01-01 00:00:00.000000000,2012-08-25 01:59:59.971200000,2012-03-16 01:59:59.971200000,53 days 22:00:00.028800000,53 days 22:00:00.028800000,0 days 00:00:00.000000000
9597,2012-09-25 00:00:00.000000000,2012-09-07 00:00:00.000000000,2012-09-07 00:00:00.000000000,2012-04-27 00:00:00.000000000,1910-01-01 00:00:00.000000000,2012-05-11 04:48:00.000000000,2011-12-12 04:48:00.000000000,136 days 19:12:00.000000000,118 days 19:12:00.000000000,-18 days +00:00:00.000000000
9598,2012-09-28 00:00:00.000000000,2012-09-13 00:00:00.000000000,2012-09-13 00:00:00.000000000,2012-06-04 00:00:00.000000000,1910-01-01 00:00:00.000000000,2012-07-04 00:00:00.000000000,2012-03-10 00:00:00.000000000,86 days 00:00:00.000000000,71 days 00:00:00.000000000,-15 days +00:00:00.000000000
9599,2012-10-29 00:00:00.000000000,2012-10-01 00:00:00.000000000,2012-10-01 00:00:00.000000000,2012-04-19 00:00:00.000000000,1910-01-01 00:00:00.000000000,2012-06-20 03:00:00.000000000,2011-12-10 03:00:00.000000000,130 days 21:00:00.000000000,102 days 21:00:00.000000000,-28 days +00:00:00.000000000
9600,2012-10-31 00:00:00.000000000,2012-10-05 00:00:00.000000000,2012-10-05 00:00:00.000000000,2011-11-11 00:00:00.000000000,1910-01-01 00:00:00.000000000,2012-06-22 03:00:00.000000000,2011-07-03 03:00:00.000000000,130 days 21:00:00.000000000,104 days 21:00:00.000000000,-26 days +00:00:00.000000000
9601,2012-10-15 00:00:00.000000000,2012-10-05 00:00:00.000000000,2012-10-05 00:00:00.000000000,2011-12-21 00:00:00.000000000,1910-01-01 00:00:00.000000000,2012-06-06 03:00:00.000000000,2011-08-12 03:00:00.000000000,130 days 21:00:00.000000000,120 days 21:00:00.000000000,-10 days +00:00:00.000000000
9602,2012-11-30 00:00:00.000000000,2012-11-30 00:00:00.000000000,2012-11-30 00:00:00.000000000,2012-08-17 00:00:00.000000000,1910-01-01 00:00:00.000000000,2012-08-26 11:17:38.803200000,2012-05-13 11:17:38.803200000,95 days 12:42:21.196800000,95 days 12:42:21.196800000,0 days 00:00:00.000000000
9603,2012-10-30 00:00:00.000000000,2012-10-24 00:00:00.000000000,2012-10-24 00:00:00.000000000,2012-04-19 00:00:00.000000000,1910-01-01 00:00:00.000000000,2012-06-21 03:00:00.000000000,2011-12-10 03:00:00.000000000,130 days 21:00:00.000000000,124 days 21:00:00.000000000,-6 days +00:00:00.000000000
9604,2012-10-24 00:00:00.000000000,2012-10-17 00:00:00.000000000,2012-10-17 00:00:00.000000000,2012-09-19 00:00:00.000000000,1910-01-01 00:00:00.000000000,2012-08-22 20:34:17.155200000,2012-07-18 20:34:17.155200000,62 days 03:25:42.844800000,55 days 03:25:42.844800000,-7 days +00:00:00.000000000
9605,2012-10-24 00:00:00.000000000,2012-10-17 00:00:00.000000000,2012-10-17 00:00:00.000000000,2012-09-19 00:00:00.000000000,1910-01-01 00:00:00.000000000,2012-08-22 20:34:17.155200000,2012-07-18 20:34:17.155200000,62 days 03:25:42.844800000,55 days 03:25:42.844800000,-7 days +00:00:00.000000000
9606,2012-11-07 00:00:00.000000000,2012-10-17 00:00:00.000000000,2012-10-17 00:00:00.000000000,2012-09-19 00:00:00.000000000,1910-01-01 00:00:00.000000000,2012-09-05 20:34:17.155200000,2012-07-18 20:34:17.155200000,62 days 03:25:42.844800000,41 days 03:25:42.844800000,-21 days +00:00:00.000000000
9607,2012-11-30 00:00:00.000000000,2012-11-06 00:00:00.000000000,2012-11-06 00:00:00.000000000,2012-02-15 00:00:00.000000000,1910-01-01 00:00:00.000000000,2012-08-22 19:41:32.323200000,2011-11-07 19:41:32.323200000,99 days 04:18:27.676800000,75 days 04:18:27.676800000,-24 days +00:00:00.000000000
9608,2012-12-06 00:00:00.000000000,2012-10-29 00:00:00.000000000,2012-10-29 00:00:00.000000000,2012-08-30 00:00:00.000000000,1910-01-01 00:00:00.000000000,2012-10-13 01:59:59.971200000,2012-07-07 01:59:59.971200000,53 days 22:00:00.028800000,15 days 22:00:00.028800000,-38 days +00:00:00.000000000
9609,2012-11-30 00:00:00.000000000,2012-11-14 00:00:00.000000000,2012-11-14 00:00:00.000000000,2012-06-28 00:00:00.000000000,1910-01-01 00:00:00.000000000,2012-08-30 01:30:00.000000000,2012-03-28 01:30:00.000000000,91 days 22:30:00.000000000,75 days 22:30:00.000000000,-16 days +00:00:00.000000000
9610,2012-11-30 00:00:00.000000000,2012-11-14 00:00:00.000000000,2012-11-14 00:00:00.000000000,2012-06-28 00:00:00.000000000,1910-01-01 00:00:00.000000000,2012-08-30 01:30:00.000000000,2012-03-28 01:30:00.000000000,91 days 22:30:00.000000000,75 days 22:30:00.000000000,-16 days +00:00:00.000000000
9611,2012-11-15 00:00:00.000000000,2012-11-05 00:00:00.000000000,2012-11-05 00:00:00.000000000,2012-04-27 00:00:00.000000000,1910-01-01 00:00:00.000000000,2012-07-01 04:48:00.000000000,2011-12-12 04:48:00.000000000,136 days 19:12:00.000000000,126 days 19:12:00.000000000,-10 days +00:00:00.000000000
9612,2013-01-16 00:00:00.000000000,2013-01-16 00:00:00.000000000,2013-01-16 00:00:00.000000000,2012-06-18 00:00:00.000000000,1910-01-01 00:00:00.000000000,2012-09-19 00:00:00.000000000,2012-02-20 00:00:00.000000000,119 days 00:00:00.000000000,119 days 00:00:00.000000000,0 days 00:00:00.000000000
9613,2013-01-16 00:00:00.000000000,2013-01-16 00:00:00.000000000,2013-01-16 00:00:00.000000000,2012-05-25 00:00:00.000000000,1910-01-01 00:00:00.000000000,2012-09-19 00:00:00.000000000,2012-01-27 00:00:00.000000000,119 days 00:00:00.000000000,119 days 00:00:00.000000000,0 days 00:00:00.000000000
9614,2012-11-19 00:00:00.000000000,2012-11-19 00:00:00.000000000,2012-11-19 00:00:00.000000000,2012-05-15 00:00:00.000000000,1910-01-01 00:00:00.000000000,2012-04-12 17:08:34.310400000,2011-10-07 17:08:34.310400000,220 days 06:51:25.689600000,220 days 06:51:25.689600000,0 days 00:00:00.000000000
9615,2012-11-07 00:00:00.000000000,2012-11-07 00:00:00.000000000,2012-11-07 00:00:00.000000000,2012-05-23 00:00:00.000000000,1910-01-01 00:00:00.000000000,2012-07-29 02:05:13.084800000,2012-02-12 02:05:13.084800000,100 days 21:54:46.915200000,100 days 21:54:46.915200000,0 days 00:00:00.000000000
9616,2012-11-15 00:00:00.000000000,2012-11-06 00:00:00.000000000,2012-11-06 00:00:00.000000000,2012-05-23 00:00:00.000000000,1910-01-01 00:00:00.000000000,2012-08-06 02:05:13.084800000,2012-02-12 02:05:13.084800000,100 days 21:54:46.915200000,91 days 21:54:46.915200000,-9 days +00:00:00.000000000
9617,2012-11-30 00:00:00.000000000,2012-12-04 00:00:00.000000000,2012-12-04 00:00:00.000000000,2012-05-23 00:00:00.000000000,1910-01-01 00:00:00.000000000,2012-08-21 02:05:13.084800000,2012-02-12 02:05:13.084800000,100 days 21:54:46.915200000,104 days 21:54:46.915200000,4 days 00:00:00.000000000
9618,2013-02-05 00:00:00.000000000,2013-02-05 00:00:00.000000000,2013-02-05 00:00:00.000000000,2012-07-18 00:00:00.000000000,1910-01-01 00:00:00.000000000,2012-11-04 18:00:00.000000000,2012-04-16 18:00:00.000000000,92 days 06:00:00.000000000,92 days 06:00:00.000000000,0 days 00:00:00.000000000
9619,2013-01-31 00:00:00.000000000,2013-01-11 00:00:00.000000000,2013-01-11 00:00:00.000000000,2012-06-28 00:00:00.000000000,1910-01-01 00:00:00.000000000,2012-09-13 16:00:00.028800000,2012-02-09 16:00:00.028800000,139 days 07:59:59.971200000,119 days 07:59:59.971200000,-20 days +00:00:00.000000000
9620,2013-01-31 00:00:00.000000000,2012-01-25 00:00:00.000000000,2013-01-25 00:00:00.000000000,2012-04-19 00:00:00.000000000,1910-01-01 00:00:00.000000000,2012-10-05 23:13:32.908800000,2011-12-23 23:13:32.908800000,117 days 00:46:27.091200000,-255 days +00:46:27.091200000,-372 days +00:00:00.000000000
9621,2013-01-31 00:00:00.000000000,2013-02-01 00:00:00.000000000,2013-02-01 00:00:00.000000000,2012-10-10 00:00:00.000000000,1910-01-01 00:00:00.000000000,2012-10-30 18:00:00.000000000,2012-07-09 18:00:00.000000000,92 days 06:00:00.000000000,93 days 06:00:00.000000000,1 days 00:00:00.000000000
9622,2013-02-15 00:00:00.000000000,2013-01-24 00:00:00.000000000,2013-01-24 00:00:00.000000000,2013-01-04 00:00:00.000000000,1910-01-01 00:00:00.000000000,2012-08-11 08:43:38.150400000,2012-06-30 08:43:38.150400000,187 days 15:16:21.849600000,165 days 15:16:21.849600000,-22 days +00:00:00.000000000
9623,2013-02-02 00:00:00.000000000,2013-02-02 00:00:00.000000000,2013-02-02 00:00:00.000000000,2012-08-30 00:00:00.000000000,1910-01-01 00:00:00.000000000,2012-11-01 18:00:00.000000000,2012-05-29 18:00:00.000000000,92 days 06:00:00.000000000,92 days 06:00:00.000000000,0 days 00:00:00.000000000
9624,2013-09-11 00:00:00.000000000,2013-09-11 00:00:00.000000000,2013-09-11 00:00:00.000000000,2012-11-16 00:00:00.000000000,1910-01-01 00:00:00.000000000,2013-03-22 09:13:50.736000000,2012-05-27 09:13:50.736000000,172 days 14:46:09.264000000,172 days 14:46:09.264000000,0 days 00:00:00.000000000
9625,2013-03-11 00:00:00.000000000,2013-02-18 00:00:00.000000000,2013-02-18 00:00:00.000000000,2012-08-24 00:00:00.000000000,1910-01-01 00:00:00.000000000,2012-11-29 04:16:00.019200000,2012-05-14 04:16:00.019200000,101 days 19:43:59.980800000,80 days 19:43:59.980800000,-21 days +00:00:00.000000000
9626,2013-02-22 00:00:00.000000000,2013-02-25 00:00:00.000000000,2013-02-25 00:00:00.000000000,2012-12-13 00:00:00.000000000,1910-01-01 00:00:00.000000000,2012-11-21 18:00:00.000000000,2012-09-11 18:00:00.000000000,92 days 06:00:00.000000000,95 days 06:00:00.000000000,3 days 00:00:00.000000000
9627,2013-02-19 00:00:00.000000000,2013-02-19 00:00:00.000000000,2013-02-19 00:00:00.000000000,2012-10-05 00:00:00.000000000,1910-01-01 00:00:00.000000000,2012-11-24 04:10:26.083200000,2012-07-10 04:10:26.083200000,86 days 19:49:33.916800000,86 days 19:49:33.916800000,0 days 00:00:00.000000000
9628,2013-02-11 00:00:00.000000000,2013-02-11 00:00:00.000000000,2013-02-11 00:00:00.000000000,2012-08-09 00:00:00.000000000,1910-01-01 00:00:00.000000000,2012-11-06 08:16:33.139200000,2012-05-04 08:16:33.139200000,96 days 15:43:26.860800000,96 days 15:43:26.860800000,0 days 00:00:00.000000000
9629,2013-02-11 00:00:00.000000000,2013-02-11 00:00:00.000000000,2013-02-11 00:00:00.000000000,2012-08-09 00:00:00.000000000,1910-01-01 00:00:00.000000000,2012-11-06 08:16:33.139200000,2012-05-04 08:16:33.139200000,96 days 15:43:26.860800000,96 days 15:43:26.860800000,0 days 00:00:00.000000000
9630,2013-02-11 00:00:00.000000000,2013-02-11 00:00:00.000000000,2013-02-11 00:00:00.000000000,2012-08-09 00:00:00.000000000,1910-01-01 00:00:00.000000000,2012-11-06 08:16:33.139200000,2012-05-04 08:16:33.139200000,96 days 15:43:26.860800000,96 days 15:43:26.860800000,0 days 00:00:00.000000000
9631,2013-02-22 00:00:00.000000000,2013-02-20 00:00:00.000000000,2013-02-20 00:00:00.000000000,2012-12-13 00:00:00.000000000,1910-01-01 00:00:00.000000000,2012-11-21 18:00:00.000000000,2012-09-11 18:00:00.000000000,92 days 06:00:00.000000000,90 days 06:00:00.000000000,-2 days +00:00:00.000000000
9632,2013-03-04 00:00:00.000000000,2013-03-04 00:00:00.000000000,2013-03-04 00:00:00.000000000,2012-10-10 00:00:00.000000000,1910-01-01 00:00:00.000000000,2012-12-01 18:00:00.000000000,2012-07-09 18:00:00.000000000,92 days 06:00:00.000000000,92 days 06:00:00.000000000,0 days 00:00:00.000000000
9633,2013-03-18 00:00:00.000000000,2013-08-08 00:00:00.000000000,2013-08-08 00:00:00.000000000,2012-11-20 00:00:00.000000000,1910-01-01 00:00:00.000000000,2012-09-26 09:13:50.736000000,2012-05-31 09:13:50.736000000,172 days 14:46:09.264000000,315 days 14:46:09.264000000,143 days 00:00:00.000000000
9634,2013-03-28 00:00:00.000000000,2013-02-28 00:00:00.000000000,2013-02-28 00:00:00.000000000,2012-09-06 00:00:00.000000000,1910-01-01 00:00:00.000000000,2012-11-30 23:13:32.908800000,2012-05-11 23:13:32.908800000,117 days 00:46:27.091200000,89 days 00:46:27.091200000,-28 days +00:00:00.000000000
9635,2013-03-14 00:00:00.000000000,2013-03-14 00:00:00.000000000,2013-03-14 00:00:00.000000000,2012-09-11 00:00:00.000000000,1910-01-01 00:00:00.000000000,2012-09-07 08:43:38.150400000,2012-03-07 08:43:38.150400000,187 days 15:16:21.849600000,187 days 15:16:21.849600000,0 days 00:00:00.000000000
9636,2013-03-31 00:00:00.000000000,2013-03-14 00:00:00.000000000,2013-03-14 00:00:00.000000000,2012-05-15 00:00:00.000000000,1910-01-01 00:00:00.000000000,2012-09-24 08:43:38.150400000,2011-11-09 08:43:38.150400000,187 days 15:16:21.849600000,170 days 15:16:21.849600000,-17 days +00:00:00.000000000
9637,2013-03-29 00:00:00.000000000,2013-03-01 00:00:00.000000000,2013-03-01 00:00:00.000000000,2012-12-13 00:00:00.000000000,1910-01-01 00:00:00.000000000,2012-12-26 18:00:00.000000000,2012-09-11 18:00:00.000000000,92 days 06:00:00.000000000,64 days 06:00:00.000000000,-28 days +00:00:00.000000000
9638,2013-04-09 00:00:00.000000000,2013-03-14 00:00:00.000000000,2013-03-14 00:00:00.000000000,2013-01-16 00:00:00.000000000,1910-01-01 00:00:00.000000000,2012-12-12 03:45:52.963200000,2012-09-20 03:45:52.963200000,117 days 20:14:07.036800000,91 days 20:14:07.036800000,-26 days +00:00:00.000000000
9639,2013-04-09 00:00:00.000000000,2013-03-14 00:00:00.000000000,2013-03-14 00:00:00.000000000,2013-01-16 00:00:00.000000000,1910-01-01 00:00:00.000000000,2012-12-12 03:45:52.963200000,2012-09-20 03:45:52.963200000,117 days 20:14:07.036800000,91 days 20:14:07.036800000,-26 days +00:00:00.000000000
9640,2013-03-15 00:00:00.000000000,2013-02-21 00:00:00.000000000,2013-02-21 00:00:00.000000000,2012-08-09 00:00:00.000000000,1910-01-01 00:00:00.000000000,2012-12-08 08:16:33.139200000,2012-05-04 08:16:33.139200000,96 days 15:43:26.860800000,74 days 15:43:26.860800000,-22 days +00:00:00.000000000
9641,2013-04-15 00:00:00.000000000,2013-03-14 00:00:00.000000000,2013-03-14 00:00:00.000000000,2012-09-11 00:00:00.000000000,1910-01-01 00:00:00.000000000,2012-10-09 08:43:38.150400000,2012-03-07 08:43:38.150400000,187 days 15:16:21.849600000,155 days 15:16:21.849600000,-32 days +00:00:00.000000000
9642,2013-04-08 00:00:00.000000000,2013-04-16 00:00:00.000000000,2013-04-16 00:00:00.000000000,2012-06-28 00:00:00.000000000,1910-01-01 00:00:00.000000000,2012-11-19 16:00:00.028800000,2012-02-09 16:00:00.028800000,139 days 07:59:59.971200000,147 days 07:59:59.971200000,8 days 00:00:00.000000000
9643,2013-04-30 00:00:00.000000000,2013-05-10 00:00:00.000000000,2013-05-10 00:00:00.000000000,2012-12-14 00:00:00.000000000,1910-01-01 00:00:00.000000000,2013-01-02 23:13:32.908800000,2012-08-18 23:13:32.908800000,117 days 00:46:27.091200000,127 days 00:46:27.091200000,10 days 00:00:00.000000000
9644,2013-04-30 00:00:00.000000000,2013-04-08 00:00:00.000000000,2013-04-08 00:00:00.000000000,2012-11-16 00:00:00.000000000,1910-01-01 00:00:00.000000000,2012-10-24 08:43:38.150400000,2012-05-12 08:43:38.150400000,187 days 15:16:21.849600000,165 days 15:16:21.849600000,-22 days +00:00:00.000000000
9645,2013-04-19 00:00:00.000000000,2013-04-19 00:00:00.000000000,2013-04-19 00:00:00.000000000,2012-06-28 00:00:00.000000000,1910-01-01 00:00:00.000000000,2012-11-30 16:00:00.028800000,2012-02-09 16:00:00.028800000,139 days 07:59:59.971200000,139 days 07:59:59.971200000,0 days 00:00:00.000000000
9646,2013-03-28 00:00:00.000000000,2013-03-30 00:00:00.000000000,2013-03-30 00:00:00.000000000,2012-09-11 00:00:00.000000000,1910-01-01 00:00:00.000000000,2012-11-30 23:13:32.908800000,2012-05-16 23:13:32.908800000,117 days 00:46:27.091200000,119 days 00:46:27.091200000,2 days 00:00:00.000000000
9647,2013-05-31 00:00:00.000000000,2013-05-14 00:00:00.000000000,2013-05-14 00:00:00.000000000,2012-12-30 00:00:00.000000000,1910-01-01 00:00:00.000000000,2013-02-18 04:16:00.019200000,2012-09-19 04:16:00.019200000,101 days 19:43:59.980800000,84 days 19:43:59.980800000,-17 days +00:00:00.000000000
9648,2013-06-06 00:00:00.000000000,2013-06-20 00:00:00.000000000,2013-06-20 00:00:00.000000000,2013-03-19 00:00:00.000000000,1910-01-01 00:00:00.000000000,2013-01-17 16:00:00.028800000,2012-10-30 16:00:00.028800000,139 days 07:59:59.971200000,153 days 07:59:59.971200000,14 days 00:00:00.000000000
9649,2013-06-06 00:00:00.000000000,2013-06-20 00:00:00.000000000,2013-06-20 00:00:00.000000000,2013-03-19 00:00:00.000000000,1910-01-01 00:00:00.000000000,2013-01-17 16:00:00.028800000,2012-10-30 16:00:00.028800000,139 days 07:59:59.971200000,153 days 07:59:59.971200000,14 days 00:00:00.000000000
9650,2013-04-30 00:00:00.000000000,2013-04-24 00:00:00.000000000,2013-04-24 00:00:00.000000000,2013-01-16 00:00:00.000000000,1910-01-01 00:00:00.000000000,2012-12-24 20:07:44.544000000,2012-09-11 20:07:44.544000000,126 days 03:52:15.456000000,120 days 03:52:15.456000000,-6 days +00:00:00.000000000
9651,2013-04-30 00:00:00.000000000,2013-04-24 00:00:00.000000000,2013-04-24 00:00:00.000000000,2013-01-16 00:00:00.000000000,1910-01-01 00:00:00.000000000,2012-12-24 20:07:44.544000000,2012-09-11 20:07:44.544000000,126 days 03:52:15.456000000,120 days 03:52:15.456000000,-6 days +00:00:00.000000000
9652,2013-05-30 00:00:00.000000000,2013-04-29 00:00:00.000000000,2013-04-29 00:00:00.000000000,2012-11-16 00:00:00.000000000,1910-01-01 00:00:00.000000000,2012-11-23 08:43:38.150400000,2012-05-12 08:43:38.150400000,187 days 15:16:21.849600000,156 days 15:16:21.849600000,-31 days +00:00:00.000000000
9653,2013-06-28 00:00:00.000000000,2013-04-30 00:00:00.000000000,2013-04-30 00:00:00.000000000,2012-12-14 00:00:00.000000000,1910-01-01 00:00:00.000000000,2013-03-02 23:13:32.908800000,2012-08-18 23:13:32.908800000,117 days 00:46:27.091200000,58 days 00:46:27.091200000,-59 days +00:00:00.000000000
9654,2013-05-21 00:00:00.000000000,2013-05-03 00:00:00.000000000,2013-05-03 00:00:00.000000000,2012-11-15 00:00:00.000000000,1910-01-01 00:00:00.000000000,2013-02-13 08:16:33.139200000,2012-08-10 08:16:33.139200000,96 days 15:43:26.860800000,78 days 15:43:26.860800000,-18 days +00:00:00.000000000
9655,2013-05-09 00:00:00.000000000,2013-05-22 00:00:00.000000000,2013-05-22 00:00:00.000000000,2012-11-06 00:00:00.000000000,1910-01-01 00:00:00.000000000,2013-02-05 18:00:00.000000000,2012-08-05 18:00:00.000000000,92 days 06:00:00.000000000,105 days 06:00:00.000000000,13 days 00:00:00.000000000
9656,2013-05-21 00:00:00.000000000,2013-05-23 00:00:00.000000000,2013-05-23 00:00:00.000000000,2012-11-15 00:00:00.000000000,1910-01-01 00:00:00.000000000,2013-02-13 08:16:33.139200000,2012-08-10 08:16:33.139200000,96 days 15:43:26.860800000,98 days 15:43:26.860800000,2 days 00:00:00.000000000
9657,2013-05-31 00:00:00.000000000,2013-05-30 00:00:00.000000000,2013-05-30 00:00:00.000000000,2012-12-13 00:00:00.000000000,1910-01-01 00:00:00.000000000,2013-02-27 18:00:00.000000000,2012-09-11 18:00:00.000000000,92 days 06:00:00.000000000,91 days 06:00:00.000000000,-1 days +00:00:00.000000000
9658,2013-05-21 00:00:00.000000000,2013-05-03 00:00:00.000000000,2013-05-03 00:00:00.000000000,2012-11-15 00:00:00.000000000,1910-01-01 00:00:00.000000000,2013-02-13 08:16:33.139200000,2012-08-10 08:16:33.139200000,96 days 15:43:26.860800000,78 days 15:43:26.860800000,-18 days +00:00:00.000000000
9659,2013-06-04 00:00:00.000000000,2013-05-10 00:00:00.000000000,2013-05-10 00:00:00.000000000,2012-11-15 00:00:00.000000000,1910-01-01 00:00:00.000000000,2013-02-27 08:16:33.139200000,2012-08-10 08:16:33.139200000,96 days 15:43:26.860800000,71 days 15:43:26.860800000,-25 days +00:00:00.000000000
9660,2013-06-04 00:00:00.000000000,2013-05-10 00:00:00.000000000,2013-05-10 00:00:00.000000000,2012-11-15 00:00:00.000000000,1910-01-01 00:00:00.000000000,2013-02-27 08:16:33.139200000,2012-08-10 08:16:33.139200000,96 days 15:43:26.860800000,71 days 15:43:26.860800000,-25 days +00:00:00.000000000
9661,2013-06-25 00:00:00.000000000,2013-05-29 00:00:00.000000000,2013-05-29 00:00:00.000000000,2013-01-28 00:00:00.000000000,1910-01-01 00:00:00.000000000,2013-03-30 04:10:26.083200000,2012-11-02 04:10:26.083200000,86 days 19:49:33.916800000,59 days 19:49:33.916800000,-27 days +00:00:00.000000000
9662,2013-06-28 00:00:00.000000000,2013-05-23 00:00:00.000000000,2013-05-23 00:00:00.000000000,2012-08-31 00:00:00.000000000,1910-01-01 00:00:00.000000000,2013-03-18 04:16:00.019200000,2012-05-21 04:16:00.019200000,101 days 19:43:59.980800000,65 days 19:43:59.980800000,-36 days +00:00:00.000000000
9663,2013-07-15 00:00:00.000000000,2013-07-23 00:00:00.000000000,2013-07-23 00:00:00.000000000,2012-10-05 00:00:00.000000000,1910-01-01 00:00:00.000000000,2013-04-19 04:10:26.083200000,2012-07-10 04:10:26.083200000,86 days 19:49:33.916800000,94 days 19:49:33.916800000,8 days 00:00:00.000000000
9664,2013-07-31 00:00:00.000000000,2013-07-26 00:00:00.000000000,2013-07-26 00:00:00.000000000,2012-11-12 00:00:00.000000000,1910-01-01 00:00:00.000000000,2013-03-13 16:00:00.028800000,2012-06-25 16:00:00.028800000,139 days 07:59:59.971200000,134 days 07:59:59.971200000,-5 days +00:00:00.000000000
9665,2013-07-22 00:00:00.000000000,2013-07-31 00:00:00.000000000,2013-07-31 00:00:00.000000000,2013-06-21 00:00:00.000000000,1910-01-01 00:00:00.000000000,2013-05-15 18:54:32.745600000,2013-04-14 18:54:32.745600000,67 days 05:05:27.254400000,76 days 05:05:27.254400000,9 days 00:00:00.000000000
9666,2013-07-31 00:00:00.000000000,2013-08-06 00:00:00.000000000,2013-08-06 00:00:00.000000000,2013-01-24 00:00:00.000000000,1910-01-01 00:00:00.000000000,2013-01-24 08:43:38.150400000,2012-07-20 08:43:38.150400000,187 days 15:16:21.849600000,193 days 15:16:21.849600000,6 days 00:00:00.000000000
9667,2013-07-30 00:00:00.000000000,2013-08-06 00:00:00.000000000,2013-08-06 00:00:00.000000000,2013-01-16 00:00:00.000000000,1910-01-01 00:00:00.000000000,2013-01-23 08:43:38.150400000,2012-07-12 08:43:38.150400000,187 days 15:16:21.849600000,194 days 15:16:21.849600000,7 days 00:00:00.000000000
9668,2013-07-31 00:00:00.000000000,2013-08-06 00:00:00.000000000,2013-08-06 00:00:00.000000000,2012-12-14 00:00:00.000000000,1910-01-01 00:00:00.000000000,2013-04-04 23:13:32.908800000,2012-08-18 23:13:32.908800000,117 days 00:46:27.091200000,123 days 00:46:27.091200000,6 days 00:00:00.000000000
9669,2013-07-31 00:00:00.000000000,2013-08-06 00:00:00.000000000,2013-08-06 00:00:00.000000000,2012-12-14 00:00:00.000000000,1910-01-01 00:00:00.000000000,2013-04-04 23:13:32.908800000,2012-08-18 23:13:32.908800000,117 days 00:46:27.091200000,123 days 00:46:27.091200000,6 days 00:00:00.000000000
9670,2013-08-21 00:00:00.000000000,2013-07-30 00:00:00.000000000,2013-07-30 00:00:00.000000000,2013-02-28 00:00:00.000000000,1910-01-01 00:00:00.000000000,2013-05-16 08:16:33.139200000,2012-11-23 08:16:33.139200000,96 days 15:43:26.860800000,74 days 15:43:26.860800000,-22 days +00:00:00.000000000
9671,2013-10-31 00:00:00.000000000,2013-07-23 00:00:00.000000000,2013-07-23 00:00:00.000000000,2013-04-22 00:00:00.000000000,1910-01-01 00:00:00.000000000,2013-07-05 23:13:32.908800000,2012-12-25 23:13:32.908800000,117 days 00:46:27.091200000,17 days 00:46:27.091200000,-100 days +00:00:00.000000000
9672,2013-08-21 00:00:00.000000000,2013-07-23 00:00:00.000000000,2013-07-23 00:00:00.000000000,2013-02-28 00:00:00.000000000,1910-01-01 00:00:00.000000000,2013-05-16 08:16:33.139200000,2012-11-23 08:16:33.139200000,96 days 15:43:26.860800000,67 days 15:43:26.860800000,-29 days +00:00:00.000000000
9673,2013-08-24 00:00:00.000000000,2013-08-26 00:00:00.000000000,2013-08-26 00:00:00.000000000,2013-04-22 00:00:00.000000000,1910-01-01 00:00:00.000000000,2013-06-07 06:00:00.000000000,2013-02-03 06:00:00.000000000,77 days 18:00:00.000000000,79 days 18:00:00.000000000,2 days 00:00:00.000000000
9674,2013-09-02 00:00:00.000000000,2013-09-02 00:00:00.000000000,2013-09-02 00:00:00.000000000,2013-05-08 00:00:00.000000000,1910-01-01 00:00:00.000000000,2013-06-01 18:00:00.000000000,2013-02-04 18:00:00.000000000,92 days 06:00:00.000000000,92 days 06:00:00.000000000,0 days 00:00:00.000000000
9675,2013-10-09 00:00:00.000000000,2013-10-09 00:00:00.000000000,2013-10-18 00:00:00.000000000,2012-11-12 00:00:00.000000000,1910-01-01 00:00:00.000000000,2013-05-22 16:00:00.028800000,2012-06-25 16:00:00.028800000,139 days 07:59:59.971200000,139 days 07:59:59.971200000,0 days 00:00:00.000000000
9676,2013-09-27 00:00:00.000000000,2013-09-27 00:00:00.000000000,2013-09-27 00:00:00.000000000,2013-03-19 00:00:00.000000000,1910-01-01 00:00:00.000000000,2013-05-10 16:00:00.028800000,2012-10-30 16:00:00.028800000,139 days 07:59:59.971200000,139 days 07:59:59.971200000,0 days 00:00:00.000000000
9677,2013-11-13 00:00:00.000000000,2013-11-13 00:00:00.000000000,2013-12-02 00:00:00.000000000,2013-03-19 00:00:00.000000000,1910-01-01 00:00:00.000000000,2013-06-26 16:00:00.028800000,2012-10-30 16:00:00.028800000,139 days 07:59:59.971200000,139 days 07:59:59.971200000,0 days 00:00:00.000000000
9678,2013-11-13 00:00:00.000000000,2013-11-13 00:00:00.000000000,2013-12-02 00:00:00.000000000,2013-03-19 00:00:00.000000000,1910-01-01 00:00:00.000000000,2013-06-26 16:00:00.028800000,2012-10-30 16:00:00.028800000,139 days 07:59:59.971200000,139 days 07:59:59.971200000,0 days 00:00:00.000000000
9679,2013-09-27 00:00:00.000000000,2013-09-27 00:00:00.000000000,2013-09-27 00:00:00.000000000,2013-05-08 00:00:00.000000000,1910-01-01 00:00:00.000000000,2013-06-26 18:00:00.000000000,2013-02-04 18:00:00.000000000,92 days 06:00:00.000000000,92 days 06:00:00.000000000,0 days 00:00:00.000000000
9680,2013-10-25 00:00:00.000000000,2013-10-01 00:00:00.000000000,2013-10-09 00:00:00.000000000,2013-04-02 00:00:00.000000000,1910-01-01 00:00:00.000000000,2013-07-15 04:16:00.019200000,2012-12-21 04:16:00.019200000,101 days 19:43:59.980800000,77 days 19:43:59.980800000,-24 days +00:00:00.000000000
9681,2013-10-22 00:00:00.000000000,2013-10-22 00:00:00.000000000,2013-11-11 00:00:00.000000000,2013-01-28 00:00:00.000000000,1910-01-01 00:00:00.000000000,2013-07-27 04:10:26.083200000,2012-11-02 04:10:26.083200000,86 days 19:49:33.916800000,86 days 19:49:33.916800000,0 days 00:00:00.000000000
9682,2014-01-08 00:00:00.000000000,2013-09-13 00:00:00.000000000,2013-09-13 00:00:00.000000000,2013-04-22 00:00:00.000000000,1910-01-01 00:00:00.000000000,2013-08-14 07:01:27.811200000,2012-11-26 07:01:27.811200000,146 days 16:58:32.188800000,29 days 16:58:32.188800000,-117 days +00:00:00.000000000
9683,2013-10-31 00:00:00.000000000,2013-10-08 00:00:00.000000000,2013-10-23 00:00:00.000000000,2013-04-02 00:00:00.000000000,1910-01-01 00:00:00.000000000,2013-07-21 04:16:00.019200000,2012-12-21 04:16:00.019200000,101 days 19:43:59.980800000,78 days 19:43:59.980800000,-23 days +00:00:00.000000000
9684,2013-09-20 00:00:00.000000000,2013-09-12 00:00:00.000000000,2013-09-12 00:00:00.000000000,2013-02-28 00:00:00.000000000,1910-01-01 00:00:00.000000000,2013-06-15 08:16:33.139200000,2012-11-23 08:16:33.139200000,96 days 15:43:26.860800000,88 days 15:43:26.860800000,-8 days +00:00:00.000000000
9685,2013-09-20 00:00:00.000000000,2013-09-12 00:00:00.000000000,2013-09-12 00:00:00.000000000,2013-03-14 00:00:00.000000000,1910-01-01 00:00:00.000000000,2013-06-15 08:16:33.139200000,2012-12-07 08:16:33.139200000,96 days 15:43:26.860800000,88 days 15:43:26.860800000,-8 days +00:00:00.000000000
9686,2013-09-20 00:00:00.000000000,2013-09-12 00:00:00.000000000,2013-09-12 00:00:00.000000000,2013-03-14 00:00:00.000000000,1910-01-01 00:00:00.000000000,2013-06-15 08:16:33.139200000,2012-12-07 08:16:33.139200000,96 days 15:43:26.860800000,88 days 15:43:26.860800000,-8 days +00:00:00.000000000
9687,2013-09-30 00:00:00.000000000,2013-09-17 00:00:00.000000000,2013-09-17 00:00:00.000000000,2013-04-19 00:00:00.000000000,1910-01-01 00:00:00.000000000,2013-07-05 04:10:26.083200000,2013-01-22 04:10:26.083200000,86 days 19:49:33.916800000,73 days 19:49:33.916800000,-13 days +00:00:00.000000000
9688,2013-10-31 00:00:00.000000000,2013-10-24 00:00:00.000000000,2013-11-19 00:00:00.000000000,2013-08-02 00:00:00.000000000,1910-01-01 00:00:00.000000000,2013-07-04 00:00:00.000000000,2013-04-05 00:00:00.000000000,119 days 00:00:00.000000000,112 days 00:00:00.000000000,-7 days +00:00:00.000000000
9689,2013-10-21 00:00:00.000000000,2013-11-08 00:00:00.000000000,2013-11-27 00:00:00.000000000,2013-05-08 00:00:00.000000000,1910-01-01 00:00:00.000000000,2013-07-20 18:00:00.000000000,2013-02-04 18:00:00.000000000,92 days 06:00:00.000000000,110 days 06:00:00.000000000,18 days 00:00:00.000000000
9690,2013-10-29 00:00:00.000000000,2013-10-10 00:00:00.000000000,2013-10-29 00:00:00.000000000,2013-03-18 00:00:00.000000000,1910-01-01 00:00:00.000000000,2013-07-01 03:25:42.844800000,2012-11-18 03:25:42.844800000,119 days 20:34:17.155200000,100 days 20:34:17.155200000,-19 days +00:00:00.000000000
9691,2013-10-31 00:00:00.000000000,2013-11-04 00:00:00.000000000,2013-11-06 00:00:00.000000000,2013-04-02 00:00:00.000000000,1910-01-01 00:00:00.000000000,2013-07-21 04:16:00.019200000,2012-12-21 04:16:00.019200000,101 days 19:43:59.980800000,105 days 19:43:59.980800000,4 days 00:00:00.000000000
9692,2013-11-30 00:00:00.000000000,2013-10-22 00:00:00.000000000,2013-11-15 00:00:00.000000000,2013-04-19 00:00:00.000000000,1910-01-01 00:00:00.000000000,2013-05-26 08:43:38.150400000,2012-10-13 08:43:38.150400000,187 days 15:16:21.849600000,148 days 15:16:21.849600000,-39 days +00:00:00.000000000
9693,2013-10-31 00:00:00.000000000,2013-10-14 00:00:00.000000000,2013-10-24 00:00:00.000000000,2013-02-28 00:00:00.000000000,1910-01-01 00:00:00.000000000,2013-07-26 08:16:33.139200000,2012-11-23 08:16:33.139200000,96 days 15:43:26.860800000,79 days 15:43:26.860800000,-17 days +00:00:00.000000000
9694,2013-11-30 00:00:00.000000000,2013-11-25 00:00:00.000000000,2013-12-09 00:00:00.000000000,2013-05-06 00:00:00.000000000,1910-01-01 00:00:00.000000000,2013-05-26 08:43:38.150400000,2012-10-30 08:43:38.150400000,187 days 15:16:21.849600000,182 days 15:16:21.849600000,-5 days +00:00:00.000000000
9695,2013-12-16 00:00:00.000000000,2013-12-20 00:00:00.000000000,2014-01-17 00:00:00.000000000,2013-10-11 00:00:00.000000000,1910-01-01 00:00:00.000000000,2013-09-14 18:00:00.000000000,2013-07-10 18:00:00.000000000,92 days 06:00:00.000000000,96 days 06:00:00.000000000,4 days 00:00:00.000000000
9696,2013-11-30 00:00:00.000000000,2013-11-25 00:00:00.000000000,2013-12-09 00:00:00.000000000,2013-01-24 00:00:00.000000000,1910-01-01 00:00:00.000000000,2013-05-26 08:43:38.150400000,2012-07-20 08:43:38.150400000,187 days 15:16:21.849600000,182 days 15:16:21.849600000,-5 days +00:00:00.000000000
9697,2013-12-31 00:00:00.000000000,2013-11-28 00:00:00.000000000,2013-12-23 00:00:00.000000000,2013-05-08 00:00:00.000000000,1910-01-01 00:00:00.000000000,2013-09-29 18:00:00.000000000,2013-02-04 18:00:00.000000000,92 days 06:00:00.000000000,59 days 06:00:00.000000000,-33 days +00:00:00.000000000
9698,2013-12-31 00:00:00.000000000,2014-02-17 00:00:00.000000000,2014-02-24 00:00:00.000000000,2013-04-22 00:00:00.000000000,1910-01-01 00:00:00.000000000,2013-10-14 06:00:00.000000000,2013-02-03 06:00:00.000000000,77 days 18:00:00.000000000,125 days 18:00:00.000000000,48 days 00:00:00.000000000
9699,2013-12-31 00:00:00.000000000,2013-12-02 00:00:00.000000000,2013-12-20 00:00:00.000000000,2013-07-16 00:00:00.000000000,1910-01-01 00:00:00.000000000,2013-10-19 22:09:13.852800000,2013-05-04 22:09:13.852800000,72 days 01:50:46.147200000,43 days 01:50:46.147200000,-29 days +00:00:00.000000000
9700,2014-01-15 00:00:00.000000000,2014-01-15 00:00:00.000000000,2014-01-31 00:00:00.000000000,2013-06-28 00:00:00.000000000,1910-01-01 00:00:00.000000000,2013-09-20 22:04:48.000000000,2013-03-03 22:04:48.000000000,116 days 01:55:12.000000000,116 days 01:55:12.000000000,0 days 00:00:00.000000000
9701,2013-12-03 00:00:00.000000000,2013-12-10 00:00:00.000000000,2014-01-08 00:00:00.000000000,2013-04-22 00:00:00.000000000,1910-01-01 00:00:00.000000000,2013-08-07 23:13:32.908800000,2012-12-25 23:13:32.908800000,117 days 00:46:27.091200000,124 days 00:46:27.091200000,7 days 00:00:00.000000000
9702,2014-01-31 00:00:00.000000000,2013-11-26 00:00:00.000000000,2013-12-05 00:00:00.000000000,2013-08-06 00:00:00.000000000,1910-01-01 00:00:00.000000000,2013-10-31 00:00:00.000000000,2013-05-06 00:00:00.000000000,92 days 00:00:00.000000000,26 days 00:00:00.000000000,-66 days +00:00:00.000000000
9703,2014-01-31 00:00:00.000000000,2014-01-30 00:00:00.000000000,2014-02-17 00:00:00.000000000,2013-06-28 00:00:00.000000000,1910-01-01 00:00:00.000000000,2013-10-06 22:04:48.000000000,2013-03-03 22:04:48.000000000,116 days 01:55:12.000000000,115 days 01:55:12.000000000,-1 days +00:00:00.000000000
9704,2013-12-17 00:00:00.000000000,2013-12-11 00:00:00.000000000,2014-01-09 00:00:00.000000000,2013-08-02 00:00:00.000000000,1910-01-01 00:00:00.000000000,2013-08-20 00:00:00.000000000,2013-04-05 00:00:00.000000000,119 days 00:00:00.000000000,113 days 00:00:00.000000000,-6 days +00:00:00.000000000
9705,2013-12-31 00:00:00.000000000,2014-02-25 00:00:00.000000000,2014-03-13 00:00:00.000000000,2013-07-04 00:00:00.000000000,1910-01-01 00:00:00.000000000,2013-09-20 04:16:00.019200000,2013-03-24 04:16:00.019200000,101 days 19:43:59.980800000,157 days 19:43:59.980800000,56 days 00:00:00.000000000
9706,2014-01-31 00:00:00.000000000,2014-01-13 00:00:00.000000000,2014-01-29 00:00:00.000000000,2013-04-19 00:00:00.000000000,1910-01-01 00:00:00.000000000,2013-10-23 12:37:53.702400000,2013-01-09 12:37:53.702400000,99 days 11:22:06.297600000,81 days 11:22:06.297600000,-18 days +00:00:00.000000000
9707,2014-01-31 00:00:00.000000000,2014-03-07 00:00:00.000000000,2014-03-12 00:00:00.000000000,2013-07-04 00:00:00.000000000,1910-01-01 00:00:00.000000000,2013-10-02 01:36:00.028800000,2013-03-05 01:36:00.028800000,120 days 22:23:59.971200000,155 days 22:23:59.971200000,35 days 00:00:00.000000000
9708,2014-01-22 00:00:00.000000000,2014-02-11 00:00:00.000000000,2014-02-13 00:00:00.000000000,2013-10-28 00:00:00.000000000,1910-01-01 00:00:00.000000000,2013-09-06 02:17:08.563200000,2013-06-12 02:17:08.563200000,137 days 21:42:51.436800000,157 days 21:42:51.436800000,20 days 00:00:00.000000000
9709,2014-01-31 00:00:00.000000000,2014-02-03 00:00:00.000000000,2014-02-24 00:00:00.000000000,2013-08-02 00:00:00.000000000,1910-01-01 00:00:00.000000000,2013-10-16 00:00:00.000000000,2013-04-17 00:00:00.000000000,107 days 00:00:00.000000000,110 days 00:00:00.000000000,3 days 00:00:00.000000000
9710,2014-01-31 00:00:00.000000000,2014-01-18 00:00:00.000000000,2014-03-04 00:00:00.000000000,2013-08-09 00:00:00.000000000,1910-01-01 00:00:00.000000000,2013-09-06 07:01:27.811200000,2013-03-15 07:01:27.811200000,146 days 16:58:32.188800000,133 days 16:58:32.188800000,-13 days +00:00:00.000000000
9711,2014-01-31 00:00:00.000000000,2014-02-19 00:00:00.000000000,2014-02-24 00:00:00.000000000,2013-07-04 00:00:00.000000000,1910-01-01 00:00:00.000000000,2013-10-02 01:36:00.028800000,2013-03-05 01:36:00.028800000,120 days 22:23:59.971200000,139 days 22:23:59.971200000,19 days 00:00:00.000000000
9712,2014-01-31 00:00:00.000000000,2014-01-30 00:00:00.000000000,2014-02-03 00:00:00.000000000,2013-08-06 00:00:00.000000000,1910-01-01 00:00:00.000000000,2013-10-24 01:15:47.404800000,2013-04-29 01:15:47.404800000,98 days 22:44:12.595200000,97 days 22:44:12.595200000,-1 days +00:00:00.000000000
9713,2014-01-30 00:00:00.000000000,2014-02-11 00:00:00.000000000,2014-02-24 00:00:00.000000000,2013-11-19 00:00:00.000000000,1910-01-01 00:00:00.000000000,2013-10-22 12:37:53.702400000,2013-08-11 12:37:53.702400000,99 days 11:22:06.297600000,111 days 11:22:06.297600000,12 days 00:00:00.000000000
9714,2014-01-31 00:00:00.000000000,2014-02-13 00:00:00.000000000,2014-03-04 00:00:00.000000000,2013-08-09 00:00:00.000000000,1910-01-01 00:00:00.000000000,2013-09-06 07:01:27.811200000,2013-03-15 07:01:27.811200000,146 days 16:58:32.188800000,159 days 16:58:32.188800000,13 days 00:00:00.000000000
9715,2014-01-31 00:00:00.000000000,2014-02-19 00:00:00.000000000,2014-02-24 00:00:00.000000000,2013-07-04 00:00:00.000000000,1910-01-01 00:00:00.000000000,2013-10-02 01:36:00.028800000,2013-03-05 01:36:00.028800000,120 days 22:23:59.971200000,139 days 22:23:59.971200000,19 days 00:00:00.000000000
9716,2014-01-31 00:00:00.000000000,2014-02-25 00:00:00.000000000,2014-03-13 00:00:00.000000000,2013-08-02 00:00:00.000000000,1910-01-01 00:00:00.000000000,2013-10-16 00:00:00.000000000,2013-04-17 00:00:00.000000000,107 days 00:00:00.000000000,132 days 00:00:00.000000000,25 days 00:00:00.000000000
9717,2014-01-31 00:00:00.000000000,2014-02-13 00:00:00.000000000,2014-03-04 00:00:00.000000000,2013-08-09 00:00:00.000000000,1910-01-01 00:00:00.000000000,2013-09-06 07:01:27.811200000,2013-03-15 07:01:27.811200000,146 days 16:58:32.188800000,159 days 16:58:32.188800000,13 days 00:00:00.000000000
9718,2014-02-28 00:00:00.000000000,2014-02-18 00:00:00.000000000,2014-03-04 00:00:00.000000000,2013-08-09 00:00:00.000000000,1910-01-01 00:00:00.000000000,2013-10-04 07:01:27.811200000,2013-03-15 07:01:27.811200000,146 days 16:58:32.188800000,136 days 16:58:32.188800000,-10 days +00:00:00.000000000
9719,2014-02-28 00:00:00.000000000,2014-02-18 00:00:00.000000000,2014-03-04 00:00:00.000000000,2013-08-09 00:00:00.000000000,1910-01-01 00:00:00.000000000,2013-10-04 07:01:27.811200000,2013-03-15 07:01:27.811200000,146 days 16:58:32.188800000,136 days 16:58:32.188800000,-10 days +00:00:00.000000000
9720,2014-02-28 00:00:00.000000000,2014-01-18 00:00:00.000000000,2014-03-04 00:00:00.000000000,2013-04-22 00:00:00.000000000,1910-01-01 00:00:00.000000000,2013-10-04 07:01:27.811200000,2012-11-26 07:01:27.811200000,146 days 16:58:32.188800000,105 days 16:58:32.188800000,-41 days +00:00:00.000000000
9721,2014-02-28 00:00:00.000000000,2014-02-10 00:00:00.000000000,2014-02-19 00:00:00.000000000,2013-05-06 00:00:00.000000000,1910-01-01 00:00:00.000000000,2013-11-28 00:00:00.000000000,2013-02-03 00:00:00.000000000,92 days 00:00:00.000000000,74 days 00:00:00.000000000,-18 days +00:00:00.000000000
9722,2014-02-28 00:00:00.000000000,2014-03-01 00:00:00.000000000,2014-04-03 00:00:00.000000000,2013-04-22 00:00:00.000000000,1910-01-01 00:00:00.000000000,2013-10-04 07:01:27.811200000,2012-11-26 07:01:27.811200000,146 days 16:58:32.188800000,147 days 16:58:32.188800000,1 days 00:00:00.000000000
9723,2014-02-27 00:00:00.000000000,2014-02-18 00:00:00.000000000,2014-04-03 00:00:00.000000000,2013-12-24 00:00:00.000000000,1910-01-01 00:00:00.000000000,2013-10-03 07:01:27.811200000,2013-07-30 07:01:27.811200000,146 days 16:58:32.188800000,137 days 16:58:32.188800000,-9 days +00:00:00.000000000
9724,2014-05-30 00:00:00.000000000,2014-05-19 00:00:00.000000000,2014-06-26 00:00:00.000000000,2014-01-15 00:00:00.000000000,1910-01-01 00:00:00.000000000,2014-02-24 19:59:59.971200000,2013-10-12 19:59:59.971200000,94 days 04:00:00.028800000,83 days 04:00:00.028800000,-11 days +00:00:00.000000000
9725,2014-05-30 00:00:00.000000000,2014-05-19 00:00:00.000000000,2014-06-26 00:00:00.000000000,2014-01-15 00:00:00.000000000,1910-01-01 00:00:00.000000000,2014-02-24 19:59:59.971200000,2013-10-12 19:59:59.971200000,94 days 04:00:00.028800000,83 days 04:00:00.028800000,-11 days +00:00:00.000000000
9726,2014-03-25 00:00:00.000000000,2014-03-25 00:00:00.000000000,2014-04-04 00:00:00.000000000,2013-06-20 00:00:00.000000000,1910-01-01 00:00:00.000000000,2013-12-21 12:00:00.000000000,2013-03-18 12:00:00.000000000,93 days 12:00:00.000000000,93 days 12:00:00.000000000,0 days 00:00:00.000000000
9727,2014-03-28 00:00:00.000000000,2014-04-11 00:00:00.000000000,2014-04-28 00:00:00.000000000,2013-08-09 00:00:00.000000000,1910-01-01 00:00:00.000000000,2013-11-01 07:01:27.811200000,2013-03-15 07:01:27.811200000,146 days 16:58:32.188800000,160 days 16:58:32.188800000,14 days 00:00:00.000000000
9728,2014-03-25 00:00:00.000000000,2014-04-02 00:00:00.000000000,2014-04-14 00:00:00.000000000,2014-01-28 00:00:00.000000000,1910-01-01 00:00:00.000000000,2013-12-08 00:00:00.000000000,2013-10-13 00:00:00.000000000,107 days 00:00:00.000000000,115 days 00:00:00.000000000,8 days 00:00:00.000000000
9729,2014-04-30 00:00:00.000000000,2014-04-18 00:00:00.000000000,2014-05-07 00:00:00.000000000,2013-10-16 00:00:00.000000000,1910-01-01 00:00:00.000000000,2014-01-21 01:15:47.404800000,2013-07-09 01:15:47.404800000,98 days 22:44:12.595200000,86 days 22:44:12.595200000,-12 days +00:00:00.000000000
9730,2014-03-31 00:00:00.000000000,2014-04-03 00:00:00.000000000,2014-06-06 00:00:00.000000000,2013-10-09 00:00:00.000000000,1910-01-01 00:00:00.000000000,2014-01-12 12:00:00.000000000,2013-07-23 12:00:00.000000000,77 days 12:00:00.000000000,80 days 12:00:00.000000000,3 days 00:00:00.000000000
9731,2014-03-30 00:00:00.000000000,2014-03-24 00:00:00.000000000,2014-05-06 00:00:00.000000000,2014-01-22 00:00:00.000000000,1910-01-01 00:00:00.000000000,2013-11-14 01:41:24.547200000,2013-09-08 01:41:24.547200000,135 days 22:18:35.452800000,129 days 22:18:35.452800000,-6 days +00:00:00.000000000
9732,2014-05-05 00:00:00.000000000,2014-03-24 00:00:00.000000000,2014-05-06 00:00:00.000000000,2014-02-03 00:00:00.000000000,1910-01-01 00:00:00.000000000,2013-12-20 01:41:24.547200000,2013-09-20 01:41:24.547200000,135 days 22:18:35.452800000,93 days 22:18:35.452800000,-42 days +00:00:00.000000000
9733,2014-04-20 00:00:00.000000000,2014-04-18 00:00:00.000000000,2014-04-28 00:00:00.000000000,2013-10-16 00:00:00.000000000,1910-01-01 00:00:00.000000000,2014-01-11 01:15:47.404800000,2013-07-09 01:15:47.404800000,98 days 22:44:12.595200000,96 days 22:44:12.595200000,-2 days +00:00:00.000000000
9734,2014-04-03 00:00:00.000000000,2014-03-11 00:00:00.000000000,2014-07-09 00:00:00.000000000,2014-02-27 00:00:00.000000000,1910-01-01 00:00:00.000000000,2014-01-08 10:56:16.972800001,2013-12-04 10:56:16.972800001,84 days 13:03:43.027199999,61 days 13:03:43.027199999,-23 days +00:00:00.000000000
9735,2014-03-31 00:00:00.000000000,2014-04-14 00:00:00.000000000,2014-05-22 00:00:00.000000000,2013-08-09 00:00:00.000000000,1910-01-01 00:00:00.000000000,2013-11-04 07:01:27.811200000,2013-03-15 07:01:27.811200000,146 days 16:58:32.188800000,160 days 16:58:32.188800000,14 days 00:00:00.000000000
9736,2014-04-15 00:00:00.000000000,2014-04-17 00:00:00.000000000,2014-05-02 00:00:00.000000000,2013-08-06 00:00:00.000000000,1910-01-01 00:00:00.000000000,2014-01-13 00:00:00.000000000,2013-05-06 00:00:00.000000000,92 days 00:00:00.000000000,94 days 00:00:00.000000000,2 days 00:00:00.000000000
9737,2014-03-21 00:00:00.000000000,2014-04-18 00:00:00.000000000,2014-04-28 00:00:00.000000000,2013-10-16 00:00:00.000000000,1910-01-01 00:00:00.000000000,2013-12-12 01:15:47.404800000,2013-07-09 01:15:47.404800000,98 days 22:44:12.595200000,126 days 22:44:12.595200000,28 days 00:00:00.000000000
9738,2014-05-19 00:00:00.000000000,2014-05-19 00:00:00.000000000,2014-06-04 00:00:00.000000000,2013-06-20 00:00:00.000000000,1910-01-01 00:00:00.000000000,2014-02-14 12:00:00.000000000,2013-03-18 12:00:00.000000000,93 days 12:00:00.000000000,93 days 12:00:00.000000000,0 days 00:00:00.000000000
9739,2014-04-15 00:00:00.000000000,2014-04-17 00:00:00.000000000,2014-05-02 00:00:00.000000000,2013-05-06 00:00:00.000000000,1910-01-01 00:00:00.000000000,2014-01-13 00:00:00.000000000,2013-02-03 00:00:00.000000000,92 days 00:00:00.000000000,94 days 00:00:00.000000000,2 days 00:00:00.000000000
9740,2014-06-30 00:00:00.000000000,2014-04-14 00:00:00.000000000,2014-06-06 00:00:00.000000000,2014-01-16 00:00:00.000000000,1910-01-01 00:00:00.000000000,2014-04-13 12:00:00.000000000,2013-10-30 12:00:00.000000000,77 days 12:00:00.000000000,0 days 12:00:00.000000000,-77 days +00:00:00.000000000
9741,2014-06-30 00:00:00.000000000,2014-04-14 00:00:00.000000000,2014-06-06 00:00:00.000000000,2014-01-16 00:00:00.000000000,1910-01-01 00:00:00.000000000,2014-04-13 12:00:00.000000000,2013-10-30 12:00:00.000000000,77 days 12:00:00.000000000,0 days 12:00:00.000000000,-77 days +00:00:00.000000000
9742,2014-06-14 00:00:00.000000000,2014-06-24 00:00:00.000000000,2014-07-14 00:00:00.000000000,2013-10-21 00:00:00.000000000,1910-01-01 00:00:00.000000000,2014-02-17 22:04:48.000000000,2013-06-26 22:04:48.000000000,116 days 01:55:12.000000000,126 days 01:55:12.000000000,10 days 00:00:00.000000000
9743,2014-06-04 00:00:00.000000000,2014-06-04 00:00:00.000000000,2014-07-10 00:00:00.000000000,2014-02-13 00:00:00.000000000,1910-01-01 00:00:00.000000000,2014-02-17 00:00:00.000000000,2013-10-29 00:00:00.000000000,107 days 00:00:00.000000000,107 days 00:00:00.000000000,0 days 00:00:00.000000000
9744,2014-06-30 00:00:00.000000000,2014-05-26 00:00:00.000000000,2014-06-11 00:00:00.000000000,2013-10-21 00:00:00.000000000,1910-01-01 00:00:00.000000000,2014-03-05 22:04:48.000000000,2013-06-26 22:04:48.000000000,116 days 01:55:12.000000000,81 days 01:55:12.000000000,-35 days +00:00:00.000000000
9745,2014-05-05 00:00:00.000000000,2014-05-23 00:00:00.000000000,2014-05-27 00:00:00.000000000,2013-10-17 00:00:00.000000000,1910-01-01 00:00:00.000000000,2014-01-25 12:37:53.702400000,2013-07-09 12:37:53.702400000,99 days 11:22:06.297600000,117 days 11:22:06.297600000,18 days 00:00:00.000000000
9746,2014-07-08 00:00:00.000000000,2014-07-18 00:00:00.000000000,2014-08-07 00:00:00.000000000,2013-10-21 00:00:00.000000000,1910-01-01 00:00:00.000000000,2014-03-13 22:04:48.000000000,2013-06-26 22:04:48.000000000,116 days 01:55:12.000000000,126 days 01:55:12.000000000,10 days 00:00:00.000000000
9747,2014-04-21 00:00:00.000000000,2014-05-01 00:00:00.000000000,2014-06-11 00:00:00.000000000,2013-10-22 00:00:00.000000000,1910-01-01 00:00:00.000000000,2013-11-25 07:01:27.811200000,2013-05-28 07:01:27.811200000,146 days 16:58:32.188800000,156 days 16:58:32.188800000,10 days 00:00:00.000000000
9748,2014-05-05 00:00:00.000000000,2014-06-06 00:00:00.000000000,2014-06-20 00:00:00.000000000,2013-08-02 00:00:00.000000000,1910-01-01 00:00:00.000000000,2014-01-18 00:00:00.000000000,2013-04-17 00:00:00.000000000,107 days 00:00:00.000000000,139 days 00:00:00.000000000,32 days 00:00:00.000000000
9749,2014-07-16 00:00:00.000000000,2014-07-25 00:00:00.000000000,2014-09-05 00:00:00.000000000,2013-12-09 00:00:00.000000000,1910-01-01 00:00:00.000000000,2014-03-21 22:04:48.000000000,2013-08-14 22:04:48.000000000,116 days 01:55:12.000000000,125 days 01:55:12.000000000,9 days 00:00:00.000000000
9750,2014-07-29 00:00:00.000000000,2014-08-02 00:00:00.000000000,2014-08-04 00:00:00.000000000,2014-01-15 00:00:00.000000000,1910-01-01 00:00:00.000000000,2014-03-30 01:36:00.028800000,2013-09-16 01:36:00.028800000,120 days 22:23:59.971200000,124 days 22:23:59.971200000,4 days 00:00:00.000000000
9751,2014-05-30 00:00:00.000000000,2014-05-30 00:00:00.000000000,2014-06-23 00:00:00.000000000,2013-09-10 00:00:00.000000000,1910-01-01 00:00:00.000000000,2014-02-19 12:37:53.702400000,2013-06-02 12:37:53.702400000,99 days 11:22:06.297600000,99 days 11:22:06.297600000,0 days 00:00:00.000000000
9752,2014-07-31 00:00:00.000000000,2014-05-30 00:00:00.000000000,2014-06-23 00:00:00.000000000,2013-12-03 00:00:00.000000000,1910-01-01 00:00:00.000000000,2014-04-22 12:37:53.702400000,2013-08-25 12:37:53.702400000,99 days 11:22:06.297600000,37 days 11:22:06.297600000,-62 days +00:00:00.000000000
9753,2014-06-03 00:00:00.000000000,2014-05-09 00:00:00.000000000,2014-05-23 00:00:00.000000000,2013-11-19 00:00:00.000000000,1910-01-01 00:00:00.000000000,2014-03-03 00:00:00.000000000,2013-08-19 00:00:00.000000000,92 days 00:00:00.000000000,67 days 00:00:00.000000000,-25 days +00:00:00.000000000
9754,2014-06-30 00:00:00.000000000,2014-06-30 00:00:00.000000000,2014-07-01 00:00:00.000000000,2013-10-16 00:00:00.000000000,1910-01-01 00:00:00.000000000,2014-03-23 01:15:47.404800000,2013-07-09 01:15:47.404800000,98 days 22:44:12.595200000,98 days 22:44:12.595200000,0 days 00:00:00.000000000
9755,2014-06-30 00:00:00.000000000,2014-06-30 00:00:00.000000000,2014-07-01 00:00:00.000000000,2013-10-16 00:00:00.000000000,1910-01-01 00:00:00.000000000,2014-03-23 01:15:47.404800000,2013-07-09 01:15:47.404800000,98 days 22:44:12.595200000,98 days 22:44:12.595200000,0 days 00:00:00.000000000
9756,2014-07-31 00:00:00.000000000,2014-07-18 00:00:00.000000000,2014-08-07 00:00:00.000000000,2013-10-21 00:00:00.000000000,1910-01-01 00:00:00.000000000,2014-04-05 22:04:48.000000000,2013-06-26 22:04:48.000000000,116 days 01:55:12.000000000,103 days 01:55:12.000000000,-13 days +00:00:00.000000000
9757,2014-06-30 00:00:00.000000000,2014-06-16 00:00:00.000000000,2014-07-10 00:00:00.000000000,2013-10-22 00:00:00.000000000,1910-01-01 00:00:00.000000000,2014-02-03 07:01:27.811200000,2013-05-28 07:01:27.811200000,146 days 16:58:32.188800000,132 days 16:58:32.188800000,-14 days +00:00:00.000000000
9758,2014-06-30 00:00:00.000000000,2014-07-04 00:00:00.000000000,2014-09-08 00:00:00.000000000,2014-02-02 00:00:00.000000000,1910-01-01 00:00:00.000000000,2014-03-28 12:00:00.000000000,2013-10-31 12:00:00.000000000,93 days 12:00:00.000000000,97 days 12:00:00.000000000,4 days 00:00:00.000000000
9759,2014-07-31 00:00:00.000000000,2014-07-25 00:00:00.000000000,2014-09-05 00:00:00.000000000,2013-10-21 00:00:00.000000000,1910-01-01 00:00:00.000000000,2014-04-05 22:04:48.000000000,2013-06-26 22:04:48.000000000,116 days 01:55:12.000000000,110 days 01:55:12.000000000,-6 days +00:00:00.000000000
9760,2014-06-30 00:00:00.000000000,2014-06-17 00:00:00.000000000,2014-07-09 00:00:00.000000000,2013-04-19 00:00:00.000000000,1910-01-01 00:00:00.000000000,2014-03-28 12:00:00.000000000,2013-01-15 12:00:00.000000000,93 days 12:00:00.000000000,80 days 12:00:00.000000000,-13 days +00:00:00.000000000
9761,2014-09-18 00:00:00.000000000,2014-10-02 00:00:00.000000000,2014-10-22 00:00:00.000000000,2014-02-02 00:00:00.000000000,1910-01-01 00:00:00.000000000,2014-06-16 12:00:00.000000000,2013-10-31 12:00:00.000000000,93 days 12:00:00.000000000,107 days 12:00:00.000000000,14 days 00:00:00.000000000
9762,2014-10-02 00:00:00.000000000,2014-10-17 00:00:00.000000000,2014-11-13 00:00:00.000000000,2014-07-14 00:00:00.000000000,1910-01-01 00:00:00.000000000,2014-05-17 02:17:08.563200000,2014-02-26 02:17:08.563200000,137 days 21:42:51.436800000,152 days 21:42:51.436800000,15 days 00:00:00.000000000
9763,2014-08-29 00:00:00.000000000,2014-09-04 00:00:00.000000000,2014-10-06 00:00:00.000000000,2013-10-31 00:00:00.000000000,1910-01-01 00:00:00.000000000,2014-05-27 12:00:00.000000000,2013-07-29 12:00:00.000000000,93 days 12:00:00.000000000,99 days 12:00:00.000000000,6 days 00:00:00.000000000
9764,2014-09-30 00:00:00.000000000,2014-09-08 00:00:00.000000000,2014-09-19 00:00:00.000000000,2013-10-22 00:00:00.000000000,1910-01-01 00:00:00.000000000,2014-05-06 07:01:27.811200000,2013-05-28 07:01:27.811200000,146 days 16:58:32.188800000,124 days 16:58:32.188800000,-22 days +00:00:00.000000000
9765,2014-12-31 00:00:00.000000000,2014-10-30 00:00:00.000000000,2014-11-07 00:00:00.000000000,2014-05-02 00:00:00.000000000,1910-01-01 00:00:00.000000000,2014-09-05 22:04:48.000000000,2014-01-05 22:04:48.000000000,116 days 01:55:12.000000000,54 days 01:55:12.000000000,-62 days +00:00:00.000000000
9766,2014-09-22 00:00:00.000000000,2014-09-30 00:00:00.000000000,2014-11-17 00:00:00.000000000,2014-05-07 00:00:00.000000000,1910-01-01 00:00:00.000000000,2014-06-19 19:59:59.971200000,2014-02-01 19:59:59.971200000,94 days 04:00:00.028800000,102 days 04:00:00.028800000,8 days 00:00:00.000000000
9767,2014-08-19 00:00:00.000000000,2014-08-13 00:00:00.000000000,2014-08-14 00:00:00.000000000,2014-03-04 00:00:00.000000000,1910-01-01 00:00:00.000000000,2014-05-04 00:00:00.000000000,2013-11-17 00:00:00.000000000,107 days 00:00:00.000000000,101 days 00:00:00.000000000,-6 days +00:00:00.000000000
9768,2014-06-30 00:00:00.000000000,2014-07-09 00:00:00.000000000,2014-08-07 00:00:00.000000000,2013-10-22 00:00:00.000000000,1910-01-01 00:00:00.000000000,2014-02-03 07:01:27.811200000,2013-05-28 07:01:27.811200000,146 days 16:58:32.188800000,155 days 16:58:32.188800000,9 days 00:00:00.000000000
9769,2014-06-30 00:00:00.000000000,2014-07-09 00:00:00.000000000,2014-08-07 00:00:00.000000000,2013-11-18 00:00:00.000000000,1910-01-01 00:00:00.000000000,2014-02-03 07:01:27.811200000,2013-06-24 07:01:27.811200000,146 days 16:58:32.188800000,155 days 16:58:32.188800000,9 days 00:00:00.000000000
9770,2014-07-17 00:00:00.000000000,2014-07-17 00:00:00.000000000,2014-10-28 00:00:00.000000000,2014-02-13 00:00:00.000000000,1910-01-01 00:00:00.000000000,2014-04-01 00:00:00.000000000,2013-10-29 00:00:00.000000000,107 days 00:00:00.000000000,107 days 00:00:00.000000000,0 days 00:00:00.000000000
9771,2014-07-31 00:00:00.000000000,2014-07-23 00:00:00.000000000,2014-08-28 00:00:00.000000000,2014-02-06 00:00:00.000000000,1910-01-01 00:00:00.000000000,2014-04-28 12:00:00.000000000,2013-11-04 12:00:00.000000000,93 days 12:00:00.000000000,85 days 12:00:00.000000000,-8 days +00:00:00.000000000
9772,2014-07-14 00:00:00.000000000,2014-09-03 00:00:00.000000000,2014-10-06 00:00:00.000000000,2014-02-06 00:00:00.000000000,1910-01-01 00:00:00.000000000,2014-04-11 12:00:00.000000000,2013-11-04 12:00:00.000000000,93 days 12:00:00.000000000,144 days 12:00:00.000000000,51 days 00:00:00.000000000
9773,2014-08-29 00:00:00.000000000,2014-08-25 00:00:00.000000000,2014-08-28 00:00:00.000000000,2013-10-21 00:00:00.000000000,1910-01-01 00:00:00.000000000,2014-05-04 22:04:48.000000000,2013-06-26 22:04:48.000000000,116 days 01:55:12.000000000,112 days 01:55:12.000000000,-4 days +00:00:00.000000000
9774,2014-08-29 00:00:00.000000000,2014-08-25 00:00:00.000000000,2014-08-28 00:00:00.000000000,2013-10-21 00:00:00.000000000,1910-01-01 00:00:00.000000000,2014-05-04 22:04:48.000000000,2013-06-26 22:04:48.000000000,116 days 01:55:12.000000000,112 days 01:55:12.000000000,-4 days +00:00:00.000000000
9775,2014-08-13 00:00:00.000000000,2014-09-24 00:00:00.000000000,2014-11-06 00:00:00.000000000,2014-05-07 00:00:00.000000000,1910-01-01 00:00:00.000000000,2014-05-10 19:59:59.971200000,2014-02-01 19:59:59.971200000,94 days 04:00:00.028800000,136 days 04:00:00.028800000,42 days 00:00:00.000000000
9776,2014-08-13 00:00:00.000000000,2014-09-24 00:00:00.000000000,2014-11-06 00:00:00.000000000,2014-05-07 00:00:00.000000000,1910-01-01 00:00:00.000000000,2014-05-10 19:59:59.971200000,2014-02-01 19:59:59.971200000,94 days 04:00:00.028800000,136 days 04:00:00.028800000,42 days 00:00:00.000000000
9777,2014-08-13 00:00:00.000000000,2014-09-24 00:00:00.000000000,2014-11-06 00:00:00.000000000,2014-05-07 00:00:00.000000000,1910-01-01 00:00:00.000000000,2014-05-10 19:59:59.971200000,2014-02-01 19:59:59.971200000,94 days 04:00:00.028800000,136 days 04:00:00.028800000,42 days 00:00:00.000000000
9778,2014-08-29 00:00:00.000000000,2014-11-05 00:00:00.000000000,2014-11-07 00:00:00.000000000,2013-10-21 00:00:00.000000000,1910-01-01 00:00:00.000000000,2014-05-04 22:04:48.000000000,2013-06-26 22:04:48.000000000,116 days 01:55:12.000000000,184 days 01:55:12.000000000,68 days 00:00:00.000000000
9779,2014-08-31 00:00:00.000000000,2014-07-25 00:00:00.000000000,2014-08-01 00:00:00.000000000,2014-04-18 00:00:00.000000000,1910-01-01 00:00:00.000000000,2014-07-03 13:42:51.465600000,2014-02-18 13:42:51.465600000,58 days 10:17:08.534400000,21 days 10:17:08.534400000,-37 days +00:00:00.000000000
9780,2014-08-31 00:00:00.000000000,2014-10-30 00:00:00.000000000,2014-11-13 00:00:00.000000000,2014-01-17 00:00:00.000000000,1910-01-01 00:00:00.000000000,2014-05-06 22:04:48.000000000,2013-09-22 22:04:48.000000000,116 days 01:55:12.000000000,176 days 01:55:12.000000000,60 days 00:00:00.000000000
9781,2014-12-30 00:00:00.000000000,2014-10-30 00:00:00.000000000,2014-11-13 00:00:00.000000000,2014-05-02 00:00:00.000000000,1910-01-01 00:00:00.000000000,2014-09-04 22:04:48.000000000,2014-01-05 22:04:48.000000000,116 days 01:55:12.000000000,55 days 01:55:12.000000000,-61 days +00:00:00.000000000
9782,2014-11-11 00:00:00.000000000,2014-10-17 00:00:00.000000000,2014-11-07 00:00:00.000000000,2014-04-11 00:00:00.000000000,1910-01-01 00:00:00.000000000,2014-07-13 01:36:00.028800000,2013-12-11 01:36:00.028800000,120 days 22:23:59.971200000,95 days 22:23:59.971200000,-25 days +00:00:00.000000000
9783,2014-09-30 00:00:00.000000000,2014-09-03 00:00:00.000000000,2014-09-05 00:00:00.000000000,2013-11-19 00:00:00.000000000,1910-01-01 00:00:00.000000000,2014-06-30 00:00:00.000000000,2013-08-19 00:00:00.000000000,92 days 00:00:00.000000000,65 days 00:00:00.000000000,-27 days +00:00:00.000000000
9784,2014-09-30 00:00:00.000000000,2014-09-15 00:00:00.000000000,2014-09-25 00:00:00.000000000,2014-07-30 00:00:00.000000000,1910-01-01 00:00:00.000000000,2014-07-16 07:23:04.588800000,2014-05-15 07:23:04.588800000,75 days 16:36:55.411200000,60 days 16:36:55.411200000,-15 days +00:00:00.000000000
9785,2014-11-03 00:00:00.000000000,2014-10-17 00:00:00.000000000,2014-11-07 00:00:00.000000000,2013-10-01 00:00:00.000000000,1910-01-01 00:00:00.000000000,2014-07-05 01:36:00.028800000,2013-06-02 01:36:00.028800000,120 days 22:23:59.971200000,103 days 22:23:59.971200000,-17 days +00:00:00.000000000
9786,2014-09-30 00:00:00.000000000,2014-10-01 00:00:00.000000000,2014-10-21 00:00:00.000000000,2014-06-04 00:00:00.000000000,1910-01-01 00:00:00.000000000,2014-06-23 01:15:47.404800000,2014-02-25 01:15:47.404800000,98 days 22:44:12.595200000,99 days 22:44:12.595200000,1 days 00:00:00.000000000
9787,2014-09-30 00:00:00.000000000,2014-09-19 00:00:00.000000000,2014-10-17 00:00:00.000000000,2014-04-24 00:00:00.000000000,1910-01-01 00:00:00.000000000,2014-06-28 12:00:00.000000000,2014-01-20 12:00:00.000000000,93 days 12:00:00.000000000,82 days 12:00:00.000000000,-11 days +00:00:00.000000000
9788,2014-10-31 00:00:00.000000000,2014-10-17 00:00:00.000000000,2014-11-07 00:00:00.000000000,2014-01-29 00:00:00.000000000,1910-01-01 00:00:00.000000000,2014-06-06 07:01:27.811200000,2013-09-04 07:01:27.811200000,146 days 16:58:32.188800000,132 days 16:58:32.188800000,-14 days +00:00:00.000000000
9789,2014-10-31 00:00:00.000000000,2014-10-17 00:00:00.000000000,2014-11-07 00:00:00.000000000,2014-01-29 00:00:00.000000000,1910-01-01 00:00:00.000000000,2014-06-06 07:01:27.811200000,2013-09-04 07:01:27.811200000,146 days 16:58:32.188800000,132 days 16:58:32.188800000,-14 days +00:00:00.000000000
9790,2014-10-31 00:00:00.000000000,2014-11-19 00:00:00.000000000,2014-11-24 00:00:00.000000000,2013-10-31 00:00:00.000000000,1910-01-01 00:00:00.000000000,2014-07-29 12:00:00.000000000,2013-07-29 12:00:00.000000000,93 days 12:00:00.000000000,112 days 12:00:00.000000000,19 days 00:00:00.000000000
9791,2015-01-30 00:00:00.000000000,2015-02-18 00:00:00.000000000,2015-02-23 00:00:00.000000000,2014-07-14 00:00:00.000000000,1910-01-01 00:00:00.000000000,2014-09-27 07:45:52.905600000,2014-03-11 07:45:52.905600000,124 days 16:14:07.094400000,143 days 16:14:07.094400000,19 days 00:00:00.000000000
9792,2014-10-31 00:00:00.000000000,2014-10-30 00:00:00.000000000,2014-11-03 00:00:00.000000000,2014-04-25 00:00:00.000000000,1910-01-01 00:00:00.000000000,2014-07-31 00:00:00.000000000,2014-01-23 00:00:00.000000000,92 days 00:00:00.000000000,91 days 00:00:00.000000000,-1 days +00:00:00.000000000
9793,2014-11-20 00:00:00.000000000,2014-11-20 00:00:00.000000000,2014-11-24 00:00:00.000000000,2014-04-18 00:00:00.000000000,1910-01-01 00:00:00.000000000,2014-09-22 13:42:51.465600000,2014-02-18 13:42:51.465600000,58 days 10:17:08.534400000,58 days 10:17:08.534400000,0 days 00:00:00.000000000
9794,2014-11-28 00:00:00.000000000,2014-12-02 00:00:00.000000000,2014-12-08 00:00:00.000000000,2014-05-23 00:00:00.000000000,1910-01-01 00:00:00.000000000,2014-07-04 07:01:27.811200000,2013-12-27 07:01:27.811200000,146 days 16:58:32.188800000,150 days 16:58:32.188800000,4 days 00:00:00.000000000
9795,2015-01-30 00:00:00.000000000,2015-01-05 00:00:00.000000000,2015-01-09 00:00:00.000000000,2014-04-02 00:00:00.000000000,1910-01-01 00:00:00.000000000,2014-09-18 12:00:00.000000000,2013-11-19 12:00:00.000000000,133 days 12:00:00.000000000,108 days 12:00:00.000000000,-25 days +00:00:00.000000000
9796,2015-02-16 00:00:00.000000000,2015-01-24 00:00:00.000000000,2015-02-03 00:00:00.000000000,2014-06-04 00:00:00.000000000,1910-01-01 00:00:00.000000000,2014-09-14 12:42:21.196800000,2013-12-31 12:42:21.196800000,154 days 11:17:38.803200000,131 days 11:17:38.803200000,-23 days +00:00:00.000000000
9797,2015-06-15 00:00:00.000000000,2015-01-16 00:00:00.000000000,2015-01-26 00:00:00.000000000,2014-11-03 00:00:00.000000000,1910-01-01 00:00:00.000000000,2015-01-11 12:42:21.196800000,2014-06-01 12:42:21.196800000,154 days 11:17:38.803200000,4 days 11:17:38.803200000,-150 days +00:00:00.000000000
9798,2015-01-30 00:00:00.000000000,2015-01-16 00:00:00.000000000,2015-01-19 00:00:00.000000000,2014-11-03 00:00:00.000000000,1910-01-01 00:00:00.000000000,2014-08-28 12:42:21.196800000,2014-06-01 12:42:21.196800000,154 days 11:17:38.803200000,140 days 11:17:38.803200000,-14 days +00:00:00.000000000
9799,2015-01-30 00:00:00.000000000,2015-01-12 00:00:00.000000000,2015-01-21 00:00:00.000000000,2014-06-13 00:00:00.000000000,1910-01-01 00:00:00.000000000,2014-09-18 12:00:00.000000000,2014-01-30 12:00:00.000000000,133 days 12:00:00.000000000,115 days 12:00:00.000000000,-18 days +00:00:00.000000000
9800,2015-01-30 00:00:00.000000000,2015-02-11 00:00:00.000000000,2015-02-16 00:00:00.000000000,2014-01-29 00:00:00.000000000,1910-01-01 00:00:00.000000000,2014-06-20 12:00:00.000000000,2013-06-19 12:00:00.000000000,223 days 12:00:00.000000000,235 days 12:00:00.000000000,12 days 00:00:00.000000000
9801,2015-02-27 00:00:00.000000000,2015-03-03 00:00:00.000000000,2015-03-09 00:00:00.000000000,2014-01-17 00:00:00.000000000,1910-01-01 00:00:00.000000000,2014-10-21 12:55:23.116800000,2013-09-10 12:55:23.116800000,128 days 11:04:36.883200000,132 days 11:04:36.883200000,4 days 00:00:00.000000000
9802,2015-02-25 00:00:00.000000000,2015-03-12 00:00:00.000000000,2015-03-13 00:00:00.000000000,2014-01-29 00:00:00.000000000,1910-01-01 00:00:00.000000000,2014-07-16 12:00:00.000000000,2013-06-19 12:00:00.000000000,223 days 12:00:00.000000000,238 days 12:00:00.000000000,15 days 00:00:00.000000000
9803,2015-02-27 00:00:00.000000000,2015-02-24 00:00:00.000000000,2015-02-24 00:00:00.000000000,2014-11-03 00:00:00.000000000,1910-01-01 00:00:00.000000000,2014-09-25 12:42:21.196800000,2014-06-01 12:42:21.196800000,154 days 11:17:38.803200000,151 days 11:17:38.803200000,-3 days +00:00:00.000000000
9804,2015-02-27 00:00:00.000000000,2015-02-19 00:00:00.000000000,2015-02-20 00:00:00.000000000,2014-07-11 00:00:00.000000000,1910-01-01 00:00:00.000000000,2014-08-11 09:20:00.009600000,2013-12-23 09:20:00.009600000,199 days 14:39:59.990400000,191 days 14:39:59.990400000,-8 days +00:00:00.000000000
9805,2015-02-28 00:00:00.000000000,2015-02-05 00:00:00.000000000,2015-02-10 00:00:00.000000000,2014-08-13 00:00:00.000000000,1910-01-01 00:00:00.000000000,2014-11-20 19:34:44.169600000,2014-05-05 19:34:44.169600000,99 days 04:25:15.830400000,76 days 04:25:15.830400000,-23 days +00:00:00.000000000
9806,2015-02-27 00:00:00.000000000,2015-03-11 00:00:00.000000000,2015-03-30 00:00:00.000000000,2014-05-23 00:00:00.000000000,1910-01-01 00:00:00.000000000,2014-07-18 12:00:00.000000000,2013-10-11 12:00:00.000000000,223 days 12:00:00.000000000,235 days 12:00:00.000000000,12 days 00:00:00.000000000
9807,2015-02-27 00:00:00.000000000,2015-02-25 00:00:00.000000000,2015-03-30 00:00:00.000000000,2014-01-29 00:00:00.000000000,1910-01-01 00:00:00.000000000,2014-07-18 12:00:00.000000000,2013-06-19 12:00:00.000000000,223 days 12:00:00.000000000,221 days 12:00:00.000000000,-2 days +00:00:00.000000000
9808,2015-06-30 00:00:00.000000000,2015-04-10 00:00:00.000000000,2015-04-20 00:00:00.000000000,2014-10-17 00:00:00.000000000,1910-01-01 00:00:00.000000000,2015-02-21 12:55:23.116800000,2014-06-10 12:55:23.116800000,128 days 11:04:36.883200000,47 days 11:04:36.883200000,-81 days +00:00:00.000000000
9809,2015-02-27 00:00:00.000000000,2015-03-25 00:00:00.000000000,2015-03-26 00:00:00.000000000,2014-07-11 00:00:00.000000000,1910-01-01 00:00:00.000000000,2014-08-11 09:20:00.009600000,2013-12-23 09:20:00.009600000,199 days 14:39:59.990400000,225 days 14:39:59.990400000,26 days 00:00:00.000000000
9810,2015-03-07 00:00:00.000000000,2015-03-17 00:00:00.000000000,2015-03-18 00:00:00.000000000,2014-04-02 00:00:00.000000000,1910-01-01 00:00:00.000000000,2014-10-24 12:00:00.000000000,2013-11-19 12:00:00.000000000,133 days 12:00:00.000000000,143 days 12:00:00.000000000,10 days 00:00:00.000000000
9811,2015-03-16 00:00:00.000000000,2015-03-17 00:00:00.000000000,2015-03-19 00:00:00.000000000,2014-12-19 00:00:00.000000000,1910-01-01 00:00:00.000000000,2014-11-02 12:00:00.000000000,2014-08-07 12:00:00.000000000,133 days 12:00:00.000000000,134 days 12:00:00.000000000,1 days 00:00:00.000000000
9812,2015-02-27 00:00:00.000000000,2015-02-28 00:00:00.000000000,2015-03-05 00:00:00.000000000,2014-11-19 00:00:00.000000000,1910-01-01 00:00:00.000000000,2014-09-04 03:00:00.000000000,2014-05-27 03:00:00.000000000,175 days 21:00:00.000000000,176 days 21:00:00.000000000,1 days 00:00:00.000000000
9813,2015-03-02 00:00:00.000000000,2015-03-10 00:00:00.000000000,2015-03-17 00:00:00.000000000,2014-04-25 00:00:00.000000000,1910-01-01 00:00:00.000000000,2014-11-22 19:34:44.169600000,2014-01-15 19:34:44.169600000,99 days 04:25:15.830400000,107 days 04:25:15.830400000,8 days 00:00:00.000000000
9814,2015-03-31 00:00:00.000000000,2015-04-24 00:00:00.000000000,2015-04-29 00:00:00.000000000,2015-02-18 00:00:00.000000000,1910-01-01 00:00:00.000000000,2015-02-04 00:00:00.000000000,2014-12-25 00:00:00.000000000,55 days 00:00:00.000000000,79 days 00:00:00.000000000,24 days 00:00:00.000000000
9815,2015-05-01 00:00:00.000000000,2015-04-10 00:00:00.000000000,2015-04-20 00:00:00.000000000,2014-08-12 00:00:00.000000000,1910-01-01 00:00:00.000000000,2014-10-13 09:20:00.009600000,2014-01-24 09:20:00.009600000,199 days 14:39:59.990400000,178 days 14:39:59.990400000,-21 days +00:00:00.000000000
9816,2015-05-06 00:00:00.000000000,2015-07-06 00:00:00.000000000,2015-07-06 00:00:00.000000000,2015-01-26 00:00:00.000000000,1910-01-01 00:00:00.000000000,2015-01-01 07:45:52.905600000,2014-09-23 07:45:52.905600000,124 days 16:14:07.094400000,185 days 16:14:07.094400000,61 days 00:00:00.000000000
9817,2015-06-16 00:00:00.000000000,2015-05-25 00:00:00.000000000,2015-06-15 00:00:00.000000000,2015-01-26 00:00:00.000000000,1910-01-01 00:00:00.000000000,2015-02-11 07:45:52.905600000,2014-09-23 07:45:52.905600000,124 days 16:14:07.094400000,102 days 16:14:07.094400000,-22 days +00:00:00.000000000
9818,2015-07-01 00:00:00.000000000,2015-07-13 00:00:00.000000000,2015-07-13 00:00:00.000000000,2015-01-26 00:00:00.000000000,1910-01-01 00:00:00.000000000,2015-02-26 07:45:52.905600000,2014-09-23 07:45:52.905600000,124 days 16:14:07.094400000,136 days 16:14:07.094400000,12 days 00:00:00.000000000
9819,2015-04-30 00:00:00.000000000,2015-04-22 00:00:00.000000000,2015-04-24 00:00:00.000000000,2014-12-22 00:00:00.000000000,1910-01-01 00:00:00.000000000,2014-11-26 12:42:21.196800000,2014-07-20 12:42:21.196800000,154 days 11:17:38.803200000,146 days 11:17:38.803200000,-8 days +00:00:00.000000000
9820,2015-06-15 00:00:00.000000000,2015-05-14 00:00:00.000000000,2015-05-15 00:00:00.000000000,2014-11-03 00:00:00.000000000,1910-01-01 00:00:00.000000000,2015-01-11 12:42:21.196800000,2014-06-01 12:42:21.196800000,154 days 11:17:38.803200000,122 days 11:17:38.803200000,-32 days +00:00:00.000000000
9821,2015-04-30 00:00:00.000000000,2015-04-15 00:00:00.000000000,2015-04-20 00:00:00.000000000,2014-08-13 00:00:00.000000000,1910-01-01 00:00:00.000000000,2015-01-20 19:34:44.169600000,2014-05-05 19:34:44.169600000,99 days 04:25:15.830400000,84 days 04:25:15.830400000,-15 days +00:00:00.000000000
9822,2015-06-30 00:00:00.000000000,2015-05-05 00:00:00.000000000,2015-05-06 00:00:00.000000000,2014-12-22 00:00:00.000000000,1910-01-01 00:00:00.000000000,2015-03-17 05:42:51.408000000,2014-09-08 05:42:51.408000000,104 days 18:17:08.592000000,48 days 18:17:08.592000000,-56 days +00:00:00.000000000
9823,2015-04-30 00:00:00.000000000,2015-04-15 00:00:00.000000000,2015-04-20 00:00:00.000000000,2014-08-13 00:00:00.000000000,1910-01-01 00:00:00.000000000,2015-01-20 19:34:44.169600000,2014-05-05 19:34:44.169600000,99 days 04:25:15.830400000,84 days 04:25:15.830400000,-15 days +00:00:00.000000000
9824,2015-05-29 00:00:00.000000000,2015-05-15 00:00:00.000000000,2015-05-15 00:00:00.000000000,2014-08-12 00:00:00.000000000,1910-01-01 00:00:00.000000000,2014-11-10 09:20:00.009600000,2014-01-24 09:20:00.009600000,199 days 14:39:59.990400000,185 days 14:39:59.990400000,-14 days +00:00:00.000000000
9825,2015-06-08 00:00:00.000000000,2015-06-08 00:00:00.000000000,2015-06-19 00:00:00.000000000,2014-05-23 00:00:00.000000000,1910-01-01 00:00:00.000000000,2014-10-27 12:00:00.000000000,2013-10-11 12:00:00.000000000,223 days 12:00:00.000000000,223 days 12:00:00.000000000,0 days 00:00:00.000000000
9826,2015-06-08 00:00:00.000000000,2015-06-08 00:00:00.000000000,2015-06-19 00:00:00.000000000,2014-05-23 00:00:00.000000000,1910-01-01 00:00:00.000000000,2014-10-27 12:00:00.000000000,2013-10-11 12:00:00.000000000,223 days 12:00:00.000000000,223 days 12:00:00.000000000,0 days 00:00:00.000000000
9827,2015-05-29 00:00:00.000000000,2015-05-15 00:00:00.000000000,2015-05-15 00:00:00.000000000,2014-08-12 00:00:00.000000000,1910-01-01 00:00:00.000000000,2014-11-10 09:20:00.009600000,2014-01-24 09:20:00.009600000,199 days 14:39:59.990400000,185 days 14:39:59.990400000,-14 days +00:00:00.000000000
9828,2015-06-30 00:00:00.000000000,2015-04-28 00:00:00.000000000,2015-04-29 00:00:00.000000000,2014-09-19 00:00:00.000000000,1910-01-01 00:00:00.000000000,2015-03-22 19:34:44.169600000,2014-06-11 19:34:44.169600000,99 days 04:25:15.830400000,36 days 04:25:15.830400000,-63 days +00:00:00.000000000
9829,2015-06-30 00:00:00.000000000,2015-05-15 00:00:00.000000000,2015-05-22 00:00:00.000000000,2014-09-19 00:00:00.000000000,1910-01-01 00:00:00.000000000,2015-03-22 19:34:44.169600000,2014-06-11 19:34:44.169600000,99 days 04:25:15.830400000,53 days 04:25:15.830400000,-46 days +00:00:00.000000000
9830,2015-06-30 00:00:00.000000000,2015-05-15 00:00:00.000000000,2015-05-22 00:00:00.000000000,2014-09-19 00:00:00.000000000,1910-01-01 00:00:00.000000000,2015-03-22 19:34:44.169600000,2014-06-11 19:34:44.169600000,99 days 04:25:15.830400000,53 days 04:25:15.830400000,-46 days +00:00:00.000000000
9831,2015-06-30 00:00:00.000000000,2015-05-15 00:00:00.000000000,2015-05-22 00:00:00.000000000,2014-09-19 00:00:00.000000000,1910-01-01 00:00:00.000000000,2015-03-22 19:34:44.169600000,2014-06-11 19:34:44.169600000,99 days 04:25:15.830400000,53 days 04:25:15.830400000,-46 days +00:00:00.000000000
9832,2015-06-02 00:00:00.000000000,2015-06-22 00:00:00.000000000,2015-06-24 00:00:00.000000000,2015-05-04 00:00:00.000000000,1910-01-01 00:00:00.000000000,2015-02-22 19:34:44.169600000,2015-01-24 19:34:44.169600000,99 days 04:25:15.830400000,119 days 04:25:15.830400000,20 days 00:00:00.000000000
9833,2015-07-08 00:00:00.000000000,2015-08-07 00:00:00.000000000,2015-08-27 00:00:00.000000000,2015-03-31 00:00:00.000000000,1910-01-01 00:00:00.000000000,2015-03-05 07:45:52.905600000,2014-11-26 07:45:52.905600000,124 days 16:14:07.094400000,154 days 16:14:07.094400000,30 days 00:00:00.000000000
9834,2015-07-31 00:00:00.000000000,2015-07-23 00:00:00.000000000,2015-07-23 00:00:00.000000000,2014-12-22 00:00:00.000000000,1910-01-01 00:00:00.000000000,2015-02-26 12:42:21.196800000,2014-07-20 12:42:21.196800000,154 days 11:17:38.803200000,146 days 11:17:38.803200000,-8 days +00:00:00.000000000
9835,2015-08-31 00:00:00.000000000,2015-08-25 00:00:00.000000000,2015-09-03 00:00:00.000000000,2014-08-12 00:00:00.000000000,1910-01-01 00:00:00.000000000,2015-02-12 09:20:00.009600000,2014-01-24 09:20:00.009600000,199 days 14:39:59.990400000,193 days 14:39:59.990400000,-6 days +00:00:00.000000000
9836,2015-08-31 00:00:00.000000000,2015-08-25 00:00:00.000000000,2015-09-03 00:00:00.000000000,2014-08-12 00:00:00.000000000,1910-01-01 00:00:00.000000000,2015-02-12 09:20:00.009600000,2014-01-24 09:20:00.009600000,199 days 14:39:59.990400000,193 days 14:39:59.990400000,-6 days +00:00:00.000000000
9837,2015-08-18 00:00:00.000000000,2015-08-25 00:00:00.000000000,2015-08-27 00:00:00.000000000,2015-05-27 00:00:00.000000000,1910-01-01 00:00:00.000000000,2015-05-05 05:42:51.408000000,2015-02-11 05:42:51.408000000,104 days 18:17:08.592000000,111 days 18:17:08.592000000,7 days 00:00:00.000000000
9838,2015-08-14 00:00:00.000000000,2015-08-20 00:00:00.000000000,2015-08-25 00:00:00.000000000,2014-10-24 00:00:00.000000000,1910-01-01 00:00:00.000000000,2015-01-02 12:00:00.000000000,2014-03-14 12:00:00.000000000,223 days 12:00:00.000000000,229 days 12:00:00.000000000,6 days 00:00:00.000000000
9839,2015-08-31 00:00:00.000000000,2015-08-04 00:00:00.000000000,2015-08-11 00:00:00.000000000,2014-10-16 00:00:00.000000000,1910-01-01 00:00:00.000000000,2015-04-19 12:00:00.000000000,2014-06-04 12:00:00.000000000,133 days 12:00:00.000000000,106 days 12:00:00.000000000,-27 days +00:00:00.000000000
9840,2015-09-08 00:00:00.000000000,2015-08-26 00:00:00.000000000,2015-09-02 00:00:00.000000000,2015-07-07 00:00:00.000000000,1910-01-01 00:00:00.000000000,2015-05-26 05:42:51.408000000,2015-03-24 05:42:51.408000000,104 days 18:17:08.592000000,91 days 18:17:08.592000000,-13 days +00:00:00.000000000
9841,2009-07-30 00:00:00.000000000,2009-08-04 00:00:00.000000000,2009-08-04 00:00:00.000000000,2009-05-26 00:00:00.000000000,1910-01-01 00:00:00.000000000,2009-04-12 14:36:31.334400000,2009-02-06 14:36:31.334400000,108 days 09:23:28.665600000,113 days 09:23:28.665600000,5 days 00:00:00.000000000
9842,2009-07-30 00:00:00.000000000,2009-07-09 00:00:00.000000000,2009-07-09 00:00:00.000000000,2009-05-26 00:00:00.000000000,1910-01-01 00:00:00.000000000,2009-04-12 14:36:31.334400000,2009-02-06 14:36:31.334400000,108 days 09:23:28.665600000,87 days 09:23:28.665600000,-21 days +00:00:00.000000000
9843,2009-08-31 00:00:00.000000000,2009-08-04 00:00:00.000000000,2009-08-04 00:00:00.000000000,2009-05-26 00:00:00.000000000,1910-01-01 00:00:00.000000000,2009-05-14 14:36:31.334400000,2009-02-06 14:36:31.334400000,108 days 09:23:28.665600000,81 days 09:23:28.665600000,-27 days +00:00:00.000000000
9844,2009-10-30 00:00:00.000000000,2009-10-20 00:00:00.000000000,2009-10-20 00:00:00.000000000,2009-05-26 00:00:00.000000000,1910-01-01 00:00:00.000000000,2009-07-13 14:36:31.334400000,2009-02-06 14:36:31.334400000,108 days 09:23:28.665600000,98 days 09:23:28.665600000,-10 days +00:00:00.000000000
9845,2009-10-30 00:00:00.000000000,2009-10-20 00:00:00.000000000,2009-10-20 00:00:00.000000000,2009-05-26 00:00:00.000000000,1910-01-01 00:00:00.000000000,2009-07-13 14:36:31.334400000,2009-02-06 14:36:31.334400000,108 days 09:23:28.665600000,98 days 09:23:28.665600000,-10 days +00:00:00.000000000
9846,2009-10-31 00:00:00.000000000,2009-10-20 00:00:00.000000000,2009-10-20 00:00:00.000000000,2009-07-29 00:00:00.000000000,1910-01-01 00:00:00.000000000,2009-07-14 14:36:31.334400000,2009-04-11 14:36:31.334400000,108 days 09:23:28.665600000,97 days 09:23:28.665600000,-11 days +00:00:00.000000000
9847,2009-10-15 00:00:00.000000000,2009-10-20 00:00:00.000000000,2009-10-20 00:00:00.000000000,2009-07-29 00:00:00.000000000,1910-01-01 00:00:00.000000000,2009-06-28 14:36:31.334400000,2009-04-11 14:36:31.334400000,108 days 09:23:28.665600000,113 days 09:23:28.665600000,5 days 00:00:00.000000000
9848,2009-12-18 00:00:00.000000000,2009-11-20 00:00:00.000000000,2009-11-20 00:00:00.000000000,2009-07-27 00:00:00.000000000,1910-01-01 00:00:00.000000000,2009-08-31 14:36:31.334400000,2009-04-09 14:36:31.334400000,108 days 09:23:28.665600000,80 days 09:23:28.665600000,-28 days +00:00:00.000000000
9849,2009-12-01 00:00:00.000000000,2009-12-02 00:00:00.000000000,2009-12-02 00:00:00.000000000,2009-07-24 00:00:00.000000000,1910-01-01 00:00:00.000000000,2009-08-12 04:55:23.059200000,2009-04-04 04:55:23.059200000,110 days 19:04:36.940800000,111 days 19:04:36.940800000,1 days 00:00:00.000000000
9850,2009-12-01 00:00:00.000000000,2009-12-02 00:00:00.000000000,2009-12-02 00:00:00.000000000,2009-09-09 00:00:00.000000000,1910-01-01 00:00:00.000000000,2009-08-12 04:55:23.059200000,2009-05-21 04:55:23.059200000,110 days 19:04:36.940800000,111 days 19:04:36.940800000,1 days 00:00:00.000000000
9851,2010-01-17 00:00:00.000000000,2009-11-25 00:00:00.000000000,2009-11-25 00:00:00.000000000,2009-09-25 00:00:00.000000000,1910-01-01 00:00:00.000000000,2009-11-12 09:52:56.496000001,2009-07-21 09:52:56.496000001,65 days 14:07:03.503999999,12 days 14:07:03.503999999,-53 days +00:00:00.000000000
9852,2010-01-14 00:00:00.000000000,2009-12-31 00:00:00.000000000,2009-12-31 00:00:00.000000000,2009-09-17 00:00:00.000000000,1910-01-01 00:00:00.000000000,2009-11-09 09:52:56.496000001,2009-07-13 09:52:56.496000001,65 days 14:07:03.503999999,51 days 14:07:03.503999999,-14 days +00:00:00.000000000
9853,2009-12-18 00:00:00.000000000,2009-12-07 00:00:00.000000000,2009-12-07 00:00:00.000000000,2009-03-17 00:00:00.000000000,1910-01-01 00:00:00.000000000,2009-08-13 14:24:00.000000000,2008-11-10 14:24:00.000000000,126 days 09:36:00.000000000,115 days 09:36:00.000000000,-11 days +00:00:00.000000000
9854,2010-02-26 00:00:00.000000000,2010-01-16 00:00:00.000000000,2010-01-16 00:00:00.000000000,2009-09-14 00:00:00.000000000,1910-01-01 00:00:00.000000000,2009-11-22 22:00:00.028800000,2009-06-10 22:00:00.028800000,95 days 01:59:59.971200000,54 days 01:59:59.971200000,-41 days +00:00:00.000000000
9855,2010-01-31 00:00:00.000000000,2009-12-18 00:00:00.000000000,2009-12-18 00:00:00.000000000,2009-07-27 00:00:00.000000000,1910-01-01 00:00:00.000000000,2009-11-07 01:59:59.971200000,2009-05-03 01:59:59.971200000,84 days 22:00:00.028800000,40 days 22:00:00.028800000,-44 days +00:00:00.000000000
9856,2010-02-10 00:00:00.000000000,2010-01-07 00:00:00.000000000,2010-01-07 00:00:00.000000000,2009-10-28 00:00:00.000000000,1910-01-01 00:00:00.000000000,2009-12-06 09:52:56.496000001,2009-08-23 09:52:56.496000001,65 days 14:07:03.503999999,31 days 14:07:03.503999999,-34 days +00:00:00.000000000
9857,2010-02-17 00:00:00.000000000,2009-12-23 00:00:00.000000000,2009-12-23 00:00:00.000000000,2009-10-28 00:00:00.000000000,1910-01-01 00:00:00.000000000,2009-12-13 09:52:56.496000001,2009-08-23 09:52:56.496000001,65 days 14:07:03.503999999,9 days 14:07:03.503999999,-56 days +00:00:00.000000000
9858,2010-02-17 00:00:00.000000000,2009-12-23 00:00:00.000000000,2009-12-23 00:00:00.000000000,2009-10-28 00:00:00.000000000,1910-01-01 00:00:00.000000000,2009-12-13 09:52:56.496000001,2009-08-23 09:52:56.496000001,65 days 14:07:03.503999999,9 days 14:07:03.503999999,-56 days +00:00:00.000000000
9859,2010-01-17 00:00:00.000000000,2010-01-11 00:00:00.000000000,2010-01-11 00:00:00.000000000,2009-09-18 00:00:00.000000000,1910-01-01 00:00:00.000000000,2009-10-01 09:49:05.462400000,2009-06-02 09:49:05.462400000,107 days 14:10:54.537600000,101 days 14:10:54.537600000,-6 days +00:00:00.000000000
9860,2010-01-04 00:00:00.000000000,2009-12-18 00:00:00.000000000,2009-12-18 00:00:00.000000000,2009-11-26 00:00:00.000000000,1910-01-01 00:00:00.000000000,2009-12-03 02:39:59.990400000,2009-10-25 02:39:59.990400000,31 days 21:20:00.009600000,14 days 21:20:00.009600000,-17 days +00:00:00.000000000
9861,2010-03-05 00:00:00.000000000,2010-02-24 00:00:00.000000000,2010-02-24 00:00:00.000000000,2009-09-23 00:00:00.000000000,1910-01-01 00:00:00.000000000,2009-11-25 18:40:00.019200000,2009-06-15 18:40:00.019200000,99 days 05:19:59.980800000,90 days 05:19:59.980800000,-9 days +00:00:00.000000000
9862,2010-02-08 00:00:00.000000000,2010-01-23 00:00:00.000000000,2010-01-23 00:00:00.000000000,2009-07-24 00:00:00.000000000,1910-01-01 00:00:00.000000000,2009-11-02 07:36:35.107200001,2009-04-17 07:36:35.107200001,97 days 16:23:24.892799999,81 days 16:23:24.892799999,-16 days +00:00:00.000000000
9863,2009-11-30 00:00:00.000000000,2009-11-22 00:00:00.000000000,2009-11-22 00:00:00.000000000,2009-06-03 00:00:00.000000000,1910-01-01 00:00:00.000000000,2009-09-13 05:11:48.624000000,2009-03-17 05:11:48.624000000,77 days 18:48:11.376000000,69 days 18:48:11.376000000,-8 days +00:00:00.000000000
9864,2010-03-22 00:00:00.000000000,2010-01-29 00:00:00.000000000,2010-01-29 00:00:00.000000000,2009-10-28 00:00:00.000000000,1910-01-01 00:00:00.000000000,2010-01-15 09:52:56.496000001,2009-08-23 09:52:56.496000001,65 days 14:07:03.503999999,13 days 14:07:03.503999999,-52 days +00:00:00.000000000
9865,2010-03-03 00:00:00.000000000,2010-01-29 00:00:00.000000000,2010-01-29 00:00:00.000000000,2009-10-28 00:00:00.000000000,1910-01-01 00:00:00.000000000,2009-12-27 09:52:56.496000001,2009-08-23 09:52:56.496000001,65 days 14:07:03.503999999,32 days 14:07:03.503999999,-33 days +00:00:00.000000000
9866,2010-02-25 00:00:00.000000000,2010-01-29 00:00:00.000000000,2010-01-29 00:00:00.000000000,2009-09-17 00:00:00.000000000,1910-01-01 00:00:00.000000000,2009-12-21 09:52:56.496000001,2009-07-13 09:52:56.496000001,65 days 14:07:03.503999999,38 days 14:07:03.503999999,-27 days +00:00:00.000000000
9867,2010-03-05 00:00:00.000000000,2010-03-03 00:00:00.000000000,2010-03-03 00:00:00.000000000,2009-10-23 00:00:00.000000000,1910-01-01 00:00:00.000000000,2009-11-25 18:40:00.019200000,2009-07-15 18:40:00.019200000,99 days 05:19:59.980800000,97 days 05:19:59.980800000,-2 days +00:00:00.000000000
9868,2010-02-25 00:00:00.000000000,2010-02-18 00:00:00.000000000,2010-02-18 00:00:00.000000000,2009-09-17 00:00:00.000000000,1910-01-01 00:00:00.000000000,2009-12-21 09:52:56.496000001,2009-07-13 09:52:56.496000001,65 days 14:07:03.503999999,58 days 14:07:03.503999999,-7 days +00:00:00.000000000
9869,2010-05-10 00:00:00.000000000,2010-02-15 00:00:00.000000000,2010-02-15 00:00:00.000000000,2009-12-08 00:00:00.000000000,1910-01-01 00:00:00.000000000,2010-02-01 07:36:35.107200001,2009-09-01 07:36:35.107200001,97 days 16:23:24.892799999,13 days 16:23:24.892799999,-84 days +00:00:00.000000000
9870,2010-03-19 00:00:00.000000000,2010-02-26 00:00:00.000000000,2010-02-26 00:00:00.000000000,2009-09-23 00:00:00.000000000,1910-01-01 00:00:00.000000000,2010-01-12 09:52:56.496000001,2009-07-19 09:52:56.496000001,65 days 14:07:03.503999999,44 days 14:07:03.503999999,-21 days +00:00:00.000000000
9871,2010-05-20 00:00:00.000000000,2009-12-23 00:00:00.000000000,2009-12-23 00:00:00.000000000,2009-10-28 00:00:00.000000000,1910-01-01 00:00:00.000000000,2010-03-15 09:52:56.496000001,2009-08-23 09:52:56.496000001,65 days 14:07:03.503999999,-83 days +14:07:03.503999999,-148 days +00:00:00.000000000
9872,2010-03-15 00:00:00.000000000,2010-03-05 00:00:00.000000000,2010-03-05 00:00:00.000000000,2009-09-17 00:00:00.000000000,1910-01-01 00:00:00.000000000,2009-11-27 09:49:05.462400000,2009-06-01 09:49:05.462400000,107 days 14:10:54.537600000,97 days 14:10:54.537600000,-10 days +00:00:00.000000000
9873,2010-06-28 00:00:00.000000000,2010-03-01 00:00:00.000000000,2010-03-01 00:00:00.000000000,2009-12-08 00:00:00.000000000,1910-01-01 00:00:00.000000000,2010-03-22 07:36:35.107200001,2009-09-01 07:36:35.107200001,97 days 16:23:24.892799999,-22 days +16:23:24.892799999,-119 days +00:00:00.000000000
9874,2010-03-31 00:00:00.000000000,2010-03-12 00:00:00.000000000,2010-03-12 00:00:00.000000000,2009-12-08 00:00:00.000000000,1910-01-01 00:00:00.000000000,2010-01-06 00:00:00.000000000,2009-09-15 00:00:00.000000000,84 days 00:00:00.000000000,65 days 00:00:00.000000000,-19 days +00:00:00.000000000
9875,2010-03-31 00:00:00.000000000,2010-03-12 00:00:00.000000000,2010-03-12 00:00:00.000000000,2009-12-08 00:00:00.000000000,1910-01-01 00:00:00.000000000,2010-01-06 00:00:00.000000000,2009-09-15 00:00:00.000000000,84 days 00:00:00.000000000,65 days 00:00:00.000000000,-19 days +00:00:00.000000000
9876,2010-03-10 00:00:00.000000000,2010-03-03 00:00:00.000000000,2010-03-03 00:00:00.000000000,2009-10-23 00:00:00.000000000,1910-01-01 00:00:00.000000000,2009-11-30 18:40:00.019200000,2009-07-15 18:40:00.019200000,99 days 05:19:59.980800000,92 days 05:19:59.980800000,-7 days +00:00:00.000000000
9877,2010-03-12 00:00:00.000000000,2010-03-03 00:00:00.000000000,2010-03-03 00:00:00.000000000,2009-09-23 00:00:00.000000000,1910-01-01 00:00:00.000000000,2009-12-02 18:40:00.019200000,2009-06-15 18:40:00.019200000,99 days 05:19:59.980800000,90 days 05:19:59.980800000,-9 days +00:00:00.000000000
9878,2010-03-10 00:00:00.000000000,2010-03-03 00:00:00.000000000,2010-03-03 00:00:00.000000000,2009-10-23 00:00:00.000000000,1910-01-01 00:00:00.000000000,2009-11-30 18:40:00.019200000,2009-07-15 18:40:00.019200000,99 days 05:19:59.980800000,92 days 05:19:59.980800000,-7 days +00:00:00.000000000
9879,2010-04-28 00:00:00.000000000,2010-04-28 00:00:00.000000000,2010-04-28 00:00:00.000000000,2009-12-23 00:00:00.000000000,1910-01-01 00:00:00.000000000,2010-01-22 22:00:00.028800000,2009-09-18 22:00:00.028800000,95 days 01:59:59.971200000,95 days 01:59:59.971200000,0 days 00:00:00.000000000
9880,2010-04-28 00:00:00.000000000,2010-04-28 00:00:00.000000000,2010-04-28 00:00:00.000000000,2009-12-23 00:00:00.000000000,1910-01-01 00:00:00.000000000,2010-01-22 22:00:00.028800000,2009-09-18 22:00:00.028800000,95 days 01:59:59.971200000,95 days 01:59:59.971200000,0 days 00:00:00.000000000
9881,2010-04-19 00:00:00.000000000,2010-03-31 00:00:00.000000000,2010-03-31 00:00:00.000000000,2009-11-06 00:00:00.000000000,1910-01-01 00:00:00.000000000,2010-01-24 01:59:59.971200000,2009-08-13 01:59:59.971200000,84 days 22:00:00.028800000,65 days 22:00:00.028800000,-19 days +00:00:00.000000000
9882,2010-04-01 00:00:00.000000000,2010-03-25 00:00:00.000000000,2010-03-25 00:00:00.000000000,2010-01-29 00:00:00.000000000,1910-01-01 00:00:00.000000000,2010-01-25 09:52:56.496000001,2009-11-24 09:52:56.496000001,65 days 14:07:03.503999999,58 days 14:07:03.503999999,-7 days +00:00:00.000000000
9883,2010-04-19 00:00:00.000000000,2010-03-31 00:00:00.000000000,2010-03-31 00:00:00.000000000,2009-11-06 00:00:00.000000000,1910-01-01 00:00:00.000000000,2010-01-24 01:59:59.971200000,2009-08-13 01:59:59.971200000,84 days 22:00:00.028800000,65 days 22:00:00.028800000,-19 days +00:00:00.000000000
9884,2010-04-19 00:00:00.000000000,2010-03-31 00:00:00.000000000,2010-03-31 00:00:00.000000000,2009-11-06 00:00:00.000000000,1910-01-01 00:00:00.000000000,2010-01-24 01:59:59.971200000,2009-08-13 01:59:59.971200000,84 days 22:00:00.028800000,65 days 22:00:00.028800000,-19 days +00:00:00.000000000
9885,2010-05-31 00:00:00.000000000,2010-03-31 00:00:00.000000000,2010-03-31 00:00:00.000000000,2009-11-06 00:00:00.000000000,1910-01-01 00:00:00.000000000,2010-03-07 01:59:59.971200000,2009-08-13 01:59:59.971200000,84 days 22:00:00.028800000,23 days 22:00:00.028800000,-61 days +00:00:00.000000000
9886,2010-04-19 00:00:00.000000000,2010-03-31 00:00:00.000000000,2010-03-31 00:00:00.000000000,2009-11-06 00:00:00.000000000,1910-01-01 00:00:00.000000000,2010-01-24 01:59:59.971200000,2009-08-13 01:59:59.971200000,84 days 22:00:00.028800000,65 days 22:00:00.028800000,-19 days +00:00:00.000000000
9887,2010-04-19 00:00:00.000000000,2010-03-31 00:00:00.000000000,2010-03-31 00:00:00.000000000,2009-11-06 00:00:00.000000000,1910-01-01 00:00:00.000000000,2010-01-24 01:59:59.971200000,2009-08-13 01:59:59.971200000,84 days 22:00:00.028800000,65 days 22:00:00.028800000,-19 days +00:00:00.000000000
9888,2010-03-31 00:00:00.000000000,2010-03-31 00:00:00.000000000,2010-03-31 00:00:00.000000000,2009-11-06 00:00:00.000000000,1910-01-01 00:00:00.000000000,2010-01-05 01:59:59.971200000,2009-08-13 01:59:59.971200000,84 days 22:00:00.028800000,84 days 22:00:00.028800000,0 days 00:00:00.000000000
9889,2010-04-19 00:00:00.000000000,2010-03-31 00:00:00.000000000,2010-03-31 00:00:00.000000000,2009-11-06 00:00:00.000000000,1910-01-01 00:00:00.000000000,2010-01-24 01:59:59.971200000,2009-08-13 01:59:59.971200000,84 days 22:00:00.028800000,65 days 22:00:00.028800000,-19 days +00:00:00.000000000
9890,2010-04-19 00:00:00.000000000,2010-03-31 00:00:00.000000000,2010-03-31 00:00:00.000000000,2009-11-06 00:00:00.000000000,1910-01-01 00:00:00.000000000,2010-01-24 01:59:59.971200000,2009-08-13 01:59:59.971200000,84 days 22:00:00.028800000,65 days 22:00:00.028800000,-19 days +00:00:00.000000000
9891,2010-03-31 00:00:00.000000000,2010-03-31 00:00:00.000000000,2010-03-31 00:00:00.000000000,2009-11-06 00:00:00.000000000,1910-01-01 00:00:00.000000000,2010-01-05 01:59:59.971200000,2009-08-13 01:59:59.971200000,84 days 22:00:00.028800000,84 days 22:00:00.028800000,0 days 00:00:00.000000000
9892,2010-04-01 00:00:00.000000000,2010-03-25 00:00:00.000000000,2010-03-25 00:00:00.000000000,2009-09-17 00:00:00.000000000,1910-01-01 00:00:00.000000000,2010-01-25 09:52:56.496000001,2009-07-13 09:52:56.496000001,65 days 14:07:03.503999999,58 days 14:07:03.503999999,-7 days +00:00:00.000000000
9893,2010-04-06 00:00:00.000000000,2010-04-01 00:00:00.000000000,2010-04-01 00:00:00.000000000,2009-10-15 00:00:00.000000000,1910-01-01 00:00:00.000000000,2009-12-29 07:36:35.107200001,2009-07-09 07:36:35.107200001,97 days 16:23:24.892799999,92 days 16:23:24.892799999,-5 days +00:00:00.000000000
9894,2010-07-21 00:00:00.000000000,2010-04-21 00:00:00.000000000,2010-04-21 00:00:00.000000000,2010-03-01 00:00:00.000000000,1910-01-01 00:00:00.000000000,2010-03-29 10:30:00.000000000,2009-11-07 10:30:00.000000000,113 days 13:30:00.000000000,22 days 13:30:00.000000000,-91 days +00:00:00.000000000
9895,2010-07-21 00:00:00.000000000,2010-04-21 00:00:00.000000000,2010-04-21 00:00:00.000000000,2010-03-01 00:00:00.000000000,1910-01-01 00:00:00.000000000,2010-03-29 10:30:00.000000000,2009-11-07 10:30:00.000000000,113 days 13:30:00.000000000,22 days 13:30:00.000000000,-91 days +00:00:00.000000000
9896,2010-04-30 00:00:00.000000000,2010-04-16 00:00:00.000000000,2010-04-16 00:00:00.000000000,2009-09-17 00:00:00.000000000,1910-01-01 00:00:00.000000000,2010-01-12 09:49:05.462400000,2009-06-01 09:49:05.462400000,107 days 14:10:54.537600000,93 days 14:10:54.537600000,-14 days +00:00:00.000000000
9897,2010-05-31 00:00:00.000000000,2010-05-18 00:00:00.000000000,2010-05-18 00:00:00.000000000,2009-11-06 00:00:00.000000000,1910-01-01 00:00:00.000000000,2010-03-07 01:59:59.971200000,2009-08-13 01:59:59.971200000,84 days 22:00:00.028800000,71 days 22:00:00.028800000,-13 days +00:00:00.000000000
9898,2010-05-31 00:00:00.000000000,2010-05-18 00:00:00.000000000,2010-05-18 00:00:00.000000000,2009-11-06 00:00:00.000000000,1910-01-01 00:00:00.000000000,2010-03-07 01:59:59.971200000,2009-08-13 01:59:59.971200000,84 days 22:00:00.028800000,71 days 22:00:00.028800000,-13 days +00:00:00.000000000
9899,2010-06-21 00:00:00.000000000,2010-06-14 00:00:00.000000000,2010-06-14 00:00:00.000000000,2009-12-23 00:00:00.000000000,1910-01-01 00:00:00.000000000,2010-03-17 22:00:00.028800000,2009-09-18 22:00:00.028800000,95 days 01:59:59.971200000,88 days 01:59:59.971200000,-7 days +00:00:00.000000000
9900,2010-06-21 00:00:00.000000000,2010-06-14 00:00:00.000000000,2010-06-14 00:00:00.000000000,2009-12-23 00:00:00.000000000,1910-01-01 00:00:00.000000000,2010-03-17 22:00:00.028800000,2009-09-18 22:00:00.028800000,95 days 01:59:59.971200000,88 days 01:59:59.971200000,-7 days +00:00:00.000000000
9901,2010-05-31 00:00:00.000000000,2010-05-18 00:00:00.000000000,2010-05-18 00:00:00.000000000,2009-11-06 00:00:00.000000000,1910-01-01 00:00:00.000000000,2010-03-07 01:59:59.971200000,2009-08-13 01:59:59.971200000,84 days 22:00:00.028800000,71 days 22:00:00.028800000,-13 days +00:00:00.000000000
9902,2010-05-31 00:00:00.000000000,2010-05-18 00:00:00.000000000,2010-05-18 00:00:00.000000000,2009-11-06 00:00:00.000000000,1910-01-01 00:00:00.000000000,2010-03-07 01:59:59.971200000,2009-08-13 01:59:59.971200000,84 days 22:00:00.028800000,71 days 22:00:00.028800000,-13 days +00:00:00.000000000
9903,2010-05-31 00:00:00.000000000,2010-05-18 00:00:00.000000000,2010-05-18 00:00:00.000000000,2009-11-06 00:00:00.000000000,1910-01-01 00:00:00.000000000,2010-03-07 01:59:59.971200000,2009-08-13 01:59:59.971200000,84 days 22:00:00.028800000,71 days 22:00:00.028800000,-13 days +00:00:00.000000000
9904,2010-05-31 00:00:00.000000000,2010-05-18 00:00:00.000000000,2010-05-18 00:00:00.000000000,2009-11-06 00:00:00.000000000,1910-01-01 00:00:00.000000000,2010-03-07 01:59:59.971200000,2009-08-13 01:59:59.971200000,84 days 22:00:00.028800000,71 days 22:00:00.028800000,-13 days +00:00:00.000000000
9905,2010-05-17 00:00:00.000000000,2010-05-19 00:00:00.000000000,2010-05-19 00:00:00.000000000,2009-10-23 00:00:00.000000000,1910-01-01 00:00:00.000000000,2010-02-06 18:40:00.019200000,2009-07-15 18:40:00.019200000,99 days 05:19:59.980800000,101 days 05:19:59.980800000,2 days 00:00:00.000000000
9906,2010-05-31 00:00:00.000000000,2010-05-18 00:00:00.000000000,2010-05-18 00:00:00.000000000,2009-11-06 00:00:00.000000000,1910-01-01 00:00:00.000000000,2010-03-07 01:59:59.971200000,2009-08-13 01:59:59.971200000,84 days 22:00:00.028800000,71 days 22:00:00.028800000,-13 days +00:00:00.000000000
9907,2010-05-10 00:00:00.000000000,2010-05-07 00:00:00.000000000,2010-05-07 00:00:00.000000000,2009-12-08 00:00:00.000000000,1910-01-01 00:00:00.000000000,2010-02-01 07:36:35.107200001,2009-09-01 07:36:35.107200001,97 days 16:23:24.892799999,94 days 16:23:24.892799999,-3 days +00:00:00.000000000
9908,2010-05-28 00:00:00.000000000,2010-05-31 00:00:00.000000000,2010-05-31 00:00:00.000000000,2009-03-17 00:00:00.000000000,1910-01-01 00:00:00.000000000,2010-03-05 00:00:00.000000000,2008-12-23 00:00:00.000000000,84 days 00:00:00.000000000,87 days 00:00:00.000000000,3 days 00:00:00.000000000
9909,2010-06-30 00:00:00.000000000,2010-06-14 00:00:00.000000000,2010-06-14 00:00:00.000000000,2009-12-23 00:00:00.000000000,1910-01-01 00:00:00.000000000,2010-03-26 22:00:00.028800000,2009-09-18 22:00:00.028800000,95 days 01:59:59.971200000,79 days 01:59:59.971200000,-16 days +00:00:00.000000000
9910,2010-06-03 00:00:00.000000000,2010-06-07 00:00:00.000000000,2010-06-07 00:00:00.000000000,2010-05-02 00:00:00.000000000,1910-01-01 00:00:00.000000000,2010-02-25 07:36:35.107200001,2010-01-24 07:36:35.107200001,97 days 16:23:24.892799999,101 days 16:23:24.892799999,4 days 00:00:00.000000000
9911,2010-06-21 00:00:00.000000000,2010-06-01 00:00:00.000000000,2010-06-01 00:00:00.000000000,2010-04-28 00:00:00.000000000,1910-01-01 00:00:00.000000000,2010-05-20 02:39:59.990400000,2010-03-27 02:39:59.990400000,31 days 21:20:00.009600000,11 days 21:20:00.009600000,-20 days +00:00:00.000000000
9912,2010-06-30 00:00:00.000000000,2010-06-29 00:00:00.000000000,2010-06-29 00:00:00.000000000,2009-09-25 00:00:00.000000000,1910-01-01 00:00:00.000000000,2010-03-14 09:49:05.462400000,2009-06-09 09:49:05.462400000,107 days 14:10:54.537600000,106 days 14:10:54.537600000,-1 days +00:00:00.000000000
9913,2010-07-05 00:00:00.000000000,2010-06-30 00:00:00.000000000,2010-06-30 00:00:00.000000000,2010-05-07 00:00:00.000000000,1910-01-01 00:00:00.000000000,2010-03-29 07:36:35.107200001,2010-01-29 07:36:35.107200001,97 days 16:23:24.892799999,92 days 16:23:24.892799999,-5 days +00:00:00.000000000
9914,2010-07-09 00:00:00.000000000,2010-07-05 00:00:00.000000000,2010-07-05 00:00:00.000000000,2009-12-08 00:00:00.000000000,1910-01-01 00:00:00.000000000,2010-04-02 07:36:35.107200001,2009-09-01 07:36:35.107200001,97 days 16:23:24.892799999,93 days 16:23:24.892799999,-4 days +00:00:00.000000000
9915,2010-07-15 00:00:00.000000000,2010-06-28 00:00:00.000000000,2010-06-28 00:00:00.000000000,2010-02-10 00:00:00.000000000,1910-01-01 00:00:00.000000000,2010-04-21 01:59:59.971200000,2009-11-17 01:59:59.971200000,84 days 22:00:00.028800000,67 days 22:00:00.028800000,-17 days +00:00:00.000000000
9916,2010-07-15 00:00:00.000000000,2010-06-28 00:00:00.000000000,2010-06-28 00:00:00.000000000,2010-02-10 00:00:00.000000000,1910-01-01 00:00:00.000000000,2010-04-21 01:59:59.971200000,2009-11-17 01:59:59.971200000,84 days 22:00:00.028800000,67 days 22:00:00.028800000,-17 days +00:00:00.000000000
9917,2010-07-15 00:00:00.000000000,2010-06-28 00:00:00.000000000,2010-06-28 00:00:00.000000000,2010-02-10 00:00:00.000000000,1910-01-01 00:00:00.000000000,2010-04-21 01:59:59.971200000,2009-11-17 01:59:59.971200000,84 days 22:00:00.028800000,67 days 22:00:00.028800000,-17 days +00:00:00.000000000
9918,2010-07-15 00:00:00.000000000,2010-06-28 00:00:00.000000000,2010-06-28 00:00:00.000000000,2010-02-10 00:00:00.000000000,1910-01-01 00:00:00.000000000,2010-04-21 01:59:59.971200000,2009-11-17 01:59:59.971200000,84 days 22:00:00.028800000,67 days 22:00:00.028800000,-17 days +00:00:00.000000000
9919,2010-07-15 00:00:00.000000000,2010-06-28 00:00:00.000000000,2010-06-28 00:00:00.000000000,2010-02-10 00:00:00.000000000,1910-01-01 00:00:00.000000000,2010-04-21 01:59:59.971200000,2009-11-17 01:59:59.971200000,84 days 22:00:00.028800000,67 days 22:00:00.028800000,-17 days +00:00:00.000000000
9920,2010-07-30 00:00:00.000000000,2010-07-22 00:00:00.000000000,2010-07-22 00:00:00.000000000,2009-12-08 00:00:00.000000000,1910-01-01 00:00:00.000000000,2010-05-07 00:00:00.000000000,2009-09-15 00:00:00.000000000,84 days 00:00:00.000000000,76 days 00:00:00.000000000,-8 days +00:00:00.000000000
9921,2010-08-31 00:00:00.000000000,2010-08-17 00:00:00.000000000,2010-08-17 00:00:00.000000000,2010-02-10 00:00:00.000000000,1910-01-01 00:00:00.000000000,2010-06-07 01:59:59.971200000,2009-11-17 01:59:59.971200000,84 days 22:00:00.028800000,70 days 22:00:00.028800000,-14 days +00:00:00.000000000
9922,2010-09-21 00:00:00.000000000,2010-07-19 00:00:00.000000000,2010-07-19 00:00:00.000000000,2010-06-28 00:00:00.000000000,1910-01-01 00:00:00.000000000,2010-08-20 02:39:59.990400000,2010-05-27 02:39:59.990400000,31 days 21:20:00.009600000,-33 days +21:20:00.009600000,-64 days +00:00:00.000000000
9923,2010-08-16 00:00:00.000000000,2010-08-17 00:00:00.000000000,2010-08-17 00:00:00.000000000,2010-02-10 00:00:00.000000000,1910-01-01 00:00:00.000000000,2010-05-23 01:59:59.971200000,2009-11-17 01:59:59.971200000,84 days 22:00:00.028800000,85 days 22:00:00.028800000,1 days 00:00:00.000000000
9924,2010-08-10 00:00:00.000000000,2010-08-23 00:00:00.000000000,2010-08-23 00:00:00.000000000,2010-04-19 00:00:00.000000000,1910-01-01 00:00:00.000000000,2010-05-02 18:40:00.019200000,2010-01-09 18:40:00.019200000,99 days 05:19:59.980800000,112 days 05:19:59.980800000,13 days 00:00:00.000000000
9925,2010-08-31 00:00:00.000000000,2010-08-17 00:00:00.000000000,2010-08-17 00:00:00.000000000,2010-05-27 00:00:00.000000000,1910-01-01 00:00:00.000000000,2010-06-07 01:59:59.971200000,2010-03-03 01:59:59.971200000,84 days 22:00:00.028800000,70 days 22:00:00.028800000,-14 days +00:00:00.000000000
9926,2010-08-31 00:00:00.000000000,2010-08-17 00:00:00.000000000,2010-08-17 00:00:00.000000000,2010-05-27 00:00:00.000000000,1910-01-01 00:00:00.000000000,2010-06-07 01:59:59.971200000,2010-03-03 01:59:59.971200000,84 days 22:00:00.028800000,70 days 22:00:00.028800000,-14 days +00:00:00.000000000
9927,2010-08-31 00:00:00.000000000,2010-08-17 00:00:00.000000000,2010-08-17 00:00:00.000000000,2010-05-27 00:00:00.000000000,1910-01-01 00:00:00.000000000,2010-06-07 01:59:59.971200000,2010-03-03 01:59:59.971200000,84 days 22:00:00.028800000,70 days 22:00:00.028800000,-14 days +00:00:00.000000000
9928,2010-08-31 00:00:00.000000000,2010-08-17 00:00:00.000000000,2010-08-17 00:00:00.000000000,2010-05-27 00:00:00.000000000,1910-01-01 00:00:00.000000000,2010-06-07 01:59:59.971200000,2010-03-03 01:59:59.971200000,84 days 22:00:00.028800000,70 days 22:00:00.028800000,-14 days +00:00:00.000000000
9929,2010-08-23 00:00:00.000000000,2010-08-23 00:00:00.000000000,2010-08-23 00:00:00.000000000,2010-03-03 00:00:00.000000000,1910-01-01 00:00:00.000000000,2010-05-17 07:36:35.107200001,2009-11-25 07:36:35.107200001,97 days 16:23:24.892799999,97 days 16:23:24.892799999,0 days 00:00:00.000000000
9930,2010-08-31 00:00:00.000000000,2010-08-23 00:00:00.000000000,2010-08-23 00:00:00.000000000,2010-06-23 00:00:00.000000000,1910-01-01 00:00:00.000000000,2010-05-25 07:36:35.107200001,2010-03-17 07:36:35.107200001,97 days 16:23:24.892799999,89 days 16:23:24.892799999,-8 days +00:00:00.000000000
9931,2010-08-31 00:00:00.000000000,2010-08-23 00:00:00.000000000,2010-08-23 00:00:00.000000000,2010-05-07 00:00:00.000000000,1910-01-01 00:00:00.000000000,2010-05-25 07:36:35.107200001,2010-01-29 07:36:35.107200001,97 days 16:23:24.892799999,89 days 16:23:24.892799999,-8 days +00:00:00.000000000
9932,2010-08-12 00:00:00.000000000,2010-08-17 00:00:00.000000000,2010-08-17 00:00:00.000000000,2010-02-10 00:00:00.000000000,1910-01-01 00:00:00.000000000,2010-05-19 01:59:59.971200000,2009-11-17 01:59:59.971200000,84 days 22:00:00.028800000,89 days 22:00:00.028800000,5 days 00:00:00.000000000
9933,2010-10-29 00:00:00.000000000,2010-09-27 00:00:00.000000000,2010-09-27 00:00:00.000000000,2010-08-06 00:00:00.000000000,1910-01-01 00:00:00.000000000,2010-08-24 09:52:56.496000001,2010-06-01 09:52:56.496000001,65 days 14:07:03.503999999,33 days 14:07:03.503999999,-32 days +00:00:00.000000000
9934,2010-09-21 00:00:00.000000000,2010-08-24 00:00:00.000000000,2010-08-24 00:00:00.000000000,2010-06-28 00:00:00.000000000,1910-01-01 00:00:00.000000000,2010-08-20 02:39:59.990400000,2010-05-27 02:39:59.990400000,31 days 21:20:00.009600000,3 days 21:20:00.009600000,-28 days +00:00:00.000000000
9935,2010-09-22 00:00:00.000000000,2010-09-01 00:00:00.000000000,2010-09-01 00:00:00.000000000,2010-05-20 00:00:00.000000000,1910-01-01 00:00:00.000000000,2010-06-06 09:49:05.462400000,2010-02-01 09:49:05.462400000,107 days 14:10:54.537600000,86 days 14:10:54.537600000,-21 days +00:00:00.000000000
9936,2010-09-10 00:00:00.000000000,2010-09-06 00:00:00.000000000,2010-09-06 00:00:00.000000000,2010-03-03 00:00:00.000000000,1910-01-01 00:00:00.000000000,2010-06-04 07:36:35.107200001,2009-11-25 07:36:35.107200001,97 days 16:23:24.892799999,93 days 16:23:24.892799999,-4 days +00:00:00.000000000
9937,2010-09-30 00:00:00.000000000,2010-09-10 00:00:00.000000000,2010-09-10 00:00:00.000000000,2010-08-16 00:00:00.000000000,1910-01-01 00:00:00.000000000,2010-06-08 10:30:00.000000000,2010-04-24 10:30:00.000000000,113 days 13:30:00.000000000,93 days 13:30:00.000000000,-20 days +00:00:00.000000000
9938,2010-09-30 00:00:00.000000000,2010-09-25 00:00:00.000000000,2010-09-25 00:00:00.000000000,2010-05-07 00:00:00.000000000,1910-01-01 00:00:00.000000000,2010-06-24 07:36:35.107200001,2010-01-29 07:36:35.107200001,97 days 16:23:24.892799999,92 days 16:23:24.892799999,-5 days +00:00:00.000000000
9939,2010-10-15 00:00:00.000000000,2010-10-29 00:00:00.000000000,2010-10-29 00:00:00.000000000,2010-02-15 00:00:00.000000000,1910-01-01 00:00:00.000000000,2010-07-11 22:00:00.028800000,2009-11-11 22:00:00.028800000,95 days 01:59:59.971200000,109 days 01:59:59.971200000,14 days 00:00:00.000000000
9940,2010-09-30 00:00:00.000000000,2010-10-07 00:00:00.000000000,2010-10-07 00:00:00.000000000,2010-04-19 00:00:00.000000000,1910-01-01 00:00:00.000000000,2010-06-22 18:40:00.019200000,2010-01-09 18:40:00.019200000,99 days 05:19:59.980800000,106 days 05:19:59.980800000,7 days 00:00:00.000000000
9941,2010-11-23 00:00:00.000000000,2010-09-19 00:00:00.000000000,2010-09-19 00:00:00.000000000,2010-08-30 00:00:00.000000000,1910-01-01 00:00:00.000000000,2010-10-01 17:08:34.310400000,2010-07-08 17:08:34.310400000,52 days 06:51:25.689600000,-13 days +06:51:25.689600000,-65 days +00:00:00.000000000
9942,2010-11-23 00:00:00.000000000,2010-09-19 00:00:00.000000000,2010-09-19 00:00:00.000000000,2010-08-30 00:00:00.000000000,1910-01-01 00:00:00.000000000,2010-10-01 17:08:34.310400000,2010-07-08 17:08:34.310400000,52 days 06:51:25.689600000,-13 days +06:51:25.689600000,-65 days +00:00:00.000000000
9943,2010-11-04 00:00:00.000000000,2010-10-12 00:00:00.000000000,2010-10-12 00:00:00.000000000,2010-05-20 00:00:00.000000000,1910-01-01 00:00:00.000000000,2010-07-19 09:49:05.462400000,2010-02-01 09:49:05.462400000,107 days 14:10:54.537600000,84 days 14:10:54.537600000,-23 days +00:00:00.000000000
9944,2010-10-22 00:00:00.000000000,2010-11-10 00:00:00.000000000,2010-11-10 00:00:00.000000000,2010-05-27 00:00:00.000000000,1910-01-01 00:00:00.000000000,2010-07-29 01:59:59.971200000,2010-03-03 01:59:59.971200000,84 days 22:00:00.028800000,103 days 22:00:00.028800000,19 days 00:00:00.000000000
9945,2010-10-22 00:00:00.000000000,2010-11-10 00:00:00.000000000,2010-11-10 00:00:00.000000000,2010-05-27 00:00:00.000000000,1910-01-01 00:00:00.000000000,2010-07-29 01:59:59.971200000,2010-03-03 01:59:59.971200000,84 days 22:00:00.028800000,103 days 22:00:00.028800000,19 days 00:00:00.000000000
9946,2010-11-04 00:00:00.000000000,2010-10-22 00:00:00.000000000,2010-10-22 00:00:00.000000000,2010-05-20 00:00:00.000000000,1910-01-01 00:00:00.000000000,2010-07-19 09:49:05.462400000,2010-02-01 09:49:05.462400000,107 days 14:10:54.537600000,94 days 14:10:54.537600000,-13 days +00:00:00.000000000
9947,2010-10-20 00:00:00.000000000,2010-10-26 00:00:00.000000000,2010-10-26 00:00:00.000000000,2010-09-16 00:00:00.000000000,1910-01-01 00:00:00.000000000,2010-08-15 09:52:56.496000001,2010-07-12 09:52:56.496000001,65 days 14:07:03.503999999,71 days 14:07:03.503999999,6 days 00:00:00.000000000
9948,2010-10-22 00:00:00.000000000,2010-11-10 00:00:00.000000000,2010-11-10 00:00:00.000000000,2010-05-27 00:00:00.000000000,1910-01-01 00:00:00.000000000,2010-07-29 01:59:59.971200000,2010-03-03 01:59:59.971200000,84 days 22:00:00.028800000,103 days 22:00:00.028800000,19 days 00:00:00.000000000
9949,2010-11-30 00:00:00.000000000,2010-11-26 00:00:00.000000000,2010-11-26 00:00:00.000000000,2010-06-23 00:00:00.000000000,1910-01-01 00:00:00.000000000,2010-08-24 07:36:35.107200001,2010-03-17 07:36:35.107200001,97 days 16:23:24.892799999,93 days 16:23:24.892799999,-4 days +00:00:00.000000000
9950,2010-11-30 00:00:00.000000000,2010-11-26 00:00:00.000000000,2010-11-26 00:00:00.000000000,2010-06-23 00:00:00.000000000,1910-01-01 00:00:00.000000000,2010-08-24 07:36:35.107200001,2010-03-17 07:36:35.107200001,97 days 16:23:24.892799999,93 days 16:23:24.892799999,-4 days +00:00:00.000000000
9951,2010-11-16 00:00:00.000000000,2010-11-10 00:00:00.000000000,2010-11-10 00:00:00.000000000,2010-02-10 00:00:00.000000000,1910-01-01 00:00:00.000000000,2010-08-23 01:59:59.971200000,2009-11-17 01:59:59.971200000,84 days 22:00:00.028800000,78 days 22:00:00.028800000,-6 days +00:00:00.000000000
9952,2010-11-18 00:00:00.000000000,2010-11-09 00:00:00.000000000,2010-11-09 00:00:00.000000000,2010-05-27 00:00:00.000000000,1910-01-01 00:00:00.000000000,2010-08-25 01:59:59.971200000,2010-03-03 01:59:59.971200000,84 days 22:00:00.028800000,75 days 22:00:00.028800000,-9 days +00:00:00.000000000
9953,2010-12-14 00:00:00.000000000,2011-01-07 00:00:00.000000000,2011-01-07 00:00:00.000000000,2010-02-18 00:00:00.000000000,1910-01-01 00:00:00.000000000,2010-09-09 22:00:00.028800000,2009-11-14 22:00:00.028800000,95 days 01:59:59.971200000,119 days 01:59:59.971200000,24 days 00:00:00.000000000
9954,2010-11-26 00:00:00.000000000,2010-12-03 00:00:00.000000000,2010-12-03 00:00:00.000000000,2010-05-20 00:00:00.000000000,1910-01-01 00:00:00.000000000,2010-08-10 09:49:05.462400000,2010-02-01 09:49:05.462400000,107 days 14:10:54.537600000,114 days 14:10:54.537600000,7 days 00:00:00.000000000
9955,2010-11-26 00:00:00.000000000,2010-12-03 00:00:00.000000000,2010-12-03 00:00:00.000000000,2010-05-20 00:00:00.000000000,1910-01-01 00:00:00.000000000,2010-08-10 09:49:05.462400000,2010-02-01 09:49:05.462400000,107 days 14:10:54.537600000,114 days 14:10:54.537600000,7 days 00:00:00.000000000
9956,2010-12-02 00:00:00.000000000,2010-11-29 00:00:00.000000000,2010-11-29 00:00:00.000000000,2010-09-16 00:00:00.000000000,1910-01-01 00:00:00.000000000,2010-09-27 09:52:56.496000001,2010-07-12 09:52:56.496000001,65 days 14:07:03.503999999,62 days 14:07:03.503999999,-3 days +00:00:00.000000000
9957,2010-11-30 00:00:00.000000000,2010-12-22 00:00:00.000000000,2010-12-22 00:00:00.000000000,2010-06-23 00:00:00.000000000,1910-01-01 00:00:00.000000000,2010-08-24 07:36:35.107200001,2010-03-17 07:36:35.107200001,97 days 16:23:24.892799999,119 days 16:23:24.892799999,22 days 00:00:00.000000000
9958,2011-01-31 00:00:00.000000000,2010-12-08 00:00:00.000000000,2010-12-08 00:00:00.000000000,2010-10-25 00:00:00.000000000,1910-01-01 00:00:00.000000000,2010-11-18 00:00:00.000000000,2010-08-12 00:00:00.000000000,74 days 00:00:00.000000000,20 days 00:00:00.000000000,-54 days +00:00:00.000000000
9959,2011-01-31 00:00:00.000000000,2010-12-08 00:00:00.000000000,2010-12-08 00:00:00.000000000,2010-10-25 00:00:00.000000000,1910-01-01 00:00:00.000000000,2010-11-18 00:00:00.000000000,2010-08-12 00:00:00.000000000,74 days 00:00:00.000000000,20 days 00:00:00.000000000,-54 days +00:00:00.000000000
9960,2010-12-15 00:00:00.000000000,2010-12-01 00:00:00.000000000,2010-12-01 00:00:00.000000000,2010-09-29 00:00:00.000000000,1910-01-01 00:00:00.000000000,2010-10-10 09:52:56.496000001,2010-07-25 09:52:56.496000001,65 days 14:07:03.503999999,51 days 14:07:03.503999999,-14 days +00:00:00.000000000
9961,2010-12-15 00:00:00.000000000,2010-12-15 00:00:00.000000000,2010-12-15 00:00:00.000000000,2010-08-03 00:00:00.000000000,1910-01-01 00:00:00.000000000,2010-09-08 07:36:35.107200001,2010-04-27 07:36:35.107200001,97 days 16:23:24.892799999,97 days 16:23:24.892799999,0 days 00:00:00.000000000
9962,2011-01-31 00:00:00.000000000,2011-01-24 00:00:00.000000000,2011-01-24 00:00:00.000000000,2010-08-20 00:00:00.000000000,1910-01-01 00:00:00.000000000,2010-11-05 10:54:32.688000000,2010-05-25 10:54:32.688000000,86 days 13:05:27.312000000,79 days 13:05:27.312000000,-7 days +00:00:00.000000000
9963,2011-01-31 00:00:00.000000000,2011-01-24 00:00:00.000000000,2011-01-24 00:00:00.000000000,2010-12-29 00:00:00.000000000,1910-01-01 00:00:00.000000000,2010-09-27 07:59:59.971200000,2010-08-25 07:59:59.971200000,125 days 16:00:00.028800000,118 days 16:00:00.028800000,-7 days +00:00:00.000000000
9964,2011-02-22 00:00:00.000000000,2011-02-16 00:00:00.000000000,2011-02-16 00:00:00.000000000,2010-08-25 00:00:00.000000000,1910-01-01 00:00:00.000000000,2010-11-19 01:00:00.028800000,2010-05-22 01:00:00.028800000,94 days 22:59:59.971200000,88 days 22:59:59.971200000,-6 days +00:00:00.000000000
9965,2011-02-22 00:00:00.000000000,2011-02-16 00:00:00.000000000,2011-02-16 00:00:00.000000000,2010-08-25 00:00:00.000000000,1910-01-01 00:00:00.000000000,2010-11-19 01:00:00.028800000,2010-05-22 01:00:00.028800000,94 days 22:59:59.971200000,88 days 22:59:59.971200000,-6 days +00:00:00.000000000
9966,2011-02-17 00:00:00.000000000,2011-02-16 00:00:00.000000000,2011-02-16 00:00:00.000000000,2010-08-25 00:00:00.000000000,1910-01-01 00:00:00.000000000,2010-11-14 01:00:00.028800000,2010-05-22 01:00:00.028800000,94 days 22:59:59.971200000,93 days 22:59:59.971200000,-1 days +00:00:00.000000000
9967,2011-02-21 00:00:00.000000000,2011-02-16 00:00:00.000000000,2011-02-16 00:00:00.000000000,2010-12-07 00:00:00.000000000,1910-01-01 00:00:00.000000000,2010-11-18 01:00:00.028800000,2010-09-03 01:00:00.028800000,94 days 22:59:59.971200000,89 days 22:59:59.971200000,-5 days +00:00:00.000000000
9968,2011-02-08 00:00:00.000000000,2010-12-23 00:00:00.000000000,2010-12-23 00:00:00.000000000,2010-10-31 00:00:00.000000000,1910-01-01 00:00:00.000000000,2010-11-08 13:42:51.465600000,2010-07-31 13:42:51.465600000,91 days 10:17:08.534400000,44 days 10:17:08.534400000,-47 days +00:00:00.000000000
9969,2011-02-28 00:00:00.000000000,2011-03-16 00:00:00.000000000,2011-03-16 00:00:00.000000000,2010-08-20 00:00:00.000000000,1910-01-01 00:00:00.000000000,2010-12-03 10:54:32.688000000,2010-05-25 10:54:32.688000000,86 days 13:05:27.312000000,102 days 13:05:27.312000000,16 days 00:00:00.000000000
9970,2011-02-16 00:00:00.000000000,2011-02-22 00:00:00.000000000,2011-02-22 00:00:00.000000000,2010-06-23 00:00:00.000000000,1910-01-01 00:00:00.000000000,2010-09-06 16:33:06.192000000,2010-01-11 16:33:06.192000000,162 days 07:26:53.808000000,168 days 07:26:53.808000000,6 days 00:00:00.000000000
9971,2011-03-31 00:00:00.000000000,2011-03-15 00:00:00.000000000,2011-03-15 00:00:00.000000000,2010-10-04 00:00:00.000000000,1910-01-01 00:00:00.000000000,2010-10-19 16:33:06.192000000,2010-04-24 16:33:06.192000000,162 days 07:26:53.808000000,146 days 07:26:53.808000000,-16 days +00:00:00.000000000
9972,2011-03-31 00:00:00.000000000,2011-03-15 00:00:00.000000000,2011-03-15 00:00:00.000000000,2010-10-04 00:00:00.000000000,1910-01-01 00:00:00.000000000,2010-10-19 16:33:06.192000000,2010-04-24 16:33:06.192000000,162 days 07:26:53.808000000,146 days 07:26:53.808000000,-16 days +00:00:00.000000000
9973,2011-03-31 00:00:00.000000000,2011-03-29 00:00:00.000000000,2011-03-29 00:00:00.000000000,2010-12-21 00:00:00.000000000,1910-01-01 00:00:00.000000000,2010-10-19 16:33:06.192000000,2010-07-11 16:33:06.192000000,162 days 07:26:53.808000000,160 days 07:26:53.808000000,-2 days +00:00:00.000000000
9974,2011-04-15 00:00:00.000000000,2011-04-05 00:00:00.000000000,2011-04-05 00:00:00.000000000,2010-11-08 00:00:00.000000000,1910-01-01 00:00:00.000000000,2011-01-18 10:54:32.688000000,2010-08-13 10:54:32.688000000,86 days 13:05:27.312000000,76 days 13:05:27.312000000,-10 days +00:00:00.000000000
9975,2011-04-05 00:00:00.000000000,2011-04-01 00:00:00.000000000,2011-04-01 00:00:00.000000000,2010-10-31 00:00:00.000000000,1910-01-01 00:00:00.000000000,2011-01-03 13:42:51.465600000,2010-07-31 13:42:51.465600000,91 days 10:17:08.534400000,87 days 10:17:08.534400000,-4 days +00:00:00.000000000
9976,2011-04-20 00:00:00.000000000,2011-06-10 00:00:00.000000000,2011-06-10 00:00:00.000000000,2010-12-21 00:00:00.000000000,1910-01-01 00:00:00.000000000,2010-11-08 16:33:06.192000000,2010-07-11 16:33:06.192000000,162 days 07:26:53.808000000,213 days 07:26:53.808000000,51 days 00:00:00.000000000
9977,2011-04-07 00:00:00.000000000,2011-03-31 00:00:00.000000000,2011-03-31 00:00:00.000000000,2011-03-07 00:00:00.000000000,1910-01-01 00:00:00.000000000,2011-01-07 21:40:38.726400000,2010-12-07 21:40:38.726400000,89 days 02:19:21.273600000,82 days 02:19:21.273600000,-7 days +00:00:00.000000000
9978,2011-06-21 00:00:00.000000000,2011-05-11 00:00:00.000000000,2011-05-11 00:00:00.000000000,2010-12-07 00:00:00.000000000,1910-01-01 00:00:00.000000000,2011-03-18 01:00:00.028800000,2010-09-03 01:00:00.028800000,94 days 22:59:59.971200000,53 days 22:59:59.971200000,-41 days +00:00:00.000000000
9979,2011-06-21 00:00:00.000000000,2011-05-10 00:00:00.000000000,2011-05-10 00:00:00.000000000,2010-12-07 00:00:00.000000000,1910-01-01 00:00:00.000000000,2011-03-18 01:00:00.028800000,2010-09-03 01:00:00.028800000,94 days 22:59:59.971200000,52 days 22:59:59.971200000,-42 days +00:00:00.000000000
9980,2011-04-20 00:00:00.000000000,2011-05-20 00:00:00.000000000,2011-05-20 00:00:00.000000000,2010-10-13 00:00:00.000000000,1910-01-01 00:00:00.000000000,2010-10-11 12:00:00.000000000,2010-04-05 12:00:00.000000000,190 days 12:00:00.000000000,220 days 12:00:00.000000000,30 days 00:00:00.000000000
9981,2011-05-31 00:00:00.000000000,2011-05-25 00:00:00.000000000,2011-05-25 00:00:00.000000000,2011-01-24 00:00:00.000000000,1910-01-01 00:00:00.000000000,2011-01-06 14:07:03.504000000,2010-09-01 14:07:03.504000000,144 days 09:52:56.496000000,138 days 09:52:56.496000000,-6 days +00:00:00.000000000
9982,2011-04-11 00:00:00.000000000,2011-05-20 00:00:00.000000000,2011-05-20 00:00:00.000000000,2010-10-15 00:00:00.000000000,1910-01-01 00:00:00.000000000,2011-01-14 10:54:32.688000000,2010-07-20 10:54:32.688000000,86 days 13:05:27.312000000,125 days 13:05:27.312000000,39 days 00:00:00.000000000
9983,2011-05-11 00:00:00.000000000,2011-05-24 00:00:00.000000000,2011-05-24 00:00:00.000000000,2011-02-14 00:00:00.000000000,1910-01-01 00:00:00.000000000,2011-02-08 13:42:51.465600000,2010-11-14 13:42:51.465600000,91 days 10:17:08.534400000,104 days 10:17:08.534400000,13 days 00:00:00.000000000
9984,2011-05-11 00:00:00.000000000,2011-05-24 00:00:00.000000000,2011-05-24 00:00:00.000000000,2011-02-14 00:00:00.000000000,1910-01-01 00:00:00.000000000,2011-02-08 13:42:51.465600000,2010-11-14 13:42:51.465600000,91 days 10:17:08.534400000,104 days 10:17:08.534400000,13 days 00:00:00.000000000
9985,2011-05-31 00:00:00.000000000,2011-06-13 00:00:00.000000000,2011-06-13 00:00:00.000000000,2010-10-13 00:00:00.000000000,1910-01-01 00:00:00.000000000,2010-11-21 12:00:00.000000000,2010-04-05 12:00:00.000000000,190 days 12:00:00.000000000,203 days 12:00:00.000000000,13 days 00:00:00.000000000
9986,2011-06-15 00:00:00.000000000,2011-07-06 00:00:00.000000000,2011-07-06 00:00:00.000000000,2011-02-21 00:00:00.000000000,1910-01-01 00:00:00.000000000,2011-03-12 01:00:00.028800000,2010-11-18 01:00:00.028800000,94 days 22:59:59.971200000,115 days 22:59:59.971200000,21 days 00:00:00.000000000
9987,2011-05-11 00:00:00.000000000,2011-06-13 00:00:00.000000000,2011-06-13 00:00:00.000000000,2011-03-01 00:00:00.000000000,1910-01-01 00:00:00.000000000,2011-02-13 10:54:32.688000000,2010-12-04 10:54:32.688000000,86 days 13:05:27.312000000,119 days 13:05:27.312000000,33 days 00:00:00.000000000
9988,2011-06-21 00:00:00.000000000,2011-07-05 00:00:00.000000000,2011-07-05 00:00:00.000000000,2010-12-07 00:00:00.000000000,1910-01-01 00:00:00.000000000,2011-03-18 01:00:00.028800000,2010-09-03 01:00:00.028800000,94 days 22:59:59.971200000,108 days 22:59:59.971200000,14 days 00:00:00.000000000
9989,2011-06-15 00:00:00.000000000,2011-07-06 00:00:00.000000000,2011-07-06 00:00:00.000000000,2011-02-21 00:00:00.000000000,1910-01-01 00:00:00.000000000,2011-03-12 01:00:00.028800000,2010-11-18 01:00:00.028800000,94 days 22:59:59.971200000,115 days 22:59:59.971200000,21 days 00:00:00.000000000
9990,2011-10-27 00:00:00.000000000,2011-06-15 00:00:00.000000000,2011-06-15 00:00:00.000000000,2011-05-04 00:00:00.000000000,1910-01-01 00:00:00.000000000,2011-08-12 14:24:00.000000000,2011-02-17 14:24:00.000000000,75 days 09:36:00.000000000,-59 days +09:36:00.000000000,-134 days +00:00:00.000000000
9991,2011-06-13 00:00:00.000000000,2011-06-09 00:00:00.000000000,2011-06-09 00:00:00.000000000,2011-05-15 00:00:00.000000000,1910-01-01 00:00:00.000000000,2011-04-28 00:00:00.000000000,2011-03-30 00:00:00.000000000,46 days 00:00:00.000000000,42 days 00:00:00.000000000,-4 days +00:00:00.000000000
9992,2011-04-30 00:00:00.000000000,2011-06-20 00:00:00.000000000,2011-06-20 00:00:00.000000000,2010-10-15 00:00:00.000000000,1910-01-01 00:00:00.000000000,2011-02-02 10:54:32.688000000,2010-07-20 10:54:32.688000000,86 days 13:05:27.312000000,137 days 13:05:27.312000000,51 days 00:00:00.000000000
9993,2011-06-30 00:00:00.000000000,2011-06-26 00:00:00.000000000,2011-06-26 00:00:00.000000000,2010-12-21 00:00:00.000000000,1910-01-01 00:00:00.000000000,2011-01-18 16:33:06.192000000,2010-07-11 16:33:06.192000000,162 days 07:26:53.808000000,158 days 07:26:53.808000000,-4 days +00:00:00.000000000
9994,2011-07-19 00:00:00.000000000,2011-06-28 00:00:00.000000000,2011-06-28 00:00:00.000000000,2010-12-14 00:00:00.000000000,1910-01-01 00:00:00.000000000,2011-04-12 01:36:00.028800000,2010-09-07 01:36:00.028800000,97 days 22:23:59.971200000,76 days 22:23:59.971200000,-21 days +00:00:00.000000000
9995,2011-08-31 00:00:00.000000000,2011-09-01 00:00:00.000000000,2011-09-01 00:00:00.000000000,2011-01-24 00:00:00.000000000,1910-01-01 00:00:00.000000000,2011-04-08 14:07:03.504000000,2010-09-01 14:07:03.504000000,144 days 09:52:56.496000000,145 days 09:52:56.496000000,1 days 00:00:00.000000000
9996,2011-07-22 00:00:00.000000000,2011-07-06 00:00:00.000000000,2011-07-06 00:00:00.000000000,2011-02-21 00:00:00.000000000,1910-01-01 00:00:00.000000000,2011-04-18 01:00:00.028800000,2010-11-18 01:00:00.028800000,94 days 22:59:59.971200000,78 days 22:59:59.971200000,-16 days +00:00:00.000000000
9997,2011-08-05 00:00:00.000000000,2011-08-05 00:00:00.000000000,2011-08-05 00:00:00.000000000,2011-02-14 00:00:00.000000000,1910-01-01 00:00:00.000000000,2011-05-05 13:42:51.465600000,2010-11-14 13:42:51.465600000,91 days 10:17:08.534400000,91 days 10:17:08.534400000,0 days 00:00:00.000000000
9998,2011-08-31 00:00:00.000000000,2011-09-15 00:00:00.000000000,2011-09-15 00:00:00.000000000,2011-01-24 00:00:00.000000000,1910-01-01 00:00:00.000000000,2011-04-08 14:07:03.504000000,2010-09-01 14:07:03.504000000,144 days 09:52:56.496000000,159 days 09:52:56.496000000,15 days 00:00:00.000000000
9999,2011-09-27 00:00:00.000000000,2011-09-12 00:00:00.000000000,2011-09-12 00:00:00.000000000,2011-05-03 00:00:00.000000000,1910-01-01 00:00:00.000000000,2011-04-17 16:33:06.192000000,2010-11-21 16:33:06.192000000,162 days 07:26:53.808000000,147 days 07:26:53.808000000,-15 days +00:00:00.000000000
10000,2011-08-31 00:00:00.000000,2011-08-03 00:00:00.000000,2011-08-03 00:00:00.000000,2011-02-21 00:00:00.000000,1910-01-01 00:00:00.000000,2011-05-28 01:00:00.028800,2010-11-18 01:00:00.028800,94 days 22:59:59.971200000,66 days 22:59:59.971200000,-28 days +00:00:00.000000000
10001,2011-09-22 00:00:00.000000,2011-08-26 00:00:00.000000,2011-08-26 00:00:00.000000,2011-07-13 00:00:00.000000,1910-01-01 00:00:00.000000,2011-06-22 13:42:51.465600,2011-04-12 13:42:51.465600,91 days 10:17:08.534400000,64 days 10:17:08.534400000,-27 days +00:00:00.000000000
10002,2011-09-27 00:00:00.000000,2011-09-10 00:00:00.000000,2011-09-10 00:00:00.000000,2011-05-03 00:00:00.000000,1910-01-01 00:00:00.000000,2011-04-17 16:33:06.192000,2010-11-21 16:33:06.192000,162 days 07:26:53.808000000,145 days 07:26:53.808000000,-17 days +00:00:00.000000000
10003,2011-11-14 00:00:00.000000,2011-11-14 00:00:00.000000,2011-11-14 00:00:00.000000,2011-06-13 00:00:00.000000,1910-01-01 00:00:00.000000,2011-06-23 13:25:06.153600,2011-01-20 13:25:06.153600,143 days 10:34:53.846400000,143 days 10:34:53.846400000,0 days 00:00:00.000000000
10004,2011-09-29 00:00:00.000000,2011-08-29 00:00:00.000000,2011-08-29 00:00:00.000000,2011-02-03 00:00:00.000000,1910-01-01 00:00:00.000000,2011-07-04 10:54:32.688000,2010-11-08 10:54:32.688000,86 days 13:05:27.312000000,55 days 13:05:27.312000000,-31 days +00:00:00.000000000
10005,2011-09-30 00:00:00.000000,2011-09-19 00:00:00.000000,2011-09-19 00:00:00.000000,2011-01-19 00:00:00.000000,1910-01-01 00:00:00.000000,2011-03-23 12:00:00.000000,2010-07-12 12:00:00.000000,190 days 12:00:00.000000000,179 days 12:00:00.000000000,-11 days +00:00:00.000000000
10006,2011-08-05 00:00:00.000000,2011-08-24 00:00:00.000000,2011-08-24 00:00:00.000000,2011-02-14 00:00:00.000000,1910-01-01 00:00:00.000000,2011-05-05 13:42:51.465600,2010-11-14 13:42:51.465600,91 days 10:17:08.534400000,110 days 10:17:08.534400000,19 days 00:00:00.000000000
10007,2011-11-30 00:00:00.000000,2011-11-30 00:00:00.000000,2011-11-30 00:00:00.000000,2011-01-24 00:00:00.000000,1910-01-01 00:00:00.000000,2011-07-08 14:07:03.504000,2010-09-01 14:07:03.504000,144 days 09:52:56.496000000,144 days 09:52:56.496000000,0 days 00:00:00.000000000
10008,2011-09-20 00:00:00.000000,2011-09-06 00:00:00.000000,2011-09-06 00:00:00.000000,2011-03-04 00:00:00.000000,1910-01-01 00:00:00.000000,2011-06-20 13:42:51.465600,2010-12-02 13:42:51.465600,91 days 10:17:08.534400000,77 days 10:17:08.534400000,-14 days +00:00:00.000000000
10009,2011-10-12 00:00:00.000000,2011-10-12 00:00:00.000000,2011-10-12 00:00:00.000000,2011-05-03 00:00:00.000000,1910-01-01 00:00:00.000000,2011-05-02 16:33:06.192000,2010-11-21 16:33:06.192000,162 days 07:26:53.808000000,162 days 07:26:53.808000000,0 days 00:00:00.000000000
10010,2011-09-30 00:00:00.000000,2011-10-07 00:00:00.000000,2011-10-07 00:00:00.000000,2011-01-19 00:00:00.000000,1910-01-01 00:00:00.000000,2011-03-23 12:00:00.000000,2010-07-12 12:00:00.000000,190 days 12:00:00.000000000,197 days 12:00:00.000000000,7 days 00:00:00.000000000
10011,2011-09-30 00:00:00.000000,2011-09-26 00:00:00.000000,2011-09-26 00:00:00.000000,2011-02-14 00:00:00.000000,1910-01-01 00:00:00.000000,2011-06-30 13:42:51.465600,2010-11-14 13:42:51.465600,91 days 10:17:08.534400000,87 days 10:17:08.534400000,-4 days +00:00:00.000000000
10012,2011-12-15 00:00:00.000000,2011-09-28 00:00:00.000000,2011-09-28 00:00:00.000000,2011-08-19 00:00:00.000000,1910-01-01 00:00:00.000000,2011-09-30 14:24:00.000000,2011-06-04 14:24:00.000000,75 days 09:36:00.000000000,-3 days +09:36:00.000000000,-78 days +00:00:00.000000000
10013,2011-12-15 00:00:00.000000,2011-09-28 00:00:00.000000,2011-09-28 00:00:00.000000,2011-08-19 00:00:00.000000,1910-01-01 00:00:00.000000,2011-09-30 14:24:00.000000,2011-06-04 14:24:00.000000,75 days 09:36:00.000000000,-3 days +09:36:00.000000000,-78 days +00:00:00.000000000
10014,2011-06-15 00:00:00.000000,2011-09-28 00:00:00.000000,2011-09-28 00:00:00.000000,2011-02-21 00:00:00.000000,1910-01-01 00:00:00.000000,2011-03-12 01:00:00.028800,2010-11-18 01:00:00.028800,94 days 22:59:59.971200000,199 days 22:59:59.971200000,105 days 00:00:00.000000000
10015,2011-11-03 00:00:00.000000,2011-09-28 00:00:00.000000,2011-09-28 00:00:00.000000,2011-06-06 00:00:00.000000,1910-01-01 00:00:00.000000,2011-07-31 01:00:00.028800,2011-03-03 01:00:00.028800,94 days 22:59:59.971200000,58 days 22:59:59.971200000,-36 days +00:00:00.000000000
10016,2012-01-19 00:00:00.000000,2011-11-04 00:00:00.000000,2011-11-04 00:00:00.000000,2011-09-11 00:00:00.000000,1910-01-01 00:00:00.000000,2011-09-04 04:48:00.000000,2011-04-27 04:48:00.000000,136 days 19:12:00.000000000,60 days 19:12:00.000000000,-76 days +00:00:00.000000000
10017,2011-10-31 00:00:00.000000,2012-02-28 00:00:00.000000,2012-02-28 00:00:00.000000,2011-06-13 00:00:00.000000,1910-01-01 00:00:00.000000,2011-06-09 13:25:06.153600,2011-01-20 13:25:06.153600,143 days 10:34:53.846400000,263 days 10:34:53.846400000,120 days 00:00:00.000000000
10018,2011-12-29 00:00:00.000000,2011-11-15 00:00:00.000000,2011-11-15 00:00:00.000000,2011-08-22 00:00:00.000000,1910-01-01 00:00:00.000000,2011-09-30 21:40:38.726400,2011-05-24 21:40:38.726400,89 days 02:19:21.273600000,45 days 02:19:21.273600000,-44 days +00:00:00.000000000
10019,2011-12-15 00:00:00.000000,2011-12-14 00:00:00.000000,2011-12-14 00:00:00.000000,2011-01-24 00:00:00.000000,1910-01-01 00:00:00.000000,2011-07-23 14:07:03.504000,2010-09-01 14:07:03.504000,144 days 09:52:56.496000000,143 days 09:52:56.496000000,-1 days +00:00:00.000000000
10020,2011-12-27 00:00:00.000000,2011-11-28 00:00:00.000000,2011-11-28 00:00:00.000000,2011-08-02 00:00:00.000000,1910-01-01 00:00:00.000000,2011-10-01 10:54:32.688000,2011-05-07 10:54:32.688000,86 days 13:05:27.312000000,57 days 13:05:27.312000000,-29 days +00:00:00.000000000
10021,2012-01-19 00:00:00.000000,2011-11-28 00:00:00.000000,2011-11-28 00:00:00.000000,2011-09-11 00:00:00.000000,1910-01-01 00:00:00.000000,2011-09-04 04:48:00.000000,2011-04-27 04:48:00.000000,136 days 19:12:00.000000000,84 days 19:12:00.000000000,-52 days +00:00:00.000000000
10022,2012-01-09 00:00:00.000000,2011-12-01 00:00:00.000000,2011-12-01 00:00:00.000000,2011-10-05 00:00:00.000000,1910-01-01 00:00:00.000000,2011-11-16 01:59:59.971200,2011-08-12 01:59:59.971200,53 days 22:00:00.028800000,14 days 22:00:00.028800000,-39 days +00:00:00.000000000
10023,2012-01-09 00:00:00.000000,2011-12-01 00:00:00.000000,2011-12-01 00:00:00.000000,2011-10-05 00:00:00.000000,1910-01-01 00:00:00.000000,2011-11-16 01:59:59.971200,2011-08-12 01:59:59.971200,53 days 22:00:00.028800000,14 days 22:00:00.028800000,-39 days +00:00:00.000000000
10024,2011-12-05 00:00:00.000000,2011-11-20 00:00:00.000000,2011-11-20 00:00:00.000000,2011-10-31 00:00:00.000000,1910-01-01 00:00:00.000000,2011-06-01 07:59:59.971200,2011-04-27 07:59:59.971200,186 days 16:00:00.028800000,171 days 16:00:00.028800000,-15 days +00:00:00.000000000
10025,2012-03-02 00:00:00.000000,2011-12-05 00:00:00.000000,2011-12-05 00:00:00.000000,2011-08-29 00:00:00.000000,1910-01-01 00:00:00.000000,2011-10-23 03:00:00.000000,2011-04-20 03:00:00.000000,130 days 21:00:00.000000000,42 days 21:00:00.000000000,-88 days +00:00:00.000000000
10026,2011-12-30 00:00:00.000000,2011-12-05 00:00:00.000000,2011-12-05 00:00:00.000000,2011-05-03 00:00:00.000000,1910-01-01 00:00:00.000000,2011-07-20 16:33:06.192000,2010-11-21 16:33:06.192000,162 days 07:26:53.808000000,137 days 07:26:53.808000000,-25 days +00:00:00.000000000
10027,2011-12-20 00:00:00.000000,2011-12-18 00:00:00.000000,2011-12-18 00:00:00.000000,2011-06-06 00:00:00.000000,1910-01-01 00:00:00.000000,2011-09-16 01:00:00.028800,2011-03-03 01:00:00.028800,94 days 22:59:59.971200000,92 days 22:59:59.971200000,-2 days +00:00:00.000000000
10028,2012-03-02 00:00:00.000000,2011-12-18 00:00:00.000000,2011-12-18 00:00:00.000000,2011-08-29 00:00:00.000000,1910-01-01 00:00:00.000000,2011-11-22 02:05:13.084800,2011-05-20 02:05:13.084800,100 days 21:54:46.915200000,25 days 21:54:46.915200000,-75 days +00:00:00.000000000
10029,2012-03-16 00:00:00.000000,2011-12-18 00:00:00.000000,2011-12-18 00:00:00.000000,2011-08-29 00:00:00.000000,1910-01-01 00:00:00.000000,2011-12-06 02:05:13.084800,2011-05-20 02:05:13.084800,100 days 21:54:46.915200000,11 days 21:54:46.915200000,-89 days +00:00:00.000000000
10030,2012-01-31 00:00:00.000000,2012-01-17 00:00:00.000000,2012-01-17 00:00:00.000000,2011-05-11 00:00:00.000000,1910-01-01 00:00:00.000000,2011-10-31 22:02:26.908800,2011-02-08 22:02:26.908800,91 days 01:57:33.091200000,77 days 01:57:33.091200000,-14 days +00:00:00.000000000
10031,2012-01-27 00:00:00.000000,2012-01-18 00:00:00.000000,2012-01-18 00:00:00.000000,2011-10-27 00:00:00.000000,1910-01-01 00:00:00.000000,2011-11-06 13:20:00.038400,2011-08-06 13:20:00.038400,81 days 10:39:59.961600000,72 days 10:39:59.961600000,-9 days +00:00:00.000000000
10032,2012-02-16 00:00:00.000000,2012-02-03 00:00:00.000000,2012-02-03 00:00:00.000000,2011-10-05 00:00:00.000000,1910-01-01 00:00:00.000000,2011-12-24 01:59:59.971200,2011-08-12 01:59:59.971200,53 days 22:00:00.028800000,40 days 22:00:00.028800000,-13 days +00:00:00.000000000
10033,2012-03-16 00:00:00.000000,2012-02-14 00:00:00.000000,2012-02-14 00:00:00.000000,2011-11-21 00:00:00.000000,1910-01-01 00:00:00.000000,2011-09-02 19:59:59.971200,2011-05-09 19:59:59.971200,195 days 04:00:00.028800000,164 days 04:00:00.028800000,-31 days +00:00:00.000000000
10034,2012-03-16 00:00:00.000000,2012-02-14 00:00:00.000000,2012-02-14 00:00:00.000000,2011-11-21 00:00:00.000000,1910-01-01 00:00:00.000000,2011-09-02 19:59:59.971200,2011-05-09 19:59:59.971200,195 days 04:00:00.028800000,164 days 04:00:00.028800000,-31 days +00:00:00.000000000
10035,2012-03-16 00:00:00.000000,2012-02-14 00:00:00.000000,2012-02-14 00:00:00.000000,2011-11-21 00:00:00.000000,1910-01-01 00:00:00.000000,2011-09-02 19:59:59.971200,2011-05-09 19:59:59.971200,195 days 04:00:00.028800000,164 days 04:00:00.028800000,-31 days +00:00:00.000000000
10036,2012-03-16 00:00:00.000000,2012-02-14 00:00:00.000000,2012-02-14 00:00:00.000000,2011-11-21 00:00:00.000000,1910-01-01 00:00:00.000000,2011-09-02 19:59:59.971200,2011-05-09 19:59:59.971200,195 days 04:00:00.028800000,164 days 04:00:00.028800000,-31 days +00:00:00.000000000
10037,2012-03-16 00:00:00.000000,2012-02-14 00:00:00.000000,2012-02-14 00:00:00.000000,2011-11-21 00:00:00.000000,1910-01-01 00:00:00.000000,2011-09-02 19:59:59.971200,2011-05-09 19:59:59.971200,195 days 04:00:00.028800000,164 days 04:00:00.028800000,-31 days +00:00:00.000000000
10038,2012-03-16 00:00:00.000000,2012-02-14 00:00:00.000000,2012-02-14 00:00:00.000000,2011-11-21 00:00:00.000000,1910-01-01 00:00:00.000000,2011-09-02 19:59:59.971200,2011-05-09 19:59:59.971200,195 days 04:00:00.028800000,164 days 04:00:00.028800000,-31 days +00:00:00.000000000
10039,2012-03-16 00:00:00.000000,2012-02-14 00:00:00.000000,2012-02-14 00:00:00.000000,2011-11-21 00:00:00.000000,1910-01-01 00:00:00.000000,2011-09-02 19:59:59.971200,2011-05-09 19:59:59.971200,195 days 04:00:00.028800000,164 days 04:00:00.028800000,-31 days +00:00:00.000000000
10040,2012-03-16 00:00:00.000000,2012-02-14 00:00:00.000000,2012-02-14 00:00:00.000000,2011-11-21 00:00:00.000000,1910-01-01 00:00:00.000000,2011-09-02 19:59:59.971200,2011-05-09 19:59:59.971200,195 days 04:00:00.028800000,164 days 04:00:00.028800000,-31 days +00:00:00.000000000
10041,2012-02-10 00:00:00.000000,2012-02-14 00:00:00.000000,2012-02-14 00:00:00.000000,2011-11-21 00:00:00.000000,1910-01-01 00:00:00.000000,2011-07-29 19:59:59.971200,2011-05-09 19:59:59.971200,195 days 04:00:00.028800000,199 days 04:00:00.028800000,4 days 00:00:00.000000000
10042,2012-03-30 00:00:00.000000,2012-02-04 00:00:00.000000,2012-02-04 00:00:00.000000,2011-10-27 00:00:00.000000,1910-01-01 00:00:00.000000,2012-01-08 13:20:00.038400,2011-08-06 13:20:00.038400,81 days 10:39:59.961600000,26 days 10:39:59.961600000,-55 days +00:00:00.000000000
10043,2012-03-16 00:00:00.000000,2012-04-03 00:00:00.000000,2012-04-03 00:00:00.000000,2011-11-21 00:00:00.000000,1910-01-01 00:00:00.000000,2011-09-02 19:59:59.971200,2011-05-09 19:59:59.971200,195 days 04:00:00.028800000,213 days 04:00:00.028800000,18 days 00:00:00.000000000
10044,2012-03-16 00:00:00.000000,2012-03-14 00:00:00.000000,2012-03-14 00:00:00.000000,2011-11-21 00:00:00.000000,1910-01-01 00:00:00.000000,2011-09-02 19:59:59.971200,2011-05-09 19:59:59.971200,195 days 04:00:00.028800000,193 days 04:00:00.028800000,-2 days +00:00:00.000000000
10045,2012-03-16 00:00:00.000000,2012-03-14 00:00:00.000000,2012-03-14 00:00:00.000000,2011-11-21 00:00:00.000000,1910-01-01 00:00:00.000000,2011-09-02 19:59:59.971200,2011-05-09 19:59:59.971200,195 days 04:00:00.028800000,193 days 04:00:00.028800000,-2 days +00:00:00.000000000
10046,2012-03-16 00:00:00.000000,2012-03-14 00:00:00.000000,2012-03-14 00:00:00.000000,2011-11-21 00:00:00.000000,1910-01-01 00:00:00.000000,2011-09-02 19:59:59.971200,2011-05-09 19:59:59.971200,195 days 04:00:00.028800000,193 days 04:00:00.028800000,-2 days +00:00:00.000000000
10047,2012-02-28 00:00:00.000000,2012-02-17 00:00:00.000000,2012-02-17 00:00:00.000000,2011-07-26 00:00:00.000000,1910-01-01 00:00:00.000000,2011-10-14 04:48:00.000000,2011-03-11 04:48:00.000000,136 days 19:12:00.000000000,125 days 19:12:00.000000000,-11 days +00:00:00.000000000
10048,2012-02-29 00:00:00.000000,2012-02-17 00:00:00.000000,2012-02-17 00:00:00.000000,2011-07-26 00:00:00.000000,1910-01-01 00:00:00.000000,2011-10-15 04:48:00.000000,2011-03-11 04:48:00.000000,136 days 19:12:00.000000000,124 days 19:12:00.000000000,-12 days +00:00:00.000000000
10049,2012-03-30 00:00:00.000000,2012-02-13 00:00:00.000000,2012-02-13 00:00:00.000000,2011-12-20 00:00:00.000000,1910-01-01 00:00:00.000000,2011-12-29 22:02:26.908800,2011-09-19 22:02:26.908800,91 days 01:57:33.091200000,45 days 01:57:33.091200000,-46 days +00:00:00.000000000
10050,2012-03-15 00:00:00.000000,2012-03-12 00:00:00.000000,2012-03-12 00:00:00.000000,2011-05-11 00:00:00.000000,1910-01-01 00:00:00.000000,2011-12-14 22:02:26.908800,2011-02-08 22:02:26.908800,91 days 01:57:33.091200000,88 days 01:57:33.091200000,-3 days +00:00:00.000000000
10051,2012-03-30 00:00:00.000000,2012-02-14 00:00:00.000000,2012-02-14 00:00:00.000000,2011-08-22 00:00:00.000000,1910-01-01 00:00:00.000000,2011-12-21 19:41:32.323200,2011-05-14 19:41:32.323200,99 days 04:18:27.676800000,54 days 04:18:27.676800000,-45 days +00:00:00.000000000
10052,2012-03-19 00:00:00.000000,2012-02-15 00:00:00.000000,2012-02-15 00:00:00.000000,2011-10-05 00:00:00.000000,1910-01-01 00:00:00.000000,2012-01-25 01:59:59.971200,2011-08-12 01:59:59.971200,53 days 22:00:00.028800000,20 days 22:00:00.028800000,-33 days +00:00:00.000000000
10053,2012-06-20 00:00:00.000000,2012-02-16 00:00:00.000000,2012-02-16 00:00:00.000000,2011-12-08 00:00:00.000000,1910-01-01 00:00:00.000000,2012-03-11 02:05:13.084800,2011-08-29 02:05:13.084800,100 days 21:54:46.915200000,-25 days +21:54:46.915200000,-125 days +00:00:00.000000000
10054,2012-06-20 00:00:00.000000,2012-02-16 00:00:00.000000,2012-02-16 00:00:00.000000,2011-12-08 00:00:00.000000,1910-01-01 00:00:00.000000,2012-03-11 02:05:13.084800,2011-08-29 02:05:13.084800,100 days 21:54:46.915200000,-25 days +21:54:46.915200000,-125 days +00:00:00.000000000
10055,2012-03-30 00:00:00.000000,2012-03-07 00:00:00.000000,2012-03-07 00:00:00.000000,2012-02-02 00:00:00.000000,1910-01-01 00:00:00.000000,2011-12-21 19:41:32.323200,2011-10-25 19:41:32.323200,99 days 04:18:27.676800000,76 days 04:18:27.676800000,-23 days +00:00:00.000000000
10056,2012-05-07 00:00:00.000000,2012-05-24 00:00:00.000000,2012-05-24 00:00:00.000000,2011-08-04 00:00:00.000000,1910-01-01 00:00:00.000000,2012-02-05 01:30:00.000000,2011-05-04 01:30:00.000000,91 days 22:30:00.000000000,108 days 22:30:00.000000000,17 days 00:00:00.000000000
10057,2012-04-26 00:00:00.000000,2012-05-04 00:00:00.000000,2012-05-04 00:00:00.000000,2012-01-25 00:00:00.000000,1910-01-01 00:00:00.000000,2012-03-01 07:59:59.971200,2011-11-30 07:59:59.971200,55 days 16:00:00.028800000,63 days 16:00:00.028800000,8 days 00:00:00.000000000
10058,2012-04-26 00:00:00.000000,2012-05-04 00:00:00.000000,2012-05-04 00:00:00.000000,2012-01-25 00:00:00.000000,1910-01-01 00:00:00.000000,2012-03-01 07:59:59.971200,2011-11-30 07:59:59.971200,55 days 16:00:00.028800000,63 days 16:00:00.028800000,8 days 00:00:00.000000000
10059,2012-04-24 00:00:00.000000,2012-04-03 00:00:00.000000,2012-04-03 00:00:00.000000,2012-02-10 00:00:00.000000,1910-01-01 00:00:00.000000,2012-03-01 01:59:59.971200,2011-12-18 01:59:59.971200,53 days 22:00:00.028800000,32 days 22:00:00.028800000,-21 days +00:00:00.000000000
10060,2012-05-03 00:00:00.000000,2012-03-27 00:00:00.000000,2012-03-27 00:00:00.000000,2012-02-20 00:00:00.000000,1910-01-01 00:00:00.000000,2012-03-10 01:59:59.971200,2011-12-28 01:59:59.971200,53 days 22:00:00.028800000,16 days 22:00:00.028800000,-37 days +00:00:00.000000000
10061,2012-04-13 00:00:00.000000,2012-04-10 00:00:00.000000,2012-04-10 00:00:00.000000,2011-10-04 00:00:00.000000,1910-01-01 00:00:00.000000,2011-09-05 17:08:34.310400,2011-02-25 17:08:34.310400,220 days 06:51:25.689600000,217 days 06:51:25.689600000,-3 days +00:00:00.000000000
10062,2012-04-13 00:00:00.000000,2012-04-10 00:00:00.000000,2012-04-10 00:00:00.000000,2011-10-04 00:00:00.000000,1910-01-01 00:00:00.000000,2011-09-05 17:08:34.310400,2011-02-25 17:08:34.310400,220 days 06:51:25.689600000,217 days 06:51:25.689600000,-3 days +00:00:00.000000000
10063,2012-04-13 00:00:00.000000,2012-04-10 00:00:00.000000,2012-04-10 00:00:00.000000,2011-10-04 00:00:00.000000,1910-01-01 00:00:00.000000,2011-09-05 17:08:34.310400,2011-02-25 17:08:34.310400,220 days 06:51:25.689600000,217 days 06:51:25.689600000,-3 days +00:00:00.000000000
10064,2012-05-15 00:00:00.000000,2012-04-16 00:00:00.000000,2012-04-16 00:00:00.000000,2011-09-27 00:00:00.000000,1910-01-01 00:00:00.000000,2011-12-30 04:48:00.000000,2011-05-13 04:48:00.000000,136 days 19:12:00.000000000,107 days 19:12:00.000000000,-29 days +00:00:00.000000000
10065,2012-05-07 00:00:00.000000,2012-05-10 00:00:00.000000,2012-05-10 00:00:00.000000,2011-08-04 00:00:00.000000,1910-01-01 00:00:00.000000,2012-02-05 01:30:00.000000,2011-05-04 01:30:00.000000,91 days 22:30:00.000000000,94 days 22:30:00.000000000,3 days 00:00:00.000000000
10066,2012-04-26 00:00:00.000000,2012-04-08 00:00:00.000000,2012-04-08 00:00:00.000000,2012-03-28 00:00:00.000000,1910-01-01 00:00:00.000000,2012-01-31 00:00:00.000000,2012-01-02 00:00:00.000000,86 days 00:00:00.000000000,68 days 00:00:00.000000000,-18 days +00:00:00.000000000
10067,2012-05-23 00:00:00.000000,2012-05-08 00:00:00.000000,2012-05-08 00:00:00.000000,2012-04-04 00:00:00.000000,1910-01-01 00:00:00.000000,2012-02-02 15:30:54.576000,2011-12-15 15:30:54.576000,110 days 08:29:05.424000000,95 days 08:29:05.424000000,-15 days +00:00:00.000000000
10068,2012-06-20 00:00:00.000000,2012-04-30 00:00:00.000000,2012-04-30 00:00:00.000000,2011-12-08 00:00:00.000000,1910-01-01 00:00:00.000000,2012-03-11 02:05:13.084800,2011-08-29 02:05:13.084800,100 days 21:54:46.915200000,49 days 21:54:46.915200000,-51 days +00:00:00.000000000
10069,2012-06-12 00:00:00.000000,2012-05-25 00:00:00.000000,2012-05-25 00:00:00.000000,2011-10-04 00:00:00.000000,1910-01-01 00:00:00.000000,2011-11-04 17:08:34.310400,2011-02-25 17:08:34.310400,220 days 06:51:25.689600000,202 days 06:51:25.689600000,-18 days +00:00:00.000000000
10070,2012-06-12 00:00:00.000000,2012-05-25 00:00:00.000000,2012-05-25 00:00:00.000000,2011-10-04 00:00:00.000000,1910-01-01 00:00:00.000000,2011-11-04 17:08:34.310400,2011-02-25 17:08:34.310400,220 days 06:51:25.689600000,202 days 06:51:25.689600000,-18 days +00:00:00.000000000
10071,2012-07-26 00:00:00.000000,2012-06-18 00:00:00.000000,2012-06-18 00:00:00.000000,2012-03-08 00:00:00.000000,1910-01-01 00:00:00.000000,2012-03-11 04:48:00.000000,2011-10-23 04:48:00.000000,136 days 19:12:00.000000000,98 days 19:12:00.000000000,-38 days +00:00:00.000000000
10072,2012-05-30 00:00:00.000000,2012-05-30 00:00:00.000000,2012-05-30 00:00:00.000000,2011-11-11 00:00:00.000000,1910-01-01 00:00:00.000000,2012-01-20 03:00:00.000000,2011-07-03 03:00:00.000000,130 days 21:00:00.000000000,130 days 21:00:00.000000000,0 days 00:00:00.000000000
10073,2012-08-23 00:00:00.000000,2012-06-18 00:00:00.000000,2012-06-18 00:00:00.000000,2012-03-08 00:00:00.000000,1910-01-01 00:00:00.000000,2012-04-08 04:48:00.000000,2011-10-23 04:48:00.000000,136 days 19:12:00.000000000,70 days 19:12:00.000000000,-66 days +00:00:00.000000000
10074,2012-08-24 00:00:00.000000,2012-06-04 00:00:00.000000,2012-06-04 00:00:00.000000,2012-05-11 00:00:00.000000,1910-01-01 00:00:00.000000,2012-05-30 00:00:00.000000,2012-02-15 00:00:00.000000,86 days 00:00:00.000000000,5 days 00:00:00.000000000,-81 days +00:00:00.000000000
10075,2012-08-17 00:00:00.000000,2012-06-08 00:00:00.000000,2012-06-08 00:00:00.000000,2012-05-09 00:00:00.000000,1910-01-01 00:00:00.000000,2012-06-24 01:59:59.971200,2012-03-16 01:59:59.971200,53 days 22:00:00.028800000,-17 days +22:00:00.028800000,-70 days +00:00:00.000000000
10076,2012-08-14 00:00:00.000000,2012-06-27 00:00:00.000000,2012-06-27 00:00:00.000000,2011-10-04 00:00:00.000000,1910-01-01 00:00:00.000000,2012-01-06 17:08:34.310400,2011-02-25 17:08:34.310400,220 days 06:51:25.689600000,172 days 06:51:25.689600000,-48 days +00:00:00.000000000
10077,2012-08-02 00:00:00.000000,2012-07-09 00:00:00.000000,2012-07-09 00:00:00.000000,2012-03-01 00:00:00.000000,1910-01-01 00:00:00.000000,2012-04-23 02:05:13.084800,2011-11-21 02:05:13.084800,100 days 21:54:46.915200000,76 days 21:54:46.915200000,-24 days +00:00:00.000000000
10078,2012-06-21 00:00:00.000000,2012-06-15 00:00:00.000000,2012-06-15 00:00:00.000000,2011-11-11 00:00:00.000000,1910-01-01 00:00:00.000000,2012-02-11 03:00:00.000000,2011-07-03 03:00:00.000000,130 days 21:00:00.000000000,124 days 21:00:00.000000000,-6 days +00:00:00.000000000
10079,2012-08-14 00:00:00.000000,2012-06-27 00:00:00.000000,2012-06-27 00:00:00.000000,2011-10-04 00:00:00.000000,1910-01-01 00:00:00.000000,2012-01-06 17:08:34.310400,2011-02-25 17:08:34.310400,220 days 06:51:25.689600000,172 days 06:51:25.689600000,-48 days +00:00:00.000000000
10080,2012-08-14 00:00:00.000000,2012-06-27 00:00:00.000000,2012-06-27 00:00:00.000000,2011-10-04 00:00:00.000000,1910-01-01 00:00:00.000000,2012-01-06 17:08:34.310400,2011-02-25 17:08:34.310400,220 days 06:51:25.689600000,172 days 06:51:25.689600000,-48 days +00:00:00.000000000
10081,2012-08-21 00:00:00.000000,2012-08-22 00:00:00.000000,2012-08-22 00:00:00.000000,2012-03-16 00:00:00.000000,1910-01-01 00:00:00.000000,2012-05-21 01:30:00.000000,2011-12-15 01:30:00.000000,91 days 22:30:00.000000000,92 days 22:30:00.000000000,1 days 00:00:00.000000000
10082,2012-10-16 00:00:00.000000,2012-06-27 00:00:00.000000,2012-06-27 00:00:00.000000,2011-10-04 00:00:00.000000,1910-01-01 00:00:00.000000,2012-03-09 17:08:34.310400,2011-02-25 17:08:34.310400,220 days 06:51:25.689600000,109 days 06:51:25.689600000,-111 days +00:00:00.000000000
10083,2012-08-02 00:00:00.000000,2012-06-03 00:00:00.000000,2012-06-03 00:00:00.000000,2012-03-01 00:00:00.000000,1910-01-01 00:00:00.000000,2012-04-23 02:05:13.084800,2011-11-21 02:05:13.084800,100 days 21:54:46.915200000,40 days 21:54:46.915200000,-60 days +00:00:00.000000000
10084,2012-08-02 00:00:00.000000,2012-06-03 00:00:00.000000,2012-06-03 00:00:00.000000,2012-03-01 00:00:00.000000,1910-01-01 00:00:00.000000,2012-04-23 02:05:13.084800,2011-11-21 02:05:13.084800,100 days 21:54:46.915200000,40 days 21:54:46.915200000,-60 days +00:00:00.000000000
10085,2012-08-07 00:00:00.000000,2012-07-25 00:00:00.000000,2012-07-25 00:00:00.000000,2011-08-22 00:00:00.000000,1910-01-01 00:00:00.000000,2012-04-29 19:41:32.323200,2011-05-14 19:41:32.323200,99 days 04:18:27.676800000,86 days 04:18:27.676800000,-13 days +00:00:00.000000000
10086,2012-09-04 00:00:00.000000,2012-08-22 00:00:00.000000,2012-08-22 00:00:00.000000,2012-03-16 00:00:00.000000,1910-01-01 00:00:00.000000,2012-06-04 01:30:00.000000,2011-12-15 01:30:00.000000,91 days 22:30:00.000000000,78 days 22:30:00.000000000,-13 days +00:00:00.000000000
10087,2012-08-23 00:00:00.000000,2012-07-30 00:00:00.000000,2012-07-30 00:00:00.000000,2012-03-08 00:00:00.000000,1910-01-01 00:00:00.000000,2012-04-08 04:48:00.000000,2011-10-23 04:48:00.000000,136 days 19:12:00.000000000,112 days 19:12:00.000000000,-24 days +00:00:00.000000000
10088,2012-08-23 00:00:00.000000,2012-07-30 00:00:00.000000,2012-07-30 00:00:00.000000,2012-03-08 00:00:00.000000,1910-01-01 00:00:00.000000,2012-04-08 04:48:00.000000,2011-10-23 04:48:00.000000,136 days 19:12:00.000000000,112 days 19:12:00.000000000,-24 days +00:00:00.000000000
10089,2012-07-26 00:00:00.000000,2012-07-30 00:00:00.000000,2012-07-30 00:00:00.000000,2012-03-08 00:00:00.000000,1910-01-01 00:00:00.000000,2012-03-11 04:48:00.000000,2011-10-23 04:48:00.000000,136 days 19:12:00.000000000,140 days 19:12:00.000000000,4 days 00:00:00.000000000
10090,2012-07-31 00:00:00.000000,2012-07-31 00:00:00.000000,2012-07-31 00:00:00.000000,2011-11-11 00:00:00.000000,1910-01-01 00:00:00.000000,2012-03-22 03:00:00.000000,2011-07-03 03:00:00.000000,130 days 21:00:00.000000000,130 days 21:00:00.000000000,0 days 00:00:00.000000000
10091,2012-08-31 00:00:00.000000,2012-08-22 00:00:00.000000,2012-08-22 00:00:00.000000,2012-01-31 00:00:00.000000,1910-01-01 00:00:00.000000,2012-05-23 19:41:32.323200,2011-10-23 19:41:32.323200,99 days 04:18:27.676800000,90 days 04:18:27.676800000,-9 days +00:00:00.000000000
10092,2012-07-30 00:00:00.000000,2012-07-24 00:00:00.000000,2012-07-24 00:00:00.000000,2011-12-08 00:00:00.000000,1910-01-01 00:00:00.000000,2012-04-20 02:05:13.084800,2011-08-29 02:05:13.084800,100 days 21:54:46.915200000,94 days 21:54:46.915200000,-6 days +00:00:00.000000000
10093,2012-08-02 00:00:00.000000,2012-07-24 00:00:00.000000,2012-07-24 00:00:00.000000,2012-03-01 00:00:00.000000,1910-01-01 00:00:00.000000,2012-04-23 02:05:13.084800,2011-11-21 02:05:13.084800,100 days 21:54:46.915200000,91 days 21:54:46.915200000,-9 days +00:00:00.000000000
10094,2012-07-30 00:00:00.000000,2012-07-24 00:00:00.000000,2012-07-24 00:00:00.000000,2011-12-08 00:00:00.000000,1910-01-01 00:00:00.000000,2012-04-20 02:05:13.084800,2011-08-29 02:05:13.084800,100 days 21:54:46.915200000,94 days 21:54:46.915200000,-6 days +00:00:00.000000000
10095,2012-08-15 00:00:00.000000,2012-08-15 00:00:00.000000,2012-08-15 00:00:00.000000,2012-04-19 00:00:00.000000,1910-01-01 00:00:00.000000,2012-04-06 03:00:00.000000,2011-12-10 03:00:00.000000,130 days 21:00:00.000000000,130 days 21:00:00.000000000,0 days 00:00:00.000000000
10096,2012-08-24 00:00:00.000000,2012-07-31 00:00:00.000000,2012-07-31 00:00:00.000000,2012-05-11 00:00:00.000000,1910-01-01 00:00:00.000000,2012-05-30 00:00:00.000000,2012-02-15 00:00:00.000000,86 days 00:00:00.000000000,62 days 00:00:00.000000000,-24 days +00:00:00.000000000
10097,2012-09-11 00:00:00.000000,2012-08-08 00:00:00.000000,2012-08-08 00:00:00.000000,2012-05-15 00:00:00.000000,1910-01-01 00:00:00.000000,2012-07-19 01:59:59.971200,2012-03-22 01:59:59.971200,53 days 22:00:00.028800000,19 days 22:00:00.028800000,-34 days +00:00:00.000000000
10098,2012-08-31 00:00:00.000000,2012-08-12 00:00:00.000000,2012-08-12 00:00:00.000000,2011-12-21 00:00:00.000000,1910-01-01 00:00:00.000000,2012-04-22 03:00:00.000000,2011-08-12 03:00:00.000000,130 days 21:00:00.000000000,111 days 21:00:00.000000000,-19 days +00:00:00.000000000
10099,2012-08-31 00:00:00.000000,2012-08-16 00:00:00.000000,2012-08-16 00:00:00.000000,2012-05-11 00:00:00.000000,1910-01-01 00:00:00.000000,2012-06-06 00:00:00.000000,2012-02-15 00:00:00.000000,86 days 00:00:00.000000000,71 days 00:00:00.000000000,-15 days +00:00:00.000000000
10100,2012-08-30 00:00:00.000000,2012-08-30 00:00:00.000000,2012-08-30 00:00:00.000000,2012-07-23 00:00:00.000000,1910-01-01 00:00:00.000000,2012-05-09 00:00:00.000000,2012-04-01 00:00:00.000000,113 days 00:00:00.000000000,113 days 00:00:00.000000000,0 days 00:00:00.000000000
10101,2012-08-20 00:00:00.000000,2012-08-14 00:00:00.000000,2012-08-14 00:00:00.000000,2012-03-01 00:00:00.000000,1910-01-01 00:00:00.000000,2012-05-11 02:05:13.084800,2011-11-21 02:05:13.084800,100 days 21:54:46.915200000,94 days 21:54:46.915200000,-6 days +00:00:00.000000000
10102,2012-08-31 00:00:00.000000,2012-08-14 00:00:00.000000,2012-08-14 00:00:00.000000,2012-03-01 00:00:00.000000,1910-01-01 00:00:00.000000,2012-05-22 02:05:13.084800,2011-11-21 02:05:13.084800,100 days 21:54:46.915200000,83 days 21:54:46.915200000,-17 days +00:00:00.000000000
10103,2012-10-02 00:00:00.000000,2012-08-29 00:00:00.000000,2012-08-29 00:00:00.000000,2012-07-05 00:00:00.000000,1910-01-01 00:00:00.000000,2012-07-12 13:20:00.038400,2012-04-14 13:20:00.038400,81 days 10:39:59.961600000,47 days 10:39:59.961600000,-34 days +00:00:00.000000000
10104,2013-02-14 00:00:00.000000,2013-02-14 00:00:00.000000,2013-02-14 00:00:00.000000,2012-05-15 00:00:00.000000,1910-01-01 00:00:00.000000,2012-08-25 09:13:50.736000,2011-11-24 09:13:50.736000,172 days 14:46:09.264000000,172 days 14:46:09.264000000,0 days 00:00:00.000000000
10105,2013-02-14 00:00:00.000000,2013-02-14 00:00:00.000000,2013-02-14 00:00:00.000000,2012-05-15 00:00:00.000000,1910-01-01 00:00:00.000000,2012-08-25 09:13:50.736000,2011-11-24 09:13:50.736000,172 days 14:46:09.264000000,172 days 14:46:09.264000000,0 days 00:00:00.000000000
10106,2012-08-31 00:00:00.000000,2012-08-13 00:00:00.000000,2012-08-13 00:00:00.000000,2012-03-01 00:00:00.000000,1910-01-01 00:00:00.000000,2012-05-22 02:05:13.084800,2011-11-21 02:05:13.084800,100 days 21:54:46.915200000,82 days 21:54:46.915200000,-18 days +00:00:00.000000000
10107,2012-10-29 00:00:00.000000,2012-10-29 00:00:00.000000,2012-10-29 00:00:00.000000,2012-06-06 00:00:00.000000,1910-01-01 00:00:00.000000,2012-09-05 01:59:59.971200,2012-04-13 01:59:59.971200,53 days 22:00:00.028800000,53 days 22:00:00.028800000,0 days 00:00:00.000000000
10108,2012-10-31 00:00:00.000000,2012-10-31 00:00:00.000000,2012-10-31 00:00:00.000000,2012-05-09 00:00:00.000000,1910-01-01 00:00:00.000000,2012-09-07 01:59:59.971200,2012-03-16 01:59:59.971200,53 days 22:00:00.028800000,53 days 22:00:00.028800000,0 days 00:00:00.000000000
10109,2012-11-15 00:00:00.000000,2012-11-15 00:00:00.000000,2012-11-15 00:00:00.000000,2012-01-31 00:00:00.000000,1910-01-01 00:00:00.000000,2012-08-07 19:41:32.323200,2011-10-23 19:41:32.323200,99 days 04:18:27.676800000,99 days 04:18:27.676800000,0 days 00:00:00.000000000
10110,2012-11-15 00:00:00.000000,2012-10-23 00:00:00.000000,2012-10-23 00:00:00.000000,2012-08-17 00:00:00.000000,1910-01-01 00:00:00.000000,2012-08-11 11:17:38.803200,2012-05-13 11:17:38.803200,95 days 12:42:21.196800000,72 days 12:42:21.196800000,-23 days +00:00:00.000000000
10111,2012-10-30 00:00:00.000000,2012-10-10 00:00:00.000000,2012-10-10 00:00:00.000000,2012-06-28 00:00:00.000000,1910-01-01 00:00:00.000000,2012-07-30 01:30:00.000000,2012-03-28 01:30:00.000000,91 days 22:30:00.000000000,71 days 22:30:00.000000000,-20 days +00:00:00.000000000
10112,2012-10-10 00:00:00.000000,2012-10-05 00:00:00.000000,2012-10-05 00:00:00.000000,2012-04-27 00:00:00.000000,1910-01-01 00:00:00.000000,2012-05-26 04:48:00.000000,2011-12-12 04:48:00.000000,136 days 19:12:00.000000000,131 days 19:12:00.000000000,-5 days +00:00:00.000000000
10113,2012-10-31 00:00:00.000000,2012-10-05 00:00:00.000000,2012-10-05 00:00:00.000000,2012-05-15 00:00:00.000000,1910-01-01 00:00:00.000000,2012-03-24 17:08:34.310400,2011-10-07 17:08:34.310400,220 days 06:51:25.689600000,194 days 06:51:25.689600000,-26 days +00:00:00.000000000
10114,2012-11-30 00:00:00.000000,2012-11-30 00:00:00.000000,2012-11-30 00:00:00.000000,2012-08-17 00:00:00.000000,1910-01-01 00:00:00.000000,2012-08-26 11:17:38.803200,2012-05-13 11:17:38.803200,95 days 12:42:21.196800000,95 days 12:42:21.196800000,0 days 00:00:00.000000000
10115,2012-10-30 00:00:00.000000,2012-10-24 00:00:00.000000,2012-10-24 00:00:00.000000,2012-04-19 00:00:00.000000,1910-01-01 00:00:00.000000,2012-06-21 03:00:00.000000,2011-12-10 03:00:00.000000,130 days 21:00:00.000000000,124 days 21:00:00.000000000,-6 days +00:00:00.000000000
10116,2012-10-31 00:00:00.000000,2012-10-18 00:00:00.000000,2012-10-18 00:00:00.000000,2012-05-15 00:00:00.000000,1910-01-01 00:00:00.000000,2012-03-24 17:08:34.310400,2011-10-07 17:08:34.310400,220 days 06:51:25.689600000,207 days 06:51:25.689600000,-13 days +00:00:00.000000000
10117,2012-10-31 00:00:00.000000,2012-10-18 00:00:00.000000,2012-10-18 00:00:00.000000,2012-05-15 00:00:00.000000,1910-01-01 00:00:00.000000,2012-03-24 17:08:34.310400,2011-10-07 17:08:34.310400,220 days 06:51:25.689600000,207 days 06:51:25.689600000,-13 days +00:00:00.000000000
10118,2012-11-30 00:00:00.000000,2012-10-31 00:00:00.000000,2012-10-31 00:00:00.000000,2012-05-02 00:00:00.000000,1910-01-01 00:00:00.000000,2012-08-22 19:41:32.323200,2012-01-23 19:41:32.323200,99 days 04:18:27.676800000,69 days 04:18:27.676800000,-30 days +00:00:00.000000000
10119,2012-10-31 00:00:00.000000,2012-10-19 00:00:00.000000,2012-10-19 00:00:00.000000,2012-04-27 00:00:00.000000,1910-01-01 00:00:00.000000,2012-06-16 04:48:00.000000,2011-12-12 04:48:00.000000,136 days 19:12:00.000000000,124 days 19:12:00.000000000,-12 days +00:00:00.000000000
10120,2012-11-30 00:00:00.000000,2012-11-06 00:00:00.000000,2012-11-06 00:00:00.000000,2012-02-15 00:00:00.000000,1910-01-01 00:00:00.000000,2012-08-22 19:41:32.323200,2011-11-07 19:41:32.323200,99 days 04:18:27.676800000,75 days 04:18:27.676800000,-24 days +00:00:00.000000000
10121,2012-11-08 00:00:00.000000,2012-10-29 00:00:00.000000,2012-10-29 00:00:00.000000,2012-08-30 00:00:00.000000,1910-01-01 00:00:00.000000,2012-09-15 01:59:59.971200,2012-07-07 01:59:59.971200,53 days 22:00:00.028800000,43 days 22:00:00.028800000,-10 days +00:00:00.000000000
10122,2013-01-31 00:00:00.000000,2012-10-24 00:00:00.000000,2012-10-24 00:00:00.000000,2012-09-11 00:00:00.000000,1910-01-01 00:00:00.000000,2012-10-05 23:13:32.908800,2012-05-16 23:13:32.908800,117 days 00:46:27.091200000,18 days 00:46:27.091200000,-99 days +00:00:00.000000000
10123,2012-12-17 00:00:00.000000,2012-12-17 00:00:00.000000,2012-12-17 00:00:00.000000,2012-04-27 00:00:00.000000,1910-01-01 00:00:00.000000,2012-08-02 04:48:00.000000,2011-12-12 04:48:00.000000,136 days 19:12:00.000000000,136 days 19:12:00.000000000,0 days 00:00:00.000000000
10124,2012-12-17 00:00:00.000000,2012-12-17 00:00:00.000000,2012-12-17 00:00:00.000000,2012-04-27 00:00:00.000000,1910-01-01 00:00:00.000000,2012-08-02 04:48:00.000000,2011-12-12 04:48:00.000000,136 days 19:12:00.000000000,136 days 19:12:00.000000000,0 days 00:00:00.000000000
10125,2012-12-06 00:00:00.000000,2012-11-20 00:00:00.000000,2012-11-20 00:00:00.000000,2012-08-30 00:00:00.000000,1910-01-01 00:00:00.000000,2012-10-13 01:59:59.971200,2012-07-07 01:59:59.971200,53 days 22:00:00.028800000,37 days 22:00:00.028800000,-16 days +00:00:00.000000000
10126,2012-12-07 00:00:00.000000,2012-11-28 00:00:00.000000,2012-11-28 00:00:00.000000,2012-10-10 00:00:00.000000,1910-01-01 00:00:00.000000,2012-10-14 01:59:59.971200,2012-08-17 01:59:59.971200,53 days 22:00:00.028800000,44 days 22:00:00.028800000,-9 days +00:00:00.000000000
10127,2013-01-11 00:00:00.000000,2013-01-11 00:00:00.000000,2013-01-11 00:00:00.000000,2012-06-28 00:00:00.000000,1910-01-01 00:00:00.000000,2012-08-24 16:00:00.028800,2012-02-09 16:00:00.028800,139 days 07:59:59.971200000,139 days 07:59:59.971200000,0 days 00:00:00.000000000
10128,2012-12-04 00:00:00.000000,2012-12-04 00:00:00.000000,2012-12-04 00:00:00.000000,2012-05-23 00:00:00.000000,1910-01-01 00:00:00.000000,2012-08-25 02:05:13.084800,2012-02-12 02:05:13.084800,100 days 21:54:46.915200000,100 days 21:54:46.915200000,0 days 00:00:00.000000000
10129,2012-12-31 00:00:00.000000,2012-12-06 00:00:00.000000,2012-12-06 00:00:00.000000,2012-04-19 00:00:00.000000,1910-01-01 00:00:00.000000,2012-08-22 03:00:00.000000,2011-12-10 03:00:00.000000,130 days 21:00:00.000000000,105 days 21:00:00.000000000,-25 days +00:00:00.000000000
10130,2013-02-01 00:00:00.000000,2013-01-14 00:00:00.000000,2013-01-14 00:00:00.000000,2012-07-24 00:00:00.000000,1910-01-01 00:00:00.000000,2012-10-06 23:13:32.908800,2012-03-28 23:13:32.908800,117 days 00:46:27.091200000,99 days 00:46:27.091200000,-18 days +00:00:00.000000000
10131,2013-02-01 00:00:00.000000,2013-01-14 00:00:00.000000,2013-01-14 00:00:00.000000,2012-07-24 00:00:00.000000,1910-01-01 00:00:00.000000,2012-10-06 23:13:32.908800,2012-03-28 23:13:32.908800,117 days 00:46:27.091200000,99 days 00:46:27.091200000,-18 days +00:00:00.000000000
10132,2013-02-27 00:00:00.000000,2013-01-14 00:00:00.000000,2013-01-14 00:00:00.000000,2012-09-06 00:00:00.000000,1910-01-01 00:00:00.000000,2012-11-01 23:13:32.908800,2012-05-11 23:13:32.908800,117 days 00:46:27.091200000,73 days 00:46:27.091200000,-44 days +00:00:00.000000000
10133,2013-03-04 00:00:00.000000,2013-03-04 00:00:00.000000,2013-03-04 00:00:00.000000,2012-08-24 00:00:00.000000,1910-01-01 00:00:00.000000,2012-11-22 04:16:00.019200,2012-05-14 04:16:00.019200,101 days 19:43:59.980800000,101 days 19:43:59.980800000,0 days 00:00:00.000000000
10134,2013-01-11 00:00:00.000000,2013-01-11 00:00:00.000000,2013-01-11 00:00:00.000000,2012-06-28 00:00:00.000000,1910-01-01 00:00:00.000000,2012-08-24 16:00:00.028800,2012-02-09 16:00:00.028800,139 days 07:59:59.971200000,139 days 07:59:59.971200000,0 days 00:00:00.000000000
10135,2013-02-28 00:00:00.000000,2013-01-25 00:00:00.000000,2013-01-25 00:00:00.000000,2012-07-24 00:00:00.000000,1910-01-01 00:00:00.000000,2012-11-02 23:13:32.908800,2012-03-28 23:13:32.908800,117 days 00:46:27.091200000,83 days 00:46:27.091200000,-34 days +00:00:00.000000000
10136,2012-12-21 00:00:00.000000,2012-12-13 00:00:00.000000,2012-12-13 00:00:00.000000,2012-09-11 00:00:00.000000,1910-01-01 00:00:00.000000,2012-05-14 17:08:34.310400,2012-02-03 17:08:34.310400,220 days 06:51:25.689600000,212 days 06:51:25.689600000,-8 days +00:00:00.000000000
10137,2013-09-11 00:00:00.000000,2013-09-11 00:00:00.000000,2013-09-11 00:00:00.000000,2012-11-16 00:00:00.000000,1910-01-01 00:00:00.000000,2013-03-22 09:13:50.736000,2012-05-27 09:13:50.736000,172 days 14:46:09.264000000,172 days 14:46:09.264000000,0 days 00:00:00.000000000
10138,2013-02-22 00:00:00.000000,2013-02-25 00:00:00.000000,2013-02-25 00:00:00.000000,2012-12-13 00:00:00.000000,1910-01-01 00:00:00.000000,2012-11-21 18:00:00.000000,2012-09-11 18:00:00.000000,92 days 06:00:00.000000000,95 days 06:00:00.000000000,3 days 00:00:00.000000000
10139,2013-02-11 00:00:00.000000,2013-03-07 00:00:00.000000,2013-03-07 00:00:00.000000,2012-10-10 00:00:00.000000,1910-01-01 00:00:00.000000,2012-11-10 18:00:00.000000,2012-07-09 18:00:00.000000,92 days 06:00:00.000000000,116 days 06:00:00.000000000,24 days 00:00:00.000000000
10140,2013-03-22 00:00:00.000000,2013-03-22 00:00:00.000000,2013-03-22 00:00:00.000000,2012-11-12 00:00:00.000000,1910-01-01 00:00:00.000000,2012-11-02 16:00:00.028800,2012-06-25 16:00:00.028800,139 days 07:59:59.971200000,139 days 07:59:59.971200000,0 days 00:00:00.000000000
10141,2013-03-18 00:00:00.000000,2013-08-08 00:00:00.000000,2013-08-08 00:00:00.000000,2012-11-20 00:00:00.000000,1910-01-01 00:00:00.000000,2012-09-26 09:13:50.736000,2012-05-31 09:13:50.736000,172 days 14:46:09.264000000,315 days 14:46:09.264000000,143 days 00:00:00.000000000
10142,2013-03-18 00:00:00.000000,2013-08-08 00:00:00.000000,2013-08-08 00:00:00.000000,2012-11-20 00:00:00.000000,1910-01-01 00:00:00.000000,2012-09-26 09:13:50.736000,2012-05-31 09:13:50.736000,172 days 14:46:09.264000000,315 days 14:46:09.264000000,143 days 00:00:00.000000000
10143,2013-02-28 00:00:00.000000,2013-02-28 00:00:00.000000,2013-02-28 00:00:00.000000,2012-09-11 00:00:00.000000,1910-01-01 00:00:00.000000,2012-11-02 23:13:32.908800,2012-05-16 23:13:32.908800,117 days 00:46:27.091200000,117 days 00:46:27.091200000,0 days 00:00:00.000000000
10144,2013-03-15 00:00:00.000000,2013-02-25 00:00:00.000000,2013-02-25 00:00:00.000000,2012-08-09 00:00:00.000000,1910-01-01 00:00:00.000000,2012-12-08 08:16:33.139200,2012-05-04 08:16:33.139200,96 days 15:43:26.860800000,78 days 15:43:26.860800000,-18 days +00:00:00.000000000
10145,2013-03-15 00:00:00.000000,2013-02-25 00:00:00.000000,2013-02-25 00:00:00.000000,2012-08-09 00:00:00.000000,1910-01-01 00:00:00.000000,2012-12-08 08:16:33.139200,2012-05-04 08:16:33.139200,96 days 15:43:26.860800000,78 days 15:43:26.860800000,-18 days +00:00:00.000000000
10146,2013-03-14 00:00:00.000000,2013-03-14 00:00:00.000000,2013-03-14 00:00:00.000000,2012-09-11 00:00:00.000000,1910-01-01 00:00:00.000000,2012-09-07 08:43:38.150400,2012-03-07 08:43:38.150400,187 days 15:16:21.849600000,187 days 15:16:21.849600000,0 days 00:00:00.000000000
10147,2013-04-15 00:00:00.000000,2013-03-23 00:00:00.000000,2013-03-23 00:00:00.000000,2012-09-11 00:00:00.000000,1910-01-01 00:00:00.000000,2012-10-09 08:43:38.150400,2012-03-07 08:43:38.150400,187 days 15:16:21.849600000,164 days 15:16:21.849600000,-23 days +00:00:00.000000000
10148,2013-06-25 00:00:00.000000,2013-04-01 00:00:00.000000,2013-04-01 00:00:00.000000,2013-01-28 00:00:00.000000,1910-01-01 00:00:00.000000,2013-03-30 04:10:26.083200,2012-11-02 04:10:26.083200,86 days 19:49:33.916800000,1 days 19:49:33.916800000,-85 days +00:00:00.000000000
10149,2013-04-18 00:00:00.000000,2013-03-15 00:00:00.000000,2013-03-15 00:00:00.000000,2013-01-28 00:00:00.000000,1910-01-01 00:00:00.000000,2013-02-04 22:09:13.852800,2012-11-16 22:09:13.852800,72 days 01:50:46.147200000,38 days 01:50:46.147200000,-34 days +00:00:00.000000000
10150,2013-04-15 00:00:00.000000,2013-04-08 00:00:00.000000,2013-04-08 00:00:00.000000,2012-09-11 00:00:00.000000,1910-01-01 00:00:00.000000,2012-10-09 08:43:38.150400,2012-03-07 08:43:38.150400,187 days 15:16:21.849600000,180 days 15:16:21.849600000,-7 days +00:00:00.000000000
10151,2013-05-02 00:00:00.000000,2013-03-29 00:00:00.000000,2013-03-29 00:00:00.000000,2013-02-20 00:00:00.000000,1910-01-01 00:00:00.000000,2013-02-13 06:00:00.000000,2012-12-04 06:00:00.000000,77 days 18:00:00.000000000,43 days 18:00:00.000000000,-34 days +00:00:00.000000000
10152,2013-06-06 00:00:00.000000,2013-06-20 00:00:00.000000,2013-06-20 00:00:00.000000,2013-03-19 00:00:00.000000,1910-01-01 00:00:00.000000,2013-01-17 16:00:00.028800,2012-10-30 16:00:00.028800,139 days 07:59:59.971200000,153 days 07:59:59.971200000,14 days 00:00:00.000000000
10153,2013-06-06 00:00:00.000000,2013-06-20 00:00:00.000000,2013-06-20 00:00:00.000000,2013-03-19 00:00:00.000000,1910-01-01 00:00:00.000000,2013-01-17 16:00:00.028800,2012-10-30 16:00:00.028800,139 days 07:59:59.971200000,153 days 07:59:59.971200000,14 days 00:00:00.000000000
10154,2013-08-09 00:00:00.000000,2013-08-09 00:00:00.000000,2013-08-09 00:00:00.000000,2012-11-01 00:00:00.000000,1910-01-01 00:00:00.000000,2013-05-08 18:00:00.000000,2012-07-31 18:00:00.000000,92 days 06:00:00.000000000,92 days 06:00:00.000000000,0 days 00:00:00.000000000
10155,2013-04-30 00:00:00.000000,2013-04-24 00:00:00.000000,2013-04-24 00:00:00.000000,2013-01-16 00:00:00.000000,1910-01-01 00:00:00.000000,2012-12-24 20:07:44.544000,2012-09-11 20:07:44.544000,126 days 03:52:15.456000000,120 days 03:52:15.456000000,-6 days +00:00:00.000000000
10156,2013-04-30 00:00:00.000000,2013-04-24 00:00:00.000000,2013-04-24 00:00:00.000000,2013-01-16 00:00:00.000000,1910-01-01 00:00:00.000000,2012-12-24 20:07:44.544000,2012-09-11 20:07:44.544000,126 days 03:52:15.456000000,120 days 03:52:15.456000000,-6 days +00:00:00.000000000
10157,2013-05-21 00:00:00.000000,2013-05-03 00:00:00.000000,2013-05-03 00:00:00.000000,2012-11-15 00:00:00.000000,1910-01-01 00:00:00.000000,2013-02-13 08:16:33.139200,2012-08-10 08:16:33.139200,96 days 15:43:26.860800000,78 days 15:43:26.860800000,-18 days +00:00:00.000000000
10158,2013-06-28 00:00:00.000000,2013-05-14 00:00:00.000000,2013-05-14 00:00:00.000000,2013-03-26 00:00:00.000000,1910-01-01 00:00:00.000000,2013-04-02 04:10:26.083200,2012-12-29 04:10:26.083200,86 days 19:49:33.916800000,41 days 19:49:33.916800000,-45 days +00:00:00.000000000
10159,2013-08-01 00:00:00.000000,2013-08-01 00:00:00.000000,2013-08-01 00:00:00.000000,2012-11-12 00:00:00.000000,1910-01-01 00:00:00.000000,2013-03-14 16:00:00.028800,2012-06-25 16:00:00.028800,139 days 07:59:59.971200000,139 days 07:59:59.971200000,0 days 00:00:00.000000000
10160,2013-05-21 00:00:00.000000,2013-05-03 00:00:00.000000,2013-05-03 00:00:00.000000,2012-11-15 00:00:00.000000,1910-01-01 00:00:00.000000,2013-02-13 08:16:33.139200,2012-08-10 08:16:33.139200,96 days 15:43:26.860800000,78 days 15:43:26.860800000,-18 days +00:00:00.000000000
10161,2013-05-21 00:00:00.000000,2013-05-10 00:00:00.000000,2013-05-10 00:00:00.000000,2012-11-15 00:00:00.000000,1910-01-01 00:00:00.000000,2013-02-13 08:16:33.139200,2012-08-10 08:16:33.139200,96 days 15:43:26.860800000,85 days 15:43:26.860800000,-11 days +00:00:00.000000000
10162,2013-05-31 00:00:00.000000,2013-06-18 00:00:00.000000,2013-06-18 00:00:00.000000,2012-12-30 00:00:00.000000,1910-01-01 00:00:00.000000,2013-02-18 04:16:00.019200,2012-09-19 04:16:00.019200,101 days 19:43:59.980800000,119 days 19:43:59.980800000,18 days 00:00:00.000000000
10163,2013-07-26 00:00:00.000000,2013-07-26 00:00:00.000000,2013-07-26 00:00:00.000000,2012-11-12 00:00:00.000000,1910-01-01 00:00:00.000000,2013-03-08 16:00:00.028800,2012-06-25 16:00:00.028800,139 days 07:59:59.971200000,139 days 07:59:59.971200000,0 days 00:00:00.000000000
10164,2013-06-28 00:00:00.000000,2013-06-07 00:00:00.000000,2013-06-07 00:00:00.000000,2012-10-05 00:00:00.000000,1910-01-01 00:00:00.000000,2013-04-02 04:10:26.083200,2012-07-10 04:10:26.083200,86 days 19:49:33.916800000,65 days 19:49:33.916800000,-21 days +00:00:00.000000000
10165,2013-05-21 00:00:00.000000,2013-05-29 00:00:00.000000,2013-05-29 00:00:00.000000,2012-11-15 00:00:00.000000,1910-01-01 00:00:00.000000,2013-02-13 08:16:33.139200,2012-08-10 08:16:33.139200,96 days 15:43:26.860800000,104 days 15:43:26.860800000,8 days 00:00:00.000000000
10166,2013-05-31 00:00:00.000000,2013-05-28 00:00:00.000000,2013-05-28 00:00:00.000000,2012-11-15 00:00:00.000000,1910-01-01 00:00:00.000000,2013-02-23 08:16:33.139200,2012-08-10 08:16:33.139200,96 days 15:43:26.860800000,93 days 15:43:26.860800000,-3 days +00:00:00.000000000
10167,2013-08-27 00:00:00.000000,2013-07-24 00:00:00.000000,2013-07-24 00:00:00.000000,2013-04-02 00:00:00.000000,1910-01-01 00:00:00.000000,2013-05-17 04:16:00.019200,2012-12-21 04:16:00.019200,101 days 19:43:59.980800000,67 days 19:43:59.980800000,-34 days +00:00:00.000000000
10168,2013-10-22 00:00:00.000000,2013-10-22 00:00:00.000000,2013-11-11 00:00:00.000000,2013-01-28 00:00:00.000000,1910-01-01 00:00:00.000000,2013-07-27 04:10:26.083200,2012-11-02 04:10:26.083200,86 days 19:49:33.916800000,86 days 19:49:33.916800000,0 days 00:00:00.000000000
10169,2013-07-31 00:00:00.000000,2013-07-19 00:00:00.000000,2013-07-19 00:00:00.000000,2012-11-06 00:00:00.000000,1910-01-01 00:00:00.000000,2013-04-29 18:00:00.000000,2012-08-05 18:00:00.000000,92 days 06:00:00.000000000,80 days 06:00:00.000000000,-12 days +00:00:00.000000000
10170,2013-07-22 00:00:00.000000,2013-07-31 00:00:00.000000,2013-07-31 00:00:00.000000,2013-06-21 00:00:00.000000,1910-01-01 00:00:00.000000,2013-05-15 18:54:32.745600,2013-04-14 18:54:32.745600,67 days 05:05:27.254400000,76 days 05:05:27.254400000,9 days 00:00:00.000000000
10171,2013-08-01 00:00:00.000000,2013-08-01 00:00:00.000000,2013-08-01 00:00:00.000000,2012-11-12 00:00:00.000000,1910-01-01 00:00:00.000000,2013-03-14 16:00:00.028800,2012-06-25 16:00:00.028800,139 days 07:59:59.971200000,139 days 07:59:59.971200000,0 days 00:00:00.000000000
10172,2013-08-01 00:00:00.000000,2013-08-01 00:00:00.000000,2013-08-01 00:00:00.000000,2012-11-12 00:00:00.000000,1910-01-01 00:00:00.000000,2013-03-14 16:00:00.028800,2012-06-25 16:00:00.028800,139 days 07:59:59.971200000,139 days 07:59:59.971200000,0 days 00:00:00.000000000
10173,2013-08-21 00:00:00.000000,2013-07-23 00:00:00.000000,2013-07-23 00:00:00.000000,2013-02-28 00:00:00.000000,1910-01-01 00:00:00.000000,2013-05-16 08:16:33.139200,2012-11-23 08:16:33.139200,96 days 15:43:26.860800000,67 days 15:43:26.860800000,-29 days +00:00:00.000000000
10174,2013-09-04 00:00:00.000000,2013-07-23 00:00:00.000000,2013-07-23 00:00:00.000000,2013-03-14 00:00:00.000000,1910-01-01 00:00:00.000000,2013-05-30 08:16:33.139200,2012-12-07 08:16:33.139200,96 days 15:43:26.860800000,53 days 15:43:26.860800000,-43 days +00:00:00.000000000
10175,2013-08-21 00:00:00.000000,2013-07-30 00:00:00.000000,2013-07-30 00:00:00.000000,2013-02-28 00:00:00.000000,1910-01-01 00:00:00.000000,2013-05-16 08:16:33.139200,2012-11-23 08:16:33.139200,96 days 15:43:26.860800000,74 days 15:43:26.860800000,-22 days +00:00:00.000000000
10176,2013-08-06 00:00:00.000000,2013-05-21 00:00:00.000000,2014-11-18 00:00:00.000000,2013-04-22 00:00:00.000000,1910-01-01 00:00:00.000000,2013-05-20 06:00:00.000000,2013-02-03 06:00:00.000000,77 days 18:00:00.000000000,0 days 18:00:00.000000000,-77 days +00:00:00.000000000
10177,2013-09-27 00:00:00.000000,2013-09-27 00:00:00.000000,2013-09-27 00:00:00.000000,2013-06-11 00:00:00.000000,1910-01-01 00:00:00.000000,2013-06-26 18:00:00.000000,2013-03-10 18:00:00.000000,92 days 06:00:00.000000000,92 days 06:00:00.000000000,0 days 00:00:00.000000000
10178,2013-08-29 00:00:00.000000,2013-09-13 00:00:00.000000,2013-09-13 00:00:00.000000,2013-06-11 00:00:00.000000,1910-01-01 00:00:00.000000,2013-05-28 18:00:00.000000,2013-03-10 18:00:00.000000,92 days 06:00:00.000000000,107 days 06:00:00.000000000,15 days 00:00:00.000000000
10179,2013-08-27 00:00:00.000000,2014-02-08 00:00:00.000000,2014-03-11 00:00:00.000000,2013-04-08 00:00:00.000000,1910-01-01 00:00:00.000000,2013-03-07 09:13:50.736000,2012-10-17 09:13:50.736000,172 days 14:46:09.264000000,337 days 14:46:09.264000000,165 days 00:00:00.000000000
10180,2013-08-28 00:00:00.000000,2014-02-08 00:00:00.000000,2014-03-11 00:00:00.000000,2013-04-12 00:00:00.000000,1910-01-01 00:00:00.000000,2013-03-08 09:13:50.736000,2012-10-21 09:13:50.736000,172 days 14:46:09.264000000,336 days 14:46:09.264000000,164 days 00:00:00.000000000
10181,2013-08-28 00:00:00.000000,2013-08-28 00:00:00.000000,2013-08-28 00:00:00.000000,2012-12-14 00:00:00.000000,1910-01-01 00:00:00.000000,2013-05-02 23:13:32.908800,2012-08-18 23:13:32.908800,117 days 00:46:27.091200000,117 days 00:46:27.091200000,0 days 00:00:00.000000000
10182,2013-10-13 00:00:00.000000,2013-05-21 00:00:00.000000,2014-11-18 00:00:00.000000,2013-07-09 00:00:00.000000,1910-01-01 00:00:00.000000,2013-07-27 06:00:00.000000,2013-04-22 06:00:00.000000,77 days 18:00:00.000000000,-68 days +18:00:00.000000000,-145 days +00:00:00.000000000
10183,2013-11-13 00:00:00.000000,2013-11-13 00:00:00.000000,2013-12-02 00:00:00.000000,2013-03-19 00:00:00.000000,1910-01-01 00:00:00.000000,2013-06-26 16:00:00.028800,2012-10-30 16:00:00.028800,139 days 07:59:59.971200000,139 days 07:59:59.971200000,0 days 00:00:00.000000000
10184,2013-09-12 00:00:00.000000,2013-09-20 00:00:00.000000,2013-09-20 00:00:00.000000,2013-01-16 00:00:00.000000,1910-01-01 00:00:00.000000,2013-03-08 08:43:38.150400,2012-07-12 08:43:38.150400,187 days 15:16:21.849600000,195 days 15:16:21.849600000,8 days 00:00:00.000000000
10185,2013-11-29 00:00:00.000000,2013-10-12 00:00:00.000000,2013-11-27 00:00:00.000000,2013-06-28 00:00:00.000000,1910-01-01 00:00:00.000000,2013-07-12 16:00:00.028800,2013-02-08 16:00:00.028800,139 days 07:59:59.971200000,91 days 07:59:59.971200000,-48 days +00:00:00.000000000
10186,2013-09-09 00:00:00.000000,2013-09-10 00:00:00.000000,2013-09-10 00:00:00.000000,2013-04-22 00:00:00.000000,1910-01-01 00:00:00.000000,2013-06-23 06:00:00.000000,2013-02-03 06:00:00.000000,77 days 18:00:00.000000000,78 days 18:00:00.000000000,1 days 00:00:00.000000000
10187,2013-09-30 00:00:00.000000,2013-09-13 00:00:00.000000,2013-09-13 00:00:00.000000,2012-09-11 00:00:00.000000,1910-01-01 00:00:00.000000,2013-06-04 23:13:32.908800,2012-05-16 23:13:32.908800,117 days 00:46:27.091200000,100 days 00:46:27.091200000,-17 days +00:00:00.000000000
10188,2013-09-18 00:00:00.000000,2013-09-12 00:00:00.000000,2013-09-12 00:00:00.000000,2013-03-14 00:00:00.000000,1910-01-01 00:00:00.000000,2013-06-13 08:16:33.139200,2012-12-07 08:16:33.139200,96 days 15:43:26.860800000,90 days 15:43:26.860800000,-6 days +00:00:00.000000000
10189,2013-09-18 00:00:00.000000,2013-09-12 00:00:00.000000,2013-09-12 00:00:00.000000,2013-03-14 00:00:00.000000,1910-01-01 00:00:00.000000,2013-06-13 08:16:33.139200,2012-12-07 08:16:33.139200,96 days 15:43:26.860800000,90 days 15:43:26.860800000,-6 days +00:00:00.000000000
10190,2013-09-26 00:00:00.000000,2013-05-21 00:00:00.000000,2014-11-18 00:00:00.000000,2013-08-29 00:00:00.000000,1910-01-01 00:00:00.000000,2013-05-29 03:25:42.844800,2013-05-01 03:25:42.844800,119 days 20:34:17.155200000,-9 days +20:34:17.155200000,-128 days +00:00:00.000000000
10191,2013-09-30 00:00:00.000000,2013-10-04 00:00:00.000000,2013-10-22 00:00:00.000000,2013-04-15 00:00:00.000000,1910-01-01 00:00:00.000000,2013-07-19 22:09:13.852800,2013-02-01 22:09:13.852800,72 days 01:50:46.147200000,76 days 01:50:46.147200000,4 days 00:00:00.000000000
10192,2013-10-27 00:00:00.000000,2013-11-05 00:00:00.000000,2013-11-12 00:00:00.000000,2013-07-09 00:00:00.000000,1910-01-01 00:00:00.000000,2013-08-10 06:00:00.000000,2013-04-22 06:00:00.000000,77 days 18:00:00.000000000,86 days 18:00:00.000000000,9 days 00:00:00.000000000
10193,2013-10-31 00:00:00.000000,2013-11-13 00:00:00.000000,2013-12-02 00:00:00.000000,2013-03-19 00:00:00.000000,1910-01-01 00:00:00.000000,2013-06-13 16:00:00.028800,2012-10-30 16:00:00.028800,139 days 07:59:59.971200000,152 days 07:59:59.971200000,13 days 00:00:00.000000000
10194,2013-10-29 00:00:00.000000,2013-10-10 00:00:00.000000,2013-10-29 00:00:00.000000,2013-03-18 00:00:00.000000,1910-01-01 00:00:00.000000,2013-07-01 03:25:42.844800,2012-11-18 03:25:42.844800,119 days 20:34:17.155200000,100 days 20:34:17.155200000,-19 days +00:00:00.000000000
10195,2013-11-20 00:00:00.000000,2013-10-04 00:00:00.000000,2013-10-29 00:00:00.000000,2012-12-14 00:00:00.000000,1910-01-01 00:00:00.000000,2013-07-25 23:13:32.908800,2012-08-18 23:13:32.908800,117 days 00:46:27.091200000,70 days 00:46:27.091200000,-47 days +00:00:00.000000000
10196,2014-01-24 00:00:00.000000,2014-01-24 00:00:00.000000,2014-03-17 00:00:00.000000,2013-04-19 00:00:00.000000,1910-01-01 00:00:00.000000,2013-10-22 12:00:00.000000,2013-01-15 12:00:00.000000,93 days 12:00:00.000000000,93 days 12:00:00.000000000,0 days 00:00:00.000000000
10197,2014-01-24 00:00:00.000000,2014-01-24 00:00:00.000000,2014-03-17 00:00:00.000000,2013-04-19 00:00:00.000000,1910-01-01 00:00:00.000000,2013-10-22 12:00:00.000000,2013-01-15 12:00:00.000000,93 days 12:00:00.000000000,93 days 12:00:00.000000000,0 days 00:00:00.000000000
10198,2013-11-04 00:00:00.000000,2013-10-22 00:00:00.000000,2013-11-19 00:00:00.000000,2013-07-30 00:00:00.000000,1910-01-01 00:00:00.000000,2013-07-09 23:13:32.908800,2013-04-03 23:13:32.908800,117 days 00:46:27.091200000,104 days 00:46:27.091200000,-13 days +00:00:00.000000000
10199,2013-10-31 00:00:00.000000,2014-01-27 00:00:00.000000,2014-03-04 00:00:00.000000,2013-04-08 00:00:00.000000,1910-01-01 00:00:00.000000,2013-05-11 09:13:50.736000,2012-10-17 09:13:50.736000,172 days 14:46:09.264000000,260 days 14:46:09.264000000,88 days 00:00:00.000000000
10200,2013-11-29 00:00:00.000000,2013-11-28 00:00:00.000000,2013-12-12 00:00:00.000000,2013-03-19 00:00:00.000000,1910-01-01 00:00:00.000000,2013-07-12 16:00:00.028800,2012-10-30 16:00:00.028800,139 days 07:59:59.971200000,138 days 07:59:59.971200000,-1 days +00:00:00.000000000
10201,2013-11-29 00:00:00.000000,2013-11-20 00:00:00.000000,2013-12-07 00:00:00.000000,2013-05-08 00:00:00.000000,1910-01-01 00:00:00.000000,2013-08-28 18:00:00.000000,2013-02-04 18:00:00.000000,92 days 06:00:00.000000000,83 days 06:00:00.000000000,-9 days +00:00:00.000000000
10202,2013-11-29 00:00:00.000000,2013-11-13 00:00:00.000000,2013-11-27 00:00:00.000000,2013-05-08 00:00:00.000000,1910-01-01 00:00:00.000000,2013-08-28 18:00:00.000000,2013-02-04 18:00:00.000000,92 days 06:00:00.000000000,76 days 06:00:00.000000000,-16 days +00:00:00.000000000
10203,2013-11-29 00:00:00.000000,2013-11-09 00:00:00.000000,2014-01-20 00:00:00.000000,2013-06-20 00:00:00.000000,1910-01-01 00:00:00.000000,2013-09-03 04:10:26.083200,2013-03-25 04:10:26.083200,86 days 19:49:33.916800000,66 days 19:49:33.916800000,-20 days +00:00:00.000000000
10204,2014-01-24 00:00:00.000000,2014-01-24 00:00:00.000000,2014-03-17 00:00:00.000000,2013-04-19 00:00:00.000000,1910-01-01 00:00:00.000000,2013-10-22 12:00:00.000000,2013-01-15 12:00:00.000000,93 days 12:00:00.000000000,93 days 12:00:00.000000000,0 days 00:00:00.000000000
10205,2013-11-30 00:00:00.000000,2013-11-25 00:00:00.000000,2013-12-09 00:00:00.000000,2012-10-25 00:00:00.000000,1910-01-01 00:00:00.000000,2013-05-26 08:43:38.150400,2012-04-20 08:43:38.150400,187 days 15:16:21.849600000,182 days 15:16:21.849600000,-5 days +00:00:00.000000000
10206,2013-11-29 00:00:00.000000,2013-12-09 00:00:00.000000,2013-12-20 00:00:00.000000,2012-12-14 00:00:00.000000,1910-01-01 00:00:00.000000,2013-08-03 23:13:32.908800,2012-08-18 23:13:32.908800,117 days 00:46:27.091200000,127 days 00:46:27.091200000,10 days 00:00:00.000000000
10207,2013-12-16 00:00:00.000000,2013-12-20 00:00:00.000000,2014-01-08 00:00:00.000000,2013-10-11 00:00:00.000000,1910-01-01 00:00:00.000000,2013-09-14 18:00:00.000000,2013-07-10 18:00:00.000000,92 days 06:00:00.000000000,96 days 06:00:00.000000000,4 days 00:00:00.000000000
10208,2013-12-31 00:00:00.000000,2013-11-30 00:00:00.000000,2013-12-23 00:00:00.000000,2013-07-16 00:00:00.000000,1910-01-01 00:00:00.000000,2013-10-19 22:09:13.852800,2013-05-04 22:09:13.852800,72 days 01:50:46.147200000,41 days 01:50:46.147200000,-31 days +00:00:00.000000000
10209,2013-12-31 00:00:00.000000,2013-11-30 00:00:00.000000,2013-12-23 00:00:00.000000,2013-07-16 00:00:00.000000,1910-01-01 00:00:00.000000,2013-10-19 22:09:13.852800,2013-05-04 22:09:13.852800,72 days 01:50:46.147200000,41 days 01:50:46.147200000,-31 days +00:00:00.000000000
10210,2013-12-31 00:00:00.000000,2013-12-02 00:00:00.000000,2013-12-20 00:00:00.000000,2013-07-16 00:00:00.000000,1910-01-01 00:00:00.000000,2013-10-19 22:09:13.852800,2013-05-04 22:09:13.852800,72 days 01:50:46.147200000,43 days 01:50:46.147200000,-29 days +00:00:00.000000000
10211,2014-01-24 00:00:00.000000,2014-01-24 00:00:00.000000,2014-01-31 00:00:00.000000,2013-04-19 00:00:00.000000,1910-01-01 00:00:00.000000,2013-10-22 12:00:00.000000,2013-01-15 12:00:00.000000,93 days 12:00:00.000000000,93 days 12:00:00.000000000,0 days 00:00:00.000000000
10212,2014-01-31 00:00:00.000000,2014-02-19 00:00:00.000000,2014-02-24 00:00:00.000000,2013-07-04 00:00:00.000000,1910-01-01 00:00:00.000000,2013-10-02 01:36:00.028800,2013-03-05 01:36:00.028800,120 days 22:23:59.971200000,139 days 22:23:59.971200000,19 days 00:00:00.000000000
10213,2014-03-31 00:00:00.000000,2014-03-28 00:00:00.000000,2014-04-04 00:00:00.000000,2013-06-28 00:00:00.000000,1910-01-01 00:00:00.000000,2013-12-04 22:04:48.000000,2013-03-03 22:04:48.000000,116 days 01:55:12.000000000,113 days 01:55:12.000000000,-3 days +00:00:00.000000000
10214,2014-01-31 00:00:00.000000,2014-03-07 00:00:00.000000,2014-03-12 00:00:00.000000,2013-07-04 00:00:00.000000,1910-01-01 00:00:00.000000,2013-10-02 01:36:00.028800,2013-03-05 01:36:00.028800,120 days 22:23:59.971200000,155 days 22:23:59.971200000,35 days 00:00:00.000000000
10215,2014-01-22 00:00:00.000000,2014-02-11 00:00:00.000000,2014-02-13 00:00:00.000000,2013-10-28 00:00:00.000000,1910-01-01 00:00:00.000000,2013-09-06 02:17:08.563200,2013-06-12 02:17:08.563200,137 days 21:42:51.436800000,157 days 21:42:51.436800000,20 days 00:00:00.000000000
10216,2014-01-31 00:00:00.000000,2014-03-12 00:00:00.000000,2014-03-17 00:00:00.000000,2013-07-04 00:00:00.000000,1910-01-01 00:00:00.000000,2013-10-02 01:36:00.028800,2013-03-05 01:36:00.028800,120 days 22:23:59.971200000,160 days 22:23:59.971200000,40 days 00:00:00.000000000
10217,2014-01-31 00:00:00.000000,2014-03-07 00:00:00.000000,2014-03-12 00:00:00.000000,2013-07-04 00:00:00.000000,1910-01-01 00:00:00.000000,2013-10-02 01:36:00.028800,2013-03-05 01:36:00.028800,120 days 22:23:59.971200000,155 days 22:23:59.971200000,35 days 00:00:00.000000000
10218,2014-01-29 00:00:00.000000,2014-02-15 00:00:00.000000,2014-03-04 00:00:00.000000,2013-04-22 00:00:00.000000,1910-01-01 00:00:00.000000,2013-09-04 07:01:27.811200,2012-11-26 07:01:27.811200,146 days 16:58:32.188800000,163 days 16:58:32.188800000,17 days 00:00:00.000000000
10219,2014-02-10 00:00:00.000000,2014-02-05 00:00:00.000000,2014-03-04 00:00:00.000000,2012-12-14 00:00:00.000000,1910-01-01 00:00:00.000000,2013-09-16 07:01:27.811200,2012-07-20 07:01:27.811200,146 days 16:58:32.188800000,141 days 16:58:32.188800000,-5 days +00:00:00.000000000
10220,2014-01-31 00:00:00.000000,2014-02-03 00:00:00.000000,2014-02-24 00:00:00.000000,2013-05-06 00:00:00.000000,1910-01-01 00:00:00.000000,2013-10-16 00:00:00.000000,2013-01-19 00:00:00.000000,107 days 00:00:00.000000000,110 days 00:00:00.000000000,3 days 00:00:00.000000000
10221,2014-02-28 00:00:00.000000,2014-02-10 00:00:00.000000,2014-02-19 00:00:00.000000,2013-05-06 00:00:00.000000,1910-01-01 00:00:00.000000,2013-11-28 00:00:00.000000,2013-02-03 00:00:00.000000,92 days 00:00:00.000000000,74 days 00:00:00.000000000,-18 days +00:00:00.000000000
10222,2014-03-07 00:00:00.000000,2014-02-10 00:00:00.000000,2014-02-19 00:00:00.000000,2013-08-06 00:00:00.000000,1910-01-01 00:00:00.000000,2013-12-05 00:00:00.000000,2013-05-06 00:00:00.000000,92 days 00:00:00.000000000,67 days 00:00:00.000000000,-25 days +00:00:00.000000000
10223,2014-02-28 00:00:00.000000,2014-02-10 00:00:00.000000,2014-02-19 00:00:00.000000,2013-05-06 00:00:00.000000,1910-01-01 00:00:00.000000,2013-11-28 00:00:00.000000,2013-02-03 00:00:00.000000,92 days 00:00:00.000000000,74 days 00:00:00.000000000,-18 days +00:00:00.000000000
10224,2014-05-30 00:00:00.000000,2014-05-19 00:00:00.000000,2014-06-26 00:00:00.000000,2014-01-15 00:00:00.000000,1910-01-01 00:00:00.000000,2014-02-24 19:59:59.971200,2013-10-12 19:59:59.971200,94 days 04:00:00.028800000,83 days 04:00:00.028800000,-11 days +00:00:00.000000000
10225,2014-03-21 00:00:00.000000,2014-03-25 00:00:00.000000,2014-04-04 00:00:00.000000,2013-04-19 00:00:00.000000,1910-01-01 00:00:00.000000,2013-12-17 12:00:00.000000,2013-01-15 12:00:00.000000,93 days 12:00:00.000000000,97 days 12:00:00.000000000,4 days 00:00:00.000000000
10226,2014-04-15 00:00:00.000000,2014-04-14 00:00:00.000000,2014-04-17 00:00:00.000000,2013-10-21 00:00:00.000000,1910-01-01 00:00:00.000000,2013-12-19 22:04:48.000000,2013-06-26 22:04:48.000000,116 days 01:55:12.000000000,115 days 01:55:12.000000000,-1 days +00:00:00.000000000
10227,2014-04-15 00:00:00.000000,2014-04-14 00:00:00.000000,2014-04-17 00:00:00.000000,2013-10-21 00:00:00.000000,1910-01-01 00:00:00.000000,2013-12-19 22:04:48.000000,2013-06-26 22:04:48.000000,116 days 01:55:12.000000000,115 days 01:55:12.000000000,-1 days +00:00:00.000000000
10228,2014-05-06 00:00:00.000000,2014-03-21 00:00:00.000000,2014-04-17 00:00:00.000000,2013-09-10 00:00:00.000000,1910-01-01 00:00:00.000000,2014-01-26 12:37:53.702400,2013-06-02 12:37:53.702400,99 days 11:22:06.297600000,53 days 11:22:06.297600000,-46 days +00:00:00.000000000
10229,2014-04-30 00:00:00.000000,2014-04-17 00:00:00.000000,2014-04-28 00:00:00.000000,2013-04-02 00:00:00.000000,1910-01-01 00:00:00.000000,2013-12-30 01:36:00.028800,2012-12-02 01:36:00.028800,120 days 22:23:59.971200000,107 days 22:23:59.971200000,-13 days +00:00:00.000000000
10230,2014-04-10 00:00:00.000000,2014-04-10 00:00:00.000000,2014-05-06 00:00:00.000000,2013-04-22 00:00:00.000000,1910-01-01 00:00:00.000000,2013-11-14 07:01:27.811200,2012-11-26 07:01:27.811200,146 days 16:58:32.188800000,146 days 16:58:32.188800000,0 days 00:00:00.000000000
10231,2014-04-30 00:00:00.000000,2014-04-14 00:00:00.000000,2014-05-22 00:00:00.000000,2013-08-09 00:00:00.000000,1910-01-01 00:00:00.000000,2013-12-04 07:01:27.811200,2013-03-15 07:01:27.811200,146 days 16:58:32.188800000,130 days 16:58:32.188800000,-16 days +00:00:00.000000000
10232,2014-04-15 00:00:00.000000,2014-04-17 00:00:00.000000,2014-05-02 00:00:00.000000,2013-05-06 00:00:00.000000,1910-01-01 00:00:00.000000,2014-01-13 00:00:00.000000,2013-02-03 00:00:00.000000,92 days 00:00:00.000000000,94 days 00:00:00.000000000,2 days 00:00:00.000000000
10233,2014-04-30 00:00:00.000000,2014-05-07 00:00:00.000000,2014-06-13 00:00:00.000000,2013-10-01 00:00:00.000000,1910-01-01 00:00:00.000000,2013-12-30 01:36:00.028800,2013-06-02 01:36:00.028800,120 days 22:23:59.971200000,127 days 22:23:59.971200000,7 days 00:00:00.000000000
10234,2014-06-30 00:00:00.000000,2014-04-14 00:00:00.000000,2014-06-06 00:00:00.000000,2014-01-16 00:00:00.000000,1910-01-01 00:00:00.000000,2014-04-13 12:00:00.000000,2013-10-30 12:00:00.000000,77 days 12:00:00.000000000,0 days 12:00:00.000000000,-77 days +00:00:00.000000000
10235,2014-06-03 00:00:00.000000,2014-06-03 00:00:00.000000,2014-06-11 00:00:00.000000,2013-10-21 00:00:00.000000,1910-01-01 00:00:00.000000,2014-02-06 22:04:48.000000,2013-06-26 22:04:48.000000,116 days 01:55:12.000000000,116 days 01:55:12.000000000,0 days 00:00:00.000000000
10236,2014-06-14 00:00:00.000000,2014-06-24 00:00:00.000000,2014-07-14 00:00:00.000000,2013-10-21 00:00:00.000000,1910-01-01 00:00:00.000000,2014-02-17 22:04:48.000000,2013-06-26 22:04:48.000000,116 days 01:55:12.000000000,126 days 01:55:12.000000000,10 days 00:00:00.000000000
10237,2014-04-30 00:00:00.000000,2014-04-25 00:00:00.000000,2014-06-06 00:00:00.000000,2013-08-09 00:00:00.000000,1910-01-01 00:00:00.000000,2013-12-04 07:01:27.811200,2013-03-15 07:01:27.811200,146 days 16:58:32.188800000,141 days 16:58:32.188800000,-5 days +00:00:00.000000000
10238,2014-05-30 00:00:00.000000,2014-04-23 00:00:00.000000,2014-06-11 00:00:00.000000,2013-04-22 00:00:00.000000,1910-01-01 00:00:00.000000,2014-01-03 07:01:27.811200,2012-11-26 07:01:27.811200,146 days 16:58:32.188800000,109 days 16:58:32.188800000,-37 days +00:00:00.000000000
10239,2014-04-30 00:00:00.000000,2014-04-25 00:00:00.000000,2014-06-11 00:00:00.000000,2013-10-22 00:00:00.000000,1910-01-01 00:00:00.000000,2013-12-04 07:01:27.811200,2013-05-28 07:01:27.811200,146 days 16:58:32.188800000,141 days 16:58:32.188800000,-5 days +00:00:00.000000000
10240,2014-04-30 00:00:00.000000,2014-04-25 00:00:00.000000,2014-06-11 00:00:00.000000,2013-08-09 00:00:00.000000,1910-01-01 00:00:00.000000,2013-12-04 07:01:27.811200,2013-03-15 07:01:27.811200,146 days 16:58:32.188800000,141 days 16:58:32.188800000,-5 days +00:00:00.000000000
10241,2014-06-02 00:00:00.000000,2014-06-03 00:00:00.000000,2014-06-11 00:00:00.000000,2013-06-28 00:00:00.000000,1910-01-01 00:00:00.000000,2014-02-05 22:04:48.000000,2013-03-03 22:04:48.000000,116 days 01:55:12.000000000,117 days 01:55:12.000000000,1 days 00:00:00.000000000
10242,2014-05-06 00:00:00.000000,2014-05-19 00:00:00.000000,2014-06-12 00:00:00.000000,2013-10-31 00:00:00.000000,1910-01-01 00:00:00.000000,2014-02-01 12:00:00.000000,2013-07-29 12:00:00.000000,93 days 12:00:00.000000000,106 days 12:00:00.000000000,13 days 00:00:00.000000000
10243,2014-06-16 00:00:00.000000,2014-05-23 00:00:00.000000,2014-06-13 00:00:00.000000,2013-10-21 00:00:00.000000,1910-01-01 00:00:00.000000,2014-02-19 22:04:48.000000,2013-06-26 22:04:48.000000,116 days 01:55:12.000000000,92 days 01:55:12.000000000,-24 days +00:00:00.000000000
10244,2014-08-15 00:00:00.000000,2014-08-15 00:00:00.000000,2014-09-05 00:00:00.000000,2014-01-15 00:00:00.000000,1910-01-01 00:00:00.000000,2014-05-12 19:59:59.971200,2013-10-12 19:59:59.971200,94 days 04:00:00.028800000,94 days 04:00:00.028800000,0 days 00:00:00.000000000
10245,2014-05-30 00:00:00.000000,2014-06-21 00:00:00.000000,2014-07-01 00:00:00.000000,2013-10-01 00:00:00.000000,1910-01-01 00:00:00.000000,2014-01-29 01:36:00.028800,2013-06-02 01:36:00.028800,120 days 22:23:59.971200000,142 days 22:23:59.971200000,22 days 00:00:00.000000000
10246,2014-05-30 00:00:00.000000,2014-05-28 00:00:00.000000,2014-06-11 00:00:00.000000,2013-10-16 00:00:00.000000,1910-01-01 00:00:00.000000,2014-02-20 01:15:47.404800,2013-07-09 01:15:47.404800,98 days 22:44:12.595200000,96 days 22:44:12.595200000,-2 days +00:00:00.000000000
10247,2014-05-30 00:00:00.000000,2014-06-04 00:00:00.000000,2014-07-18 00:00:00.000000,2014-01-16 00:00:00.000000,1910-01-01 00:00:00.000000,2014-03-13 12:00:00.000000,2013-10-30 12:00:00.000000,77 days 12:00:00.000000000,82 days 12:00:00.000000000,5 days 00:00:00.000000000
10248,2014-06-30 00:00:00.000000,2014-05-09 00:00:00.000000,2014-05-23 00:00:00.000000,2013-11-19 00:00:00.000000,1910-01-01 00:00:00.000000,2014-03-30 00:00:00.000000,2013-08-19 00:00:00.000000,92 days 00:00:00.000000000,40 days 00:00:00.000000000,-52 days +00:00:00.000000000
10249,2014-06-03 00:00:00.000000,2014-05-09 00:00:00.000000,2014-05-23 00:00:00.000000,2013-11-19 00:00:00.000000,1910-01-01 00:00:00.000000,2014-03-03 00:00:00.000000,2013-08-19 00:00:00.000000,92 days 00:00:00.000000000,67 days 00:00:00.000000000,-25 days +00:00:00.000000000
10250,2014-08-31 00:00:00.000000,2014-07-18 00:00:00.000000,2014-08-07 00:00:00.000000,2014-01-17 00:00:00.000000,1910-01-01 00:00:00.000000,2014-05-06 22:04:48.000000,2013-09-22 22:04:48.000000,116 days 01:55:12.000000000,72 days 01:55:12.000000000,-44 days +00:00:00.000000000
10251,2014-09-30 00:00:00.000000,2014-06-20 00:00:00.000000,2014-07-07 00:00:00.000000,2013-12-24 00:00:00.000000,1910-01-01 00:00:00.000000,2014-06-22 12:37:53.702400,2013-09-15 12:37:53.702400,99 days 11:22:06.297600000,-3 days +11:22:06.297600000,-102 days +00:00:00.000000000
10252,2014-06-30 00:00:00.000000,2014-06-20 00:00:00.000000,2014-07-07 00:00:00.000000,2013-11-26 00:00:00.000000,1910-01-01 00:00:00.000000,2014-03-22 12:37:53.702400,2013-08-18 12:37:53.702400,99 days 11:22:06.297600000,89 days 11:22:06.297600000,-10 days +00:00:00.000000000
10253,2014-09-30 00:00:00.000000,2014-10-30 00:00:00.000000,2014-11-13 00:00:00.000000,2014-05-02 00:00:00.000000,1910-01-01 00:00:00.000000,2014-06-05 22:04:48.000000,2014-01-05 22:04:48.000000,116 days 01:55:12.000000000,146 days 01:55:12.000000000,30 days 00:00:00.000000000
10254,2014-10-02 00:00:00.000000,2014-10-17 00:00:00.000000,2014-11-13 00:00:00.000000,2014-07-14 00:00:00.000000,1910-01-01 00:00:00.000000,2014-05-17 02:17:08.563200,2014-02-26 02:17:08.563200,137 days 21:42:51.436800000,152 days 21:42:51.436800000,15 days 00:00:00.000000000
10255,2014-11-28 00:00:00.000000,2014-08-22 00:00:00.000000,2014-08-26 00:00:00.000000,2014-06-04 00:00:00.000000,1910-01-01 00:00:00.000000,2014-08-21 01:15:47.404800,2014-02-25 01:15:47.404800,98 days 22:44:12.595200000,0 days 22:44:12.595200000,-98 days +00:00:00.000000000
10256,2014-10-30 00:00:00.000000,2014-08-13 00:00:00.000000,2014-08-14 00:00:00.000000,2014-04-22 00:00:00.000000,1910-01-01 00:00:00.000000,2014-07-15 00:00:00.000000,2014-01-05 00:00:00.000000,107 days 00:00:00.000000000,29 days 00:00:00.000000000,-78 days +00:00:00.000000000
10257,2014-06-30 00:00:00.000000,2014-06-20 00:00:00.000000,2014-06-25 00:00:00.000000,2013-11-19 00:00:00.000000,1910-01-01 00:00:00.000000,2014-03-30 00:00:00.000000,2013-08-19 00:00:00.000000,92 days 00:00:00.000000000,82 days 00:00:00.000000000,-10 days +00:00:00.000000000
10258,2014-08-15 00:00:00.000000,2014-08-15 00:00:00.000000,2014-08-25 00:00:00.000000,2013-10-21 00:00:00.000000,1910-01-01 00:00:00.000000,2014-04-20 22:04:48.000000,2013-06-26 22:04:48.000000,116 days 01:55:12.000000000,116 days 01:55:12.000000000,0 days 00:00:00.000000000
10259,2014-09-30 00:00:00.000000,2014-06-29 00:00:00.000000,2014-08-04 00:00:00.000000,2014-04-02 00:00:00.000000,1910-01-01 00:00:00.000000,2014-06-22 12:37:53.702400,2013-12-23 12:37:53.702400,99 days 11:22:06.297600000,6 days 11:22:06.297600000,-93 days +00:00:00.000000000
10260,2014-09-04 00:00:00.000000,2014-07-25 00:00:00.000000,2014-07-31 00:00:00.000000,2014-04-16 00:00:00.000000,1910-01-01 00:00:00.000000,2014-06-02 12:00:00.000000,2014-01-12 12:00:00.000000,93 days 12:00:00.000000000,52 days 12:00:00.000000000,-41 days +00:00:00.000000000
10261,2014-08-29 00:00:00.000000,2014-10-27 00:00:00.000000,2014-11-07 00:00:00.000000,2013-10-21 00:00:00.000000,1910-01-01 00:00:00.000000,2014-05-04 22:04:48.000000,2013-06-26 22:04:48.000000,116 days 01:55:12.000000000,175 days 01:55:12.000000000,59 days 00:00:00.000000000
10262,2014-08-29 00:00:00.000000,2014-10-27 00:00:00.000000,2014-11-07 00:00:00.000000,2013-12-09 00:00:00.000000,1910-01-01 00:00:00.000000,2014-05-04 22:04:48.000000,2013-08-14 22:04:48.000000,116 days 01:55:12.000000000,175 days 01:55:12.000000000,59 days 00:00:00.000000000
10263,2014-08-29 00:00:00.000000,2014-09-29 00:00:00.000000,2014-10-06 00:00:00.000000,2013-10-01 00:00:00.000000,1910-01-01 00:00:00.000000,2014-04-30 01:36:00.028800,2013-06-02 01:36:00.028800,120 days 22:23:59.971200000,151 days 22:23:59.971200000,31 days 00:00:00.000000000
10264,2014-12-30 00:00:00.000000,2014-10-30 00:00:00.000000,2014-11-13 00:00:00.000000,2014-05-02 00:00:00.000000,1910-01-01 00:00:00.000000,2014-09-04 22:04:48.000000,2014-01-05 22:04:48.000000,116 days 01:55:12.000000000,55 days 01:55:12.000000000,-61 days +00:00:00.000000000
10265,2014-09-30 00:00:00.000000,2014-09-03 00:00:00.000000,2014-09-05 00:00:00.000000,2014-02-13 00:00:00.000000,1910-01-01 00:00:00.000000,2014-06-30 00:00:00.000000,2013-11-13 00:00:00.000000,92 days 00:00:00.000000000,65 days 00:00:00.000000000,-27 days +00:00:00.000000000
10266,2014-10-31 00:00:00.000000,2014-09-03 00:00:00.000000,2014-09-05 00:00:00.000000,2014-04-25 00:00:00.000000,1910-01-01 00:00:00.000000,2014-07-31 00:00:00.000000,2014-01-23 00:00:00.000000,92 days 00:00:00.000000000,34 days 00:00:00.000000000,-58 days +00:00:00.000000000
10267,2014-10-31 00:00:00.000000,2014-10-30 00:00:00.000000,2014-11-13 00:00:00.000000,2013-10-21 00:00:00.000000,1910-01-01 00:00:00.000000,2014-07-06 22:04:48.000000,2013-06-26 22:04:48.000000,116 days 01:55:12.000000000,115 days 01:55:12.000000000,-1 days +00:00:00.000000000
10268,2014-09-30 00:00:00.000000,2014-10-09 00:00:00.000000,2014-10-22 00:00:00.000000,2014-04-09 00:00:00.000000,1910-01-01 00:00:00.000000,2014-07-14 12:00:00.000000,2014-01-21 12:00:00.000000,77 days 12:00:00.000000000,86 days 12:00:00.000000000,9 days 00:00:00.000000000
10269,2014-10-31 00:00:00.000000,2014-10-30 00:00:00.000000,2014-11-13 00:00:00.000000,2014-01-17 00:00:00.000000,1910-01-01 00:00:00.000000,2014-07-06 22:04:48.000000,2013-09-22 22:04:48.000000,116 days 01:55:12.000000000,115 days 01:55:12.000000000,-1 days +00:00:00.000000000
10270,2014-12-31 00:00:00.000000,2014-10-28 00:00:00.000000,2014-11-13 00:00:00.000000,2014-05-02 00:00:00.000000,1910-01-01 00:00:00.000000,2014-09-05 22:04:48.000000,2014-01-05 22:04:48.000000,116 days 01:55:12.000000000,52 days 01:55:12.000000000,-64 days +00:00:00.000000000
10271,2014-12-31 00:00:00.000000,2014-12-01 00:00:00.000000,2014-12-01 00:00:00.000000,2014-05-02 00:00:00.000000,1910-01-01 00:00:00.000000,2014-09-05 22:04:48.000000,2014-01-05 22:04:48.000000,116 days 01:55:12.000000000,86 days 01:55:12.000000000,-30 days +00:00:00.000000000
10272,2014-10-31 00:00:00.000000,2014-10-24 00:00:00.000000,2014-11-06 00:00:00.000000,2014-04-09 00:00:00.000000,1910-01-01 00:00:00.000000,2014-06-06 07:01:27.811200,2013-11-13 07:01:27.811200,146 days 16:58:32.188800000,139 days 16:58:32.188800000,-7 days +00:00:00.000000000
10273,2015-01-30 00:00:00.000000,2015-02-18 00:00:00.000000,2015-02-23 00:00:00.000000,2014-07-14 00:00:00.000000,1910-01-01 00:00:00.000000,2014-09-27 07:45:52.905600,2014-03-11 07:45:52.905600,124 days 16:14:07.094400000,143 days 16:14:07.094400000,19 days 00:00:00.000000000
10274,2015-01-30 00:00:00.000000,2015-02-18 00:00:00.000000,2015-02-23 00:00:00.000000,2014-07-14 00:00:00.000000,1910-01-01 00:00:00.000000,2014-09-27 07:45:52.905600,2014-03-11 07:45:52.905600,124 days 16:14:07.094400000,143 days 16:14:07.094400000,19 days 00:00:00.000000000
10275,2015-01-30 00:00:00.000000,2015-02-18 00:00:00.000000,2015-02-23 00:00:00.000000,2014-07-14 00:00:00.000000,1910-01-01 00:00:00.000000,2014-09-27 07:45:52.905600,2014-03-11 07:45:52.905600,124 days 16:14:07.094400000,143 days 16:14:07.094400000,19 days 00:00:00.000000000
10276,2014-10-31 00:00:00.000000,2014-10-30 00:00:00.000000,2014-11-03 00:00:00.000000,2014-04-25 00:00:00.000000,1910-01-01 00:00:00.000000,2014-07-31 00:00:00.000000,2014-01-23 00:00:00.000000,92 days 00:00:00.000000000,91 days 00:00:00.000000000,-1 days +00:00:00.000000000
10277,2015-01-14 00:00:00.000000,2014-11-13 00:00:00.000000,2014-11-14 00:00:00.000000,2014-10-15 00:00:00.000000,1910-01-01 00:00:00.000000,2014-10-01 05:42:51.408000,2014-07-02 05:42:51.408000,104 days 18:17:08.592000000,42 days 18:17:08.592000000,-62 days +00:00:00.000000000
10278,2015-02-16 00:00:00.000000,2015-01-14 00:00:00.000000,2015-01-19 00:00:00.000000,2014-04-22 00:00:00.000000,1910-01-01 00:00:00.000000,2014-11-03 05:42:51.408000,2014-01-07 05:42:51.408000,104 days 18:17:08.592000000,71 days 18:17:08.592000000,-33 days +00:00:00.000000000
10279,2015-01-15 00:00:00.000000,2014-12-17 00:00:00.000000,2014-12-22 00:00:00.000000,2014-06-04 00:00:00.000000,1910-01-01 00:00:00.000000,2014-08-13 12:42:21.196800,2013-12-31 12:42:21.196800,154 days 11:17:38.803200000,125 days 11:17:38.803200000,-29 days +00:00:00.000000000
10280,2014-11-28 00:00:00.000000,2014-12-02 00:00:00.000000,2014-12-08 00:00:00.000000,2014-01-29 00:00:00.000000,1910-01-01 00:00:00.000000,2014-07-04 07:01:27.811200,2013-09-04 07:01:27.811200,146 days 16:58:32.188800000,150 days 16:58:32.188800000,4 days 00:00:00.000000000
10281,2014-11-28 00:00:00.000000,2014-12-02 00:00:00.000000,2014-12-08 00:00:00.000000,2014-05-23 00:00:00.000000,1910-01-01 00:00:00.000000,2014-07-04 07:01:27.811200,2013-12-27 07:01:27.811200,146 days 16:58:32.188800000,150 days 16:58:32.188800000,4 days 00:00:00.000000000
10282,2015-01-30 00:00:00.000000,2015-02-19 00:00:00.000000,2015-02-20 00:00:00.000000,2013-10-31 00:00:00.000000,1910-01-01 00:00:00.000000,2014-07-14 09:20:00.009600,2013-04-14 09:20:00.009600,199 days 14:39:59.990400000,219 days 14:39:59.990400000,20 days 00:00:00.000000000
10283,2015-01-30 00:00:00.000000,2014-12-29 00:00:00.000000,2015-01-06 00:00:00.000000,2014-04-25 00:00:00.000000,1910-01-01 00:00:00.000000,2014-10-22 19:34:44.169600,2014-01-15 19:34:44.169600,99 days 04:25:15.830400000,67 days 04:25:15.830400000,-32 days +00:00:00.000000000
10284,2015-02-16 00:00:00.000000,2015-01-19 00:00:00.000000,2015-01-27 00:00:00.000000,2014-05-23 00:00:00.000000,1910-01-01 00:00:00.000000,2014-07-07 12:00:00.000000,2013-10-11 12:00:00.000000,223 days 12:00:00.000000000,195 days 12:00:00.000000000,-28 days +00:00:00.000000000
10285,2015-01-30 00:00:00.000000,2015-01-14 00:00:00.000000,2015-01-20 00:00:00.000000,2014-04-25 00:00:00.000000,1910-01-01 00:00:00.000000,2014-10-22 19:34:44.169600,2014-01-15 19:34:44.169600,99 days 04:25:15.830400000,83 days 04:25:15.830400000,-16 days +00:00:00.000000000
10286,2015-02-06 00:00:00.000000,2015-01-30 00:00:00.000000,2015-02-02 00:00:00.000000,2014-06-04 00:00:00.000000,1910-01-01 00:00:00.000000,2014-09-04 12:42:21.196800,2013-12-31 12:42:21.196800,154 days 11:17:38.803200000,147 days 11:17:38.803200000,-7 days +00:00:00.000000000
10287,2015-04-14 00:00:00.000000,2015-04-14 00:00:00.000000,2015-04-14 00:00:00.000000,2014-07-14 00:00:00.000000,1910-01-01 00:00:00.000000,2014-12-10 07:45:52.905600,2014-03-11 07:45:52.905600,124 days 16:14:07.094400000,124 days 16:14:07.094400000,0 days 00:00:00.000000000
10288,2015-03-16 00:00:00.000000,2015-03-12 00:00:00.000000,2015-03-17 00:00:00.000000,2014-06-04 00:00:00.000000,1910-01-01 00:00:00.000000,2014-10-12 12:42:21.196800,2013-12-31 12:42:21.196800,154 days 11:17:38.803200000,150 days 11:17:38.803200000,-4 days +00:00:00.000000000
10289,2015-06-30 00:00:00.000000,2015-04-10 00:00:00.000000,2015-04-20 00:00:00.000000,2014-10-17 00:00:00.000000,1910-01-01 00:00:00.000000,2015-02-21 12:55:23.116800,2014-06-10 12:55:23.116800,128 days 11:04:36.883200000,47 days 11:04:36.883200000,-81 days +00:00:00.000000000
10290,2015-02-27 00:00:00.000000,2015-03-25 00:00:00.000000,2015-03-26 00:00:00.000000,2014-07-11 00:00:00.000000,1910-01-01 00:00:00.000000,2014-08-11 09:20:00.009600,2013-12-23 09:20:00.009600,199 days 14:39:59.990400000,225 days 14:39:59.990400000,26 days 00:00:00.000000000
10291,2015-03-31 00:00:00.000000,2015-03-24 00:00:00.000000,2015-03-24 00:00:00.000000,2014-04-22 00:00:00.000000,1910-01-01 00:00:00.000000,2014-12-16 05:42:51.408000,2014-01-07 05:42:51.408000,104 days 18:17:08.592000000,97 days 18:17:08.592000000,-7 days +00:00:00.000000000
10292,2015-03-31 00:00:00.000000,2015-05-15 00:00:00.000000,2015-05-17 00:00:00.000000,2014-06-04 00:00:00.000000,1910-01-01 00:00:00.000000,2014-10-27 12:42:21.196800,2013-12-31 12:42:21.196800,154 days 11:17:38.803200000,199 days 11:17:38.803200000,45 days 00:00:00.000000000
10293,2015-04-24 00:00:00.000000,2015-05-04 00:00:00.000000,2015-05-08 00:00:00.000000,2014-12-22 00:00:00.000000,1910-01-01 00:00:00.000000,2015-01-09 05:42:51.408000,2014-09-08 05:42:51.408000,104 days 18:17:08.592000000,114 days 18:17:08.592000000,10 days 00:00:00.000000000
10294,2015-05-29 00:00:00.000000,2015-03-25 00:00:00.000000,2015-03-30 00:00:00.000000,2014-11-19 00:00:00.000000,1910-01-01 00:00:00.000000,2014-12-04 03:00:00.000000,2014-05-27 03:00:00.000000,175 days 21:00:00.000000000,110 days 21:00:00.000000000,-65 days +00:00:00.000000000
10295,2015-05-29 00:00:00.000000,2015-03-25 00:00:00.000000,2015-03-30 00:00:00.000000,2014-11-19 00:00:00.000000,1910-01-01 00:00:00.000000,2014-12-04 03:00:00.000000,2014-05-27 03:00:00.000000,175 days 21:00:00.000000000,110 days 21:00:00.000000000,-65 days +00:00:00.000000000
10296,2015-06-30 00:00:00.000000,2015-03-18 00:00:00.000000,2015-03-20 00:00:00.000000,2014-09-19 00:00:00.000000,1910-01-01 00:00:00.000000,2015-03-22 19:34:44.169600,2014-06-11 19:34:44.169600,99 days 04:25:15.830400000,-5 days +04:25:15.830400000,-104 days +00:00:00.000000000
10297,2015-05-06 00:00:00.000000,2015-07-06 00:00:00.000000,2015-07-06 00:00:00.000000,2015-01-26 00:00:00.000000,1910-01-01 00:00:00.000000,2015-01-01 07:45:52.905600,2014-09-23 07:45:52.905600,124 days 16:14:07.094400000,185 days 16:14:07.094400000,61 days 00:00:00.000000000
10298,2015-06-30 00:00:00.000000,2015-04-22 00:00:00.000000,2015-04-23 00:00:00.000000,2014-11-19 00:00:00.000000,1910-01-01 00:00:00.000000,2015-01-05 03:00:00.000000,2014-05-27 03:00:00.000000,175 days 21:00:00.000000000,106 days 21:00:00.000000000,-69 days +00:00:00.000000000
10299,2015-06-19 00:00:00.000000,2015-04-16 00:00:00.000000,2015-04-20 00:00:00.000000,2014-10-24 00:00:00.000000,1910-01-01 00:00:00.000000,2014-11-07 12:00:00.000000,2014-03-14 12:00:00.000000,223 days 12:00:00.000000000,159 days 12:00:00.000000000,-64 days +00:00:00.000000000
10300,2015-04-30 00:00:00.000000,2015-04-22 00:00:00.000000,2015-04-24 00:00:00.000000,2014-12-22 00:00:00.000000,1910-01-01 00:00:00.000000,2014-11-26 12:42:21.196800,2014-07-20 12:42:21.196800,154 days 11:17:38.803200000,146 days 11:17:38.803200000,-8 days +00:00:00.000000000
10301,2015-06-15 00:00:00.000000,2015-05-14 00:00:00.000000,2015-05-15 00:00:00.000000,2014-11-03 00:00:00.000000,1910-01-01 00:00:00.000000,2015-01-11 12:42:21.196800,2014-06-01 12:42:21.196800,154 days 11:17:38.803200000,122 days 11:17:38.803200000,-32 days +00:00:00.000000000
10302,2015-04-30 00:00:00.000000,2015-04-08 00:00:00.000000,2015-04-14 00:00:00.000000,2014-10-16 00:00:00.000000,1910-01-01 00:00:00.000000,2014-12-17 12:00:00.000000,2014-06-04 12:00:00.000000,133 days 12:00:00.000000000,111 days 12:00:00.000000000,-22 days +00:00:00.000000000
10303,2015-05-31 00:00:00.000000,2015-06-09 00:00:00.000000,2015-06-15 00:00:00.000000,2014-10-17 00:00:00.000000,1910-01-01 00:00:00.000000,2015-01-22 12:55:23.116800,2014-06-10 12:55:23.116800,128 days 11:04:36.883200000,137 days 11:04:36.883200000,9 days 00:00:00.000000000
10304,2015-05-29 00:00:00.000000,2015-06-15 00:00:00.000000,2015-06-15 00:00:00.000000,2014-01-17 00:00:00.000000,1910-01-01 00:00:00.000000,2015-01-20 12:55:23.116800,2013-09-10 12:55:23.116800,128 days 11:04:36.883200000,145 days 11:04:36.883200000,17 days 00:00:00.000000000
10305,2015-05-29 00:00:00.000000,2015-06-09 00:00:00.000000,2015-06-15 00:00:00.000000,2014-10-17 00:00:00.000000,1910-01-01 00:00:00.000000,2015-01-20 12:55:23.116800,2014-06-10 12:55:23.116800,128 days 11:04:36.883200000,139 days 11:04:36.883200000,11 days 00:00:00.000000000
10306,2015-05-29 00:00:00.000000,2015-06-15 00:00:00.000000,2015-06-15 00:00:00.000000,2014-08-21 00:00:00.000000,1910-01-01 00:00:00.000000,2015-01-20 12:55:23.116800,2014-04-14 12:55:23.116800,128 days 11:04:36.883200000,145 days 11:04:36.883200000,17 days 00:00:00.000000000
10307,2015-04-30 00:00:00.000000,2015-04-30 00:00:00.000000,2015-04-30 00:00:00.000000,2014-10-16 00:00:00.000000,1910-01-01 00:00:00.000000,2014-12-17 12:00:00.000000,2014-06-04 12:00:00.000000,133 days 12:00:00.000000000,133 days 12:00:00.000000000,0 days 00:00:00.000000000
10308,2015-05-29 00:00:00.000000,2015-05-15 00:00:00.000000,2015-05-15 00:00:00.000000,2014-08-12 00:00:00.000000,1910-01-01 00:00:00.000000,2014-11-10 09:20:00.009600,2014-01-24 09:20:00.009600,199 days 14:39:59.990400000,185 days 14:39:59.990400000,-14 days +00:00:00.000000000
10309,2015-05-29 00:00:00.000000,2015-05-15 00:00:00.000000,2015-05-15 00:00:00.000000,2014-08-12 00:00:00.000000,1910-01-01 00:00:00.000000,2014-11-10 09:20:00.009600,2014-01-24 09:20:00.009600,199 days 14:39:59.990400000,185 days 14:39:59.990400000,-14 days +00:00:00.000000000
10310,2015-06-30 00:00:00.000000,2015-06-04 00:00:00.000000,2015-06-15 00:00:00.000000,2014-11-03 00:00:00.000000,1910-01-01 00:00:00.000000,2015-01-26 12:42:21.196800,2014-06-01 12:42:21.196800,154 days 11:17:38.803200000,128 days 11:17:38.803200000,-26 days +00:00:00.000000000
10311,2015-06-30 00:00:00.000000,2015-06-04 00:00:00.000000,2015-06-15 00:00:00.000000,2014-11-03 00:00:00.000000,1910-01-01 00:00:00.000000,2015-01-26 12:42:21.196800,2014-06-01 12:42:21.196800,154 days 11:17:38.803200000,128 days 11:17:38.803200000,-26 days +00:00:00.000000000
10312,2015-06-15 00:00:00.000000,2015-06-04 00:00:00.000000,2015-06-15 00:00:00.000000,2014-11-03 00:00:00.000000,1910-01-01 00:00:00.000000,2015-01-11 12:42:21.196800,2014-06-01 12:42:21.196800,154 days 11:17:38.803200000,143 days 11:17:38.803200000,-11 days +00:00:00.000000000
10313,2015-05-29 00:00:00.000000,2015-05-29 00:00:00.000000,2015-06-18 00:00:00.000000,2014-05-23 00:00:00.000000,1910-01-01 00:00:00.000000,2014-10-17 12:00:00.000000,2013-10-11 12:00:00.000000,223 days 12:00:00.000000000,223 days 12:00:00.000000000,0 days 00:00:00.000000000
10314,2015-06-30 00:00:00.000000,2015-05-15 00:00:00.000000,2015-05-22 00:00:00.000000,2014-09-19 00:00:00.000000,1910-01-01 00:00:00.000000,2015-03-22 19:34:44.169600,2014-06-11 19:34:44.169600,99 days 04:25:15.830400000,53 days 04:25:15.830400000,-46 days +00:00:00.000000000
10315,2015-06-30 00:00:00.000000,2015-05-15 00:00:00.000000,2015-05-22 00:00:00.000000,2014-09-19 00:00:00.000000,1910-01-01 00:00:00.000000,2015-03-22 19:34:44.169600,2014-06-11 19:34:44.169600,99 days 04:25:15.830400000,53 days 04:25:15.830400000,-46 days +00:00:00.000000000
10316,2015-06-02 00:00:00.000000,2015-05-15 00:00:00.000000,2015-05-22 00:00:00.000000,2015-05-04 00:00:00.000000,1910-01-01 00:00:00.000000,2015-02-22 19:34:44.169600,2015-01-24 19:34:44.169600,99 days 04:25:15.830400000,81 days 04:25:15.830400000,-18 days +00:00:00.000000000
10317,2015-06-30 00:00:00.000000,2015-06-22 00:00:00.000000,2015-06-29 00:00:00.000000,2015-05-04 00:00:00.000000,1910-01-01 00:00:00.000000,2015-03-22 19:34:44.169600,2015-01-24 19:34:44.169600,99 days 04:25:15.830400000,91 days 04:25:15.830400000,-8 days +00:00:00.000000000
10318,2015-07-31 00:00:00.000000,2015-07-15 00:00:00.000000,2015-07-20 00:00:00.000000,2014-10-16 00:00:00.000000,1910-01-01 00:00:00.000000,2015-03-19 12:00:00.000000,2014-06-04 12:00:00.000000,133 days 12:00:00.000000000,117 days 12:00:00.000000000,-16 days +00:00:00.000000000
10319,2015-07-31 00:00:00.000000,2015-07-15 00:00:00.000000,2015-07-20 00:00:00.000000,2014-10-16 00:00:00.000000,1910-01-01 00:00:00.000000,2015-03-19 12:00:00.000000,2014-06-04 12:00:00.000000,133 days 12:00:00.000000000,117 days 12:00:00.000000000,-16 days +00:00:00.000000000
10320,2015-07-31 00:00:00.000000,2015-08-06 00:00:00.000000,2015-08-07 00:00:00.000000,2014-10-24 00:00:00.000000,1910-01-01 00:00:00.000000,2014-12-19 12:00:00.000000,2014-03-14 12:00:00.000000,223 days 12:00:00.000000000,229 days 12:00:00.000000000,6 days 00:00:00.000000000
10321,2015-08-31 00:00:00.000000,2015-08-25 00:00:00.000000,2015-09-03 00:00:00.000000,2014-08-12 00:00:00.000000,1910-01-01 00:00:00.000000,2015-02-12 09:20:00.009600,2014-01-24 09:20:00.009600,199 days 14:39:59.990400000,193 days 14:39:59.990400000,-6 days +00:00:00.000000000
10322,2015-09-09 00:00:00.000000,2015-08-04 00:00:00.000000,2015-08-11 00:00:00.000000,2015-07-01 00:00:00.000000,1910-01-01 00:00:00.000000,2015-04-28 12:00:00.000000,2015-02-17 12:00:00.000000,133 days 12:00:00.000000000,97 days 12:00:00.000000000,-36 days +00:00:00.000000000
10323,2015-08-31 00:00:00.000000,2015-08-04 00:00:00.000000,2015-08-11 00:00:00.000000,2014-10-16 00:00:00.000000,1910-01-01 00:00:00.000000,2015-04-19 12:00:00.000000,2014-06-04 12:00:00.000000,133 days 12:00:00.000000000,106 days 12:00:00.000000000,-27 days +00:00:00.000000000
